# n,accuracy
0.000000000000000000e+00,5.000000000000000000e-01
1.001733102253033003e+01,5.214999914169311523e-01
2.003466204506066006e+01,6.955000162124633789e-01
3.005199306759099187e+01,6.510000228881835938e-01
4.006932409012132013e+01,6.589999794960021973e-01
5.008665511265164838e+01,7.135000228881835938e-01
6.010398613518198374e+01,7.289999723434448242e-01
7.012131715771231200e+01,7.365000247955322266e-01
8.013864818024264025e+01,7.214999794960021973e-01
9.015597920277296851e+01,7.329999804496765137e-01
1.001733102253032968e+02,7.799999713897705078e-01
1.101906412478336250e+02,7.390000224113464355e-01
1.202079722703639675e+02,7.390000224113464355e-01
1.302253032928942957e+02,8.439999818801879883e-01
1.402426343154246240e+02,8.364999890327453613e-01
1.502599653379549522e+02,8.109999895095825195e-01
1.602772963604852805e+02,7.455000281333923340e-01
1.702946273830156088e+02,8.169999718666076660e-01
1.803119584055459370e+02,8.240000009536743164e-01
1.903292894280762653e+02,8.475000262260437012e-01
2.003466204506065935e+02,8.364999890327453613e-01
2.103639514731369218e+02,8.410000205039978027e-01
2.203812824956672500e+02,8.245000243186950684e-01
2.303986135181975783e+02,8.569999933242797852e-01
2.404159445407279350e+02,8.424999713897705078e-01
2.504332755632582632e+02,8.525000214576721191e-01
2.604506065857885915e+02,8.665000200271606445e-01
2.704679376083188913e+02,7.070000171661376953e-01
2.804852686308492480e+02,7.210000157356262207e-01
2.905025996533795478e+02,7.935000061988830566e-01
3.005199306759099045e+02,8.650000095367431641e-01
3.105372616984402043e+02,8.604999780654907227e-01
3.205545927209705610e+02,8.709999918937683105e-01
3.305719237435009177e+02,8.634999990463256836e-01
3.405892547660312175e+02,8.740000128746032715e-01
3.506065857885615742e+02,8.585000038146972656e-01
3.606239168110918740e+02,8.709999918937683105e-01
3.706412478336222307e+02,8.675000071525573730e-01
3.806585788561525305e+02,8.705000281333923340e-01
3.906759098786828872e+02,8.709999918937683105e-01
4.006932409012131870e+02,8.740000128746032715e-01
4.107105719237435437e+02,8.750000000000000000e-01
4.207279029462738436e+02,8.774999976158142090e-01
4.307452339688042002e+02,8.554999828338623047e-01
4.407625649913345001e+02,6.955000162124633789e-01
4.507798960138648567e+02,8.610000014305114746e-01
4.607972270363951566e+02,8.774999976158142090e-01
4.708145580589255133e+02,8.849999904632568359e-01
4.808318890814558699e+02,8.815000057220458984e-01
4.908492201039861698e+02,8.874999880790710449e-01
5.008665511265165264e+02,8.870000243186950684e-01
5.108838821490468263e+02,6.004999876022338867e-01
5.209012131715771829e+02,8.289999961853027344e-01
5.309185441941075396e+02,8.824999928474426270e-01
5.409358752166377826e+02,8.880000114440917969e-01
5.509532062391681393e+02,8.949999809265136719e-01
5.609705372616984960e+02,8.799999952316284180e-01
5.709878682842288526e+02,8.914999961853027344e-01
5.810051993067590956e+02,8.865000009536743164e-01
5.910225303292894523e+02,8.905000090599060059e-01
6.010398613518198090e+02,8.809999823570251465e-01
6.110571923743501657e+02,8.654999732971191406e-01
6.210745233968804087e+02,6.899999976158142090e-01
6.310918544194107653e+02,8.309999704360961914e-01
6.411091854419411220e+02,8.700000047683715820e-01
6.511265164644714787e+02,8.889999985694885254e-01
6.611438474870018354e+02,8.734999895095825195e-01
6.711611785095320784e+02,8.949999809265136719e-01
6.811785095320624350e+02,8.999999761581420898e-01
6.911958405545927917e+02,8.949999809265136719e-01
7.012131715771231484e+02,8.840000033378601074e-01
7.112305025996533914e+02,8.859999775886535645e-01
7.212478336221837480e+02,8.790000081062316895e-01
7.312651646447141047e+02,8.725000023841857910e-01
7.412824956672444614e+02,8.769999742507934570e-01
7.512998266897747044e+02,8.769999742507934570e-01
7.613171577123050611e+02,8.824999928474426270e-01
7.713344887348354177e+02,8.974999785423278809e-01
7.813518197573657744e+02,8.830000162124633789e-01
7.913691507798960174e+02,8.899999856948852539e-01
8.013864818024263741e+02,8.999999761581420898e-01
8.114038128249567308e+02,8.884999752044677734e-01
8.214211438474870874e+02,8.880000114440917969e-01
8.314384748700174441e+02,8.865000009536743164e-01
8.414558058925476871e+02,8.999999761581420898e-01
8.514731369150780438e+02,8.840000033378601074e-01
8.614904679376084005e+02,8.934999704360961914e-01
8.715077989601387571e+02,9.024999737739562988e-01
8.815251299826690001e+02,8.774999976158142090e-01
8.915424610051993568e+02,8.040000200271606445e-01
9.015597920277297135e+02,8.249999880790710449e-01
9.115771230502600702e+02,7.730000019073486328e-01
9.215944540727903131e+02,8.715000152587890625e-01
9.316117850953206698e+02,8.974999785423278809e-01
9.416291161178510265e+02,9.079999923706054688e-01
9.516464471403813832e+02,8.934999704360961914e-01
9.616637781629117399e+02,8.790000081062316895e-01
9.716811091854419828e+02,8.939999938011169434e-01
9.816984402079723395e+02,8.999999761581420898e-01
9.917157712305026962e+02,9.049999713897705078e-01
1.001733102253033053e+03,8.920000195503234863e-01
1.011750433275563296e+03,9.060000181198120117e-01
1.021767764298093653e+03,8.989999890327453613e-01
1.031785095320623896e+03,8.740000128746032715e-01
1.041802426343154366e+03,8.914999961853027344e-01
1.051819757365684609e+03,8.799999952316284180e-01
1.061837088388215079e+03,9.064999818801879883e-01
1.071854419410745322e+03,8.924999833106994629e-01
1.081871750433275565e+03,8.985000252723693848e-01
1.091889081455806036e+03,9.075000286102294922e-01
1.101906412478336279e+03,9.079999923706054688e-01
1.111923743500866522e+03,9.049999713897705078e-01
1.121941074523396992e+03,9.039999842643737793e-01
1.131958405545927235e+03,8.999999761581420898e-01
1.141975736568457705e+03,9.039999842643737793e-01
1.151993067590987948e+03,8.920000195503234863e-01
1.162010398613518191e+03,8.750000000000000000e-01
1.172027729636048662e+03,9.049999713897705078e-01
1.182045060658578905e+03,9.120000004768371582e-01
1.192062391681109375e+03,9.139999747276306152e-01
1.202079722703639618e+03,8.884999752044677734e-01
1.212097053726169861e+03,9.049999713897705078e-01
1.222114384748700331e+03,8.930000066757202148e-01
1.232131715771230574e+03,8.889999985694885254e-01
1.242149046793760817e+03,9.120000004768371582e-01
1.252166377816291288e+03,8.980000019073486328e-01
1.262183708838821531e+03,9.064999818801879883e-01
1.272201039861352001e+03,8.849999904632568359e-01
1.282218370883882244e+03,6.744999885559082031e-01
1.292235701906412487e+03,8.414999842643737793e-01
1.302253032928942957e+03,7.559999823570251465e-01
1.312270363951473200e+03,8.125000000000000000e-01
1.322287694974003671e+03,8.970000147819519043e-01
1.332305025996533914e+03,9.064999818801879883e-01
1.342322357019064157e+03,8.999999761581420898e-01
1.352339688041594627e+03,8.999999761581420898e-01
1.362357019064124870e+03,9.100000262260437012e-01
1.372374350086655113e+03,9.160000085830688477e-01
1.382391681109185583e+03,9.139999747276306152e-01
1.392409012131715826e+03,9.139999747276306152e-01
1.402426343154246297e+03,9.035000205039978027e-01
1.412443674176776540e+03,9.139999747276306152e-01
1.422461005199306783e+03,9.129999876022338867e-01
1.432478336221837253e+03,9.095000028610229492e-01
1.442495667244367496e+03,9.024999737739562988e-01
1.452512998266897966e+03,9.110000133514404297e-01
1.462530329289428209e+03,9.114999771118164062e-01
1.472547660311958452e+03,8.889999985694885254e-01
1.482564991334488923e+03,9.129999876022338867e-01
1.492582322357019166e+03,9.064999818801879883e-01
1.502599653379549409e+03,9.064999818801879883e-01
1.512616984402079879e+03,9.114999771118164062e-01
1.522634315424610122e+03,9.139999747276306152e-01
1.532651646447140592e+03,9.070000052452087402e-01
1.542668977469670835e+03,9.064999818801879883e-01
1.552686308492201078e+03,9.085000157356262207e-01
1.562703639514731549e+03,9.010000228881835938e-01
1.572720970537261792e+03,9.129999876022338867e-01
1.582738301559792035e+03,9.010000228881835938e-01
1.592755632582322505e+03,9.169999957084655762e-01
1.602772963604852748e+03,9.004999995231628418e-01
1.612790294627383219e+03,8.955000042915344238e-01
1.622807625649913462e+03,9.200000166893005371e-01
1.632824956672443705e+03,9.179999828338623047e-01
1.642842287694974175e+03,8.824999928474426270e-01
1.652859618717504418e+03,9.154999852180480957e-01
1.662876949740034888e+03,9.175000190734863281e-01
1.672894280762565131e+03,9.020000100135803223e-01
1.682911611785095374e+03,9.139999747276306152e-01
1.692928942807625845e+03,8.859999775886535645e-01
1.702946273830156088e+03,9.160000085830688477e-01
1.712963604852686331e+03,9.169999957084655762e-01
1.722980935875216801e+03,9.095000028610229492e-01
1.732998266897747044e+03,9.219999909400939941e-01
1.743015597920277514e+03,9.219999909400939941e-01
1.753032928942807757e+03,9.150000214576721191e-01
1.763050259965338000e+03,9.104999899864196777e-01
1.773067590987868471e+03,9.089999794960021973e-01
1.783084922010398714e+03,9.104999899864196777e-01
1.793102253032929184e+03,9.194999933242797852e-01
1.803119584055459427e+03,8.715000152587890625e-01
1.813136915077989670e+03,9.129999876022338867e-01
1.823154246100520140e+03,9.089999794960021973e-01
1.833171577123050383e+03,9.164999723434448242e-01
1.843188908145580626e+03,9.089999794960021973e-01
1.853206239168111097e+03,9.154999852180480957e-01
1.863223570190641340e+03,9.045000076293945312e-01
1.873240901213171810e+03,9.175000190734863281e-01
1.883258232235702053e+03,9.185000061988830566e-01
1.893275563258232296e+03,8.730000257492065430e-01
1.903292894280762766e+03,8.140000104904174805e-01
1.913310225303293009e+03,7.885000109672546387e-01
1.923327556325823480e+03,8.585000038146972656e-01
1.933344887348353723e+03,8.404999971389770508e-01
1.943362218370883966e+03,7.590000033378601074e-01
1.953379549393414436e+03,8.834999799728393555e-01
1.963396880415944679e+03,9.004999995231628418e-01
1.973414211438474922e+03,9.085000157356262207e-01
1.983431542461005392e+03,9.150000214576721191e-01
1.993448873483535635e+03,9.064999818801879883e-01
2.003466204506066106e+03,9.125000238418579102e-01
2.013483535528596349e+03,9.139999747276306152e-01
2.023500866551126592e+03,9.104999899864196777e-01
2.033518197573657062e+03,9.154999852180480957e-01
2.043535528596187305e+03,9.179999828338623047e-01
2.053552859618717775e+03,9.154999852180480957e-01
2.063570190641247791e+03,9.029999971389770508e-01
2.073587521663778261e+03,9.135000109672546387e-01
2.083604852686308732e+03,9.075000286102294922e-01
2.093622183708839202e+03,9.089999794960021973e-01
2.103639514731369218e+03,9.190000295639038086e-01
2.113656845753899688e+03,9.175000190734863281e-01
2.123674176776430158e+03,9.144999980926513672e-01
2.133691507798960174e+03,9.175000190734863281e-01
2.143708838821490644e+03,9.129999876022338867e-01
2.153726169844021115e+03,9.135000109672546387e-01
2.163743500866551130e+03,9.135000109672546387e-01
2.173760831889081601e+03,9.095000028610229492e-01
2.183778162911612071e+03,9.150000214576721191e-01
2.193795493934142087e+03,9.185000061988830566e-01
2.203812824956672557e+03,9.114999771118164062e-01
2.213830155979203028e+03,9.179999828338623047e-01
2.223847487001733043e+03,9.175000190734863281e-01
2.233864818024263514e+03,9.179999828338623047e-01
2.243882149046793984e+03,9.190000295639038086e-01
2.253899480069324454e+03,9.079999923706054688e-01
2.263916811091854470e+03,9.169999957084655762e-01
2.273934142114384940e+03,9.179999828338623047e-01
2.283951473136915411e+03,9.150000214576721191e-01
2.293968804159445426e+03,9.164999723434448242e-01
2.303986135181975897e+03,9.194999933242797852e-01
2.314003466204506367e+03,9.154999852180480957e-01
2.324020797227036383e+03,9.175000190734863281e-01
2.334038128249566853e+03,9.194999933242797852e-01
2.344055459272097323e+03,9.154999852180480957e-01
2.354072790294627339e+03,9.169999957084655762e-01
2.364090121317157809e+03,9.154999852180480957e-01
2.374107452339688280e+03,9.164999723434448242e-01
2.384124783362218750e+03,9.164999723434448242e-01
2.394142114384748766e+03,9.175000190734863281e-01
2.404159445407279236e+03,9.169999957084655762e-01
2.414176776429809706e+03,9.154999852180480957e-01
2.424194107452339722e+03,9.164999723434448242e-01
2.434211438474870192e+03,9.144999980926513672e-01
2.444228769497400663e+03,9.169999957084655762e-01
2.454246100519930678e+03,9.179999828338623047e-01
2.464263431542461149e+03,9.175000190734863281e-01
2.474280762564991619e+03,9.160000085830688477e-01
2.484298093587521635e+03,9.185000061988830566e-01
2.494315424610052105e+03,9.190000295639038086e-01
2.504332755632582575e+03,9.190000295639038086e-01
2.514350086655113046e+03,9.179999828338623047e-01
2.524367417677643061e+03,9.164999723434448242e-01
2.534384748700173532e+03,9.179999828338623047e-01
2.544402079722704002e+03,9.160000085830688477e-01
2.554419410745234018e+03,9.175000190734863281e-01
2.564436741767764488e+03,9.185000061988830566e-01
2.574454072790294958e+03,9.154999852180480957e-01
2.584471403812824974e+03,9.185000061988830566e-01
2.594488734835355444e+03,9.190000295639038086e-01
2.604506065857885915e+03,9.179999828338623047e-01
2.614523396880415930e+03,9.164999723434448242e-01
2.624540727902946401e+03,9.164999723434448242e-01
2.634558058925476871e+03,9.175000190734863281e-01
2.644575389948007341e+03,9.175000190734863281e-01
2.654592720970537357e+03,9.185000061988830566e-01
2.664610051993067827e+03,9.160000085830688477e-01
2.674627383015598298e+03,9.175000190734863281e-01
2.684644714038128313e+03,9.169999957084655762e-01
2.694662045060658784e+03,9.194999933242797852e-01
2.704679376083189254e+03,9.164999723434448242e-01
2.714696707105719270e+03,9.169999957084655762e-01
2.724714038128249740e+03,9.164999723434448242e-01
2.734731369150780210e+03,9.179999828338623047e-01
2.744748700173310226e+03,9.175000190734863281e-01
2.754766031195840696e+03,9.175000190734863281e-01
2.764783362218371167e+03,9.160000085830688477e-01
2.774800693240901637e+03,9.179999828338623047e-01
2.784818024263431653e+03,9.169999957084655762e-01
2.794835355285962123e+03,9.160000085830688477e-01
2.804852686308492594e+03,9.190000295639038086e-01
2.814870017331022609e+03,9.179999828338623047e-01
2.824887348353553080e+03,9.164999723434448242e-01
2.834904679376083550e+03,9.175000190734863281e-01
2.844922010398613565e+03,9.169999957084655762e-01
2.854939341421144036e+03,9.160000085830688477e-01
2.864956672443674506e+03,9.175000190734863281e-01
2.874974003466204522e+03,9.179999828338623047e-01
2.884991334488734992e+03,9.175000190734863281e-01
2.895008665511265463e+03,9.175000190734863281e-01
2.905025996533795933e+03,9.175000190734863281e-01
2.915043327556325949e+03,9.164999723434448242e-01
2.925060658578856419e+03,9.150000214576721191e-01
2.935077989601386889e+03,9.164999723434448242e-01
2.945095320623916905e+03,9.160000085830688477e-01
2.955112651646447375e+03,9.144999980926513672e-01
2.965129982668977846e+03,9.164999723434448242e-01
2.975147313691507861e+03,9.169999957084655762e-01
2.985164644714038332e+03,9.164999723434448242e-01
2.995181975736568802e+03,9.175000190734863281e-01
3.005199306759098818e+03,9.164999723434448242e-01
3.015216637781629288e+03,9.175000190734863281e-01
3.025233968804159758e+03,9.160000085830688477e-01
3.035251299826689774e+03,9.164999723434448242e-01
3.045268630849220244e+03,9.175000190734863281e-01
3.055285961871750715e+03,9.169999957084655762e-01
3.065303292894281185e+03,9.179999828338623047e-01
3.075320623916811201e+03,9.154999852180480957e-01
3.085337954939341671e+03,9.169999957084655762e-01
3.095355285961872141e+03,9.164999723434448242e-01
3.105372616984402157e+03,9.160000085830688477e-01
3.115389948006932627e+03,9.160000085830688477e-01
3.125407279029463098e+03,9.169999957084655762e-01
3.135424610051993113e+03,9.179999828338623047e-01
3.145441941074523584e+03,9.154999852180480957e-01
3.155459272097054054e+03,9.154999852180480957e-01
3.165476603119584070e+03,9.164999723434448242e-01
3.175493934142114540e+03,9.175000190734863281e-01
3.185511265164645010e+03,9.185000061988830566e-01
3.195528596187175481e+03,9.154999852180480957e-01
3.205545927209705496e+03,9.164999723434448242e-01
3.215563258232235967e+03,9.169999957084655762e-01
3.225580589254766437e+03,9.169999957084655762e-01
3.235597920277296453e+03,9.164999723434448242e-01
3.245615251299826923e+03,9.185000061988830566e-01
3.255632582322357393e+03,9.179999828338623047e-01
3.265649913344887409e+03,9.175000190734863281e-01
3.275667244367417879e+03,9.164999723434448242e-01
3.285684575389948350e+03,9.160000085830688477e-01
3.295701906412478365e+03,9.160000085830688477e-01
3.305719237435008836e+03,9.160000085830688477e-01
3.315736568457539306e+03,9.154999852180480957e-01
3.325753899480069776e+03,9.169999957084655762e-01
3.335771230502599792e+03,9.179999828338623047e-01
3.345788561525130262e+03,9.185000061988830566e-01
3.355805892547660733e+03,9.169999957084655762e-01
3.365823223570190748e+03,9.179999828338623047e-01
3.375840554592721219e+03,9.175000190734863281e-01
3.385857885615251689e+03,9.175000190734863281e-01
3.395875216637781705e+03,9.175000190734863281e-01
3.405892547660312175e+03,9.169999957084655762e-01
3.415909878682842646e+03,9.169999957084655762e-01
3.425927209705372661e+03,9.169999957084655762e-01
3.435944540727903131e+03,9.175000190734863281e-01
3.445961871750433602e+03,9.175000190734863281e-01
3.455979202772964072e+03,9.164999723434448242e-01
3.465996533795494088e+03,9.175000190734863281e-01
3.476013864818024558e+03,9.179999828338623047e-01
3.486031195840555029e+03,9.160000085830688477e-01
3.496048526863085044e+03,9.160000085830688477e-01
3.506065857885615515e+03,9.164999723434448242e-01
3.516083188908145985e+03,9.175000190734863281e-01
3.526100519930676001e+03,9.179999828338623047e-01
3.536117850953206471e+03,9.160000085830688477e-01
3.546135181975736941e+03,9.175000190734863281e-01
3.556152512998266957e+03,9.175000190734863281e-01
3.566169844020797427e+03,9.169999957084655762e-01
3.576187175043327898e+03,9.179999828338623047e-01
3.586204506065858368e+03,9.169999957084655762e-01
3.596221837088388384e+03,9.179999828338623047e-01
3.606239168110918854e+03,9.175000190734863281e-01
3.616256499133449324e+03,9.185000061988830566e-01
3.626273830155979340e+03,9.164999723434448242e-01
3.636291161178509810e+03,9.175000190734863281e-01
3.646308492201040281e+03,9.175000190734863281e-01
3.656325823223570296e+03,9.169999957084655762e-01
3.666343154246100767e+03,9.164999723434448242e-01
3.676360485268631237e+03,9.164999723434448242e-01
3.686377816291161253e+03,9.169999957084655762e-01
3.696395147313691723e+03,9.175000190734863281e-01
3.706412478336222193e+03,9.179999828338623047e-01
3.716429809358752664e+03,9.169999957084655762e-01
3.726447140381282679e+03,9.169999957084655762e-01
3.736464471403813150e+03,9.164999723434448242e-01
3.746481802426343620e+03,9.169999957084655762e-01
3.756499133448873636e+03,9.175000190734863281e-01
3.766516464471404106e+03,9.164999723434448242e-01
3.776533795493934576e+03,9.179999828338623047e-01
3.786551126516464592e+03,9.175000190734863281e-01
3.796568457538995062e+03,9.169999957084655762e-01
3.806585788561525533e+03,9.185000061988830566e-01
3.816603119584055548e+03,9.179999828338623047e-01
3.826620450606586019e+03,9.169999957084655762e-01
3.836637781629116489e+03,9.169999957084655762e-01
3.846655112651646959e+03,9.175000190734863281e-01
3.856672443674176975e+03,9.179999828338623047e-01
3.866689774696707445e+03,9.175000190734863281e-01
3.876707105719237916e+03,9.185000061988830566e-01
3.886724436741767931e+03,9.164999723434448242e-01
3.896741767764298402e+03,9.175000190734863281e-01
3.906759098786828872e+03,9.175000190734863281e-01
3.916776429809358888e+03,9.175000190734863281e-01
3.926793760831889358e+03,9.164999723434448242e-01
3.936811091854419828e+03,9.175000190734863281e-01
3.946828422876949844e+03,9.175000190734863281e-01
3.956845753899480314e+03,9.179999828338623047e-01
3.966863084922010785e+03,9.175000190734863281e-01
3.976880415944540800e+03,9.185000061988830566e-01
3.986897746967071271e+03,9.169999957084655762e-01
3.996915077989601741e+03,9.179999828338623047e-01
4.006932409012132212e+03,9.179999828338623047e-01
4.016949740034662227e+03,9.169999957084655762e-01
4.026967071057192697e+03,9.179999828338623047e-01
4.036984402079723168e+03,9.169999957084655762e-01
4.047001733102253183e+03,9.185000061988830566e-01
4.057019064124783654e+03,9.179999828338623047e-01
4.067036395147314124e+03,9.169999957084655762e-01
4.077053726169844140e+03,9.169999957084655762e-01
4.087071057192374610e+03,9.169999957084655762e-01
4.097088388214904626e+03,9.175000190734863281e-01
4.107105719237435551e+03,9.175000190734863281e-01
4.117123050259965567e+03,9.175000190734863281e-01
4.127140381282495582e+03,9.175000190734863281e-01
4.137157712305026507e+03,9.175000190734863281e-01
4.147175043327556523e+03,9.179999828338623047e-01
4.157192374350086538e+03,9.179999828338623047e-01
4.167209705372617464e+03,9.169999957084655762e-01
4.177227036395147479e+03,9.175000190734863281e-01
4.187244367417678404e+03,9.175000190734863281e-01
4.197261698440208420e+03,9.169999957084655762e-01
4.207279029462738436e+03,9.175000190734863281e-01
4.217296360485269361e+03,9.169999957084655762e-01
4.227313691507799376e+03,9.175000190734863281e-01
4.237331022530329392e+03,9.175000190734863281e-01
4.247348353552860317e+03,9.179999828338623047e-01
4.257365684575390333e+03,9.175000190734863281e-01
4.267383015597920348e+03,9.179999828338623047e-01
4.277400346620451273e+03,9.179999828338623047e-01
4.287417677642981289e+03,9.179999828338623047e-01
4.297435008665511305e+03,9.179999828338623047e-01
4.307452339688042230e+03,9.175000190734863281e-01
4.317469670710572245e+03,9.179999828338623047e-01
4.327487001733102261e+03,9.179999828338623047e-01
4.337504332755633186e+03,9.169999957084655762e-01
4.347521663778163202e+03,9.175000190734863281e-01
4.357538994800693217e+03,9.175000190734863281e-01
4.367556325823224142e+03,9.185000061988830566e-01
4.377573656845754158e+03,9.185000061988830566e-01
4.387590987868284174e+03,9.169999957084655762e-01
4.397608318890815099e+03,9.169999957084655762e-01
4.407625649913345114e+03,9.164999723434448242e-01
4.417642980935875130e+03,9.185000061988830566e-01
4.427660311958406055e+03,9.175000190734863281e-01
4.437677642980936071e+03,9.179999828338623047e-01
4.447694974003466086e+03,9.175000190734863281e-01
4.457712305025997011e+03,9.164999723434448242e-01
4.467729636048527027e+03,9.175000190734863281e-01
4.477746967071057952e+03,9.175000190734863281e-01
4.487764298093587968e+03,9.169999957084655762e-01
4.497781629116117983e+03,9.169999957084655762e-01
4.507798960138648908e+03,9.185000061988830566e-01
4.517816291161178924e+03,9.175000190734863281e-01
4.527833622183708940e+03,9.175000190734863281e-01
4.537850953206239865e+03,9.185000061988830566e-01
4.547868284228769880e+03,9.169999957084655762e-01
4.557885615251299896e+03,9.185000061988830566e-01
4.567902946273830821e+03,9.179999828338623047e-01
4.577920277296360837e+03,9.169999957084655762e-01
4.587937608318890852e+03,9.190000295639038086e-01
4.597954939341421777e+03,9.179999828338623047e-01
4.607972270363951793e+03,9.175000190734863281e-01
4.617989601386481809e+03,9.179999828338623047e-01
4.628006932409012734e+03,9.169999957084655762e-01
4.638024263431542749e+03,9.185000061988830566e-01
4.648041594454072765e+03,9.175000190734863281e-01
4.658058925476603690e+03,9.175000190734863281e-01
4.668076256499133706e+03,9.179999828338623047e-01
4.678093587521663721e+03,9.175000190734863281e-01
4.688110918544194647e+03,9.169999957084655762e-01
4.698128249566724662e+03,9.185000061988830566e-01
4.708145580589254678e+03,9.185000061988830566e-01
4.718162911611785603e+03,9.190000295639038086e-01
4.728180242634315618e+03,9.185000061988830566e-01
4.738197573656846544e+03,9.185000061988830566e-01
4.748214904679376559e+03,9.185000061988830566e-01
4.758232235701906575e+03,9.185000061988830566e-01
4.768249566724437500e+03,9.179999828338623047e-01
4.778266897746967516e+03,9.179999828338623047e-01
4.788284228769497531e+03,9.190000295639038086e-01
4.798301559792028456e+03,9.190000295639038086e-01
4.808318890814558472e+03,9.175000190734863281e-01
4.818336221837088488e+03,9.194999933242797852e-01
4.828353552859619413e+03,9.175000190734863281e-01
4.838370883882149428e+03,9.185000061988830566e-01
4.848388214904679444e+03,9.185000061988830566e-01
4.858405545927210369e+03,9.179999828338623047e-01
4.868422876949740385e+03,9.190000295639038086e-01
4.878440207972270400e+03,9.179999828338623047e-01
4.888457538994801325e+03,9.179999828338623047e-01
4.898474870017331341e+03,9.190000295639038086e-01
4.908492201039861357e+03,9.179999828338623047e-01
4.918509532062392282e+03,9.179999828338623047e-01
4.928526863084922297e+03,9.179999828338623047e-01
4.938544194107452313e+03,9.179999828338623047e-01
4.948561525129983238e+03,9.185000061988830566e-01
4.958578856152513254e+03,9.185000061988830566e-01
4.968596187175043269e+03,9.179999828338623047e-01
4.978613518197574194e+03,9.179999828338623047e-01
4.988630849220104210e+03,9.179999828338623047e-01
4.998648180242635135e+03,9.179999828338623047e-01
5.008665511265165151e+03,9.179999828338623047e-01
5.018682842287695166e+03,9.179999828338623047e-01
5.028700173310226091e+03,9.194999933242797852e-01
5.038717504332756107e+03,9.175000190734863281e-01
5.048734835355286123e+03,9.185000061988830566e-01
5.058752166377817048e+03,9.175000190734863281e-01
5.068769497400347063e+03,9.175000190734863281e-01
5.078786828422877079e+03,9.175000190734863281e-01
5.088804159445408004e+03,9.185000061988830566e-01
5.098821490467938020e+03,9.194999933242797852e-01
5.108838821490468035e+03,9.185000061988830566e-01
5.118856152512998960e+03,9.190000295639038086e-01
5.128873483535528976e+03,9.185000061988830566e-01
5.138890814558058992e+03,9.190000295639038086e-01
5.148908145580589917e+03,9.185000061988830566e-01
5.158925476603119932e+03,9.175000190734863281e-01
5.168942807625649948e+03,9.179999828338623047e-01
5.178960138648180873e+03,9.175000190734863281e-01
5.188977469670710889e+03,9.175000190734863281e-01
5.198994800693240904e+03,9.194999933242797852e-01
5.209012131715771829e+03,9.194999933242797852e-01
5.219029462738301845e+03,9.190000295639038086e-01
5.229046793760831861e+03,9.185000061988830566e-01
5.239064124783362786e+03,9.190000295639038086e-01
5.249081455805892801e+03,9.179999828338623047e-01
5.259098786828422817e+03,9.175000190734863281e-01
5.269116117850953742e+03,9.194999933242797852e-01
5.279133448873483758e+03,9.190000295639038086e-01
5.289150779896014683e+03,9.194999933242797852e-01
5.299168110918544699e+03,9.200000166893005371e-01
5.309185441941074714e+03,9.175000190734863281e-01
5.319202772963605639e+03,9.185000061988830566e-01
5.329220103986135655e+03,9.190000295639038086e-01
5.339237435008665670e+03,9.194999933242797852e-01
5.349254766031196596e+03,9.190000295639038086e-01
5.359272097053726611e+03,9.175000190734863281e-01
5.369289428076256627e+03,9.200000166893005371e-01
5.379306759098787552e+03,9.200000166893005371e-01
5.389324090121317568e+03,9.190000295639038086e-01
5.399341421143847583e+03,9.179999828338623047e-01
5.409358752166378508e+03,9.200000166893005371e-01
5.419376083188908524e+03,9.194999933242797852e-01
5.429393414211438539e+03,9.190000295639038086e-01
5.439410745233969465e+03,9.200000166893005371e-01
5.449428076256499480e+03,9.200000166893005371e-01
5.459445407279029496e+03,9.194999933242797852e-01
5.469462738301560421e+03,9.190000295639038086e-01
5.479480069324090437e+03,9.194999933242797852e-01
5.489497400346620452e+03,9.190000295639038086e-01
5.499514731369151377e+03,9.190000295639038086e-01
5.509532062391681393e+03,9.179999828338623047e-01
5.519549393414211409e+03,9.200000166893005371e-01
5.529566724436742334e+03,9.204999804496765137e-01
5.539584055459272349e+03,9.190000295639038086e-01
5.549601386481803274e+03,9.194999933242797852e-01
5.559618717504333290e+03,9.194999933242797852e-01
5.569636048526863306e+03,9.194999933242797852e-01
5.579653379549394231e+03,9.190000295639038086e-01
5.589670710571924246e+03,9.190000295639038086e-01
5.599688041594454262e+03,9.190000295639038086e-01
5.609705372616985187e+03,9.194999933242797852e-01
5.619722703639515203e+03,9.190000295639038086e-01
5.629740034662045218e+03,9.200000166893005371e-01
5.639757365684576143e+03,9.200000166893005371e-01
5.649774696707106159e+03,9.179999828338623047e-01
5.659792027729636175e+03,9.200000166893005371e-01
5.669809358752167100e+03,9.194999933242797852e-01
5.679826689774697115e+03,9.210000038146972656e-01
5.689844020797227131e+03,9.200000166893005371e-01
5.699861351819758056e+03,9.194999933242797852e-01
5.709878682842288072e+03,9.200000166893005371e-01
5.719896013864818087e+03,9.200000166893005371e-01
5.729913344887349012e+03,9.200000166893005371e-01
5.739930675909879028e+03,9.190000295639038086e-01
5.749948006932409044e+03,9.194999933242797852e-01
5.759965337954939969e+03,9.194999933242797852e-01
5.769982668977469984e+03,9.190000295639038086e-01
5.780000000000000000e+03,9.179999828338623047e-01
