# n,accuracy
0.000000000000000000e+00,5.065500140190124512e-01
1.000681198910081804e+01,5.336800217628479004e-01
2.001362397820163608e+01,5.468199849128723145e-01
3.002043596730245412e+01,5.351799726486206055e-01
4.002724795640327216e+01,5.583400130271911621e-01
5.003405994550409019e+01,5.617499947547912598e-01
6.004087193460490823e+01,5.621899962425231934e-01
7.004768392370573338e+01,5.583299994468688965e-01
8.005449591280654431e+01,5.728899836540222168e-01
9.006130790190735524e+01,5.709300041198730469e-01
1.000681198910081804e+02,5.774199962615966797e-01
1.100749318801090055e+02,5.663499832153320312e-01
1.200817438692098165e+02,5.805000066757202148e-01
1.300885558583106274e+02,5.796899795532226562e-01
1.400953678474114668e+02,5.802400112152099609e-01
1.501021798365122777e+02,5.832200050354003906e-01
1.601089918256130886e+02,5.755400061607360840e-01
1.701158038147138996e+02,5.594000220298767090e-01
1.801226158038147105e+02,5.693899989128112793e-01
1.901294277929155498e+02,5.844699740409851074e-01
2.001362397820163608e+02,5.857700109481811523e-01
2.101430517711171717e+02,5.705199837684631348e-01
2.201498637602180111e+02,5.854799747467041016e-01
2.301566757493188220e+02,5.788699984550476074e-01
2.401634877384196329e+02,5.807800292968750000e-01
2.501702997275204439e+02,5.764399766921997070e-01
2.601771117166212548e+02,5.792499780654907227e-01
2.701839237057220657e+02,5.762000083923339844e-01
2.801907356948229335e+02,5.802800059318542480e-01
2.901975476839237444e+02,5.808399915695190430e-01
3.002043596730245554e+02,5.854200124740600586e-01
3.102111716621253663e+02,5.823400020599365234e-01
3.202179836512261772e+02,5.888100266456604004e-01
3.302247956403269882e+02,5.791299939155578613e-01
3.402316076294277991e+02,5.882200002670288086e-01
3.502384196185286100e+02,5.740900039672851562e-01
3.602452316076294210e+02,5.706200003623962402e-01
3.702520435967302888e+02,5.879099965095520020e-01
3.802588555858310997e+02,5.866600275039672852e-01
3.902656675749319106e+02,5.885800123214721680e-01
4.002724795640327216e+02,5.821700096130371094e-01
4.102792915531335325e+02,5.631200075149536133e-01
4.202861035422343434e+02,5.882700085639953613e-01
4.302929155313351544e+02,5.906699895858764648e-01
4.402997275204360221e+02,5.891399979591369629e-01
4.503065395095368331e+02,5.896800160408020020e-01
4.603133514986376440e+02,5.905500054359436035e-01
4.703201634877384549e+02,5.786799788475036621e-01
4.803269754768392659e+02,5.909100174903869629e-01
4.903337874659400768e+02,5.856599807739257812e-01
5.003405994550408877e+02,5.922300219535827637e-01
5.103474114441416987e+02,5.815899968147277832e-01
5.203542234332425096e+02,5.792599916458129883e-01
5.303610354223433205e+02,5.895599722862243652e-01
5.403678474114441315e+02,5.921199917793273926e-01
5.503746594005449424e+02,5.885000228881835938e-01
5.603814713896458670e+02,5.873699784278869629e-01
5.703882833787466780e+02,5.780299901962280273e-01
5.803950953678474889e+02,5.896999835968017578e-01
5.904019073569482998e+02,5.896300077438354492e-01
6.004087193460491108e+02,5.891500115394592285e-01
6.104155313351499217e+02,5.857599973678588867e-01
6.204223433242507326e+02,5.890200138092041016e-01
6.304291553133515436e+02,5.873000025749206543e-01
6.404359673024523545e+02,5.886700153350830078e-01
6.504427792915531654e+02,5.902299880981445312e-01
6.604495912806539764e+02,5.885199904441833496e-01
6.704564032697547873e+02,5.899299979209899902e-01
6.804632152588555982e+02,5.878999829292297363e-01
6.904700272479564092e+02,5.862500071525573730e-01
7.004768392370572201e+02,5.876299738883972168e-01
7.104836512261580310e+02,5.881900191307067871e-01
7.204904632152588420e+02,5.884000062942504883e-01
7.304972752043597666e+02,5.775700211524963379e-01
7.405040871934605775e+02,5.882099866867065430e-01
7.505108991825613884e+02,5.919399857521057129e-01
7.605177111716621994e+02,5.909399986267089844e-01
7.705245231607630103e+02,5.882099866867065430e-01
7.805313351498638212e+02,5.907099843025207520e-01
7.905381471389646322e+02,5.834299921989440918e-01
8.005449591280654431e+02,5.828800201416015625e-01
8.105517711171662540e+02,5.733500123023986816e-01
8.205585831062670650e+02,5.921000242233276367e-01
8.305653950953678759e+02,5.928500294685363770e-01
8.405722070844686868e+02,5.889999866485595703e-01
8.505790190735694978e+02,5.921000242233276367e-01
8.605858310626703087e+02,5.922399759292602539e-01
8.705926430517711196e+02,5.708000063896179199e-01
8.805994550408720443e+02,5.931800007820129395e-01
8.906062670299728552e+02,5.953900218009948730e-01
9.006130790190736661e+02,5.941600203514099121e-01
9.106198910081744771e+02,5.906100273132324219e-01
9.206267029972752880e+02,5.799700021743774414e-01
9.306335149863760989e+02,5.848100185394287109e-01
9.406403269754769099e+02,5.927100181579589844e-01
9.506471389645777208e+02,5.870299935340881348e-01
9.606539509536785317e+02,5.912299752235412598e-01
9.706607629427793427e+02,5.867300033569335938e-01
9.806675749318801536e+02,5.906800031661987305e-01
9.906743869209809645e+02,5.902000069618225098e-01
1.000681198910081775e+03,5.917000174522399902e-01
1.010688010899182586e+03,5.944700241088867188e-01
1.020694822888283397e+03,5.882400274276733398e-01
1.030701634877384322e+03,5.957999825477600098e-01
1.040708446866485019e+03,5.920500159263610840e-01
1.050715258855585944e+03,5.935400128364562988e-01
1.060722070844686641e+03,5.952000021934509277e-01
1.070728882833787566e+03,5.887899994850158691e-01
1.080735694822888263e+03,5.750799775123596191e-01
1.090742506811989188e+03,5.856500267982482910e-01
1.100749318801089885e+03,5.990899801254272461e-01
1.110756130790190809e+03,5.955299735069274902e-01
1.120762942779291734e+03,6.018800139427185059e-01
1.130769754768392431e+03,5.983899831771850586e-01
1.140776566757493356e+03,5.920000076293945312e-01
1.150783378746594053e+03,5.940899848937988281e-01
1.160790190735694978e+03,6.012300252914428711e-01
1.170797002724795675e+03,6.004899740219116211e-01
1.180803814713896600e+03,6.017000079154968262e-01
1.190810626702997297e+03,5.986499786376953125e-01
1.200817438692098222e+03,5.847399830818176270e-01
1.210824250681198919e+03,5.860400199890136719e-01
1.220831062670299843e+03,6.049699783325195312e-01
1.230837874659400541e+03,6.079900264739990234e-01
1.240844686648501465e+03,5.913900136947631836e-01
1.250851498637602162e+03,6.088899970054626465e-01
1.260858310626703087e+03,6.102399826049804688e-01
1.270865122615803784e+03,6.130800247192382812e-01
1.280871934604904709e+03,6.163200139999389648e-01
1.290878746594005634e+03,6.109499931335449219e-01
1.300885558583106331e+03,6.174299716949462891e-01
1.310892370572207255e+03,6.193699836730957031e-01
1.320899182561307953e+03,6.182799935340881348e-01
1.330905994550408877e+03,6.207799911499023438e-01
1.340912806539509575e+03,6.203699707984924316e-01
1.350919618528610499e+03,6.209300160408020020e-01
1.360926430517711196e+03,6.148599982261657715e-01
1.370933242506812121e+03,6.270200014114379883e-01
1.380940054495912818e+03,6.224499940872192383e-01
1.390946866485013743e+03,6.262099742889404297e-01
1.400953678474114440e+03,6.138200163841247559e-01
1.410960490463215365e+03,6.330599784851074219e-01
1.420967302452316062e+03,6.328300237655639648e-01
1.430974114441416987e+03,6.320099830627441406e-01
1.440980926430517684e+03,6.291199922561645508e-01
1.450987738419618609e+03,6.346600055694580078e-01
1.460994550408719533e+03,6.361100077629089355e-01
1.471001362397820230e+03,6.380800008773803711e-01
1.481008174386921155e+03,6.446400284767150879e-01
1.491014986376021852e+03,6.486700177192687988e-01
1.501021798365122777e+03,6.492400169372558594e-01
1.511028610354223474e+03,6.517599821090698242e-01
1.521035422343324399e+03,6.375499963760375977e-01
1.531042234332425096e+03,6.520599722862243652e-01
1.541049046321526021e+03,6.600099802017211914e-01
1.551055858310626718e+03,6.531999707221984863e-01
1.561062670299727642e+03,6.628599762916564941e-01
1.571069482288828340e+03,6.677299737930297852e-01
1.581076294277929264e+03,6.609500050544738770e-01
1.591083106267029962e+03,6.703100204467773438e-01
1.601089918256130886e+03,6.699600219726562500e-01
1.611096730245231811e+03,6.746299862861633301e-01
1.621103542234332508e+03,6.805199980735778809e-01
1.631110354223433433e+03,6.786699891090393066e-01
1.641117166212534130e+03,6.886100172996520996e-01
1.651123978201635055e+03,6.626499891281127930e-01
1.661130790190735752e+03,6.905099749565124512e-01
1.671137602179836676e+03,6.807600259780883789e-01
1.681144414168937374e+03,6.820200085639953613e-01
1.691151226158038298e+03,6.942899823188781738e-01
1.701158038147138996e+03,7.023500204086303711e-01
1.711164850136239920e+03,7.033100128173828125e-01
1.721171662125340617e+03,7.108100056648254395e-01
1.731178474114441542e+03,7.156400084495544434e-01
1.741185286103542239e+03,7.233399748802185059e-01
1.751192098092643164e+03,7.216100096702575684e-01
1.761198910081744089e+03,7.277399897575378418e-01
1.771205722070844786e+03,7.339000105857849121e-01
1.781212534059945710e+03,7.388799786567687988e-01
1.791219346049046408e+03,7.280799746513366699e-01
1.801226158038147332e+03,7.429699897766113281e-01
1.811232970027248030e+03,7.408400177955627441e-01
1.821239782016348954e+03,7.512999773025512695e-01
1.831246594005449651e+03,7.458699941635131836e-01
1.841253405994550576e+03,7.613000273704528809e-01
1.851260217983651273e+03,7.585700154304504395e-01
1.861267029972752198e+03,7.588199973106384277e-01
1.871273841961852895e+03,7.586100101470947266e-01
1.881280653950953820e+03,7.435299754142761230e-01
1.891287465940054517e+03,7.563300132751464844e-01
1.901294277929155442e+03,7.751700282096862793e-01
1.911301089918256139e+03,7.673500180244445801e-01
1.921307901907357063e+03,7.796800136566162109e-01
1.931314713896457988e+03,7.749099731445312500e-01
1.941321525885558685e+03,7.811400294303894043e-01
1.951328337874659610e+03,7.863199710845947266e-01
1.961335149863760307e+03,7.716799974441528320e-01
1.971341961852861232e+03,7.979800105094909668e-01
1.981348773841961929e+03,7.847399711608886719e-01
1.991355585831062854e+03,7.781299948692321777e-01
2.001362397820163551e+03,7.973099946975708008e-01
2.011369209809264476e+03,7.972400188446044922e-01
2.021376021798365173e+03,8.010799884796142578e-01
2.031382833787466097e+03,7.966700196266174316e-01
2.041389645776566795e+03,8.033000230789184570e-01
2.051396457765667492e+03,8.028500080108642578e-01
2.061403269754768644e+03,8.024899959564208984e-01
2.071410081743869341e+03,8.135200142860412598e-01
2.081416893732970038e+03,8.094099760055541992e-01
2.091423705722071190e+03,8.005399703979492188e-01
2.101430517711171888e+03,8.159899711608886719e-01
2.111437329700272585e+03,8.116400241851806641e-01
2.121444141689373282e+03,8.209699988365173340e-01
2.131450953678474434e+03,8.159199953079223633e-01
2.141457765667575131e+03,8.005099892616271973e-01
2.151464577656675829e+03,8.132699728012084961e-01
2.161471389645776526e+03,8.115699887275695801e-01
2.171478201634877678e+03,8.216000199317932129e-01
2.181485013623978375e+03,8.245199918746948242e-01
2.191491825613079072e+03,8.284699916839599609e-01
2.201498637602179770e+03,8.322399854660034180e-01
2.211505449591280922e+03,8.298299908638000488e-01
2.221512261580381619e+03,8.324300050735473633e-01
2.231519073569482316e+03,8.343499898910522461e-01
2.241525885558583468e+03,8.389199972152709961e-01
2.251532697547684165e+03,8.309000134468078613e-01
2.261539509536784863e+03,8.438199758529663086e-01
2.271546321525885560e+03,8.383700251579284668e-01
2.281553133514986712e+03,8.372499942779541016e-01
2.291559945504087409e+03,8.413400053977966309e-01
2.301566757493188106e+03,8.438299894332885742e-01
2.311573569482288804e+03,8.439300060272216797e-01
2.321580381471389956e+03,8.360499739646911621e-01
2.331587193460490653e+03,8.360999822616577148e-01
2.341594005449591350e+03,8.420400023460388184e-01
2.351600817438692047e+03,8.386300206184387207e-01
2.361607629427793199e+03,8.352299928665161133e-01
2.371614441416893897e+03,8.427299857139587402e-01
2.381621253405994594e+03,8.465200066566467285e-01
2.391628065395095291e+03,8.505300283432006836e-01
2.401634877384196443e+03,8.494799733161926270e-01
2.411641689373297140e+03,8.503800034523010254e-01
2.421648501362397838e+03,8.436300158500671387e-01
2.431655313351498990e+03,8.506399989128112793e-01
2.441662125340599687e+03,8.520299792289733887e-01
2.451668937329700384e+03,8.535599708557128906e-01
2.461675749318801081e+03,8.536499738693237305e-01
2.471682561307902233e+03,8.507699966430664062e-01
2.481689373297002930e+03,8.525099754333496094e-01
2.491696185286103628e+03,8.536099791526794434e-01
2.501702997275204325e+03,8.533200025558471680e-01
2.511709809264305477e+03,8.489999771118164062e-01
2.521716621253406174e+03,8.444200158119201660e-01
2.531723433242506871e+03,8.500199913978576660e-01
2.541730245231607569e+03,8.413100242614746094e-01
2.551737057220708721e+03,8.482499718666076660e-01
2.561743869209809418e+03,8.469799757003784180e-01
2.571750681198910115e+03,8.514900207519531250e-01
2.581757493188011267e+03,8.574200272560119629e-01
2.591764305177111964e+03,8.582100272178649902e-01
2.601771117166212662e+03,8.543199896812438965e-01
2.611777929155313359e+03,8.566300272941589355e-01
2.621784741144414511e+03,8.532400131225585938e-01
2.631791553133515208e+03,8.551800251007080078e-01
2.641798365122615905e+03,8.549699783325195312e-01
2.651805177111716603e+03,8.560299873352050781e-01
2.661811989100817755e+03,8.529700040817260742e-01
2.671818801089918452e+03,8.596699833869934082e-01
2.681825613079019149e+03,8.624699711799621582e-01
2.691832425068119846e+03,8.599600195884704590e-01
2.701839237057220998e+03,8.570399880409240723e-01
2.711846049046321696e+03,8.564699888229370117e-01
2.721852861035422393e+03,8.587499856948852539e-01
2.731859673024523545e+03,8.556699752807617188e-01
2.741866485013624242e+03,8.612599968910217285e-01
2.751873297002724939e+03,8.496199846267700195e-01
2.761880108991825637e+03,8.547099828720092773e-01
2.771886920980926789e+03,8.558599948883056641e-01
2.781893732970027486e+03,8.507599830627441406e-01
2.791900544959128183e+03,8.651099801063537598e-01
2.801907356948228880e+03,8.655999898910522461e-01
2.811914168937330032e+03,8.581299781799316406e-01
2.821920980926430730e+03,8.495799899101257324e-01
2.831927792915531427e+03,8.611400127410888672e-01
2.841934604904632124e+03,8.586000204086303711e-01
2.851941416893733276e+03,8.623200058937072754e-01
2.861948228882833973e+03,8.626000285148620605e-01
2.871955040871934671e+03,8.630099892616271973e-01
2.881961852861035368e+03,8.636400103569030762e-01
2.891968664850136520e+03,8.550699949264526367e-01
2.901975476839237217e+03,8.637099862098693848e-01
2.911982288828337914e+03,8.609099984169006348e-01
2.921989100817439066e+03,8.661599755287170410e-01
2.931995912806539764e+03,8.657299876213073730e-01
2.942002724795640461e+03,8.634499907493591309e-01
2.952009536784741158e+03,8.667100071907043457e-01
2.962016348773842310e+03,8.666399717330932617e-01
2.972023160762943007e+03,8.632699847221374512e-01
2.982029972752043705e+03,8.613200187683105469e-01
2.992036784741144402e+03,8.592000007629394531e-01
3.002043596730245554e+03,8.677700161933898926e-01
3.012050408719346251e+03,8.690599799156188965e-01
3.022057220708446948e+03,8.627799749374389648e-01
3.032064032697547646e+03,8.651999831199645996e-01
3.042070844686648798e+03,8.636900186538696289e-01
3.052077656675749495e+03,8.671299815177917480e-01
3.062084468664850192e+03,8.670300245285034180e-01
3.072091280653951344e+03,8.663499951362609863e-01
3.082098092643052041e+03,8.687800168991088867e-01
3.092104904632152738e+03,8.614799976348876953e-01
3.102111716621253436e+03,8.634700179100036621e-01
3.112118528610354588e+03,8.661199808120727539e-01
3.122125340599455285e+03,8.664799928665161133e-01
3.132132152588555982e+03,8.687800168991088867e-01
3.142138964577656679e+03,8.653900027275085449e-01
3.152145776566757831e+03,8.684200048446655273e-01
3.162152588555858529e+03,8.664399981498718262e-01
3.172159400544959226e+03,8.708999752998352051e-01
3.182166212534059923e+03,8.642899990081787109e-01
3.192173024523161075e+03,8.675500154495239258e-01
3.202179836512261772e+03,8.580099940299987793e-01
3.212186648501362470e+03,8.683300018310546875e-01
3.222193460490463622e+03,8.653900027275085449e-01
3.232200272479564319e+03,8.707200288772583008e-01
3.242207084468665016e+03,8.664900064468383789e-01
3.252213896457765713e+03,8.626199960708618164e-01
3.262220708446866865e+03,8.689299821853637695e-01
3.272227520435967563e+03,8.670300245285034180e-01
3.282234332425068260e+03,8.689200282096862793e-01
3.292241144414168957e+03,8.694999814033508301e-01
3.302247956403270109e+03,8.698499798774719238e-01
3.312254768392370806e+03,8.696399927139282227e-01
3.322261580381471504e+03,8.675600290298461914e-01
3.332268392370572201e+03,8.706700205802917480e-01
3.342275204359673353e+03,8.710100054740905762e-01
3.352282016348774050e+03,8.732600212097167969e-01
3.362288828337874747e+03,8.734300136566162109e-01
3.372295640326975899e+03,8.715400099754333496e-01
3.382302452316076597e+03,8.722699880599975586e-01
3.392309264305177294e+03,8.697100281715393066e-01
3.402316076294277991e+03,8.642299771308898926e-01
3.412322888283379143e+03,8.652700185775756836e-01
3.422329700272479840e+03,8.710399866104125977e-01
3.432336512261580538e+03,8.657699823379516602e-01
3.442343324250681235e+03,8.738899827003479004e-01
3.452350136239782387e+03,8.692799806594848633e-01
3.462356948228883084e+03,8.730800151824951172e-01
3.472363760217983781e+03,8.760499954223632812e-01
3.482370572207084479e+03,8.716400265693664551e-01
3.492377384196185631e+03,8.735700249671936035e-01
3.502384196185286328e+03,8.663399815559387207e-01
3.512391008174387025e+03,8.697999715805053711e-01
3.522397820163488177e+03,8.760399818420410156e-01
3.532404632152588874e+03,8.727700114250183105e-01
3.542411444141689572e+03,8.684800267219543457e-01
3.552418256130790269e+03,8.718199729919433594e-01
3.562425068119891421e+03,8.759499788284301758e-01
3.572431880108992118e+03,8.737999796867370605e-01
3.582438692098092815e+03,8.725299835205078125e-01
3.592445504087193513e+03,8.762999773025512695e-01
3.602452316076294665e+03,8.720200061798095703e-01
3.612459128065395362e+03,8.722599744796752930e-01
3.622465940054496059e+03,8.764399886131286621e-01
3.632472752043596756e+03,8.720499873161315918e-01
3.642479564032697908e+03,8.612300157546997070e-01
3.652486376021798606e+03,8.612400293350219727e-01
3.662493188010899303e+03,8.691200017929077148e-01
3.672500000000000000e+03,8.721200227737426758e-01
3.682506811989101152e+03,8.739799857139587402e-01
3.692513623978201849e+03,8.728899955749511719e-01
3.702520435967302546e+03,8.749899864196777344e-01
3.712527247956403698e+03,8.715400099754333496e-01
3.722534059945504396e+03,8.727300167083740234e-01
3.732540871934605093e+03,8.717600107192993164e-01
3.742547683923705790e+03,8.761799931526184082e-01
3.752554495912806942e+03,8.757500052452087402e-01
3.762561307901907639e+03,8.756099939346313477e-01
3.772568119891008337e+03,8.613700270652770996e-01
3.782574931880109034e+03,8.730300068855285645e-01
3.792581743869210186e+03,8.763499855995178223e-01
3.802588555858310883e+03,8.764299750328063965e-01
3.812595367847411580e+03,8.753799796104431152e-01
3.822602179836512278e+03,8.737800121307373047e-01
3.832608991825613430e+03,8.749200105667114258e-01
3.842615803814714127e+03,8.748099803924560547e-01
3.852622615803814824e+03,8.739899992942810059e-01
3.862629427792915976e+03,8.743100166320800781e-01
3.872636239782016673e+03,8.731499910354614258e-01
3.882643051771117371e+03,8.758199810981750488e-01
3.892649863760218068e+03,8.704100251197814941e-01
3.902656675749319220e+03,8.730499744415283203e-01
3.912663487738419917e+03,8.739399909973144531e-01
3.922670299727520614e+03,8.747100234031677246e-01
3.932677111716621312e+03,8.733599781990051270e-01
3.942683923705722464e+03,8.740000128746032715e-01
3.952690735694823161e+03,8.738099932670593262e-01
3.962697547683923858e+03,8.772799968719482422e-01
3.972704359673024555e+03,8.762699961662292480e-01
3.982711171662125707e+03,8.754100203514099121e-01
3.992717983651226405e+03,8.745899796485900879e-01
4.002724795640327102e+03,8.776299953460693359e-01
4.012731607629428254e+03,8.760700225830078125e-01
4.022738419618528951e+03,8.776299953460693359e-01
4.032745231607629648e+03,8.751800060272216797e-01
4.042752043596730346e+03,8.717700242996215820e-01
4.052758855585831498e+03,8.723400235176086426e-01
4.062765667574932195e+03,8.715199828147888184e-01
4.072772479564032892e+03,8.733900189399719238e-01
4.082779291553133589e+03,8.729000091552734375e-01
4.092786103542234741e+03,8.742799758911132812e-01
4.102792915531334984e+03,8.683099746704101562e-01
4.112799727520436136e+03,8.757200241088867188e-01
4.122806539509537288e+03,8.771600127220153809e-01
4.132813351498637530e+03,8.779399991035461426e-01
4.142820163487738682e+03,8.725100159645080566e-01
4.152826975476839834e+03,8.759099841117858887e-01
4.162833787465940077e+03,8.748800158500671387e-01
4.172840599455041229e+03,8.726500272750854492e-01
4.182847411444142381e+03,8.713799715042114258e-01
4.192854223433242623e+03,8.737199902534484863e-01
4.202861035422343775e+03,8.659700155258178711e-01
4.212867847411444018e+03,8.697699904441833496e-01
4.222874659400545170e+03,8.717899918556213379e-01
4.232881471389646322e+03,8.780599832534790039e-01
4.242888283378746564e+03,8.770599961280822754e-01
4.252895095367847716e+03,8.667100071907043457e-01
4.262901907356948868e+03,8.764299750328063965e-01
4.272908719346049111e+03,8.733999729156494141e-01
4.282915531335150263e+03,8.731099963188171387e-01
4.292922343324250505e+03,8.777499794960021973e-01
4.302929155313351657e+03,8.761399984359741211e-01
4.312935967302452809e+03,8.738800287246704102e-01
4.322942779291553052e+03,8.731600046157836914e-01
4.332949591280654204e+03,8.742300271987915039e-01
4.342956403269755356e+03,8.731499910354614258e-01
4.352963215258855598e+03,8.758999705314636230e-01
4.362970027247956750e+03,8.744800090789794922e-01
4.372976839237057902e+03,8.773699998855590820e-01
4.382983651226158145e+03,8.758199810981750488e-01
4.392990463215259297e+03,8.710500001907348633e-01
4.402997275204359539e+03,8.749399781227111816e-01
4.413004087193460691e+03,8.745200037956237793e-01
4.423010899182561843e+03,8.773099780082702637e-01
4.433017711171662086e+03,8.755699992179870605e-01
4.443024523160763238e+03,8.734099864959716797e-01
4.453031335149864390e+03,8.720499873161315918e-01
4.463038147138964632e+03,8.759099841117858887e-01
4.473044959128065784e+03,8.817200064659118652e-01
4.483051771117166936e+03,8.773199915885925293e-01
4.493058583106267179e+03,8.783000111579895020e-01
4.503065395095368331e+03,8.744999766349792480e-01
4.513072207084468573e+03,8.746200203895568848e-01
4.523079019073569725e+03,8.798599839210510254e-01
4.533085831062670877e+03,8.795899748802185059e-01
4.543092643051771120e+03,8.801000118255615234e-01
4.553099455040872272e+03,8.779500126838684082e-01
4.563106267029973424e+03,8.760100007057189941e-01
4.573113079019073666e+03,8.771200180053710938e-01
4.583119891008174818e+03,8.805199861526489258e-01
4.593126702997275061e+03,8.763200044631958008e-01
4.603133514986376213e+03,8.777099847793579102e-01
4.613140326975477365e+03,8.782200217247009277e-01
4.623147138964577607e+03,8.761100172996520996e-01
4.633153950953678759e+03,8.777099847793579102e-01
4.643160762942779911e+03,8.752200007438659668e-01
4.653167574931880154e+03,8.773000240325927734e-01
4.663174386920981306e+03,8.808000087738037109e-01
4.673181198910082458e+03,8.793699741363525391e-01
4.683188010899182700e+03,8.758199810981750488e-01
4.693194822888283852e+03,8.779799938201904297e-01
4.703201634877384095e+03,8.791199922561645508e-01
4.713208446866485247e+03,8.749600052833557129e-01
4.723215258855586399e+03,8.750399947166442871e-01
4.733222070844686641e+03,8.769699931144714355e-01
4.743228882833787793e+03,8.789899945259094238e-01
4.753235694822888945e+03,8.800100088119506836e-01
4.763242506811989188e+03,8.682199716567993164e-01
4.773249318801090340e+03,8.766499757766723633e-01
4.783256130790190582e+03,8.789100050926208496e-01
4.793262942779291734e+03,8.753399848937988281e-01
4.803269754768392886e+03,8.787900209426879883e-01
4.813276566757493129e+03,8.768399953842163086e-01
4.823283378746594281e+03,8.764700293540954590e-01
4.833290190735695433e+03,8.744199872016906738e-01
4.843297002724795675e+03,8.803200125694274902e-01
4.853303814713896827e+03,8.758900165557861328e-01
4.863310626702997979e+03,8.780999779701232910e-01
4.873317438692098222e+03,8.687099814414978027e-01
4.883324250681199374e+03,8.772600293159484863e-01
4.893331062670299616e+03,8.733800053596496582e-01
4.903337874659400768e+03,8.758999705314636230e-01
4.913344686648501920e+03,8.758900165557861328e-01
4.923351498637602162e+03,8.772000074386596680e-01
4.933358310626703314e+03,8.759499788284301758e-01
4.943365122615804466e+03,8.757299780845642090e-01
4.953371934604904709e+03,8.691599965095520020e-01
4.963378746594005861e+03,8.782699704170227051e-01
4.973385558583107013e+03,8.783000111579895020e-01
4.983392370572207255e+03,8.793600201606750488e-01
4.993399182561308407e+03,8.771200180053710938e-01
5.003405994550408650e+03,8.795300126075744629e-01
5.013412806539509802e+03,8.797100186347961426e-01
5.023419618528610954e+03,8.788300156593322754e-01
5.033426430517711196e+03,8.782399892807006836e-01
5.043433242506812348e+03,8.755000233650207520e-01
5.053440054495913500e+03,8.743399977684020996e-01
5.063446866485013743e+03,8.699300289154052734e-01
5.073453678474114895e+03,8.761699795722961426e-01
5.083460490463215137e+03,8.762699961662292480e-01
5.093467302452316289e+03,8.734899759292602539e-01
5.103474114441417441e+03,8.760600090026855469e-01
5.113480926430517684e+03,8.760100007057189941e-01
5.123487738419618836e+03,8.766499757766723633e-01
5.133494550408719988e+03,8.749799728393554688e-01
5.143501362397820230e+03,8.709999918937683105e-01
5.153508174386921382e+03,8.768299818038940430e-01
5.163514986376022534e+03,8.773000240325927734e-01
5.173521798365122777e+03,8.771100044250488281e-01
5.183528610354223929e+03,8.813999891281127930e-01
5.193535422343324171e+03,8.810700178146362305e-01
5.203542234332425323e+03,8.792600035667419434e-01
5.213549046321526475e+03,8.798999786376953125e-01
5.223555858310626718e+03,8.784899711608886719e-01
5.233562670299727870e+03,8.809199929237365723e-01
5.243569482288829022e+03,8.775200247764587402e-01
5.253576294277929264e+03,8.777099847793579102e-01
5.263583106267030416e+03,8.827999830245971680e-01
5.273589918256130659e+03,8.796799778938293457e-01
5.283596730245231811e+03,8.785700201988220215e-01
5.293603542234332963e+03,8.807100057601928711e-01
5.303610354223433205e+03,8.772000074386596680e-01
5.313617166212534357e+03,8.781599998474121094e-01
5.323623978201635509e+03,8.809900283813476562e-01
5.333630790190735752e+03,8.814399838447570801e-01
5.343637602179836904e+03,8.791099786758422852e-01
5.353644414168938056e+03,8.784700036048889160e-01
5.363651226158038298e+03,8.759199976921081543e-01
5.373658038147139450e+03,8.759599924087524414e-01
5.383664850136239693e+03,8.806700110435485840e-01
5.393671662125340845e+03,8.798099756240844727e-01
5.403678474114441997e+03,8.781599998474121094e-01
5.413685286103542239e+03,8.796899914741516113e-01
5.423692098092643391e+03,8.753499984741210938e-01
5.433698910081744543e+03,8.752999901771545410e-01
5.443705722070844786e+03,8.792399764060974121e-01
5.453712534059945938e+03,8.815500140190124512e-01
5.463719346049047090e+03,8.795099854469299316e-01
5.473726158038147332e+03,8.770099878311157227e-01
5.483732970027248484e+03,8.760200142860412598e-01
5.493739782016348727e+03,8.781899809837341309e-01
5.503746594005449879e+03,8.789799809455871582e-01
5.513753405994551031e+03,8.733400106430053711e-01
5.523760217983651273e+03,8.799399733543395996e-01
5.533767029972752425e+03,8.662499785423278809e-01
5.543773841961853577e+03,8.639900088310241699e-01
5.553780653950953820e+03,8.761500120162963867e-01
5.563787465940054972e+03,8.636699914932250977e-01
5.573794277929155214e+03,8.768000006675720215e-01
5.583801089918256366e+03,8.807299733161926270e-01
5.593807901907357518e+03,8.773599863052368164e-01
5.603814713896457761e+03,8.735299706459045410e-01
5.613821525885558913e+03,8.791700005531311035e-01
5.623828337874660065e+03,8.752899765968322754e-01
5.633835149863760307e+03,8.721299767494201660e-01
5.643841961852861459e+03,8.779199719429016113e-01
5.653848773841962611e+03,8.754000067710876465e-01
5.663855585831062854e+03,8.774999976158142090e-01
5.673862397820164006e+03,8.760399818420410156e-01
5.683869209809264248e+03,8.769800066947937012e-01
5.693876021798365400e+03,8.791199922561645508e-01
5.703882833787466552e+03,8.783299922943115234e-01
5.713889645776566795e+03,8.790699839591979980e-01
5.723896457765667947e+03,8.749399781227111816e-01
5.733903269754769099e+03,8.567299842834472656e-01
5.743910081743869341e+03,8.781099915504455566e-01
5.753916893732970493e+03,8.780000209808349609e-01
5.763923705722070736e+03,8.762199878692626953e-01
5.773930517711171888e+03,8.787900209426879883e-01
5.783937329700273040e+03,8.766599893569946289e-01
5.793944141689373282e+03,8.800299763679504395e-01
5.803950953678474434e+03,8.687700033187866211e-01
5.813957765667575586e+03,8.714100122451782227e-01
5.823964577656675829e+03,8.778499960899353027e-01
5.833971389645776981e+03,8.815799951553344727e-01
5.843978201634878133e+03,8.787900209426879883e-01
5.853985013623978375e+03,8.822299838066101074e-01
5.863991825613079527e+03,8.782299757003784180e-01
5.873998637602179770e+03,8.809099793434143066e-01
5.884005449591280922e+03,8.777300119400024414e-01
5.894012261580382074e+03,8.782299757003784180e-01
5.904019073569482316e+03,8.813599944114685059e-01
5.914025885558583468e+03,8.787400126457214355e-01
5.924032697547684620e+03,8.793299794197082520e-01
5.934039509536784863e+03,8.785099983215332031e-01
5.944046321525886015e+03,8.776900172233581543e-01
5.954053133514987167e+03,8.741599917411804199e-01
5.964059945504087409e+03,8.732399940490722656e-01
5.974066757493188561e+03,8.812800049781799316e-01
5.984073569482288804e+03,8.814700245857238770e-01
5.994080381471389956e+03,8.780000209808349609e-01
6.004087193460491108e+03,8.761299848556518555e-01
6.014094005449591350e+03,8.740100264549255371e-01
6.024100817438692502e+03,8.792200088500976562e-01
6.034107629427793654e+03,8.824999928474426270e-01
6.044114441416893897e+03,8.801299929618835449e-01
6.054121253405995049e+03,8.794000148773193359e-01
6.064128065395095291e+03,8.796200156211853027e-01
6.074134877384196443e+03,8.805699944496154785e-01
6.084141689373297595e+03,8.802499771118164062e-01
6.094148501362397838e+03,8.796200156211853027e-01
6.104155313351498990e+03,8.811500072479248047e-01
6.114162125340600141e+03,8.799099922180175781e-01
6.124168937329700384e+03,8.812599778175354004e-01
6.134175749318801536e+03,8.796499967575073242e-01
6.144182561307902688e+03,8.786399960517883301e-01
6.154189373297002930e+03,8.786799907684326172e-01
6.164196185286104082e+03,8.763200044631958008e-01
6.174202997275204325e+03,8.793399930000305176e-01
6.184209809264305477e+03,8.779900074005126953e-01
6.194216621253406629e+03,8.787500262260437012e-01
6.204223433242506871e+03,8.762699961662292480e-01
6.214230245231608023e+03,8.720999956130981445e-01
6.224237057220709175e+03,8.784099817276000977e-01
6.234243869209809418e+03,8.785399794578552246e-01
6.244250681198910570e+03,8.804100155830383301e-01
6.254257493188011722e+03,8.804699778556823730e-01
6.264264305177111964e+03,8.794699907302856445e-01
6.274271117166213116e+03,8.779900074005126953e-01
6.284277929155313359e+03,8.791199922561645508e-01
6.294284741144414511e+03,8.787900209426879883e-01
6.304291553133515663e+03,8.776999711990356445e-01
6.314298365122615905e+03,8.755400180816650391e-01
6.324305177111717057e+03,8.785600066184997559e-01
6.334311989100818209e+03,8.782500028610229492e-01
6.344318801089918452e+03,8.798599839210510254e-01
6.354325613079019604e+03,8.804500102996826172e-01
6.364332425068119846e+03,8.793900012969970703e-01
6.374339237057220998e+03,8.776900172233581543e-01
6.384346049046322150e+03,8.703500032424926758e-01
6.394352861035422393e+03,8.746700286865234375e-01
6.404359673024523545e+03,8.765199780464172363e-01
6.414366485013624697e+03,8.767099976539611816e-01
6.424373297002724939e+03,8.793799877166748047e-01
6.434380108991826091e+03,8.783299922943115234e-01
6.444386920980927243e+03,8.764299750328063965e-01
6.454393732970027486e+03,8.767799735069274902e-01
6.464400544959128638e+03,8.785700201988220215e-01
6.474407356948228880e+03,8.730300068855285645e-01
6.484414168937330032e+03,8.778600096702575684e-01
6.494420980926431184e+03,8.795599937438964844e-01
6.504427792915531427e+03,8.784899711608886719e-01
6.514434604904632579e+03,8.798800110816955566e-01
6.524441416893733731e+03,8.757100105285644531e-01
6.534448228882833973e+03,8.746600151062011719e-01
6.544455040871935125e+03,8.823099732398986816e-01
6.554461852861035368e+03,8.812500238418579102e-01
6.564468664850136520e+03,8.785099983215332031e-01
6.574475476839237672e+03,8.821799755096435547e-01
6.584482288828337914e+03,8.810799717903137207e-01
6.594489100817439066e+03,8.795499801635742188e-01
6.604495912806540218e+03,8.800100088119506836e-01
6.614502724795640461e+03,8.737300038337707520e-01
6.624509536784741613e+03,8.756700158119201660e-01
6.634516348773842765e+03,8.802800178527832031e-01
6.644523160762943007e+03,8.798999786376953125e-01
6.654529972752044159e+03,8.756700158119201660e-01
6.664536784741144402e+03,8.792899847030639648e-01
6.674543596730245554e+03,8.699799776077270508e-01
6.684550408719346706e+03,8.782799839973449707e-01
6.694557220708446948e+03,8.767899870872497559e-01
6.704564032697548100e+03,8.803799748420715332e-01
6.714570844686649252e+03,8.783299922943115234e-01
6.724577656675749495e+03,8.807799816131591797e-01
6.734584468664850647e+03,8.806999921798706055e-01
6.744591280653951799e+03,8.821399807929992676e-01
6.754598092643052041e+03,8.802899718284606934e-01
6.764604904632153193e+03,8.804500102996826172e-01
6.774611716621253436e+03,8.799300193786621094e-01
6.784618528610354588e+03,8.791499733924865723e-01
6.794625340599455740e+03,8.799700140953063965e-01
6.804632152588555982e+03,8.778399825096130371e-01
6.814638964577657134e+03,8.819800019264221191e-01
6.824645776566758286e+03,8.813199996948242188e-01
6.834652588555858529e+03,8.784899711608886719e-01
6.844659400544959681e+03,8.789100050926208496e-01
6.854666212534059923e+03,8.774899840354919434e-01
6.864673024523161075e+03,8.732699751853942871e-01
6.874679836512262227e+03,8.775399923324584961e-01
6.884686648501362470e+03,8.775500059127807617e-01
6.894693460490463622e+03,8.775399923324584961e-01
6.904700272479564774e+03,8.762900233268737793e-01
6.914707084468665016e+03,8.783100247383117676e-01
6.924713896457766168e+03,8.763200044631958008e-01
6.934720708446867320e+03,8.767099976539611816e-01
6.944727520435967563e+03,8.762199878692626953e-01
6.954734332425068715e+03,8.759800195693969727e-01
6.964741144414168957e+03,8.801900148391723633e-01
6.974747956403270109e+03,8.796899914741516113e-01
6.984754768392371261e+03,8.800600171089172363e-01
6.994761580381471504e+03,8.794999718666076660e-01
7.004768392370572656e+03,8.804399967193603516e-01
7.014775204359673808e+03,8.805999755859375000e-01
7.024782016348774050e+03,8.757200241088867188e-01
7.034788828337875202e+03,8.786100149154663086e-01
7.044795640326976354e+03,8.747100234031677246e-01
7.054802452316076597e+03,8.784099817276000977e-01
7.064809264305177749e+03,8.754900097846984863e-01
7.074816076294277991e+03,8.784599900245666504e-01
7.084822888283379143e+03,8.799600005149841309e-01
7.094829700272480295e+03,8.771399855613708496e-01
7.104836512261580538e+03,8.751599788665771484e-01
7.114843324250681690e+03,8.772299885749816895e-01
7.124850136239782842e+03,8.783199787139892578e-01
7.134856948228883084e+03,8.783400058746337891e-01
7.144863760217984236e+03,8.802099823951721191e-01
7.154870572207084479e+03,8.792300224304199219e-01
7.164877384196185631e+03,8.766099810600280762e-01
7.174884196185286783e+03,8.781099915504455566e-01
7.184891008174387025e+03,8.782299757003784180e-01
7.194897820163488177e+03,8.783900141716003418e-01
7.204904632152589329e+03,8.785399794578552246e-01
7.214911444141689572e+03,8.758599758148193359e-01
7.224918256130790724e+03,8.809300065040588379e-01
7.234925068119891876e+03,8.782899975776672363e-01
7.244931880108992118e+03,8.789899945259094238e-01
7.254938692098093270e+03,8.802400231361389160e-01
7.264945504087193513e+03,8.792799711227416992e-01
7.274952316076294665e+03,8.815600275993347168e-01
7.284959128065395817e+03,8.782699704170227051e-01
7.294965940054496059e+03,8.755199909210205078e-01
7.304972752043597211e+03,8.753899931907653809e-01
7.314979564032698363e+03,8.757899999618530273e-01
7.324986376021798606e+03,8.779799938201904297e-01
7.334993188010899758e+03,8.719099760055541992e-01
7.345000000000000000e+03,8.765199780464172363e-01
7.355006811989101152e+03,8.751800060272216797e-01
7.365013623978202304e+03,8.739299774169921875e-01
7.375020435967302546e+03,8.794599771499633789e-01
7.385027247956403698e+03,8.779799938201904297e-01
7.395034059945504850e+03,8.753700256347656250e-01
7.405040871934605093e+03,8.764700293540954590e-01
7.415047683923706245e+03,8.805099725723266602e-01
7.425054495912807397e+03,8.770599961280822754e-01
7.435061307901907639e+03,8.777300119400024414e-01
7.445068119891008791e+03,8.788899779319763184e-01
7.455074931880109034e+03,8.758000135421752930e-01
7.465081743869210186e+03,8.775699734687805176e-01
7.475088555858311338e+03,8.806300163269042969e-01
7.485095367847411580e+03,8.791599869728088379e-01
7.495102179836512732e+03,8.794199824333190918e-01
7.505108991825613884e+03,8.786000013351440430e-01
7.515115803814714127e+03,8.806200027465820312e-01
7.525122615803815279e+03,8.795599937438964844e-01
7.535129427792916431e+03,8.813599944114685059e-01
7.545136239782016673e+03,8.817899823188781738e-01
7.555143051771117825e+03,8.780400156974792480e-01
7.565149863760218068e+03,8.795599937438964844e-01
7.575156675749319220e+03,8.781300187110900879e-01
7.585163487738420372e+03,8.798999786376953125e-01
7.595170299727520614e+03,8.806800246238708496e-01
7.605177111716621766e+03,8.765699863433837891e-01
7.615183923705722918e+03,8.787699937820434570e-01
7.625190735694823161e+03,8.786600232124328613e-01
7.635197547683924313e+03,8.800600171089172363e-01
7.645204359673024555e+03,8.806899785995483398e-01
7.655211171662125707e+03,8.762999773025512695e-01
7.665217983651226859e+03,8.745899796485900879e-01
7.675224795640327102e+03,8.804299831390380859e-01
7.685231607629428254e+03,8.803700208663940430e-01
7.695238419618529406e+03,8.799600005149841309e-01
7.705245231607629648e+03,8.806099891662597656e-01
7.715252043596730800e+03,8.778799772262573242e-01
7.725258855585831952e+03,8.805400133132934570e-01
7.735265667574932195e+03,8.800100088119506836e-01
7.745272479564033347e+03,8.794000148773193359e-01
7.755279291553133589e+03,8.792999982833862305e-01
7.765286103542234741e+03,8.766899704933166504e-01
7.775292915531335893e+03,8.786500096321105957e-01
7.785299727520436136e+03,8.796200156211853027e-01
7.795306539509537288e+03,8.785200119018554688e-01
7.805313351498638440e+03,8.813899755477905273e-01
7.815320163487738682e+03,8.814299702644348145e-01
7.825326975476839834e+03,8.798300027847290039e-01
7.835333787465940077e+03,8.774200081825256348e-01
7.845340599455041229e+03,8.788800239562988281e-01
7.855347411444142381e+03,8.770099878311157227e-01
7.865354223433242623e+03,8.726000189781188965e-01
7.875361035422343775e+03,8.774999976158142090e-01
7.885367847411444927e+03,8.820000290870666504e-01
7.895374659400545170e+03,8.788200020790100098e-01
7.905381471389646322e+03,8.792399764060974121e-01
7.915388283378747474e+03,8.767499923706054688e-01
7.925395095367847716e+03,8.809700012207031250e-01
7.935401907356948868e+03,8.793200254440307617e-01
7.945408719346049111e+03,8.829699754714965820e-01
7.955415531335150263e+03,8.809400200843811035e-01
7.965422343324251415e+03,8.818100094795227051e-01
7.975429155313351657e+03,8.779500126838684082e-01
7.985435967302452809e+03,8.794800043106079102e-01
7.995442779291553961e+03,8.776500225067138672e-01
8.005449591280654204e+03,8.779900074005126953e-01
8.015456403269755356e+03,8.797399997711181641e-01
8.025463215258856508e+03,8.814600110054016113e-01
8.035470027247956750e+03,8.805000185966491699e-01
8.045476839237057902e+03,8.794000148773193359e-01
8.055483651226158145e+03,8.790299892425537109e-01
8.065490463215259297e+03,8.776199817657470703e-01
8.075497275204360449e+03,8.758000135421752930e-01
8.085504087193460691e+03,8.795199990272521973e-01
8.095510899182561843e+03,8.813700079917907715e-01
8.105517711171662995e+03,8.799600005149841309e-01
8.115524523160763238e+03,8.753700256347656250e-01
8.125531335149864390e+03,8.749600052833557129e-01
8.135538147138964632e+03,8.771899938583374023e-01
8.145544959128065784e+03,8.805999755859375000e-01
8.155551771117166936e+03,8.799999952316284180e-01
8.165558583106267179e+03,8.802400231361389160e-01
8.175565395095368331e+03,8.764299750328063965e-01
8.185572207084469483e+03,8.780300021171569824e-01
8.195579019073569725e+03,8.793500065803527832e-01
8.205585831062669968e+03,8.828999996185302734e-01
8.215592643051772029e+03,8.844299912452697754e-01
8.225599455040872272e+03,8.824300169944763184e-01
8.235606267029972514e+03,8.820300102233886719e-01
8.245613079019074576e+03,8.814200162887573242e-01
8.255619891008174818e+03,8.780599832534790039e-01
8.265626702997275061e+03,8.745999932289123535e-01
8.275633514986377122e+03,8.723400235176086426e-01
8.285640326975477365e+03,8.774999976158142090e-01
8.295647138964577607e+03,8.752800226211547852e-01
8.305653950953679669e+03,8.759400248527526855e-01
8.315660762942779911e+03,8.806899785995483398e-01
8.325667574931880154e+03,8.818500041961669922e-01
8.335674386920982215e+03,8.766999840736389160e-01
8.345681198910082458e+03,8.758500218391418457e-01
8.355688010899182700e+03,8.765100240707397461e-01
8.365694822888284762e+03,8.780599832534790039e-01
8.375701634877385004e+03,8.799499869346618652e-01
8.385708446866485247e+03,8.822299838066101074e-01
8.395715258855585489e+03,8.823500275611877441e-01
8.405722070844687551e+03,8.784099817276000977e-01
8.415728882833787793e+03,8.795099854469299316e-01
8.425735694822888036e+03,8.761299848556518555e-01
8.435742506811990097e+03,8.787099719047546387e-01
8.445749318801090340e+03,8.806300163269042969e-01
8.455756130790190582e+03,8.803499937057495117e-01
8.465762942779292644e+03,8.815100193023681641e-01
8.475769754768392886e+03,8.797299861907958984e-01
8.485776566757493129e+03,8.767700195312500000e-01
8.495783378746595190e+03,8.785099983215332031e-01
8.505790190735695433e+03,8.780000209808349609e-01
8.515797002724795675e+03,8.792600035667419434e-01
8.525803814713897737e+03,8.795400261878967285e-01
8.535810626702997979e+03,8.798000216484069824e-01
8.545817438692098222e+03,8.757600188255310059e-01
8.555824250681200283e+03,8.788599967956542969e-01
8.565831062670300525e+03,8.822500109672546387e-01
8.575837874659400768e+03,8.794400095939636230e-01
8.585844686648501010e+03,8.751199841499328613e-01
8.595851498637603072e+03,8.787000179290771484e-01
8.605858310626703314e+03,8.799600005149841309e-01
8.615865122615803557e+03,8.776000142097473145e-01
8.625871934604905618e+03,8.782899975776672363e-01
8.635878746594005861e+03,8.757200241088867188e-01
8.645885558583106103e+03,8.770700097084045410e-01
8.655892370572208165e+03,8.793100118637084961e-01
8.665899182561308407e+03,8.795899748802185059e-01
8.675905994550408650e+03,8.791199922561645508e-01
8.685912806539510711e+03,8.779600262641906738e-01
8.695919618528610954e+03,8.823400139808654785e-01
8.705926430517711196e+03,8.823199868202209473e-01
8.715933242506813258e+03,8.805699944496154785e-01
8.725940054495913500e+03,8.815600275993347168e-01
8.735946866485013743e+03,8.822399973869323730e-01
8.745953678474115804e+03,8.818399906158447266e-01
8.755960490463216047e+03,8.743100166320800781e-01
8.765967302452316289e+03,8.751199841499328613e-01
8.775974114441416532e+03,8.773499727249145508e-01
8.785980926430518593e+03,8.801199793815612793e-01
8.795987738419618836e+03,8.790699839591979980e-01
8.805994550408719078e+03,8.767300248146057129e-01
8.816001362397821140e+03,8.782600164413452148e-01
8.826008174386921382e+03,8.780900239944458008e-01
8.836014986376021625e+03,8.794400095939636230e-01
8.846021798365123686e+03,8.791599869728088379e-01
8.856028610354223929e+03,8.764200210571289062e-01
8.866035422343324171e+03,8.794199824333190918e-01
8.876042234332426233e+03,8.801599740982055664e-01
8.886049046321526475e+03,8.782899975776672363e-01
8.896055858310626718e+03,8.796600103378295898e-01
8.906062670299728779e+03,8.799499869346618652e-01
8.916069482288829022e+03,8.807399868965148926e-01
8.926076294277929264e+03,8.794299960136413574e-01
8.936083106267031326e+03,8.789700269699096680e-01
8.946089918256131568e+03,8.761900067329406738e-01
8.956096730245231811e+03,8.805699944496154785e-01
8.966103542234333872e+03,8.785600066184997559e-01
8.976110354223434115e+03,8.808100223541259766e-01
8.986117166212534357e+03,8.810399770736694336e-01
8.996123978201634600e+03,8.785499930381774902e-01
9.006130790190736661e+03,8.756700158119201660e-01
9.016137602179836904e+03,8.788200020790100098e-01
9.026144414168937146e+03,8.789200186729431152e-01
9.036151226158039208e+03,8.814399838447570801e-01
9.046158038147139450e+03,8.791300058364868164e-01
9.056164850136239693e+03,8.768200278282165527e-01
9.066171662125341754e+03,8.795899748802185059e-01
9.076178474114441997e+03,8.791099786758422852e-01
9.086185286103542239e+03,8.788599967956542969e-01
9.096192098092644301e+03,8.770300149917602539e-01
9.106198910081744543e+03,8.794500231742858887e-01
9.116205722070844786e+03,8.786699771881103516e-01
9.126212534059946847e+03,8.767399787902832031e-01
9.136219346049047090e+03,8.755199909210205078e-01
9.146226158038147332e+03,8.796399831771850586e-01
9.156232970027249394e+03,8.798400163650512695e-01
9.166239782016349636e+03,8.817800283432006836e-01
9.176246594005449879e+03,8.771899938583374023e-01
9.186253405994550121e+03,8.777999877929687500e-01
9.196260217983652183e+03,8.716400265693664551e-01
9.206267029972752425e+03,8.746500015258789062e-01
9.216273841961852668e+03,8.729000091552734375e-01
9.226280653950954729e+03,8.711000084877014160e-01
9.236287465940054972e+03,8.769199848175048828e-01
9.246294277929155214e+03,8.812500238418579102e-01
9.256301089918257276e+03,8.796600103378295898e-01
9.266307901907357518e+03,8.760200142860412598e-01
9.276314713896457761e+03,8.820999860763549805e-01
9.286321525885559822e+03,8.789700269699096680e-01
9.296328337874660065e+03,8.793399930000305176e-01
9.306335149863760307e+03,8.802000284194946289e-01
9.316341961852862369e+03,8.765199780464172363e-01
9.326348773841962611e+03,8.763700127601623535e-01
9.336355585831062854e+03,8.785600066184997559e-01
9.346362397820164915e+03,8.767200112342834473e-01
9.356369209809265158e+03,8.808199763298034668e-01
9.366376021798365400e+03,8.810499906539916992e-01
9.376382833787465643e+03,8.781300187110900879e-01
9.386389645776567704e+03,8.777899742126464844e-01
9.396396457765667947e+03,8.771100044250488281e-01
9.406403269754768189e+03,8.785899877548217773e-01
9.416410081743870251e+03,8.728100061416625977e-01
9.426416893732970493e+03,8.800699710845947266e-01
9.436423705722070736e+03,8.794500231742858887e-01
9.446430517711172797e+03,8.773900270462036133e-01
9.456437329700273040e+03,8.780500292778015137e-01
9.466444141689373282e+03,8.806300163269042969e-01
9.476450953678475344e+03,8.829399943351745605e-01
9.486457765667575586e+03,8.792799711227416992e-01
9.496464577656675829e+03,8.819400072097778320e-01
9.506471389645777890e+03,8.810200095176696777e-01
9.516478201634878133e+03,8.776500225067138672e-01
9.526485013623978375e+03,8.802099823951721191e-01
9.536491825613080437e+03,8.802300095558166504e-01
9.546498637602180679e+03,8.794400095939636230e-01
9.556505449591280922e+03,8.720200061798095703e-01
9.566512261580381164e+03,8.789100050926208496e-01
9.576519073569483226e+03,8.798199892044067383e-01
9.586525885558583468e+03,8.795999884605407715e-01
9.596532697547683711e+03,8.660299777984619141e-01
9.606539509536785772e+03,8.784499764442443848e-01
9.616546321525886015e+03,8.795999884605407715e-01
9.626553133514986257e+03,8.808000087738037109e-01
9.636559945504088319e+03,8.786799907684326172e-01
9.646566757493188561e+03,8.761100172996520996e-01
9.656573569482288804e+03,8.791700005531311035e-01
9.666580381471390865e+03,8.808799982070922852e-01
9.676587193460491108e+03,8.800500035285949707e-01
9.686594005449591350e+03,8.718699812889099121e-01
9.696600817438693412e+03,8.783100247383117676e-01
9.706607629427793654e+03,8.813700079917907715e-01
9.716614441416893897e+03,8.781700134277343750e-01
9.726621253405995958e+03,8.799499869346618652e-01
9.736628065395096201e+03,8.795700073242187500e-01
9.746634877384196443e+03,8.819599747657775879e-01
9.756641689373296686e+03,8.813099861145019531e-01
9.766648501362398747e+03,8.755400180816650391e-01
9.776655313351498990e+03,8.661699891090393066e-01
9.786662125340599232e+03,8.791000247001647949e-01
9.796668937329701293e+03,8.788200020790100098e-01
9.806675749318801536e+03,8.793399930000305176e-01
9.816682561307901778e+03,8.809599876403808594e-01
9.826689373297003840e+03,8.795800209045410156e-01
9.836696185286104082e+03,8.800200223922729492e-01
9.846702997275204325e+03,8.807500004768371582e-01
9.856709809264306386e+03,8.748599886894226074e-01
9.866716621253406629e+03,8.784800171852111816e-01
9.876723433242506871e+03,8.781700134277343750e-01
9.886730245231608933e+03,8.808100223541259766e-01
9.896737057220709175e+03,8.785799741744995117e-01
9.906743869209809418e+03,8.824999928474426270e-01
9.916750681198911479e+03,8.783699870109558105e-01
9.926757493188011722e+03,8.778899908065795898e-01
9.936764305177111964e+03,8.816199898719787598e-01
9.946771117166214026e+03,8.797799944877624512e-01
9.956777929155314268e+03,8.808100223541259766e-01
9.966784741144414511e+03,8.820000290870666504e-01
9.976791553133514753e+03,8.802400231361389160e-01
9.986798365122616815e+03,8.800399899482727051e-01
9.996805177111717057e+03,8.838099837303161621e-01
1.000681198910081730e+04,8.824200034141540527e-01
1.001681880108991936e+04,8.787599802017211914e-01
1.002682561307901960e+04,8.808400034904479980e-01
1.003683242506811985e+04,8.821099996566772461e-01
1.004683923705722191e+04,8.802700042724609375e-01
1.005684604904632215e+04,8.805099725723266602e-01
1.006685286103542239e+04,8.767799735069274902e-01
1.007685967302452445e+04,8.804500102996826172e-01
1.008686648501362470e+04,8.822100162506103516e-01
1.009687329700272494e+04,8.798900246620178223e-01
1.010688010899182700e+04,8.808799982070922852e-01
1.011688692098092724e+04,8.791199922561645508e-01
1.012689373297002749e+04,8.784199953079223633e-01
1.013690054495912955e+04,8.799800276756286621e-01
1.014690735694822979e+04,8.808299899101257324e-01
1.015691416893733003e+04,8.819299936294555664e-01
1.016692098092643027e+04,8.820099830627441406e-01
1.017692779291553234e+04,8.781999945640563965e-01
1.018693460490463258e+04,8.793299794197082520e-01
1.019694141689373282e+04,8.801000118255615234e-01
1.020694822888283488e+04,8.764299750328063965e-01
1.021695504087193513e+04,8.765400052070617676e-01
1.022696185286103537e+04,8.788200020790100098e-01
1.023696866485013743e+04,8.775399923324584961e-01
1.024697547683923767e+04,8.811500072479248047e-01
1.025698228882833791e+04,8.788599967956542969e-01
1.026698910081743998e+04,8.796799778938293457e-01
1.027699591280654022e+04,8.795400261878967285e-01
1.028700272479564046e+04,8.768399953842163086e-01
1.029700953678474252e+04,8.772699832916259766e-01
1.030701634877384276e+04,8.792300224304199219e-01
1.031702316076294301e+04,8.826100230216979980e-01
1.032702997275204507e+04,8.797699809074401855e-01
1.033703678474114531e+04,8.821099996566772461e-01
1.034704359673024555e+04,8.783100247383117676e-01
1.035705040871934580e+04,8.796799778938293457e-01
1.036705722070844786e+04,8.803399801254272461e-01
1.037706403269754810e+04,8.790900111198425293e-01
1.038707084468664834e+04,8.800200223922729492e-01
1.039707765667575040e+04,8.789799809455871582e-01
1.040708446866485065e+04,8.770999908447265625e-01
1.041709128065395089e+04,8.797699809074401855e-01
1.042709809264305295e+04,8.796899914741516113e-01
1.043710490463215319e+04,8.801000118255615234e-01
1.044711171662125344e+04,8.808299899101257324e-01
1.045711852861035550e+04,8.809599876403808594e-01
1.046712534059945574e+04,8.791800141334533691e-01
1.047713215258855598e+04,8.809499740600585938e-01
1.048713896457765804e+04,8.808799982070922852e-01
1.049714577656675829e+04,8.804200291633605957e-01
1.050715258855585853e+04,8.806399703025817871e-01
1.051715940054496059e+04,8.792300224304199219e-01
1.052716621253406083e+04,8.801100254058837891e-01
1.053717302452316108e+04,8.785200119018554688e-01
1.054717983651226132e+04,8.787500262260437012e-01
1.055718664850136338e+04,8.813700079917907715e-01
1.056719346049046362e+04,8.826400041580200195e-01
1.057720027247956386e+04,8.759499788284301758e-01
1.058720708446866593e+04,8.724499940872192383e-01
1.059721389645776617e+04,8.690299987792968750e-01
1.060722070844686641e+04,8.709999918937683105e-01
1.061722752043596847e+04,8.789200186729431152e-01
1.062723433242506871e+04,8.796399831771850586e-01
1.063724114441416896e+04,8.820599913597106934e-01
1.064724795640327102e+04,8.814600110054016113e-01
1.065725476839237126e+04,8.825100064277648926e-01
1.066726158038147150e+04,8.812299966812133789e-01
1.067726839237057357e+04,8.829100131988525391e-01
1.068727520435967381e+04,8.823900222778320312e-01
1.069728201634877405e+04,8.808599710464477539e-01
1.070728882833787611e+04,8.794100284576416016e-01
1.071729564032697635e+04,8.825200200080871582e-01
1.072730245231607660e+04,8.812999725341796875e-01
1.073730926430517866e+04,8.812299966812133789e-01
1.074731607629427890e+04,8.774999976158142090e-01
1.075732288828337914e+04,8.767300248146057129e-01
1.076732970027247939e+04,8.798300027847290039e-01
1.077733651226158145e+04,8.807500004768371582e-01
1.078734332425068169e+04,8.804500102996826172e-01
1.079735013623978193e+04,8.813999891281127930e-01
1.080735694822888399e+04,8.806999921798706055e-01
1.081736376021798424e+04,8.813199996948242188e-01
1.082737057220708448e+04,8.818299770355224609e-01
1.083737738419618654e+04,8.803399801254272461e-01
1.084738419618528678e+04,8.796200156211853027e-01
1.085739100817438703e+04,8.790000081062316895e-01
1.086739782016348909e+04,8.795700073242187500e-01
1.087740463215258933e+04,8.771899938583374023e-01
1.088741144414168957e+04,8.775900006294250488e-01
1.089741825613079163e+04,8.809199929237365723e-01
1.090742506811989188e+04,8.806800246238708496e-01
1.091743188010899212e+04,8.832399845123291016e-01
1.092743869209809418e+04,8.793100118637084961e-01
1.093744550408719442e+04,8.802199959754943848e-01
1.094745231607629466e+04,8.804100155830383301e-01
1.095745912806539491e+04,8.811200261116027832e-01
1.096746594005449697e+04,8.810799717903137207e-01
1.097747275204359721e+04,8.811200261116027832e-01
1.098747956403269745e+04,8.795300126075744629e-01
1.099748637602179952e+04,8.802899718284606934e-01
1.100749318801089976e+04,8.763300180435180664e-01
1.101750000000000000e+04,8.799399733543395996e-01
1.102750681198910206e+04,8.776000142097473145e-01
1.103751362397820230e+04,8.771700263023376465e-01
1.104752043596730255e+04,8.751000165939331055e-01
1.105752724795640461e+04,8.769599795341491699e-01
1.106753405994550485e+04,8.763700127601623535e-01
1.107754087193460509e+04,8.807399868965148926e-01
1.108754768392370715e+04,8.780199885368347168e-01
1.109755449591280740e+04,8.719300031661987305e-01
1.110756130790190764e+04,8.794500231742858887e-01
1.111756811989100970e+04,8.790199756622314453e-01
1.112757493188010994e+04,8.771299719810485840e-01
1.113758174386921019e+04,8.758999705314636230e-01
1.114758855585831043e+04,8.789499998092651367e-01
1.115759536784741249e+04,8.735200166702270508e-01
1.116760217983651273e+04,8.762999773025512695e-01
1.117760899182561297e+04,8.772799968719482422e-01
1.118761580381471504e+04,8.797799944877624512e-01
1.119762261580381528e+04,8.803300261497497559e-01
1.120762942779291552e+04,8.796499967575073242e-01
1.121763623978201758e+04,8.777999877929687500e-01
1.122764305177111783e+04,8.780999779701232910e-01
1.123764986376021807e+04,8.772900104522705078e-01
1.124765667574932013e+04,8.703500032424926758e-01
1.125766348773842037e+04,8.813999891281127930e-01
1.126767029972752061e+04,8.797500133514404297e-01
1.127767711171662268e+04,8.791199922561645508e-01
1.128768392370572292e+04,8.787299990653991699e-01
1.129769073569482316e+04,8.793299794197082520e-01
1.130769754768392522e+04,8.795400261878967285e-01
1.131770435967302546e+04,8.759599924087524414e-01
1.132771117166212571e+04,8.737599849700927734e-01
1.133771798365122595e+04,8.812100291252136230e-01
1.134772479564032801e+04,8.790400028228759766e-01
1.135773160762942825e+04,8.776999711990356445e-01
1.136773841961852850e+04,8.751000165939331055e-01
1.137774523160763056e+04,8.750200271606445312e-01
1.138775204359673080e+04,8.736199736595153809e-01
1.139775885558583104e+04,8.774799704551696777e-01
1.140776566757493310e+04,8.777999877929687500e-01
1.141777247956403335e+04,8.788899779319763184e-01
1.142777929155313359e+04,8.813199996948242188e-01
1.143778610354223565e+04,8.806700110435485840e-01
1.144779291553133589e+04,8.831400275230407715e-01
1.145779972752043614e+04,8.809499740600585938e-01
1.146780653950953820e+04,8.795700073242187500e-01
1.147781335149863844e+04,8.764600157737731934e-01
1.148782016348773868e+04,8.788599967956542969e-01
1.149782697547684074e+04,8.752400279045104980e-01
1.150783378746594099e+04,8.750699758529663086e-01
1.151784059945504123e+04,8.812100291252136230e-01
1.152784741144414147e+04,8.762099742889404297e-01
1.153785422343324353e+04,8.731200098991394043e-01
1.154786103542234378e+04,8.784300088882446289e-01
1.155786784741144402e+04,8.822199702262878418e-01
1.156787465940054608e+04,8.757899999618530273e-01
1.157788147138964632e+04,8.799600005149841309e-01
1.158788828337874656e+04,8.742600083351135254e-01
1.159789509536784863e+04,8.783100247383117676e-01
1.160790190735694887e+04,8.776500225067138672e-01
1.161790871934604911e+04,8.808100223541259766e-01
1.162791553133515117e+04,8.807100057601928711e-01
1.163792234332425141e+04,8.803799748420715332e-01
1.164792915531335166e+04,8.799399733543395996e-01
1.165793596730245372e+04,8.790599703788757324e-01
1.166794277929155396e+04,8.809700012207031250e-01
1.167794959128065420e+04,8.823500275611877441e-01
1.168795640326975627e+04,8.820499777793884277e-01
1.169796321525885651e+04,8.794500231742858887e-01
1.170797002724795675e+04,8.751500248908996582e-01
1.171797683923705881e+04,8.765599727630615234e-01
1.172798365122615905e+04,8.753700256347656250e-01
1.173799046321525930e+04,8.659899830818176270e-01
1.174799727520435954e+04,8.775299787521362305e-01
1.175800408719346160e+04,8.784000277519226074e-01
1.176801089918256184e+04,8.808900117874145508e-01
1.177801771117166209e+04,8.805400133132934570e-01
1.178802452316076415e+04,8.818899989128112793e-01
1.179803133514986439e+04,8.823999762535095215e-01
1.180803814713896463e+04,8.830599784851074219e-01
1.181804495912806669e+04,8.824499845504760742e-01
1.182805177111716694e+04,8.826699852943420410e-01
1.183805858310626718e+04,8.809099793434143066e-01
1.184806539509536924e+04,8.805900216102600098e-01
1.185807220708446948e+04,8.832899928092956543e-01
1.186807901907356973e+04,8.803899884223937988e-01
1.187808583106267179e+04,8.810099959373474121e-01
1.188809264305177203e+04,8.816900253295898438e-01
1.189809945504087227e+04,8.810899853706359863e-01
1.190810626702997433e+04,8.798999786376953125e-01
1.191811307901907458e+04,8.814799785614013672e-01
1.192811989100817482e+04,8.826699852943420410e-01
1.193812670299727506e+04,8.815199732780456543e-01
1.194813351498637712e+04,8.743299841880798340e-01
1.195814032697547736e+04,8.736799955368041992e-01
1.196814713896457761e+04,8.795999884605407715e-01
1.197815395095367967e+04,8.768500089645385742e-01
1.198816076294277991e+04,8.783599734306335449e-01
1.199816757493188015e+04,8.801299929618835449e-01
1.200817438692098222e+04,8.780000209808349609e-01
1.201818119891008246e+04,8.784499764442443848e-01
1.202818801089918270e+04,8.792499899864196777e-01
1.203819482288828476e+04,8.792999982833862305e-01
1.204820163487738500e+04,8.812599778175354004e-01
1.205820844686648525e+04,8.821200132369995117e-01
1.206821525885558731e+04,8.810700178146362305e-01
1.207822207084468755e+04,8.814399838447570801e-01
1.208822888283378779e+04,8.776599764823913574e-01
1.209823569482288985e+04,8.780599832534790039e-01
1.210824250681199010e+04,8.813499808311462402e-01
1.211824931880109034e+04,8.784400224685668945e-01
1.212825613079019058e+04,8.752200007438659668e-01
1.213826294277929264e+04,8.784700036048889160e-01
1.214826975476839289e+04,8.788499832153320312e-01
1.215827656675749313e+04,8.752700090408325195e-01
1.216828337874659519e+04,8.774700164794921875e-01
1.217829019073569543e+04,8.786299824714660645e-01
1.218829700272479568e+04,8.781800270080566406e-01
1.219830381471389774e+04,8.751800060272216797e-01
1.220831062670299798e+04,8.784000277519226074e-01
1.221831743869209822e+04,8.794800043106079102e-01
1.222832425068120028e+04,8.812599778175354004e-01
1.223833106267030053e+04,8.726500272750854492e-01
1.224833787465940077e+04,8.812900185585021973e-01
1.225834468664850283e+04,8.790400028228759766e-01
1.226835149863760307e+04,8.788200020790100098e-01
1.227835831062670331e+04,8.806300163269042969e-01
1.228836512261580538e+04,8.796200156211853027e-01
1.229837193460490562e+04,8.815500140190124512e-01
1.230837874659400586e+04,8.854799866676330566e-01
1.231838555858310610e+04,8.839100003242492676e-01
1.232839237057220816e+04,8.823999762535095215e-01
1.233839918256130841e+04,8.792099952697753906e-01
1.234840599455040865e+04,8.816000223159790039e-01
1.235841280653951071e+04,8.799700140953063965e-01
1.236841961852861095e+04,8.781399726867675781e-01
1.237842643051771120e+04,8.791300058364868164e-01
1.238843324250681326e+04,8.810300230979919434e-01
1.239844005449591350e+04,8.803399801254272461e-01
1.240844686648501374e+04,8.826100230216979980e-01
1.241845367847411580e+04,8.795899748802185059e-01
1.242846049046321605e+04,8.821899890899658203e-01
1.243846730245231629e+04,8.828999996185302734e-01
1.244847411444141835e+04,8.811299800872802734e-01
1.245848092643051859e+04,8.809199929237365723e-01
1.246848773841961884e+04,8.811600208282470703e-01
1.247849455040872090e+04,8.795400261878967285e-01
1.248850136239782114e+04,8.774999976158142090e-01
1.249850817438692138e+04,8.790000081062316895e-01
1.250851498637602344e+04,8.777300119400024414e-01
1.251852179836512369e+04,8.753299713134765625e-01
1.252852861035422393e+04,8.755699992179870605e-01
1.253853542234332417e+04,8.771700263023376465e-01
1.254854223433242623e+04,8.737699985504150391e-01
1.255854904632152648e+04,8.783000111579895020e-01
1.256855585831062672e+04,8.787099719047546387e-01
1.257856267029972878e+04,8.773400187492370605e-01
1.258856948228882902e+04,8.790599703788757324e-01
1.259857629427792926e+04,8.831300139427185059e-01
1.260858310626703133e+04,8.808199763298034668e-01
1.261858991825613157e+04,8.807899951934814453e-01
1.262859673024523181e+04,8.789600133895874023e-01
1.263860354223433387e+04,8.815100193023681641e-01
1.264861035422343411e+04,8.827999830245971680e-01
1.265861716621253436e+04,8.796100020408630371e-01
1.266862397820163642e+04,8.805999755859375000e-01
1.267863079019073666e+04,8.800600171089172363e-01
1.268863760217983690e+04,8.757500052452087402e-01
1.269864441416893897e+04,8.788099884986877441e-01
1.270865122615803921e+04,8.819800019264221191e-01
1.271865803814713945e+04,8.798900246620178223e-01
1.272866485013623969e+04,8.826100230216979980e-01
1.273867166212534175e+04,8.815199732780456543e-01
1.274867847411444200e+04,8.813400268554687500e-01
1.275868528610354224e+04,8.796700239181518555e-01
1.276869209809264430e+04,8.780999779701232910e-01
1.277869891008174454e+04,8.812100291252136230e-01
1.278870572207084479e+04,8.831999897956848145e-01
1.279871253405994685e+04,8.820700049400329590e-01
1.280871934604904709e+04,8.817700147628784180e-01
1.281872615803814733e+04,8.797600269317626953e-01
1.282873297002724939e+04,8.808799982070922852e-01
1.283873978201634964e+04,8.789100050926208496e-01
1.284874659400544988e+04,8.797799944877624512e-01
1.285875340599455194e+04,8.820199966430664062e-01
1.286876021798365218e+04,8.820000290870666504e-01
1.287876702997275243e+04,8.820899724960327148e-01
1.288877384196185449e+04,8.811299800872802734e-01
1.289878065395095473e+04,8.824099898338317871e-01
1.290878746594005497e+04,8.815199732780456543e-01
1.291879427792915521e+04,8.832799792289733887e-01
1.292880108991825728e+04,8.767899870872497559e-01
1.293880790190735752e+04,8.799099922180175781e-01
1.294881471389645776e+04,8.807299733161926270e-01
1.295882152588555982e+04,8.791800141334533691e-01
1.296882833787466006e+04,8.808500170707702637e-01
1.297883514986376031e+04,8.790000081062316895e-01
1.298884196185286237e+04,8.780500292778015137e-01
1.299884877384196261e+04,8.749399781227111816e-01
1.300885558583106285e+04,8.786699771881103516e-01
1.301886239782016492e+04,8.780300021171569824e-01
1.302886920980926516e+04,8.778100013732910156e-01
1.303887602179836540e+04,8.809999823570251465e-01
1.304888283378746746e+04,8.795800209045410156e-01
1.305888964577656770e+04,8.797100186347961426e-01
1.306889645776566795e+04,8.771700263023376465e-01
1.307890326975477001e+04,8.748700022697448730e-01
1.308891008174387025e+04,8.822699785232543945e-01
1.309891689373297049e+04,8.834000229835510254e-01
1.310892370572207074e+04,8.777300119400024414e-01
1.311893051771117280e+04,8.780500292778015137e-01
1.312893732970027304e+04,8.799300193786621094e-01
1.313894414168937328e+04,8.814700245857238770e-01
1.314895095367847534e+04,8.815000057220458984e-01
1.315895776566757559e+04,8.815600275993347168e-01
1.316896457765667583e+04,8.817300200462341309e-01
1.317897138964577789e+04,8.794999718666076660e-01
1.318897820163487813e+04,8.811399936676025391e-01
1.319898501362397838e+04,8.825500011444091797e-01
1.320899182561308044e+04,8.803700208663940430e-01
1.321899863760218068e+04,8.795599937438964844e-01
1.322900544959128092e+04,8.775399923324584961e-01
1.323901226158038298e+04,8.808100223541259766e-01
1.324901907356948323e+04,8.824399709701538086e-01
1.325902588555858347e+04,8.806599974632263184e-01
1.326903269754768553e+04,8.817999958992004395e-01
1.327903950953678577e+04,8.765799999237060547e-01
1.328904632152588601e+04,8.799499869346618652e-01
1.329905313351498808e+04,8.786000013351440430e-01
1.330905994550408832e+04,8.749700188636779785e-01
1.331906675749318856e+04,8.783500194549560547e-01
1.332907356948228880e+04,8.752099871635437012e-01
1.333908038147139087e+04,8.807399868965148926e-01
1.334908719346049111e+04,8.825200200080871582e-01
1.335909400544959135e+04,8.831099867820739746e-01
1.336910081743869341e+04,8.807899951934814453e-01
1.337910762942779365e+04,8.801699876785278320e-01
1.338911444141689390e+04,8.783100247383117676e-01
1.339912125340599596e+04,8.785399794578552246e-01
1.340912806539509620e+04,8.765900135040283203e-01
1.341913487738419644e+04,8.816999793052673340e-01
1.342914168937329850e+04,8.833500146865844727e-01
1.343914850136239875e+04,8.777700066566467285e-01
1.344915531335149899e+04,8.794199824333190918e-01
1.345916212534060105e+04,8.840900063514709473e-01
1.346916893732970129e+04,8.821399807929992676e-01
1.347917574931880154e+04,8.789399862289428711e-01
1.348918256130790360e+04,8.778499960899353027e-01
1.349918937329700384e+04,8.797100186347961426e-01
1.350919618528610408e+04,8.808299899101257324e-01
1.351920299727520432e+04,8.804100155830383301e-01
1.352920980926430639e+04,8.815100193023681641e-01
1.353921662125340663e+04,8.810399770736694336e-01
1.354922343324250687e+04,8.798199892044067383e-01
1.355923024523160893e+04,8.822500109672546387e-01
1.356923705722070918e+04,8.806899785995483398e-01
1.357924386920980942e+04,8.766700029373168945e-01
1.358925068119891148e+04,8.777099847793579102e-01
1.359925749318801172e+04,8.760700225830078125e-01
1.360926430517711196e+04,8.780999779701232910e-01
1.361927111716621403e+04,8.787500262260437012e-01
1.362927792915531427e+04,8.831300139427185059e-01
1.363928474114441451e+04,8.783900141716003418e-01
1.364929155313351657e+04,8.805000185966491699e-01
1.365929836512261681e+04,8.787000179290771484e-01
1.366930517711171706e+04,8.735700249671936035e-01
1.367931198910081912e+04,8.809700012207031250e-01
1.368931880108991936e+04,8.812599778175354004e-01
1.369932561307901960e+04,8.817899823188781738e-01
1.370933242506811985e+04,8.779799938201904297e-01
1.371933923705722191e+04,8.785899877548217773e-01
1.372934604904632215e+04,8.739799857139587402e-01
1.373935286103542239e+04,8.794400095939636230e-01
1.374935967302452445e+04,8.818500041961669922e-01
1.375936648501362470e+04,8.817499876022338867e-01
1.376937329700272494e+04,8.806700110435485840e-01
1.377938010899182700e+04,8.773599863052368164e-01
1.378938692098092724e+04,8.803799748420715332e-01
1.379939373297002749e+04,8.754600286483764648e-01
1.380940054495912955e+04,8.794500231742858887e-01
1.381940735694822979e+04,8.828099966049194336e-01
1.382941416893733003e+04,8.817200064659118652e-01
1.383942098092643209e+04,8.802700042724609375e-01
1.384942779291553234e+04,8.807100057601928711e-01
1.385943460490463258e+04,8.808500170707702637e-01
1.386944141689373464e+04,8.815199732780456543e-01
1.387944822888283488e+04,8.782899975776672363e-01
1.388945504087193513e+04,8.794699907302856445e-01
1.389946185286103537e+04,8.810399770736694336e-01
1.390946866485013743e+04,8.829299807548522949e-01
1.391947547683923767e+04,8.813700079917907715e-01
1.392948228882833791e+04,8.764600157737731934e-01
1.393948910081743998e+04,8.781999945640563965e-01
1.394949591280654022e+04,8.764200210571289062e-01
1.395950272479564046e+04,8.688700199127197266e-01
1.396950953678474252e+04,8.742799758911132812e-01
1.397951634877384276e+04,8.785700201988220215e-01
1.398952316076294301e+04,8.757699728012084961e-01
1.399952997275204507e+04,8.701800107955932617e-01
1.400953678474114531e+04,8.787500262260437012e-01
1.401954359673024555e+04,8.756300210952758789e-01
1.402955040871934762e+04,8.808799982070922852e-01
1.403955722070844786e+04,8.804399967193603516e-01
1.404956403269754810e+04,8.795400261878967285e-01
1.405957084468665016e+04,8.822799921035766602e-01
1.406957765667575040e+04,8.788800239562988281e-01
1.407958446866485065e+04,8.815900087356567383e-01
1.408959128065395271e+04,8.808699846267700195e-01
1.409959809264305295e+04,8.822799921035766602e-01
1.410960490463215319e+04,8.795099854469299316e-01
1.411961171662125344e+04,8.819900155067443848e-01
1.412961852861035550e+04,8.795599937438964844e-01
1.413962534059945574e+04,8.802400231361389160e-01
1.414963215258855598e+04,8.780999779701232910e-01
1.415963896457765804e+04,8.801299929618835449e-01
1.416964577656675829e+04,8.796300292015075684e-01
1.417965258855585853e+04,8.769999742507934570e-01
1.418965940054496059e+04,8.770599961280822754e-01
1.419966621253406083e+04,8.796300292015075684e-01
1.420967302452316108e+04,8.792600035667419434e-01
1.421967983651226314e+04,8.748800158500671387e-01
1.422968664850136338e+04,8.744999766349792480e-01
1.423969346049046362e+04,8.768100142478942871e-01
1.424970027247956568e+04,8.807399868965148926e-01
1.425970708446866593e+04,8.789299726486206055e-01
1.426971389645776617e+04,8.807899951934814453e-01
1.427972070844686823e+04,8.797000050544738770e-01
1.428972752043596847e+04,8.806599974632263184e-01
1.429973433242506871e+04,8.799099922180175781e-01
1.430974114441416896e+04,8.798900246620178223e-01
1.431974795640327102e+04,8.788499832153320312e-01
1.432975476839237126e+04,8.767700195312500000e-01
1.433976158038147150e+04,8.806899785995483398e-01
1.434976839237057357e+04,8.798699975013732910e-01
1.435977520435967381e+04,8.813999891281127930e-01
1.436978201634877405e+04,8.826100230216979980e-01
1.437978882833787611e+04,8.823099732398986816e-01
1.438979564032697635e+04,8.820899724960327148e-01
1.439980245231607660e+04,8.829900026321411133e-01
1.440980926430517866e+04,8.830199837684631348e-01
1.441981607629427890e+04,8.801800012588500977e-01
1.442982288828337914e+04,8.836200237274169922e-01
1.443982970027248120e+04,8.799600005149841309e-01
1.444983651226158145e+04,8.804299831390380859e-01
1.445984332425068169e+04,8.802800178527832031e-01
1.446985013623978375e+04,8.799800276756286621e-01
1.447985694822888399e+04,8.792200088500976562e-01
1.448986376021798424e+04,8.752300143241882324e-01
1.449987057220708448e+04,8.728500008583068848e-01
1.450987738419618654e+04,8.705000281333923340e-01
1.451988419618528678e+04,8.783100247383117676e-01
1.452989100817438703e+04,8.811399936676025391e-01
1.453989782016348909e+04,8.820800185203552246e-01
1.454990463215258933e+04,8.816199898719787598e-01
1.455991144414168957e+04,8.805299997329711914e-01
1.456991825613079163e+04,8.841599822044372559e-01
1.457992506811989188e+04,8.808199763298034668e-01
1.458993188010899212e+04,8.823699951171875000e-01
1.459993869209809418e+04,8.842999935150146484e-01
1.460994550408719442e+04,8.805999755859375000e-01
1.461995231607629466e+04,8.828700184822082520e-01
1.462995912806539673e+04,8.815400004386901855e-01
1.463996594005449697e+04,8.800500035285949707e-01
1.464997275204359721e+04,8.810099959373474121e-01
1.465997956403269927e+04,8.789799809455871582e-01
1.466998637602179952e+04,8.822699785232543945e-01
1.467999318801089976e+04,8.824599981307983398e-01
1.469000000000000000e+04,8.816599845886230469e-01
