# kappa, training_loss
0.000000000000000000e+00,4.027710258960723877e-01
3.460218853347345469e-01,1.884715706110000610e-01
4.393142134143190325e-01,1.682204008102416992e-01
4.955034319684981647e-01,1.494418978691101074e-01
5.358396825005482533e-01,1.380376368761062622e-01
5.673274302417065096e-01,1.305826902389526367e-01
5.931589080663829394e-01,1.238762810826301575e-01
6.150600861411101850e-01,1.183637678623199463e-01
6.340705250062477205e-01,1.132378652691841125e-01
6.508651061818003791e-01,1.085263192653656006e-01
6.659068846249202034e-01,1.040879711508750916e-01
6.795274002017388515e-01,9.987839311361312866e-02
6.919722017480051113e-01,9.579991549253463745e-02
7.034282327878081942e-01,9.186915308237075806e-02
7.140411147408453063e-01,8.805400133132934570e-02
7.239264940928274994e-01,8.432015031576156616e-02
7.331777435802742104e-01,8.109936118125915527e-02
7.418713387011517391e-01,7.786238193511962891e-02
7.500707038901787138e-01,7.484907656908035278e-02
7.578290230260027460e-01,7.211295515298843384e-02
7.651913318892876736e-01,6.941223144531250000e-02
7.721961020537342346e-01,6.706978380680084229e-02
7.788764576865718769e-01,6.484027206897735596e-02
7.852611228461369164e-01,6.227209419012069702e-02
7.913751678773996989e-01,6.015392392873764038e-02
7.972406039603178174e-01,5.824798345565795898e-02
8.028768614364490963e-01,5.615762621164321899e-02
8.083011781538474994e-01,5.515383183956146240e-02
8.135289174084484598e-01,5.271703377366065979e-02
8.185738302637804997e-01,5.102570727467536926e-02
8.234482735320893809e-01,4.948070645332336426e-02
8.281633921167724788e-01,4.801822826266288757e-02
8.327292724873610608e-01,4.672136902809143066e-02
8.371550726033176737e-01,4.505004733800888062e-02
8.414491324946209438e-01,4.374041035771369934e-02
8.456190688552521761e-01,4.247833788394927979e-02
8.496718563454078721e-01,4.123619943857192993e-02
8.536138977823691798e-01,4.003279656171798706e-02
8.574510849939224189e-01,3.884047269821166992e-02
8.611888517863629522e-01,3.931931778788566589e-02
8.648322202223299726e-01,3.685912489891052246e-02
8.683858411975440283e-01,3.580784797668457031e-02
8.718540301390262925e-01,3.476257994771003723e-02
8.752407985121488654e-01,3.375075384974479675e-02
8.785498817134783645e-01,3.283749148249626160e-02
8.817847638357786400e-01,3.188485652208328247e-02
8.849486997168590774e-01,3.110569715499877930e-02
8.880447346220864402e-01,3.049782663583755493e-02
8.910757218589202555e-01,2.962287515401840210e-02
8.940443385788473529e-01,2.870293520390987396e-02
8.969530999860347853e-01,2.776359207928180695e-02
8.998043721416768559e-01,2.712999470531940460e-02
9.026003835273618270e-01,2.631403692066669464e-02
9.053432355090519357e-01,2.560632489621639252e-02
9.080349118247643680e-01,2.529949508607387543e-02
9.106772872032636856e-01,2.432864531874656677e-02
9.132721352075605648e-01,2.349330671131610870e-02
9.158211353854066594e-01,2.295579016208648682e-02
9.183258797989890532e-01,2.222713828086853027e-02
9.207878789973981126e-01,2.174766547977924347e-02
9.232085674879749737e-01,2.123117074370384216e-02
9.255893087561631871e-01,2.066551521420478821e-02
9.279313998778481176e-01,1.998380385339260101e-02
9.302360757632507360e-01,1.943171955645084381e-02
9.325045130671359983e-01,1.889988407492637634e-02
9.347378337963383466e-01,1.858976483345031738e-02
9.369371086422878525e-01,1.791574619710445404e-02
9.391033600633182932e-01,1.754975318908691406e-02
9.412375651389672804e-01,1.699096709489822388e-02
9.433406582162138232e-01,1.656903699040412903e-02
9.454135333655923068e-01,1.620243117213249207e-02
9.474570466633421839e-01,1.568879187107086182e-02
9.494720183141741598e-01,1.536058913916349411e-02
9.514592346278245572e-01,1.489560212939977646e-02
9.534194498613215440e-01,1.452566776424646378e-02
9.553533879377618110e-01,1.414410676807165146e-02
9.572617440514026299e-01,1.373681146651506424e-02
9.591451861679728408e-01,1.339998468756675720e-02
9.610043564283056172e-01,1.299853157252073288e-02
9.628398724626754390e-01,1.265265792608261108e-02
9.646523286225673344e-01,1.233471464365720749e-02
9.664422971360293602e-01,1.199757866561412811e-02
9.682103291922252719e-01,1.167599484324455261e-02
9.699569559603310465e-01,1.137124281376600266e-02
9.716826895474879322e-01,1.109081506729125977e-02
9.733880239001355683e-01,1.081233005970716476e-02
9.750734356526926661e-01,1.054752059280872345e-02
9.767393849272346662e-01,1.029689423739910126e-02
9.783863160875244658e-01,1.004488207399845123e-02
9.800146584504869640e-01,9.799581952393054962e-03
9.816248269579809227e-01,9.559662081301212311e-03
9.832172228114905987e-01,9.319648146629333496e-03
9.847922340721750878e-01,9.081912226974964142e-03
9.863502362285124780e-01,8.855898864567279816e-03
9.878915927336204827e-01,8.644003421068191528e-03
9.894166555141759023e-01,8.441705256700515747e-03
9.909257654527151571e-01,8.244448341429233551e-03
9.924192528449696793e-01,8.053730241954326630e-03
9.938974378337711579e-01,7.868152111768722534e-03
9.953606308209517195e-01,7.686544675379991531e-03
9.968091328585667599e-01,7.512187119573354721e-03
9.982432360206698885e-01,7.344538811594247818e-03
9.996632237567935064e-01,7.182928267866373062e-03
1.001069371228200389e+00,7.027268875390291214e-03
1.002461945627907802e+00,6.877006497234106064e-03
1.003841206485411863e+00,6.731052882969379425e-03
1.005207405956983546e+00,6.588527467101812363e-03
1.006560789102348696e+00,6.450305227190256119e-03
1.007901594148509661e+00,6.315192673355340958e-03
1.009230052741419748e+00,6.183790974318981171e-03
1.010546390186176646e+00,6.056031677871942520e-03
1.011850825676355869e+00,5.931905936449766159e-03
1.013143572513070190e+00,5.811725277453660965e-03
1.014424838314299082e+00,5.694885272532701492e-03
1.015694825215006203e+00,5.581571254879236221e-03
1.016953730058525851e+00,5.470145028084516525e-03
1.018201744579669166e+00,5.363156087696552277e-03
1.019439055579979492e+00,5.259758792817592621e-03
1.020665845095535929e+00,5.159361287951469421e-03
1.021882290557682316e+00,5.060914438217878342e-03
1.023088564947036261e+00,4.964823368936777115e-03
1.024284836941112387e+00,4.871685989201068878e-03
1.025471271055877098e+00,4.779179114848375320e-03
1.026648027781527750e+00,4.689291119575500488e-03
1.027815263712781091e+00,4.601234104484319687e-03
1.028973131673931452e+00,4.514523316174745560e-03
1.030121780838931578e+00,4.431232344359159470e-03
1.031261356846730370e+00,4.350390285253524780e-03
1.032392001912091350e+00,4.272039514034986496e-03
1.033513854932101017e+00,4.196180030703544617e-03
1.034627051588569824e+00,4.122032783925533295e-03
1.035731724446511182e+00,4.049934446811676025e-03
1.036828003048879676e+00,3.979532048106193542e-03
1.037916014007736365e+00,3.910769708454608917e-03
1.038995881092001472e+00,3.843495855107903481e-03
1.040067725311949687e+00,3.776714671403169632e-03
1.041131665000586182e+00,3.711789613589644432e-03
1.042187815892046787e+00,3.648097859695553780e-03
1.043236291197147780e+00,3.585040569305419922e-03
1.044277201676211186e+00,3.523152088746428490e-03
1.045310655709280390e+00,3.462386317551136017e-03
1.046336759363839963e+00,3.402598900720477104e-03
1.047355616460142969e+00,3.340979572385549545e-03
1.048367328634248974e+00,3.279603552073240280e-03
1.049371995398865609e+00,3.220173530280590057e-03
1.050369714202087357e+00,3.162593347951769829e-03
1.051360580484117291e+00,3.108448814600706100e-03
1.052344687732052808e+00,3.056815592572093010e-03
1.053322127532817287e+00,3.007006831467151642e-03
1.054292989624309396e+00,2.958169206976890564e-03
1.055257361944843097e+00,2.908369060605764389e-03
1.056215330680946085e+00,2.855405909940600395e-03
1.057166980313583249e+00,2.798761008307337761e-03
1.058112393662861805e+00,2.741064177826046944e-03
1.059051651931286475e+00,2.681926358491182327e-03
1.059984834745610227e+00,2.610454102978110313e-03
1.060912020197344985e+00,2.552278107032179832e-03
1.061833284881974704e+00,2.508079865947365761e-03
1.062748703936927441e+00,2.468700055032968521e-03
1.063658351078349051e+00,2.432126086205244064e-03
1.064562298636724913e+00,2.397720003500580788e-03
1.065460617591391657e+00,2.364982618018984795e-03
1.066353377603983521e+00,2.334064338356256485e-03
1.067240647050847313e+00,2.304879948496818542e-03
1.068122493054469047e+00,2.276690909639000893e-03
1.068998981513944457e+00,2.249932149425148964e-03
1.069870177134529809e+00,2.224252559244632721e-03
1.070736143456306300e+00,2.199418609961867332e-03
1.071596942881988701e+00,2.175425877794623375e-03
1.072452636703909779e+00,2.152216387912631035e-03
1.073303285130208673e+00,2.129632513970136642e-03
1.074148947310252344e+00,2.107548993080854416e-03
1.074989681359315608e+00,2.086010994389653206e-03
1.075825544382546628e+00,2.064957749098539352e-03
1.076656592498242304e+00,2.043759450316429138e-03
1.077482880860456405e+00,2.021326683461666107e-03
1.078304463680964664e+00,1.989082898944616318e-03
1.079121394250608157e+00,1.920362818054854870e-03
1.079933724960034258e+00,1.888195751234889030e-03
1.080741507319859629e+00,1.866034115664660931e-03
1.081544791980268316e+00,1.846749102696776390e-03
1.082343628750070730e+00,1.828865963034331799e-03
1.083138066615235928e+00,1.811885973438620567e-03
1.083928153756916979e+00,1.795692369341850281e-03
1.084713937568984266e+00,1.780292834155261517e-03
1.085495464675086730e+00,1.765345688909292221e-03
1.086272780945250149e+00,1.750923693180084229e-03
1.087045931512032437e+00,1.736876671202480793e-03
1.087814960786249507e+00,1.723131281323730946e-03
1.088579912472280364e+00,1.709512900561094284e-03
1.089340829582972958e+00,1.696093357168138027e-03
1.090097754454157020e+00,1.683093840256333351e-03
1.090850728758776533e+00,1.670566736720502377e-03
1.091599793520658945e+00,1.658085151575505733e-03
1.092344989127925770e+00,1.645399839617311954e-03
1.093086355346059912e+00,1.631445833481848240e-03
1.093823931330638599e+00,1.607893849723041058e-03
1.094557755639742558e+00,1.552832429297268391e-03
1.095287866246051900e+00,1.525411382317543030e-03
1.096014300548635578e+00,1.507363864220678806e-03
1.096737095384447747e+00,1.493685413151979446e-03
1.097456287039536349e+00,1.481654355302453041e-03
1.098171911259973266e+00,1.470596645958721638e-03
1.098884003262515785e+00,1.460115425288677216e-03
1.099592597745006950e+00,1.450200099498033524e-03
1.100297728896518112e+00,1.440523657947778702e-03
1.100999430407249680e+00,1.431135111488401890e-03
1.101697735478188722e+00,1.422137371264398098e-03
1.102392676830535212e+00,1.413390156812965870e-03
1.103084286714902662e+00,1.404861570335924625e-03
1.103772596920298721e+00,1.396536710672080517e-03
1.104457638782891937e+00,1.388038974255323410e-03
1.105139443194573801e+00,1.379057997837662697e-03
1.105818040611316055e+00,1.369703328236937523e-03
1.106493461061334838e+00,1.360578928142786026e-03
1.107165734153063852e+00,1.351445564068853855e-03
1.107834889082942809e+00,1.341619645245373249e-03
1.108500954643025338e+00,1.329631428234279156e-03
1.109163959228412377e+00,1.312045496888458729e-03
1.109823930844517470e+00,1.291427994146943092e-03
1.110480897114162424e+00,1.274370588362216949e-03
1.111134885284517093e+00,1.260338001884520054e-03
1.111785922233878399e+00,1.248471089638769627e-03
1.112434034478299916e+00,1.238060533069074154e-03
1.113079248178071579e+00,1.228766283020377159e-03
1.113721589144055724e+00,1.220215577632188797e-03
1.114361082843883022e+00,1.212097820825874805e-03
1.114997754408011188e+00,1.204336411319673061e-03
1.115631628635650019e+00,1.196546014398336411e-03
1.116262730000558756e+00,1.188249909318983555e-03
1.116891082656715328e+00,1.177561352960765362e-03
1.117516710443863248e+00,1.160646206699311733e-03
1.118139636892939714e+00,1.140180043876171112e-03
1.118759885231384477e+00,1.124826259911060333e-03
1.119377478388338565e+00,1.112596830353140831e-03
1.119992438999729334e+00,1.102254260331392288e-03
1.120604789413248925e+00,1.093328814022243023e-03
1.121214551693227479e+00,1.085326191969215870e-03
1.121821747625403098e+00,1.077979803085327148e-03
1.122426398721592777e+00,1.071247854270040989e-03
1.123028526224265189e+00,1.064877025783061981e-03
1.123628151111018880e+00,1.058943336829543114e-03
1.124225294098967431e+00,1.053301035426557064e-03
1.124819975649034021e+00,1.047938480041921139e-03
1.125412215970158503e+00,1.042820280417799950e-03
1.126002035023419001e+00,1.037904294207692146e-03
1.126589452526066903e+00,1.033173524774610996e-03
1.127174487955483473e+00,1.028633909299969673e-03
1.127757160553054971e+00,1.024242374114692211e-03
1.128337489327968512e+00,1.019978546537458897e-03
1.128915493060934638e+00,1.015794579870998859e-03
1.129491190307833737e+00,1.011686050333082676e-03
1.130064599403290071e+00,1.007677288725972176e-03
1.130635738464176532e+00,1.003798213787376881e-03
1.131204625393047669e+00,1.000029500573873520e-03
1.131771277881508109e+00,9.962774347513914108e-04
1.132335713413513467e+00,9.925545891746878624e-04
1.132897949268607318e+00,9.889603825286030769e-04
1.133458002525094876e+00,9.855004027485847473e-04
1.134015890063156506e+00,9.821847779676318169e-04
1.134571628567899948e+00,9.789916221052408218e-04
1.135125234532354810e+00,9.758871747180819511e-04
1.135676724260409776e+00,9.728513541631400585e-04
1.136226113869692522e+00,9.698720532469451427e-04
1.136773419294397902e+00,9.668858256191015244e-04
1.137318656288059504e+00,9.639461059123277664e-04
1.137861840426271254e+00,9.611180284991860390e-04
1.138402987109357278e+00,9.584089275449514389e-04
1.138942111564990700e+00,9.557930752635002136e-04
1.139479228850766024e+00,9.532907279208302498e-04
1.140014353856722229e+00,9.508651564829051495e-04
1.140547501307819456e+00,9.485046030022203922e-04
1.141078685766369727e+00,9.462024318054318428e-04
1.141607921634424816e+00,9.439722634851932526e-04
1.142135223156117929e+00,9.417722467333078384e-04
1.142660604419964976e+00,9.396100067533552647e-04
1.143184079361122762e+00,9.374709916301071644e-04
1.143705661763606996e+00,9.353944333270192146e-04
1.144225365262469429e+00,9.333291091024875641e-04
1.144743203345938154e+00,9.313347400166094303e-04
1.145259189357516361e+00,9.293642942793667316e-04
1.145773336498046246e+00,9.274512995034456253e-04
1.146285657827736060e+00,9.255662444047629833e-04
1.146796166268149175e+00,9.236997575499117374e-04
1.147304874604161196e+00,9.218850755132734776e-04
1.147811795485879971e+00,9.200964705087244511e-04
1.148316941430533200e+00,9.183242800645530224e-04
1.148820324824324279e+00,9.165608207695186138e-04
1.149321957924252402e+00,9.148747194558382034e-04
1.149821852859906013e+00,9.132241830229759216e-04
1.150320021635219625e+00,9.115922730416059494e-04
1.150816476130205990e+00,9.099856833927333355e-04
1.151311228102655182e+00,9.084022021852433681e-04
1.151804289189804376e+00,9.068378130905330181e-04
1.152295670909982306e+00,9.052613750100135803e-04
1.152785384664221535e+00,9.036952978931367397e-04
1.153273441737847183e+00,9.021856239996850491e-04
1.153759853302037675e+00,9.007154149003326893e-04
1.154244630415356854e+00,8.992849034257233143e-04
1.154727784025265880e+00,8.978883270174264908e-04
1.155209324969602713e+00,8.965054294094443321e-04
1.155689263978044501e+00,8.951686904765665531e-04
1.156167611673539319e+00,8.938568644225597382e-04
1.156644378573718601e+00,8.925674483180046082e-04
1.157119575092284469e+00,8.913131314329802990e-04
1.157593211540373312e+00,8.900829125195741653e-04
1.158065298127900267e+00,8.888858719728887081e-04
1.158535844964878381e+00,8.877085638232529163e-04
1.159004862062718244e+00,8.865533745847642422e-04
1.159472359335505409e+00,8.854115149006247520e-04
1.159938346601259163e+00,8.842904935590922832e-04
1.160402833583168425e+00,8.831887971609830856e-04
1.160865829910809222e+00,8.821099763736128807e-04
1.161327345121343946e+00,8.810409344732761383e-04
1.161787388660697973e+00,8.799973293207585812e-04
1.162245969884721397e+00,8.789543644525110722e-04
1.162703098060329676e+00,8.779289200901985168e-04
1.163158782366627841e+00,8.769154082983732224e-04
1.163613031896016503e+00,8.759229676797986031e-04
1.164065855655279869e+00,8.749355911277234554e-04
1.164517262566657330e+00,8.739698096178472042e-04
1.164967261468898840e+00,8.730068220756947994e-04
1.165415861118302976e+00,8.720276528038084507e-04
1.165863070189739448e+00,8.710898109711706638e-04
1.166308897277655188e+00,8.701857295818626881e-04
1.166753350897066666e+00,8.693030104041099548e-04
1.167196439484533110e+00,8.684283820912241936e-04
1.167638171399121072e+00,8.675775025039911270e-04
1.168078554923347001e+00,8.667447837069630623e-04
1.168517598264111612e+00,8.659186423756182194e-04
1.168955309553616262e+00,8.650997770018875599e-04
1.169391696850267337e+00,8.642950560897588730e-04
1.169826768139565765e+00,8.634902769699692726e-04
1.170260531334984755e+00,8.626874769106507301e-04
1.170692994278833110e+00,8.618962019681930542e-04
1.171124164743105212e+00,8.611138910055160522e-04
1.171554050430320348e+00,8.603543974459171295e-04
1.171982658974347169e+00,8.596031111665070057e-04
1.172409997941217918e+00,8.588589262217283249e-04
1.172836074829929354e+00,8.581228321418166161e-04
1.173260897073232778e+00,8.574068779125809669e-04
1.173684472038410753e+00,8.566903998143970966e-04
1.174106807028046040e+00,8.559911511838436127e-04
1.174527909280774551e+00,8.552965009585022926e-04
1.174947785972031866e+00,8.546111057512462139e-04
1.175366444214784867e+00,8.539444534108042717e-04
1.175783891060256492e+00,8.532897918485105038e-04
1.176200133498636946e+00,8.526456658728420734e-04
1.176615178459787359e+00,8.520137635059654713e-04
1.177029032813930787e+00,8.513845386914908886e-04
1.177441703372335002e+00,8.507623570039868355e-04
1.177853196887986176e+00,8.501140400767326355e-04
1.178263520056249458e+00,8.494912181049585342e-04
1.178672679515525346e+00,8.488846360705792904e-04
1.179080681847892720e+00,8.482852717861533165e-04
1.179487533579744563e+00,8.477037190459668636e-04
1.179893241182412789e+00,8.471311302855610847e-04
1.180297811072788861e+00,8.465688442811369896e-04
1.180701249613930415e+00,8.460097014904022217e-04
1.181103563115662336e+00,8.454605122096836567e-04
1.181504757835169395e+00,8.449170854873955250e-04
1.181904839977579114e+00,8.443827391602098942e-04
1.182303815696539084e+00,8.438596269115805626e-04
1.182701691094783847e+00,8.433423936367034912e-04
1.183098472224694442e+00,8.428327273577451706e-04
1.183494165088852634e+00,8.423064136877655983e-04
1.183888775640584035e+00,8.417697972618043423e-04
1.184282309784496778e+00,8.412455208599567413e-04
1.184674773377010881e+00,8.407096611335873604e-04
1.185066172226880932e+00,8.401962113566696644e-04
1.185456512095713233e+00,8.397053461521863937e-04
1.185845798698473619e+00,8.392232703045010567e-04
1.186234037703988831e+00,8.387528359889984131e-04
1.186621234735444563e+00,8.382951491512358189e-04
1.187007395370870633e+00,8.378399652428925037e-04
1.187392525143625921e+00,8.373879245482385159e-04
1.187776629542871998e+00,8.369467686861753464e-04
1.188159714014045187e+00,8.365089888684451580e-04
1.188541783959316644e+00,8.360760402865707874e-04
1.188922844738051543e+00,8.356471080332994461e-04
1.189302901667260048e+00,8.352251024916768074e-04
1.189681960022041407e+00,8.348058327101171017e-04
1.190060025036023816e+00,8.343845256604254246e-04
1.190437101901798522e+00,8.339717751368880272e-04
1.190813195771347033e+00,8.335638558492064476e-04
1.191188311756463447e+00,8.331594290211796761e-04
1.191562454929171899e+00,8.327506948262453079e-04
1.191935630322137563e+00,8.323374786414206028e-04
1.192307842929073436e+00,8.319183252751827240e-04
1.192679097705139801e+00,8.314743754453957081e-04
1.193049399567342350e+00,8.309894474223256111e-04
1.193418753394920984e+00,8.304291404783725739e-04
1.193787164029736170e+00,8.296928135678172112e-04
1.194154636276649972e+00,8.284070645458996296e-04
1.194521174903902860e+00,8.229695959016680717e-04
1.194886784643482303e+00,7.748786010779440403e-04
1.195251470191492027e+00,7.607517763972282410e-04
1.195615236208513510e+00,7.523456588387489319e-04
1.195978087319961247e+00,7.480884669348597527e-04
1.196340028116438914e+00,7.451337878592312336e-04
1.196701063154085309e+00,7.430668920278549194e-04
1.197061196954918749e+00,7.414229330606758595e-04
1.197420434007178347e+00,7.400307222269475460e-04
1.197778778765658414e+00,7.388180820271372795e-04
1.198136235652040416e+00,7.377593428827822208e-04
1.198492809055219599e+00,7.367884390987455845e-04
1.198848503331629622e+00,7.359003648161888123e-04
1.199203322805560523e+00,7.350639789365231991e-04
1.199557271769475575e+00,7.342858007177710533e-04
1.199910354484321262e+00,7.335511618293821812e-04
1.200262575179836810e+00,7.328733918257057667e-04
1.200613938054856167e+00,7.322184392251074314e-04
1.200964447277610425e+00,7.316017290577292442e-04
1.201314106986022923e+00,7.310109212994575500e-04
1.201662921288004116e+00,7.304413593374192715e-04
1.202010894261738239e+00,7.298982818610966206e-04
1.202358029955972629e+00,7.293767994269728661e-04
1.202704332390298170e+00,7.288783672265708447e-04
1.203049805555429730e+00,7.284067687578499317e-04
1.203394453413481058e+00,7.279536221176385880e-04
1.203738279898239449e+00,7.275146199390292168e-04
1.204081288915431536e+00,7.270957576110959053e-04
1.204423484342993955e+00,7.266895263455808163e-04
1.204764870031332702e+00,7.262969156727194786e-04
1.205105449803585138e+00,7.259135018102824688e-04
1.205445227455876234e+00,7.255436503328382969e-04
1.205784206757572363e+00,7.251850911416113377e-04
1.206122391451532661e+00,7.248410838656127453e-04
1.206459785254355932e+00,7.245019660331308842e-04
1.206796391856627348e+00,7.241714629344642162e-04
1.207132214923159585e+00,7.238475955091416836e-04
1.207467258093232187e+00,7.235345547087490559e-04
1.207801524980828489e+00,7.232306525111198425e-04
1.208135019174869429e+00,7.229344919323921204e-04
1.208467744239444919e+00,7.226456073112785816e-04
1.208799703714042773e+00,7.223621942102909088e-04
1.209130901113772971e+00,7.220857660286128521e-04
1.209461339929593038e+00,7.218144601210951805e-04
1.209791023628527640e+00,7.215504301711916924e-04
1.210119955653887303e+00,7.212927448563277721e-04
1.210448139425483793e+00,7.210408220998942852e-04
1.210775578339844172e+00,7.207928574644029140e-04
1.211102275770420178e+00,7.205507135950028896e-04
1.211428235067798953e+00,7.203134591691195965e-04
1.211753459559907320e+00,7.200779509730637074e-04
1.212077952552217175e+00,7.198489038273692131e-04
1.212401717327945549e+00,7.196240476332604885e-04
1.212724757148255117e+00,7.194014033302664757e-04
1.213047075252450702e+00,7.191748591139912605e-04
1.213368674858174012e+00,7.189581519924104214e-04
1.213689559161597487e+00,7.187431328929960728e-04
1.214009731337613252e+00,7.185238646343350410e-04
1.214329194540023193e+00,7.183069828897714615e-04
1.214647951901723699e+00,7.180973771028220654e-04
1.214966006534891729e+00,7.178920786827802658e-04
1.215283361531166006e+00,7.176893413998186588e-04
1.215600019961827316e+00,7.174877100624144077e-04
1.215915984877977696e+00,7.172895129770040512e-04
1.216231259310716517e+00,7.170984754338860512e-04
1.216545846271313236e+00,7.169118034653365612e-04
1.216859748751383474e+00,7.167293806560337543e-04
1.217172969723055997e+00,7.165512652136385441e-04
1.217485512139144799e+00,7.163757109083235264e-04
1.217797378933312968e+00,7.162038818933069706e-04
1.218108573020240781e+00,7.160319364629685879e-04
1.218419097295787568e+00,7.158638909459114075e-04
1.218728954637153805e+00,7.156991050578653812e-04
1.219038147903040548e+00,7.155360071919858456e-04
1.219346679933808408e+00,7.153766346164047718e-04
1.219654553551634102e+00,7.152183097787201405e-04
1.219961771560665209e+00,7.150628953240811825e-04
1.220268336747172278e+00,7.149113225750625134e-04
1.220574251879702476e+00,7.147588767111301422e-04
1.220879519709228367e+00,7.146096322685480118e-04
1.221184142969296449e+00,7.144610281102359295e-04
1.221488124376173934e+00,7.143168477341532707e-04
1.221791466628994405e+00,7.141732494346797466e-04
1.222094172409901924e+00,7.140332018025219440e-04
1.222396244384192032e+00,7.138953078538179398e-04
1.222697685200454520e+00,7.137590437196195126e-04
1.222998497490710434e+00,7.136245840229094028e-04
1.223298683870552184e+00,7.134922198019921780e-04
1.223598246939278544e+00,7.133610779419541359e-04
1.223897189280030107e+00,7.132310420274734497e-04
1.224195513459923612e+00,7.131033926270902157e-04
1.224493222030182515e+00,7.129771402105689049e-04
1.224790317526269989e+00,7.128526340238749981e-04
1.225086802468017044e+00,7.127294084057211876e-04
1.225382679359751092e+00,7.126086857169866562e-04
1.225677950690423623e+00,7.124887197278439999e-04
1.225972618933734104e+00,7.123705581761896610e-04
1.226266686548255880e+00,7.122542592696845531e-04
1.226560155977559186e+00,7.121394737623631954e-04
1.226853029650332605e+00,7.120252703316509724e-04
1.227145309980502530e+00,7.119118818081915379e-04
1.227436999367354842e+00,7.118015782907605171e-04
1.227728100195651262e+00,7.116911583580076694e-04
1.228018614835747035e+00,7.115817861631512642e-04
1.228308545643706839e+00,7.114713662303984165e-04
1.228597894961418913e+00,7.113618776202201843e-04
1.228886665116709409e+00,7.112546009011566639e-04
1.229174858423454086e+00,7.111496524885296822e-04
1.229462477181689328e+00,7.110452279448509216e-04
1.229749523677722500e+00,7.109417929314076900e-04
1.230036000184242528e+00,7.108389399945735931e-04
1.230321908960424926e+00,7.107374258339405060e-04
1.230607252252041039e+00,7.106369594112038612e-04
1.230892032291563298e+00,7.105375989340245724e-04
1.231176251298268909e+00,7.104402175173163414e-04
1.231459911478345326e+00,7.103436510078608990e-04
1.231743015024992394e+00,7.102487143129110336e-04
1.232025564118523153e+00,7.101548835635185242e-04
1.232307560926466206e+00,7.100627990439534187e-04
1.232589007603664077e+00,7.099714130163192749e-04
1.232869906292372697e+00,7.098800269886851311e-04
1.233150259122359316e+00,7.097892812453210354e-04
1.233430068210998432e+00,7.096988265402615070e-04
1.233709335663369711e+00,7.096069166436791420e-04
1.233988063572351024e+00,7.095157634466886520e-04
1.234266254018713482e+00,7.094264728948473930e-04
1.234543909071214696e+00,7.093400927260518074e-04
1.234821030786690477e+00,7.092547602951526642e-04
1.235097621210146990e+00,7.091712905094027519e-04
1.235373682374850679e+00,7.090895669534802437e-04
1.235649216302418418e+00,7.090091821737587452e-04
1.235924225002906551e+00,7.089299033395946026e-04
1.236198710474897489e+00,7.088514976203441620e-04
1.236472674705588970e+00,7.087739650160074234e-04
1.236746119670878441e+00,7.086973055265843868e-04
1.237019047335450095e+00,7.086212863214313984e-04
1.237291459652857917e+00,7.085462566465139389e-04
1.237563358565611393e+00,7.084722165018320084e-04
1.237834746005257447e+00,7.083988748490810394e-04
1.238105623892462814e+00,7.083234959281980991e-04
1.238375994137096425e+00,7.082482916302978992e-04
1.238645858638308894e+00,7.081736112013459206e-04
1.238915219284614455e+00,7.080995710566639900e-04
1.239184077953967567e+00,7.080268114805221558e-04
1.239452436513844180e+00,7.079536444507539272e-04
1.239720296821318124e+00,7.078793132677674294e-04
1.239987660723138596e+00,7.078054477460682392e-04
1.240254530055805882e+00,7.077325135469436646e-04
1.240520906645648402e+00,7.076616748236119747e-04
1.240786792308896214e+00,7.075899047777056694e-04
1.241052188851756055e+00,7.075198227539658546e-04
1.241317098070486180e+00,7.074496243149042130e-04
1.241581521751466077e+00,7.073797751218080521e-04
1.241845461671272188e+00,7.073115557432174683e-04
1.242108919596747629e+00,7.072433945722877979e-04
1.242371897285073024e+00,7.071754080243408680e-04
1.242634396483838444e+00,7.071088184602558613e-04
1.242896418931111358e+00,7.070439169183373451e-04
1.243157966355506350e+00,7.069798884913325310e-04
1.243419040476253512e+00,7.069166749715805054e-04
1.243679643003266611e+00,7.068534614518284798e-04
1.243939775637210365e+00,7.067911210469901562e-04
1.244199440069565288e+00,7.067285478115081787e-04
1.244458637982695848e+00,7.066645193845033646e-04
1.244717371049915311e+00,7.065975223667919636e-04
1.244975640935549910e+00,7.065249374136328697e-04
1.245233449295003458e+00,7.064460660330951214e-04
1.245490797774821079e+00,7.063702214509248734e-04
1.245747688012752263e+00,7.062989752739667892e-04
1.246004121637813489e+00,7.062365184538066387e-04
1.246260100270349724e+00,7.061776705086231232e-04
1.246515625522096160e+00,7.061199285089969635e-04
1.246770698996240379e+00,7.060632342472672462e-04
1.247025322287480087e+00,7.060078787617385387e-04
1.247279496982084401e+00,7.059531635604798794e-04
1.247533224657954465e+00,7.058992050588130951e-04
1.247786506884679181e+00,7.058461778797209263e-04
1.248039345223596053e+00,7.057920447550714016e-04
1.248291741227848028e+00,7.057363982312381268e-04
1.248543696442440343e+00,7.056820904836058617e-04
1.248795212404297805e+00,7.056288304738700390e-04
1.249046290642320756e+00,7.055768510326743126e-04
1.249296932677441463e+00,7.055270252749323845e-04
1.249547140022678748e+00,7.054780726321041584e-04
1.249796914183192165e+00,7.054295274429023266e-04
1.250046256656337951e+00,7.053816807456314564e-04
1.250295168931721879e+00,7.053345907479524612e-04
1.250543652491252988e+00,7.052883156575262547e-04
1.250791708809195546e+00,7.052423316054046154e-04
1.251039339352223667e+00,7.051971042528748512e-04
1.251286545579470388e+00,7.051519351080060005e-04
1.251533328942582513e+00,7.051070570014417171e-04
1.251779690885768792e+00,7.050625863485038280e-04
1.252025632845852998e+00,7.050189888104796410e-04
1.252271156252322326e+00,7.049755076877772808e-04
1.252516262527378466e+00,7.049322011880576611e-04
1.252760953085987117e+00,7.048895931802690029e-04
1.253005229335925730e+00,7.048473926261067390e-04
1.253249092677833243e+00,7.048058323562145233e-04
1.253492544505258044e+00,7.047646795399487019e-04
1.253735586204705710e+00,7.047243416309356689e-04
1.253978219155686080e+00,7.046846440061926842e-04
1.254220444730760553e+00,7.046450627967715263e-04
1.254462264295588714e+00,7.046060636639595032e-04
1.254703679208974521e+00,7.045676466077566147e-04
1.254944690822911380e+00,7.045298116281628609e-04
1.255185300482629218e+00,7.044921512715518475e-04
1.255425509526637562e+00,7.044547819532454014e-04
1.255665319286771942e+00,7.044181693345308304e-04
1.255904731088236748e+00,7.043815567158162594e-04
1.256143746249650528e+00,7.043454679660499096e-04
1.256382366083088176e+00,7.043097866699099541e-04
1.256620591894126004e+00,7.042745128273963928e-04
1.256858424981881939e+00,7.042397046461701393e-04
1.257095866639061033e+00,7.042053621262311935e-04
1.257332918151994772e+00,7.041710196062922478e-04
1.257569580800685261e+00,7.041368517093360424e-04
1.257805855858845634e+00,7.041030912660062313e-04
1.258041744593940692e+00,7.040700875222682953e-04
1.258277248267228421e+00,7.040375494398176670e-04
1.258512368133800630e+00,7.040054770186543465e-04
1.258747105442622694e+00,7.039735210128128529e-04
1.258981461436573079e+00,7.039420888759195805e-04
1.259215437352483091e+00,7.039107149466872215e-04
1.259449034421176616e+00,7.038791663944721222e-04
1.259682253867508095e+00,7.038483163341879845e-04
1.259915096910401600e+00,7.038179319351911545e-04
1.260147564762888583e+00,7.037879549898207188e-04
1.260379658632146294e+00,7.037580362521111965e-04
1.260611379719535075e+00,7.037283503450453281e-04
1.260842729220636116e+00,7.036991300992667675e-04
1.261073708325287868e+00,7.036703755147755146e-04
1.261304318217623344e+00,7.036419701762497425e-04
1.261534560076105205e+00,7.036139722913503647e-04
1.261764435073564394e+00,7.035862072370946407e-04
1.261993944377233667e+00,7.035585585981607437e-04
1.262223089148783561e+00,7.035310845822095871e-04
1.262451870544359034e+00,7.035040762275457382e-04
1.262680289714613435e+00,7.034770096652209759e-04
1.262908347804742704e+00,7.034504087641835213e-04
1.263136045954520892e+00,7.034239824861288071e-04
1.263363385298333252e+00,7.033978472463786602e-04
1.263590366965212208e+00,7.033717120066285133e-04
1.263816992078868440e+00,7.033459260128438473e-04
1.264043261757725078e+00,7.033203146420419216e-04
1.264269177114952347e+00,7.032946450635790825e-04
1.264494739258498202e+00,7.032694411464035511e-04
1.264719949291122525e+00,7.032445864751935005e-04
1.264944808310428659e+00,7.032197900116443634e-04
1.265169317408895822e+00,7.031954592093825340e-04
1.265393477673911082e+00,7.031710701994597912e-04
1.265617290187799782e+00,7.031471468508243561e-04
1.265840756027859504e+00,7.031233981251716614e-04
1.266063876266388055e+00,7.031000568531453609e-04
1.266286651970716548e+00,7.030767155811190605e-04
1.266509084203239377e+00,7.030539563857018948e-04
1.266731174021443973e+00,7.030311389826238155e-04
1.266952922477942334e+00,7.030086126178503036e-04
1.267174330620499445e+00,7.029863190837204456e-04
1.267395399492064367e+00,7.029642001725733280e-04
1.267616130130798435e+00,7.029425469227135181e-04
1.267836523570105234e+00,7.029210100881755352e-04
1.268056580838660352e+00,7.028994150459766388e-04
1.268276302960438473e+00,7.028782274574041367e-04
1.268495690954743127e+00,7.028575055301189423e-04
1.268714745836234448e+00,7.028364925645291805e-04
1.268933468614958704e+00,7.028159452602267265e-04
1.269151860296373835e+00,7.027956889942288399e-04
1.269369921881379648e+00,7.027754327282309532e-04
1.269587654366344021e+00,7.027555257081985474e-04
1.269805058743129988e+00,7.027356768958270550e-04
1.270022135999123725e+00,7.027159444987773895e-04
1.270238887117260962e+00,7.026964449323713779e-04
1.270455313076053860e+00,7.026771199889481068e-04
1.270671414849616987e+00,7.026580860838294029e-04
1.270887193407694848e+00,7.026391103863716125e-04
1.271102649715686317e+00,7.026203675195574760e-04
1.271317784734672385e+00,7.026016246527433395e-04
1.271532599421440368e+00,7.025831146165728569e-04
1.271747094728509664e+00,7.025647209957242012e-04
1.271961271604158172e+00,7.025463855825364590e-04
1.272175130992446723e+00,7.025282829999923706e-04
1.272388673833243278e+00,7.025103550404310226e-04
1.272601901062249352e+00,7.024926017038524151e-04
1.272814813611023332e+00,7.024749065749347210e-04
1.273027412407004899e+00,7.024575024843215942e-04
1.273239698373540785e+00,7.024400401860475540e-04
1.273451672429906534e+00,7.024228689260780811e-04
1.273663335491332038e+00,7.024058140814304352e-04
1.273874688469025296e+00,7.023888174444437027e-04
1.274085732270194615e+00,7.023721700534224510e-04
1.274296467798073262e+00,7.023554644547402859e-04
1.274506895951942331e+00,7.023389916867017746e-04
1.274717017627152948e+00,7.023226353339850903e-04
1.274926833715150920e+00,7.023064536042511463e-04
1.275136345103496938e+00,7.022903300821781158e-04
1.275345552675891891e+00,7.022743811830878258e-04
1.275554457312196632e+00,7.022584904916584492e-04
1.275763059888456397e+00,7.022427744232118130e-04
1.275971361276921012e+00,7.022272329777479172e-04
1.276179362346067769e+00,7.022119243629276752e-04
1.276387063960623625e+00,7.021965575404465199e-04
1.276594466981585185e+00,7.021814235486090183e-04
1.276801572266241802e+00,7.021662895567715168e-04
1.277008380668195775e+00,7.021514466032385826e-04
1.277214893037383447e+00,7.021366618573665619e-04
1.277421110220096967e+00,7.021219935268163681e-04
1.277627033059004713e+00,7.021073834039270878e-04
1.277832662393171281e+00,7.020928896963596344e-04
1.278037999058079244e+00,7.020785706117749214e-04
1.278243043885648467e+00,7.020643097348511219e-04
1.278447797704256539e+00,7.020502816885709763e-04
1.278652261338759422e+00,7.020362536422908306e-04
1.278856435610510989e+00,7.020224002189934254e-04
1.279060321337382344e+00,7.020087214186787605e-04
1.279263919333782695e+00,7.019950426183640957e-04
1.279467230410677780e+00,7.019814802333712578e-04
1.279670255375609189e+00,7.019679760560393333e-04
1.279872995032714789e+00,7.019546465016901493e-04
1.280075450182746710e+00,7.019414915703237057e-04
1.280277621623090223e+00,7.019282202236354351e-04
1.280479510147784161e+00,7.019151234999299049e-04
1.280681116547537801e+00,7.019021431915462017e-04
1.280882441609750177e+00,7.018893957138061523e-04
1.281083486118528292e+00,7.018765318207442760e-04
1.281284250854706430e+00,7.018639589659869671e-04
1.281484736595862595e+00,7.018513279035687447e-04
1.281684944116338487e+00,7.018389296717941761e-04
1.281884874187256385e+00,7.018265896476805210e-04
1.282084527576536459e+00,7.018141332082450390e-04
1.282283905048915873e+00,7.018019095994532108e-04
1.282483007365964767e+00,7.017899188213050365e-04
1.282681835286105798e+00,7.017779862508177757e-04
1.282880389564629020e+00,7.017660536803305149e-04
1.283078670953711198e+00,7.017541793175041676e-04
1.283276680202431352e+00,7.017424213699996471e-04
1.283474418056788746e+00,7.017307798378169537e-04
1.283671885259719314e+00,7.017191965132951736e-04
1.283869082551112539e+00,7.017077878117561340e-04
1.284066010667828328e+00,7.016963209025561810e-04
1.284262670343712776e+00,7.016850868239998817e-04
1.284459062309615485e+00,7.016738527454435825e-04
1.284655187293404666e+00,7.016627350822091103e-04
1.284851046019985121e+00,7.016515010036528111e-04
1.285046639211312680e+00,7.016404415480792522e-04
1.285241967586411072e+00,7.016296149231493473e-04
1.285437031861386803e+00,7.016186718828976154e-04
1.285631832749446479e+00,7.016077870503067970e-04
1.285826370960911236e+00,7.015970768406987190e-04
1.286020647203232059e+00,7.015865994617342949e-04
1.286214662181006885e+00,7.015760056674480438e-04
1.286408416595994142e+00,7.015655282884836197e-04
1.286601911147128074e+00,7.015551091171801090e-04
1.286795146530535838e+00,7.015449227765202522e-04
1.286988123439549936e+00,7.015346782281994820e-04
1.287180842564725092e+00,7.015246083028614521e-04
1.287373304593851797e+00,7.015145383775234222e-04
1.287565510211972075e+00,7.015045266598463058e-04
1.287757460101393692e+00,7.014945731498301029e-04
1.287949154941703256e+00,7.014847360551357269e-04
1.288140595409784206e+00,7.014749571681022644e-04
1.288331782179827023e+00,7.014652946963906288e-04
1.288522715923346329e+00,7.014556904323399067e-04
1.288713397309194209e+00,7.014461443759500980e-04
1.288903827003574198e+00,7.014366565272212029e-04
1.289094005670054166e+00,7.014270522631704807e-04
1.289283933969582741e+00,7.014177390374243259e-04
1.289473612560500415e+00,7.014084840193390846e-04
1.289663042098555090e+00,7.013992872089147568e-04
1.289852223236915396e+00,7.013901486061513424e-04
1.290041156626182239e+00,7.013810682110488415e-04
1.290229842914405678e+00,7.013719296082854271e-04
1.290418282747095358e+00,7.013630820438265800e-04
1.290606476767234945e+00,7.013541762717068195e-04
1.290794425615295227e+00,7.013453287072479725e-04
1.290982129929246769e+00,7.013364811427891254e-04
1.291169590344573681e+00,7.013279246166348457e-04
1.291356807494286274e+00,7.013192516751587391e-04
1.291543782008933050e+00,7.013106369413435459e-04
1.291730514516614914e+00,7.013021968305110931e-04
1.291917005642995386e+00,7.012937567196786404e-04
1.292103256011317258e+00,7.012854330241680145e-04
1.292289266242410362e+00,7.012771093286573887e-04
1.292475036954707779e+00,7.012687274254858494e-04
1.292660568764255613e+00,7.012605201452970505e-04
1.292845862284727199e+00,7.012524292804300785e-04
1.293030918127433759e+00,7.012443384155631065e-04
1.293215736901337509e+00,7.012363639660179615e-04
1.293400319213062755e+00,7.012283313088119030e-04
1.293584665666909217e+00,7.012204150669276714e-04
1.293768776864862247e+00,7.012126734480261803e-04
1.293952653406605480e+00,7.012048736214637756e-04
1.294136295889533717e+00,7.011970155872404575e-04
1.294319704908761581e+00,7.011893903836607933e-04
1.294502881057138177e+00,7.011817069724202156e-04
1.294685824925257078e+00,7.011741399765014648e-04
1.294868537101467210e+00,7.011665147729218006e-04
1.295051018171885948e+00,7.011590059846639633e-04
1.295233268720408448e+00,7.011516718193888664e-04
1.295415289328720965e+00,7.011443376541137695e-04
1.295597080576309512e+00,7.011368870735168457e-04
1.295778643040473410e+00,7.011296111159026623e-04
1.295959977296334609e+00,7.011224515736103058e-04
1.296141083916849013e+00,7.011152920313179493e-04
1.296321963472817806e+00,7.011081324890255928e-04
1.296502616532897889e+00,7.011010893620550632e-04
1.296683043663612089e+00,7.010941044427454472e-04
1.296863245429361156e+00,7.010871777310967445e-04
1.297043222392432860e+00,7.010801346041262150e-04
1.297222975113013987e+00,7.010732661001384258e-04
1.297402504149199221e+00,7.010665140114724636e-04
1.297581810057003127e+00,7.010597037151455879e-04
1.297760893390368819e+00,7.010530680418014526e-04
1.297939754701179949e+00,7.010463741607964039e-04
1.298118394539269582e+00,7.010397384874522686e-04
1.298296813452431087e+00,7.010332192294299603e-04
1.298475011986427896e+00,7.010266417637467384e-04
1.298652990685003283e+00,7.010201807133853436e-04
1.298830750089891461e+00,7.010137196630239487e-04
1.299008290740825577e+00,7.010073750279843807e-04
1.299185613175549481e+00,7.010009721852838993e-04
1.299362717929825939e+00,7.009946857579052448e-04
1.299539605537447517e+00,7.009883993305265903e-04
1.299716276530245684e+00,7.009821711108088493e-04
1.299892731438100357e+00,7.009760010987520218e-04
1.300068970788949452e+00,7.009698892943561077e-04
1.300244995108798873e+00,7.009638939052820206e-04
1.300420804921730733e+00,7.009577821008861065e-04
1.300596400749914450e+00,7.009517867118120193e-04
1.300771783113614299e+00,7.009459077380597591e-04
1.300946952531200296e+00,7.009398541413247585e-04
1.301121909519155517e+00,7.009340333752334118e-04
1.301296654592087654e+00,7.009281544014811516e-04
1.301471188262734779e+00,7.009223918430507183e-04
1.301645511041978454e+00,7.009165710769593716e-04
1.301819623438849050e+00,7.009108667261898518e-04
1.301993525960537079e+00,7.009052205830812454e-04
1.302167219112400298e+00,7.008996326476335526e-04
1.302340703397974142e+00,7.008939282968640327e-04
1.302513979318979498e+00,7.008883985690772533e-04
1.302687047375331364e+00,7.008828688412904739e-04
1.302859908065147954e+00,7.008773391135036945e-04
1.303032561884759577e+00,7.008718093857169151e-04
1.303205009328715747e+00,7.008664542809128761e-04
1.303377250889795835e+00,7.008610991761088371e-04
1.303549287059015072e+00,7.008556858636438847e-04
1.303721118325635420e+00,7.008503889665007591e-04
1.303892745177171575e+00,7.008451502770185471e-04
1.304064168099401844e+00,7.008397951722145081e-04
1.304235387576373695e+00,7.008346146903932095e-04
1.304406404090413529e+00,7.008293177932500839e-04
1.304577218122134896e+00,7.008244283497333527e-04
1.304747830150446264e+00,7.008192478679120541e-04
1.304918240652558570e+00,7.008140673860907555e-04
1.305088450103994102e+00,7.008090033195912838e-04
1.305258458978593383e+00,7.008039974607527256e-04
1.305428267748525162e+00,7.007989916019141674e-04
1.305597876884291075e+00,7.007941021583974361e-04
1.305767286854737197e+00,7.007891545072197914e-04
1.305936498127058254e+00,7.007842650637030602e-04
1.306105511166808286e+00,7.007794920355081558e-04
1.306274326437905531e+00,7.007747190073132515e-04
1.306442944402643525e+00,7.007698877714574337e-04
1.306611365521694879e+00,7.007651729509234428e-04
1.306779590254121937e+00,7.007605163380503654e-04
1.306947619057382770e+00,7.007558597251772881e-04
1.307115452387338728e+00,7.007511449046432972e-04
1.307283090698261985e+00,7.007466047070920467e-04
1.307450534442843093e+00,7.007419480942189693e-04
1.307617784072198530e+00,7.007374078966677189e-04
1.307784840035877583e+00,7.007329841144382954e-04
1.307951702781868786e+00,7.007284439168870449e-04
1.308118372756609693e+00,7.007240201346576214e-04
1.308284850404990429e+00,7.007195963524281979e-04
1.308451136170364570e+00,7.007151143625378609e-04
1.308617230494553141e+00,7.007107487879693508e-04
1.308783133817853717e+00,7.007064414210617542e-04
1.308948846579046199e+00,7.007021340541541576e-04
1.309114369215400808e+00,7.006978848949074745e-04
1.309279702162683412e+00,7.006935775279998779e-04
1.309444845855164408e+00,7.006893283687531948e-04
1.309609800725623829e+00,7.006851956248283386e-04
1.309774567205360007e+00,7.006810046732425690e-04
1.309939145724194010e+00,7.006768719293177128e-04
1.310103536710478078e+00,7.006727391853928566e-04
1.310267740591102070e+00,7.006687228567898273e-04
1.310431757791499230e+00,7.006645901128649712e-04
1.310595588735654626e+00,7.006605737842619419e-04
1.310759233846109151e+00,7.006566738709807396e-04
1.310922693543968620e+00,7.006526575423777103e-04
1.311085968248908440e+00,7.006487576290965080e-04
1.311249058379180488e+00,7.006447995081543922e-04
1.311411964351620885e+00,7.006409578025341034e-04
1.311574686581653992e+00,7.006369996815919876e-04
1.311737225483301073e+00,7.006331579759716988e-04
1.311899581469185394e+00,7.006294326856732368e-04
1.312061754950538228e+00,7.006255327723920345e-04
1.312223746337206176e+00,7.006217492744326591e-04
1.312385556037656942e+00,7.006180821917951107e-04
1.312547184458984217e+00,7.006144151091575623e-04
1.312708632006916565e+00,7.006106898188591003e-04
1.312869899085820968e+00,7.006070227362215519e-04
1.313030986098710162e+00,7.006033556535840034e-04
1.313191893447248182e+00,7.005996885709464550e-04
1.313352621531757025e+00,7.005961379036307335e-04
1.313513170751222203e+00,7.005925290286540985e-04
1.313673541503298070e+00,7.005890365689992905e-04
1.313833734184315150e+00,7.005854276940226555e-04
1.313993749189284577e+00,7.005819934420287609e-04
1.314153586911904537e+00,7.005785009823739529e-04
1.314313247744567148e+00,7.005750667303800583e-04
1.314472732078361572e+00,7.005715742707252502e-04
1.314632040303082894e+00,7.005681400187313557e-04
1.314791172807235453e+00,7.005647639743983746e-04
1.314950129978039728e+00,7.005613879300653934e-04
1.315108912201437663e+00,7.005580700933933258e-04
1.315267519862098222e+00,7.005548104643821716e-04
1.315425953343423382e+00,7.005513762123882771e-04
1.315584213027552574e+00,7.005480583757162094e-04
1.315742299295370232e+00,7.005447987467050552e-04
1.315900212526508684e+00,7.005415973253548145e-04
1.316057953099356359e+00,7.005383376963436604e-04
1.316215521391060905e+00,7.005351944826543331e-04
1.316372917777536067e+00,7.005319348536431789e-04
1.316530142633466571e+00,7.005287916399538517e-04
1.316687196332312793e+00,7.005255320109426975e-04
1.316844079246317856e+00,7.005223887972533703e-04
1.317000791746511190e+00,7.005193619988858700e-04
1.317157334202714525e+00,7.005162187851965427e-04
1.317313706983547217e+00,7.005131337791681290e-04
1.317469910456431137e+00,7.005100487731397152e-04
1.317625944987595554e+00,7.005070219747722149e-04
1.317781810942083798e+00,7.005039951764047146e-04
1.317937508683756809e+00,7.005009683780372143e-04
1.318093038575298026e+00,7.004980579949915409e-04
1.318248400978220269e+00,7.004950311966240406e-04
1.318403596252869070e+00,7.004920626059174538e-04
1.318558624758428666e+00,7.004891522228717804e-04
1.318713486852926442e+00,7.004862418398261070e-04
1.318868182893237595e+00,7.004833314567804337e-04
1.319022713235091349e+00,7.004804210737347603e-04
1.319177078233074951e+00,7.004776271060109138e-04
1.319331278240638117e+00,7.004747749306261539e-04
1.319485313610098576e+00,7.004719809629023075e-04
1.319639184692647405e+00,7.004691287875175476e-04
1.319792891838352578e+00,7.004663348197937012e-04
1.319946435396164297e+00,7.004635408520698547e-04
1.320099815713920099e+00,7.004608050920069218e-04
1.320253033138349519e+00,7.004580693319439888e-04
1.320406088015077639e+00,7.004553335718810558e-04
1.320558980688631756e+00,7.004526560194790363e-04
1.320711711502444485e+00,7.004498620517551899e-04
1.320864280798858426e+00,7.004471844993531704e-04
1.321016688919132376e+00,7.004444487392902374e-04
1.321168936203443334e+00,7.004417129792273045e-04
1.321321022990893601e+00,7.004389772191643715e-04
1.321472949619513670e+00,7.004361832514405251e-04
1.321624716426267332e+00,7.004335056990385056e-04
1.321776323747056114e+00,7.004308281466364861e-04
1.321927771916723282e+00,7.004282088018953800e-04
1.322079061269059386e+00,7.004254148341715336e-04
1.322230192136805815e+00,7.004228536970913410e-04
1.322381164851658575e+00,7.004202343523502350e-04
1.322531979744274722e+00,7.004176150076091290e-04
1.322682637144274143e+00,7.004149956628680229e-04
1.322833137380246438e+00,7.004124345257878304e-04
1.322983480779752696e+00,7.004099898040294647e-04
1.323133667669331492e+00,7.004074868746101856e-04
1.323283698374503325e+00,7.004051003605127335e-04
1.323433573219773285e+00,7.004026556387543678e-04
1.323583292528636379e+00,7.004002109169960022e-04
1.323732856623581977e+00,7.003978826105594635e-04
1.323882265826096694e+00,7.003953796811401844e-04
1.324031520456670608e+00,7.003931095823645592e-04
1.324180620834798372e+00,7.003907230682671070e-04
1.324329567278986763e+00,7.003883365541696548e-04
1.324478360106756014e+00,7.003859500400722027e-04
1.324626999634646030e+00,7.003836217336356640e-04
1.324775486178217498e+00,7.003814680501818657e-04
1.324923820052059886e+00,7.003790815360844135e-04
1.325072001569791658e+00,7.003768114373087883e-04
1.325220031044066715e+00,7.003745995461940765e-04
1.325367908786577509e+00,7.003722712397575378e-04
1.325515635108058810e+00,7.003701175563037395e-04
1.325663210318291707e+00,7.003679056651890278e-04
1.325810634726108050e+00,7.003656937740743160e-04
1.325957908639393112e+00,7.003635400906205177e-04
1.326105032365091585e+00,7.003614446148276329e-04
1.326252006209208689e+00,7.003592327237129211e-04
1.326398830476815949e+00,7.003570208325982094e-04
1.326545505472054520e+00,7.003549253568053246e-04
1.326692031498138746e+00,7.003527716733515263e-04
1.326838408857359930e+00,7.003507344052195549e-04
1.326984637851090332e+00,7.003486971370875835e-04
1.327130718779786944e+00,7.003465434536337852e-04
1.327276651942994379e+00,7.003445643931627274e-04
1.327422437639349528e+00,7.003424689173698425e-04
1.327568076166585120e+00,7.003404316492378712e-04
1.327713567821532381e+00,7.003383361734449863e-04
1.327858912900126587e+00,7.003363571129739285e-04
1.328004111697408618e+00,7.003342616371810436e-04
1.328149164507529401e+00,7.003323989920318127e-04
1.328294071623753458e+00,7.003304199315607548e-04
1.328438833338463354e+00,7.003283826634287834e-04
1.328583449943161465e+00,7.003264036029577255e-04
1.328727921728474870e+00,7.003244827501475811e-04
1.328872248984158455e+00,7.003225036896765232e-04
1.329016431999097803e+00,7.003207574598491192e-04
1.329160471061314075e+00,7.003187783993780613e-04
1.329304366457966236e+00,7.003169157542288303e-04
1.329448118475354601e+00,7.003150531090795994e-04
1.329591727398924839e+00,7.003132486715912819e-04
1.329735193513270852e+00,7.003113860264420509e-04
1.329878517102138558e+00,7.003095815889537334e-04
1.330021698448428769e+00,7.003077189438045025e-04
1.330164737834201416e+00,7.003059145063161850e-04
1.330307635540677325e+00,7.003042264841496944e-04
1.330450391848243763e+00,7.003023638390004635e-04
1.330593007036455111e+00,7.003005594015121460e-04
1.330735481384038632e+00,7.002988713793456554e-04
1.330877815168896028e+00,7.002971833571791649e-04
1.331020008668107657e+00,7.002954371273517609e-04
1.331162062157934978e+00,7.002936908975243568e-04
1.331303975913824544e+00,7.002920028753578663e-04
1.331445750210410672e+00,7.002902566455304623e-04
1.331587385321518990e+00,7.002885686233639717e-04
1.331728881520169328e+00,7.002869388088583946e-04
1.331870239078579043e+00,7.002852507866919041e-04
1.332011458268165915e+00,7.002835627645254135e-04
1.332152539359552135e+00,7.002818747423589230e-04
1.332293482622565417e+00,7.002802449278533459e-04
1.332434288326244776e+00,7.002786733210086823e-04
1.332574956738841632e+00,7.002771017141640186e-04
1.332715488127823811e+00,7.002754136919975281e-04
1.332855882759877320e+00,7.002737838774919510e-04
1.332996140900912119e+00,7.002722704783082008e-04
1.333136262816061235e+00,7.002706406638026237e-04
1.333276248769688088e+00,7.002690108492970467e-04
1.333416099025385604e+00,7.002675556577742100e-04
1.333555813845981985e+00,7.002659840509295464e-04
1.333695393493541825e+00,7.002644124440848827e-04
1.333834838229369879e+00,7.002628990449011326e-04
1.333974148314014840e+00,7.002613856457173824e-04
1.334113324007270229e+00,7.002598140388727188e-04
1.334252365568178833e+00,7.002583588473498821e-04
1.334391273255035593e+00,7.002567872405052185e-04
1.334530047325389379e+00,7.002552738413214684e-04
1.334668688036047435e+00,7.002537604421377182e-04
1.334807195643076039e+00,7.002523634582757950e-04
1.334945570401806281e+00,7.002509082667529583e-04
1.335083812566833839e+00,7.002493948675692081e-04
1.335221922392024085e+00,7.002479396760463715e-04
1.335359900130513866e+00,7.002464844845235348e-04
1.335497746034713940e+00,7.002449710853397846e-04
1.335635460356312976e+00,7.002435741014778614e-04
1.335773043346278888e+00,7.002421189099550247e-04
1.335910495254862829e+00,7.002406637184321880e-04
1.336047816331600968e+00,7.002393831498920918e-04
1.336185006825317378e+00,7.002379279583692551e-04
1.336322066984127810e+00,7.002364727668464184e-04
1.336458997055441245e+00,7.002351339906454086e-04
1.336595797285962117e+00,7.002337952144443989e-04
1.336732467921694312e+00,7.002324564382433891e-04
1.336869009207943382e+00,7.002310594543814659e-04
1.337005421389318993e+00,7.002297788858413696e-04
1.337141704709737144e+00,7.002282654866576195e-04
1.337277859412423719e+00,7.002270431257784367e-04
1.337413885739916708e+00,7.002257043495774269e-04
1.337549783934067982e+00,7.002244237810373306e-04
1.337685554236047292e+00,7.002230850048363209e-04
1.337821196886344044e+00,7.002217462286353111e-04
1.337956712124769965e+00,7.002205820754170418e-04
1.338092100190460876e+00,7.002192432992160320e-04
1.338227361321881359e+00,7.002180209383368492e-04
1.338362495756824755e+00,7.002166821621358395e-04
1.338497503732417604e+00,7.002154598012566566e-04
1.338632385485120535e+00,7.002142374403774738e-04
1.338767141250732262e+00,7.002130150794982910e-04
1.338901771264390916e+00,7.002117927186191082e-04
1.339036275760577599e+00,7.002105703577399254e-04
1.339170654973117491e+00,7.002093479968607426e-04
1.339304909135183408e+00,7.002081838436424732e-04
1.339439038479297128e+00,7.002069032751023769e-04
1.339573043237333838e+00,7.002058555372059345e-04
1.339706923640522129e+00,7.002045749686658382e-04
1.339840679919447330e+00,7.002034690231084824e-04
1.339974312304055060e+00,7.002024212852120399e-04
1.340107821023651224e+00,7.002011989243328571e-04
1.340241206306907129e+00,7.002000347711145878e-04
1.340374468381859030e+00,7.001989870332181454e-04
1.340507607475912799e+00,7.001977646723389626e-04
1.340640623815845034e+00,7.001966587267816067e-04
1.340773517627805500e+00,7.001955527812242508e-04
1.340906289137319796e+00,7.001945050433278084e-04
1.341038938569291350e+00,7.001932826824486256e-04
1.341171466148003644e+00,7.001921767368912697e-04
1.341303872097122873e+00,7.001910707913339138e-04
1.341436156639699728e+00,7.001899648457765579e-04
1.341568319998172276e+00,7.001889753155410290e-04
1.341700362394367518e+00,7.001879275776445866e-04
1.341832284049504054e+00,7.001868216320872307e-04
1.341964085184194078e+00,7.001857738941907883e-04
1.342095766018445824e+00,7.001847261562943459e-04
1.342227326771665341e+00,7.001837366260588169e-04
1.342358767662659824e+00,7.001826306805014610e-04
1.342490088909637613e+00,7.001816993579268456e-04
1.342621290730212857e+00,7.001805934123694897e-04
1.342752373341406402e+00,7.001796620897948742e-04
1.342883336959647567e+00,7.001785561442375183e-04
1.343014181800776585e+00,7.001776248216629028e-04
1.343144908080048383e+00,7.001765770837664604e-04
1.343275516012131909e+00,7.001757621765136719e-04
1.343406005811113468e+00,7.001745980232954025e-04
1.343536377690500272e+00,7.001736667007207870e-04
1.343666631863220440e+00,7.001726771704852581e-04
1.343796768541625442e+00,7.001717458479106426e-04
1.343926787937493872e+00,7.001707563176751137e-04
1.344056690262030784e+00,7.001698832027614117e-04
1.344186475725872132e+00,7.001689518801867962e-04
1.344316144539086100e+00,7.001679041422903538e-04
1.344445696911174215e+00,7.001670310273766518e-04
1.344575133051074234e+00,7.001660997048020363e-04
1.344704453167163249e+00,7.001652265898883343e-04
1.344833657467256582e+00,7.001642370596528053e-04
1.344962746158613331e+00,7.001634221524000168e-04
1.345091719447935708e+00,7.001624908298254013e-04
1.345220577541372586e+00,7.001615012995898724e-04
1.345349320644520841e+00,7.001606863923370838e-04
1.345477948962427561e+00,7.001597550697624683e-04
1.345606462699591166e+00,7.001588819548487663e-04
1.345734862059965176e+00,7.001580670475959778e-04
1.345863147246958436e+00,7.001571939326822758e-04
1.345991318463437558e+00,7.001562626101076603e-04
1.346119375911728921e+00,7.001555059105157852e-04
1.346247319793621111e+00,7.001546327956020832e-04
1.346375150310365809e+00,7.001537014730274677e-04
1.346502867662680236e+00,7.001528283581137657e-04
1.346630472050749372e+00,7.001520716585218906e-04
1.346757963674227287e+00,7.001511403359472752e-04
1.346885342732239366e+00,7.001504418440163136e-04
1.347012609423383411e+00,7.001496269367635250e-04
1.347139763945732982e+00,7.001487538218498230e-04
1.347266806496837832e+00,7.001479971222579479e-04
1.347393737273726577e+00,7.001471240073442459e-04
1.347520556472907582e+00,7.001462508924305439e-04
1.347647264290372515e+00,7.001454359851777554e-04
1.347773860921596123e+00,7.001446792855858803e-04
1.347900346561540008e+00,7.001439225859940052e-04
1.348026721404652184e+00,7.001431658864021301e-04
1.348152985644871071e+00,7.001422927714884281e-04
1.348279139475625943e+00,7.001415360718965530e-04
1.348405183089839365e+00,7.001408375799655914e-04
1.348531116679928310e+00,7.001399644650518894e-04
1.348656940437807039e+00,7.001392077654600143e-04
1.348782654554887106e+00,7.001385674811899662e-04
1.348908259222080686e+00,7.001376361586153507e-04
1.349033754629801685e+00,7.001369958743453026e-04
1.349159140967967740e+00,7.001362391747534275e-04
1.349284418426001331e+00,7.001354242675006390e-04
1.349409587192831994e+00,7.001347257755696774e-04
1.349534647456898551e+00,7.001339690759778023e-04
1.349659599406149324e+00,7.001333287917077541e-04
1.349784443228045250e+00,7.001325720921158791e-04
1.349909179109560764e+00,7.001318736001849174e-04
1.350033807237186023e+00,7.001311751082539558e-04
1.350158327796927793e+00,7.001304184086620808e-04
1.350282740974312112e+00,7.001297199167311192e-04
1.350407046954385404e+00,7.001290796324610710e-04
1.350531245921716472e+00,7.001283229328691959e-04
1.350655338060396504e+00,7.001275080256164074e-04
1.350779323554043954e+00,7.001269259490072727e-04
1.350903202585802543e+00,7.001262274570763111e-04
1.351026975338346148e+00,7.001255871728062630e-04
1.351150641993877688e+00,7.001248886808753014e-04
1.351274202734132901e+00,7.001242483966052532e-04
1.351397657740379898e+00,7.001234916970133781e-04
1.351521007193422941e+00,7.001228514127433300e-04
1.351644251273601771e+00,7.001221529208123684e-04
1.351767390160795612e+00,7.001215126365423203e-04
1.351890424034422722e+00,7.001208141446113586e-04
1.352013353073442614e+00,7.001201738603413105e-04
1.352136177456358501e+00,7.001195917837321758e-04
1.352258897361217072e+00,7.001189514994621277e-04
1.352381512965611376e+00,7.001183112151920795e-04
1.352504024446682829e+00,7.001177291385829449e-04
1.352626431981120980e+00,7.001170888543128967e-04
1.352748735745166409e+00,7.001164485700428486e-04
1.352870935914611383e+00,7.001156918704509735e-04
1.352993032664802975e+00,7.001151680015027523e-04
1.353115026170641944e+00,7.001145277172327042e-04
1.353236916606587181e+00,7.001138874329626560e-04
1.353358704146654601e+00,7.001131889410316944e-04
1.353480388964420911e+00,7.001126650720834732e-04
1.353601971233022727e+00,7.001120829954743385e-04
1.353723451125159905e+00,7.001114427112042904e-04
1.353844828813096868e+00,7.001109188422560692e-04
1.353966104468663278e+00,7.001102203503251076e-04
1.354087278263254923e+00,7.001096382737159729e-04
1.354208350367837710e+00,7.001089979894459248e-04
1.354329320952946336e+00,7.001085323281586170e-04
1.354450190188687175e+00,7.001078920438885689e-04
1.354570958244739387e+00,7.001073099672794342e-04
1.354691625290356471e+00,7.001067278906702995e-04
1.354812191494367823e+00,7.001061458140611649e-04
1.354932657025179177e+00,7.001055055297911167e-04
1.355053022050775269e+00,7.001049816608428955e-04
1.355173286738721172e+00,7.001045159995555878e-04
1.355293451256162296e+00,7.001039921306073666e-04
1.355413515769827493e+00,7.001033518463373184e-04
1.355533480446029282e+00,7.001027697697281837e-04
1.355653345450665404e+00,7.001023041084408760e-04
1.355773110949221483e+00,7.001017220318317413e-04
1.355892777106770364e+00,7.001011399552226067e-04
1.356012344087974775e+00,7.001006160862743855e-04
1.356131812057088215e+00,7.001001504249870777e-04
1.356251181177957177e+00,7.000996265560388565e-04
1.356370451614020922e+00,7.000990444794297218e-04
1.356489623528313926e+00,7.000985206104815006e-04
1.356608697083466986e+00,7.000981131568551064e-04
1.356727672441708998e+00,7.000974728725850582e-04
1.356846549764867182e+00,7.000969490036368370e-04
1.356965329214369520e+00,7.000964833423495293e-04
1.357084010951245423e+00,7.000958430580794811e-04
1.357202595136127066e+00,7.000954356044530869e-04
1.357321081929251161e+00,7.000948535278439522e-04
1.357439471490459848e+00,7.000943296588957310e-04
1.357557763979201582e+00,7.000939804129302502e-04
1.357675959554534018e+00,7.000933983363211155e-04
1.357794058375123125e+00,7.000929908826947212e-04
1.357912060599245851e+00,7.000924088060855865e-04
1.358029966384791454e+00,7.000919431447982788e-04
1.358147775889262387e+00,7.000914192758500576e-04
1.358265489269774529e+00,7.000908954069018364e-04
1.358383106683061170e+00,7.000904879532754421e-04
1.358500628285471024e+00,7.000899640843272209e-04
1.358618054232971994e+00,7.000894984230399132e-04
1.358735384681150959e+00,7.000890327617526054e-04
1.358852619785215987e+00,7.000886253081262112e-04
1.358969759699996560e+00,7.000880432315170765e-04
1.359086804579945795e+00,7.000876357778906822e-04
1.359203754579140444e+00,7.000871701166033745e-04
1.359320609851283779e+00,7.000866462476551533e-04
1.359437370549705371e+00,7.000861805863678455e-04
1.359554036827362866e+00,7.000858313404023647e-04
1.359670608836843542e+00,7.000852492637932301e-04
1.359787086730364303e+00,7.000848418101668358e-04
1.359903470659774127e+00,7.000843761488795280e-04
1.360019760776554731e+00,7.000840269029140472e-04
1.360135957231822346e+00,7.000835030339658260e-04
1.360252060176327049e+00,7.000830955803394318e-04
1.360368069760456766e+00,7.000826881267130375e-04
1.360483986134236156e+00,7.000821642577648163e-04
1.360599809447327946e+00,7.000818150117993355e-04
1.360715539849036482e+00,7.000814075581729412e-04
1.360831177488305066e+00,7.000808836892247200e-04
1.360946722513720619e+00,7.000804762355983257e-04
1.361062175073512348e+00,7.000800105743110180e-04
1.361177535315554632e+00,7.000796031206846237e-04
1.361292803387366801e+00,7.000792538747191429e-04
1.361407979436115356e+00,7.000787882134318352e-04
1.361523063608614192e+00,7.000783807598054409e-04
1.361638056051326817e+00,7.000779733061790466e-04
1.361752956910365464e+00,7.000775076448917389e-04
1.361867766331495311e+00,7.000771583989262581e-04
1.361982484460132703e+00,7.000767509452998638e-04
1.362097111441347153e+00,7.000762852840125561e-04
1.362211647419863336e+00,7.000758778303861618e-04
1.362326092540061095e+00,7.000755867920815945e-04
1.362440446945977657e+00,7.000751211307942867e-04
1.362554710781306744e+00,7.000747718848288059e-04
1.362668884189402352e+00,7.000742480158805847e-04
1.362782967313277194e+00,7.000740151852369308e-04
1.362896960295605586e+00,7.000736077316105366e-04
1.363010863278723894e+00,7.000732002779841423e-04
1.363124676404631197e+00,7.000727928243577480e-04
1.363238399814991508e+00,7.000724435783922672e-04
1.363352033651133555e+00,7.000720943324267864e-04
1.363465578054052774e+00,7.000717450864613056e-04
1.363579033164411314e+00,7.000713376328349113e-04
1.363692399122540255e+00,7.000708719715476036e-04
1.363805676068439832e+00,7.000705809332430363e-04
1.363918864141780984e+00,7.000701734796166420e-04
1.364031963481906473e+00,7.000698242336511612e-04
1.364144974227830875e+00,7.000695331953465939e-04
1.364257896518242807e+00,7.000690093263983727e-04
1.364370730491505368e+00,7.000687764957547188e-04
1.364483476285657026e+00,7.000684272497892380e-04
1.364596134038413400e+00,7.000680780038237572e-04
1.364708703887167474e+00,7.000676705501973629e-04
1.364821185968990713e+00,7.000673213042318821e-04
1.364933580420634396e+00,7.000669720582664013e-04
1.365045887378530276e+00,7.000666228123009205e-04
1.365158106978792141e+00,7.000662735663354397e-04
1.365270239357216031e+00,7.000660407356917858e-04
1.365382284649281797e+00,7.000655750744044781e-04
1.365494242990153317e+00,7.000652840360999107e-04
1.365606114514680725e+00,7.000649347901344299e-04
1.365717899357400844e+00,7.000645273365080357e-04
1.365829597652536975e+00,7.000642362982034683e-04
1.365941209534001999e+00,7.000639452598989010e-04
1.366052735135397489e+00,7.000635960139334202e-04
1.366164174590015934e+00,7.000631885603070259e-04
1.366275528030840958e+00,7.000628975220024586e-04
1.366386795590548431e+00,7.000626064836978912e-04
1.366497977401507358e+00,7.000623736530542374e-04
1.366609073595781654e+00,7.000619661994278431e-04
1.366720084305129257e+00,7.000616169534623623e-04
1.366831009661005014e+00,7.000613259151577950e-04
1.366941849794560904e+00,7.000610348768532276e-04
1.367052604836646035e+00,7.000607438385486603e-04
1.367163274917809312e+00,7.000603945925831795e-04
1.367273860168298327e+00,7.000599871389567852e-04
1.367384360718062686e+00,7.000597543083131313e-04
1.367494776696752901e+00,7.000594050623476505e-04
1.367605108233721722e+00,7.000590558163821697e-04
1.367715355458026139e+00,7.000588229857385159e-04
1.367825518498427151e+00,7.000585319474339485e-04
1.367935597483390886e+00,7.000581827014684677e-04
1.368045592541089484e+00,7.000578916631639004e-04
1.368155503799402872e+00,7.000576588325202465e-04
1.368265331385918104e+00,7.000573677942156792e-04
1.368375075427931575e+00,7.000570767559111118e-04
1.368484736052449025e+00,7.000567275099456310e-04
1.368594313386186867e+00,7.000564364716410637e-04
1.368703807555573748e+00,7.000561454333364964e-04
1.368813218686749655e+00,7.000558543950319290e-04
1.368922546905568360e+00,7.000555051490664482e-04
1.369031792337597642e+00,7.000553305260837078e-04
1.369140955108119950e+00,7.000549812801182270e-04
1.369250035342133964e+00,7.000546902418136597e-04
1.369359033164354811e+00,7.000544574111700058e-04
1.369467948699215620e+00,7.000541663728654385e-04
1.369576782070867083e+00,7.000538171268999577e-04
1.369685533403179667e+00,7.000534678809344769e-04
1.369794202819743845e+00,7.000533514656126499e-04
1.369902790443870977e+00,7.000530604273080826e-04
1.370011296398594647e+00,7.000528275966644287e-04
1.370119720806669994e+00,7.000524783506989479e-04
1.370228063790576600e+00,7.000521873123943806e-04
1.370336325472518046e+00,7.000519544817507267e-04
1.370444505974422800e+00,7.000516052357852459e-04
1.370552605417945324e+00,7.000513724051415920e-04
1.370660623924466970e+00,7.000511977821588516e-04
1.370768561615096193e+00,7.000509649515151978e-04
1.370876418610670555e+00,7.000506157055497169e-04
1.370984195031756281e+00,7.000504410825669765e-04
1.371091890998650031e+00,7.000500918366014957e-04
1.371199506631378462e+00,7.000499172136187553e-04
1.371307042049700664e+00,7.000496843829751015e-04
1.371414497373107499e+00,7.000492769293487072e-04
1.371521872720823820e+00,7.000491023063659668e-04
1.371629168211807581e+00,7.000488112680613995e-04
1.371736383964752060e+00,7.000486366450786591e-04
1.371843520098086078e+00,7.000484038144350052e-04
1.371950576729974669e+00,7.000481709837913513e-04
1.372057553978319744e+00,7.000478799454867840e-04
1.372164451960761644e+00,7.000476471148431301e-04
1.372271270794679587e+00,7.000473560765385628e-04
1.372378010597191222e+00,7.000471232458949089e-04
1.372484671485155516e+00,7.000468322075903416e-04
1.372591253575171644e+00,7.000466575846076012e-04
1.372697756983580986e+00,7.000463665463030338e-04
1.372804181826467795e+00,7.000461337156593800e-04
1.372910528219658755e+00,7.000459590926766396e-04
1.373016796278724749e+00,7.000457262620329857e-04
1.373122986118982647e+00,7.000454934313893318e-04
1.373229097855493075e+00,7.000452606007456779e-04
1.373335131603064641e+00,7.000450277701020241e-04
1.373441087476251710e+00,7.000448531471192837e-04
1.373546965589357072e+00,7.000446785241365433e-04
1.373652766056431718e+00,7.000443874858319759e-04
1.373758488991276394e+00,7.000442128628492355e-04
1.373864134507441159e+00,7.000439218245446682e-04
1.373969702718227825e+00,7.000436889939010143e-04
1.374075193736688405e+00,7.000434561632573605e-04
1.374180607675627996e+00,7.000432815402746201e-04
1.374285944647604563e+00,7.000430487096309662e-04
1.374391204764928709e+00,7.000428158789873123e-04
1.374496388139666792e+00,7.000425830483436584e-04
1.374601494883639585e+00,7.000424084253609180e-04
1.374706525108423616e+00,7.000421755947172642e-04
1.374811478925351604e+00,7.000420009717345238e-04
1.374916356445513799e+00,7.000418263487517834e-04
1.375021157779758862e+00,7.000415353104472160e-04
1.375125883038692987e+00,7.000414188951253891e-04
1.375230532332682776e+00,7.000411860644817352e-04
1.375335105771853916e+00,7.000409532338380814e-04
1.375439603466093175e+00,7.000407204031944275e-04
1.375544025525048619e+00,7.000405457802116871e-04
1.375648372058130731e+00,7.000404293648898602e-04
1.375752643174512402e+00,7.000401383265852928e-04
1.375856838983130270e+00,7.000399637036025524e-04
1.375960959592684718e+00,7.000397890806198120e-04
1.376065005111641204e+00,7.000396144576370716e-04
1.376168975648230708e+00,7.000393816269934177e-04
1.376272871310450174e+00,7.000392070040106773e-04
1.376376692206063845e+00,7.000389741733670235e-04
1.376480438442602816e+00,7.000387413427233696e-04
1.376584110127367033e+00,7.000385085120797157e-04
1.376687707367424851e+00,7.000383338890969753e-04
1.376791230269614141e+00,7.000381592661142349e-04
1.376894678940543182e+00,7.000379264354705811e-04
1.376998053486591100e+00,7.000378682278096676e-04
1.377101354013908319e+00,7.000376353971660137e-04
1.377204580628417219e+00,7.000374025665223598e-04
1.377307733435813919e+00,7.000372279435396194e-04
1.377410812541566498e+00,7.000370533205568790e-04
1.377513818050918548e+00,7.000368786975741386e-04
1.377616750068887175e+00,7.000367622822523117e-04
1.377719608700266107e+00,7.000365294516086578e-04
1.377822394049624144e+00,7.000363548286259174e-04
1.377925106221306928e+00,7.000361219979822636e-04
1.378027745319437836e+00,7.000360055826604366e-04
1.378130311447917755e+00,7.000357727520167828e-04
1.378232804710425974e+00,7.000356563366949558e-04
1.378335225210421733e+00,7.000354817137122154e-04
1.378437573051143117e+00,7.000352488830685616e-04
1.378539848335609275e+00,7.000350742600858212e-04
1.378642051166620197e+00,7.000348996371030807e-04
1.378744181646757605e+00,7.000347832217812538e-04
1.378846239878385393e+00,7.000347250141203403e-04
1.378948225963650742e+00,7.000344921834766865e-04
1.379050140004484115e+00,7.000342011451721191e-04
1.379151982102599927e+00,7.000340847298502922e-04
1.379253752359497431e+00,7.000339101068675518e-04
1.379355450876461608e+00,7.000337354838848114e-04
1.379457077754562944e+00,7.000335608609020710e-04
1.379558633094658759e+00,7.000333862379193306e-04
1.379660116997392993e+00,7.000332116149365902e-04
1.379761529563198197e+00,7.000330951996147633e-04
1.379862870892294868e+00,7.000328623689711094e-04
1.379964141084692564e+00,7.000328041613101959e-04
1.380065340240189675e+00,7.000325713306665421e-04
1.380166468458375650e+00,7.000323967076838017e-04
1.380267525838630549e+00,7.000322802923619747e-04
1.380368512480125265e+00,7.000321056693792343e-04
1.380469428481822636e+00,7.000319892540574074e-04
1.380570273942478776e+00,7.000318728387355804e-04
1.380671048960641523e+00,7.000316982157528400e-04
1.380771753634653543e+00,7.000314653851091862e-04
1.380872388062651002e+00,7.000313489697873592e-04
1.380972952342564897e+00,7.000311743468046188e-04
1.381073446572122387e+00,7.000309997238218784e-04
1.381173870848845020e+00,7.000309415161609650e-04
1.381274225270052725e+00,7.000307668931782246e-04
1.381374509932860706e+00,7.000305922701954842e-04
1.381474724934182552e+00,7.000304758548736572e-04
1.381574870370730679e+00,7.000303012318909168e-04
1.381674946339014998e+00,7.000301266089081764e-04
1.381774952935345802e+00,7.000300101935863495e-04
1.381874890255832433e+00,7.000298355706036091e-04
1.381974758396385061e+00,7.000296609476208687e-04
1.382074557452714902e+00,7.000296027399599552e-04
1.382174287520334222e+00,7.000293699093163013e-04
1.382273948694557886e+00,7.000292534939944744e-04
1.382373541070502920e+00,7.000290788710117340e-04
1.382473064743090063e+00,7.000290788710117340e-04
1.382572519807042877e+00,7.000288460403680801e-04
1.382671906356889968e+00,7.000286714173853397e-04
1.382771224486964323e+00,7.000285550020635128e-04
1.382870474291404417e+00,7.000283803790807724e-04
1.382969655864154435e+00,7.000282639637589455e-04
1.383068769298965162e+00,7.000282057560980320e-04
1.383167814689393760e+00,7.000280311331152916e-04
1.383266792128805767e+00,7.000278565101325512e-04
1.383365701710373541e+00,7.000278565101325512e-04
1.383464543527078705e+00,7.000275654718279839e-04
1.383563317671711923e+00,7.000273908488452435e-04
1.383662024236873123e+00,7.000274490565061569e-04
1.383760663314972161e+00,7.000272744335234165e-04
1.383859234998229715e+00,7.000270416028797626e-04
1.383957739378677942e+00,7.000269833952188492e-04
1.384056176548159822e+00,7.000268669798970222e-04
1.384154546598330704e+00,7.000266923569142818e-04
1.384252849620659420e+00,7.000265759415924549e-04
1.384351085706426510e+00,7.000265177339315414e-04
1.384449254946727548e+00,7.000262849032878876e-04
1.384547357432471149e+00,7.000262266956269741e-04
1.384645393254381185e+00,7.000259938649833202e-04
1.384743362502997011e+00,7.000259356573224068e-04
1.384841265268672572e+00,7.000257610343396664e-04
1.384939101641579517e+00,7.000257028266787529e-04
1.385036871711704753e+00,7.000255282036960125e-04
1.385134575568853554e+00,7.000254117883741856e-04
1.385232213302647564e+00,7.000252371653914452e-04
1.385329785002527681e+00,7.000252371653914452e-04
1.385427290757752949e+00,7.000251207500696182e-04
1.385524730657401449e+00,7.000249461270868778e-04
1.385622104790371845e+00,7.000248879194259644e-04
1.385719413245381393e+00,7.000247132964432240e-04
1.385816656110969269e+00,7.000245968811213970e-04
1.385913833475494794e+00,7.000244804657995701e-04
1.386010945427139429e+00,7.000243640504777431e-04
1.386107992053906557e+00,7.000242476351559162e-04
1.386204973443622368e+00,7.000241312198340893e-04
1.386301889683935196e+00,7.000240148045122623e-04
1.386398740862317513e+00,7.000238983891904354e-04
1.386495527066066158e+00,7.000237819738686085e-04
1.386592248382301218e+00,7.000236655585467815e-04
1.386688904897968477e+00,7.000235491432249546e-04
1.386785496699839193e+00,7.000234327279031277e-04
1.386882023874509873e+00,7.000233745202422142e-04
1.386978486508404051e+00,7.000232581049203873e-04
1.387074884687770959e+00,7.000230834819376469e-04
1.387171218498688186e+00,7.000229670666158199e-04
1.387267488027060569e+00,7.000228506512939930e-04
