# n, training_loss
0.000000000000000000e+00,2.492187917232513428e-01
1.000555864369093939e+01,1.733480244874954224e-01
2.001111728738187878e+01,1.613290458917617798e-01
3.001667593107281817e+01,1.567969918251037598e-01
4.002223457476375756e+01,1.575495749711990356e-01
5.002779321845469696e+01,1.525418460369110107e-01
6.003335186214563635e+01,1.455671787261962891e-01
7.003891050583658284e+01,1.379327327013015747e-01
8.004446914952751513e+01,1.355919390916824341e-01
9.005002779321844741e+01,1.327265202999114990e-01
1.000555864369093939e+02,1.307158321142196655e-01
1.100611450806003404e+02,1.207116320729255676e-01
1.200667037242912727e+02,1.205926388502120972e-01
1.300722623679822050e+02,1.162778213620185852e-01
1.400778210116731657e+02,1.116729825735092163e-01
1.500833796553640980e+02,1.029608547687530518e-01
1.600889382990550303e+02,1.009591892361640930e-01
1.700944969427459625e+02,9.754927456378936768e-02
1.801000555864368948e+02,1.003193706274032593e-01
1.901056142301278555e+02,1.019850671291351318e-01
2.001111728738187878e+02,9.208939969539642334e-02
2.101167315175097201e+02,9.665860235691070557e-02
2.201222901612006808e+02,8.804364502429962158e-02
2.301278488048916131e+02,8.380999416112899780e-02
2.401334074485825454e+02,8.238041400909423828e-02
2.501389660922734777e+02,8.373011648654937744e-02
2.601445247359644100e+02,8.327552676200866699e-02
2.701500833796553707e+02,8.164890110492706299e-02
2.801556420233463314e+02,7.726440578699111938e-02
2.901612006670372352e+02,7.504544407129287720e-02
3.001667593107281959e+02,7.159297168254852295e-02
3.101723179544190998e+02,7.029590755701065063e-02
3.201778765981100605e+02,6.774680316448211670e-02
3.301834352418010212e+02,6.955513358116149902e-02
3.401889938854919251e+02,6.736967712640762329e-02
3.501945525291828858e+02,6.868614256381988525e-02
3.602001111728737897e+02,6.531244516372680664e-02
3.702056698165647504e+02,6.102495640516281128e-02
3.802112284602557111e+02,6.452216953039169312e-02
3.902167871039466149e+02,6.076018512248992920e-02
4.002223457476375756e+02,5.774644017219543457e-02
4.102279043913285363e+02,5.914765223860740662e-02
4.202334630350194402e+02,6.027632951736450195e-02
4.302390216787104009e+02,5.293277278542518616e-02
4.402445803224013616e+02,5.367401987314224243e-02
4.502501389660922655e+02,5.221019685268402100e-02
4.602556976097832262e+02,5.444369465112686157e-02
4.702612562534741301e+02,5.658856034278869629e-02
4.802668148971650908e+02,5.085727944970130920e-02
4.902723735408560515e+02,4.960016906261444092e-02
5.002779321845469553e+02,4.494662955403327942e-02
5.102834908282379160e+02,5.047803744673728943e-02
5.202890494719288199e+02,4.375354945659637451e-02
5.302946081156197806e+02,4.453145340085029602e-02
5.403001667593107413e+02,4.637779295444488525e-02
5.503057254030017020e+02,4.949756339192390442e-02
5.603112840466926627e+02,4.055440425872802734e-02
5.703168426903835098e+02,4.498822987079620361e-02
5.803224013340744705e+02,4.100610688328742981e-02
5.903279599777654312e+02,4.169712588191032410e-02
6.003335186214563919e+02,3.960354253649711609e-02
6.103390772651473526e+02,4.093215614557266235e-02
6.203446359088381996e+02,4.238562658429145813e-02
6.303501945525291603e+02,3.731077536940574646e-02
6.403557531962201210e+02,3.470906987786293030e-02
6.503613118399110817e+02,3.454875200986862183e-02
6.603668704836020424e+02,3.406328335404396057e-02
6.703724291272928895e+02,3.423987329006195068e-02
6.803779877709838502e+02,3.523648157715797424e-02
6.903835464146748109e+02,3.009225986897945404e-02
7.003891050583657716e+02,3.245269879698753357e-02
7.103946637020567323e+02,3.317342326045036316e-02
7.204002223457475793e+02,3.186019137501716614e-02
7.304057809894385400e+02,3.217249736189842224e-02
7.404113396331295007e+02,3.506946936249732971e-02
7.504168982768204614e+02,3.000316396355628967e-02
7.604224569205114221e+02,3.245797008275985718e-02
7.704280155642023828e+02,2.892997302114963531e-02
7.804335742078932299e+02,2.889650687575340271e-02
7.904391328515841906e+02,2.673884108662605286e-02
8.004446914952751513e+02,3.020896762609481812e-02
8.104502501389661120e+02,2.954227477312088013e-02
8.204558087826570727e+02,2.761266939342021942e-02
8.304613674263479197e+02,2.753189392387866974e-02
8.404669260700388804e+02,2.158186584711074829e-02
8.504724847137298411e+02,2.657004818320274353e-02
8.604780433574208018e+02,2.480383589863777161e-02
8.704836020011117625e+02,2.645006962120532990e-02
8.804891606448027233e+02,2.461636066436767578e-02
8.904947192884935703e+02,2.486337907612323761e-02
9.005002779321845310e+02,2.114276029169559479e-02
9.105058365758754917e+02,1.995214633643627167e-02
9.205113952195664524e+02,2.255679480731487274e-02
9.305169538632574131e+02,2.006799727678298950e-02
9.405225125069482601e+02,1.784283295273780823e-02
9.505280711506392208e+02,2.032832801342010498e-02
9.605336297943301815e+02,1.813255809247493744e-02
9.705391884380211422e+02,1.931934803724288940e-02
9.805447470817121030e+02,1.919595710933208466e-02
9.905503057254029500e+02,1.868529245257377625e-02
1.000555864369093911e+03,1.946107484400272369e-02
1.010561423012784871e+03,1.852658763527870178e-02
1.020566981656475832e+03,1.508781872689723969e-02
1.030572540300166793e+03,1.811959967017173767e-02
1.040578098943857640e+03,2.032945118844509125e-02
1.050583657587548714e+03,1.692410185933113098e-02
1.060589216231239561e+03,1.735539920628070831e-02
1.070594774874930408e+03,1.644198410212993622e-02
1.080600333518621483e+03,1.451704837381839752e-02
1.090605892162312330e+03,1.351596415042877197e-02
1.100611450806003404e+03,1.504386495798826218e-02
1.110617009449694251e+03,1.594772934913635254e-02
1.120622568093385325e+03,1.654874347150325775e-02
1.130628126737076173e+03,1.493673119693994522e-02
1.140633685380767020e+03,1.567435637116432190e-02
1.150639244024458094e+03,1.648202165961265564e-02
1.160644802668148941e+03,1.139220595359802246e-02
1.170650361311840015e+03,1.446207147091627121e-02
1.180655919955530862e+03,1.211363915354013443e-02
1.190661478599221709e+03,1.759441010653972626e-02
1.200667037242912784e+03,1.196417305618524551e-02
1.210672595886603631e+03,1.383182127028703690e-02
1.220678154530294705e+03,1.305479183793067932e-02
1.230683713173985552e+03,1.359446626156568527e-02
1.240689271817676399e+03,1.447660289704799652e-02
1.250694830461367474e+03,1.417097356170415878e-02
1.260700389105058321e+03,1.089306548237800598e-02
1.270705947748749395e+03,1.284471713006496429e-02
1.280711506392440242e+03,1.511226221919059753e-02
1.290717065036131089e+03,1.353909447789192200e-02
1.300722623679822163e+03,1.120449695736169815e-02
1.310728182323513010e+03,1.364608574658632278e-02
1.320733740967204085e+03,1.244000345468521118e-02
1.330739299610894932e+03,1.322369091212749481e-02
1.340744858254585779e+03,1.220236532390117645e-02
1.350750416898276853e+03,1.142179500311613083e-02
1.360755975541967700e+03,1.293959561735391617e-02
1.370761534185658775e+03,1.084242947399616241e-02
1.380767092829349622e+03,1.186075247824192047e-02
1.390772651473040469e+03,1.120717357844114304e-02
1.400778210116731543e+03,9.714517742395401001e-03
1.410783768760422390e+03,1.136153750121593475e-02
1.420789327404113465e+03,1.028764620423316956e-02
1.430794886047804312e+03,8.329731412231922150e-03
1.440800444691495159e+03,1.120999921113252640e-02
1.450806003335186233e+03,1.268861163407564163e-02
1.460811561978877080e+03,8.511434309184551239e-03
1.470817120622568154e+03,8.489223197102546692e-03
1.480822679266259001e+03,9.017582051455974579e-03
1.490828237909950076e+03,8.013437502086162567e-03
1.500833796553640923e+03,1.063590217381715775e-02
1.510839355197331770e+03,8.476579561829566956e-03
1.520844913841022844e+03,1.075123064219951630e-02
1.530850472484713691e+03,9.562836028635501862e-03
1.540856031128404766e+03,8.553490042686462402e-03
1.550861589772095613e+03,8.531442843377590179e-03
1.560867148415786460e+03,1.059283781796693802e-02
1.570872707059477534e+03,9.635277092456817627e-03
1.580878265703168381e+03,8.308517746627330780e-03
1.590883824346859456e+03,8.683193475008010864e-03
1.600889382990550303e+03,8.458650670945644379e-03
1.610894941634241150e+03,9.364073164761066437e-03
1.620900500277932224e+03,6.697029806673526764e-03
1.630906058921623071e+03,7.508868817239999771e-03
1.640911617565314145e+03,7.648232392966747284e-03
1.650917176209004992e+03,9.388994425535202026e-03
1.660922734852695839e+03,9.265296161174774170e-03
1.670928293496386914e+03,7.414394523948431015e-03
1.680933852140077761e+03,7.662337739020586014e-03
1.690939410783768835e+03,8.596282452344894409e-03
1.700944969427459682e+03,6.371486466377973557e-03
1.710950528071150529e+03,7.803841028362512589e-03
1.720956086714841604e+03,6.333893164992332458e-03
1.730961645358532451e+03,7.461888249963521957e-03
1.740967204002223525e+03,8.351685479283332825e-03
1.750972762645914372e+03,6.499911192804574966e-03
1.760978321289605447e+03,6.618705112487077713e-03
1.770983879933296294e+03,9.075167588889598846e-03
1.780989438576987141e+03,6.950453855097293854e-03
1.790994997220678215e+03,6.571493111550807953e-03
1.801000555864369062e+03,7.552015595138072968e-03
1.811006114508060136e+03,6.215908564627170563e-03
1.821011673151750983e+03,6.785299628973007202e-03
1.831017231795441830e+03,8.239855058491230011e-03
1.841022790439132905e+03,8.667518384754657745e-03
1.851028349082823752e+03,5.988996941596269608e-03
1.861033907726514826e+03,6.936920341104269028e-03
1.871039466370205673e+03,8.347527123987674713e-03
1.881045025013896520e+03,6.259686313569545746e-03
1.891050583657587595e+03,6.623784545809030533e-03
1.901056142301278442e+03,5.348163191229104996e-03
1.911061700944969516e+03,6.912039592862129211e-03
1.921067259588660363e+03,6.530584767460823059e-03
1.931072818232351210e+03,6.144891958683729172e-03
1.941078376876042284e+03,4.901863634586334229e-03
1.951083935519733132e+03,5.883995909243822098e-03
1.961089494163424206e+03,5.980732385069131851e-03
1.971095052807115053e+03,4.789532627910375595e-03
1.981100611450805900e+03,4.362324252724647522e-03
1.991106170094496974e+03,5.030894186347723007e-03
2.001111728738187821e+03,4.942071624100208282e-03
2.011117287381878896e+03,8.132576942443847656e-03
2.021122846025569743e+03,5.444400012493133545e-03
2.031128404669260590e+03,5.517963320016860962e-03
2.041133963312951664e+03,5.972285754978656769e-03
2.051139521956642511e+03,6.263788789510726929e-03
2.061145080600333586e+03,5.178836639970541000e-03
2.071150639244024660e+03,5.800359882414340973e-03
2.081156197887715280e+03,4.560677334666252136e-03
2.091161756531406354e+03,7.156755775213241577e-03
2.101167315175097428e+03,6.889110431075096130e-03
2.111172873818788048e+03,7.502699736505746841e-03
2.121178432462479122e+03,5.132707767188549042e-03
2.131183991106170197e+03,4.482145421206951141e-03
2.141189549749860817e+03,5.646645557135343552e-03
2.151195108393551891e+03,5.003671161830425262e-03
2.161200667037242965e+03,3.684196621179580688e-03
2.171206225680934040e+03,4.320178180932998657e-03
2.181211784324624659e+03,4.743676166981458664e-03
2.191217342968315734e+03,5.115935113281011581e-03
2.201222901612006808e+03,5.218079779297113419e-03
2.211228460255697428e+03,3.707912052050232887e-03
2.221234018899388502e+03,7.267410866916179657e-03
2.231239577543079577e+03,4.147828556597232819e-03
2.241245136186770651e+03,6.884492468088865280e-03
2.251250694830461271e+03,5.267287604510784149e-03
2.261256253474152345e+03,4.270157776772975922e-03
2.271261812117843419e+03,3.623531665652990341e-03
2.281267370761534039e+03,3.039921633899211884e-03
2.291272929405225113e+03,6.184035446494817734e-03
2.301278488048916188e+03,5.822900217026472092e-03
2.311284046692606807e+03,4.369215574115514755e-03
2.321289605336297882e+03,5.601278971880674362e-03
2.331295163979988956e+03,5.506122484803199768e-03
2.341300722623680031e+03,6.569579709321260452e-03
2.351306281267370650e+03,3.877484705299139023e-03
2.361311839911061725e+03,5.434140563011169434e-03
2.371317398554752799e+03,4.610481671988964081e-03
2.381322957198443419e+03,6.502024363726377487e-03
2.391328515842134493e+03,4.482760094106197357e-03
2.401334074485825568e+03,5.170663353055715561e-03
2.411339633129516187e+03,7.371458690613508224e-03
2.421345191773207262e+03,5.459503736346960068e-03
2.431350750416898336e+03,4.468546714633703232e-03
2.441356309060589410e+03,5.265585612505674362e-03
2.451361867704280030e+03,4.754594061523675919e-03
2.461367426347971104e+03,3.864235943183302879e-03
2.471372984991662179e+03,4.589373245835304260e-03
2.481378543635352798e+03,6.005302537232637405e-03
2.491384102279043873e+03,4.437293391674757004e-03
2.501389660922734947e+03,5.805948749184608459e-03
2.511395219566425567e+03,5.568758584558963776e-03
2.521400778210116641e+03,3.632192267104983330e-03
2.531406336853807716e+03,4.186225123703479767e-03
2.541411895497498790e+03,3.510857466608285904e-03
2.551417454141189410e+03,3.523339284583926201e-03
2.561423012784880484e+03,4.588382784277200699e-03
2.571428571428571558e+03,4.063265863806009293e-03
2.581434130072262178e+03,3.812968498095870018e-03
2.591439688715953253e+03,3.580818884074687958e-03
2.601445247359644327e+03,4.333905875682830811e-03
2.611450806003335401e+03,4.979402758181095123e-03
2.621456364647026021e+03,5.782260093837976456e-03
2.631461923290717095e+03,5.242509767413139343e-03
2.641467481934408170e+03,4.696344956755638123e-03
2.651473040578098789e+03,6.842949893325567245e-03
2.661478599221789864e+03,5.949660204350948334e-03
2.671484157865480938e+03,4.496765322983264923e-03
2.681489716509171558e+03,4.556205123662948608e-03
2.691495275152862632e+03,4.059158731251955032e-03
2.701500833796553707e+03,5.081190261989831924e-03
2.711506392440244781e+03,4.497745074331760406e-03
2.721511951083935401e+03,4.517300520092248917e-03
2.731517509727626475e+03,5.087743047624826431e-03
2.741523068371317549e+03,5.110921803861856461e-03
2.751528627015008169e+03,6.244087591767311096e-03
2.761534185658699244e+03,4.245426505804061890e-03
2.771539744302390318e+03,4.491266328841447830e-03
2.781545302946080938e+03,5.665331613272428513e-03
2.791550861589772012e+03,3.092390019446611404e-03
2.801556420233463086e+03,4.252435639500617981e-03
2.811561978877154161e+03,4.837055224925279617e-03
2.821567537520844780e+03,4.241181071847677231e-03
2.831573096164535855e+03,3.641745774075388908e-03
2.841578654808226929e+03,5.025178659707307816e-03
2.851584213451917549e+03,3.304776968434453011e-03
2.861589772095608623e+03,4.706729669123888016e-03
2.871595330739299698e+03,4.737988580018281937e-03
2.881600889382990317e+03,3.052174113690853119e-03
2.891606448026681392e+03,4.989943932741880417e-03
2.901612006670372466e+03,7.472820580005645752e-03
2.911617565314063540e+03,4.385739099234342575e-03
2.921623123957754160e+03,6.565894000232219696e-03
2.931628682601445234e+03,5.749336909502744675e-03
2.941634241245136309e+03,4.126681014895439148e-03
2.951639799888826929e+03,2.748269820585846901e-03
2.961645358532518003e+03,4.538778681308031082e-03
2.971650917176209077e+03,2.709154505282640457e-03
2.981656475819900152e+03,4.047667142003774643e-03
2.991662034463590771e+03,3.799090627580881119e-03
3.001667593107281846e+03,5.456622689962387085e-03
3.011673151750972920e+03,2.126130508258938789e-03
3.021678710394663540e+03,4.351597744971513748e-03
3.031684269038354614e+03,4.592841491103172302e-03
3.041689827682045689e+03,4.362573381513357162e-03
3.051695386325736308e+03,6.529537960886955261e-03
3.061700944969427383e+03,4.367851186543703079e-03
3.071706503613118457e+03,3.744062501937150955e-03
3.081712062256809531e+03,4.052092786878347397e-03
3.091717620900500151e+03,3.722845111042261124e-03
3.101723179544191225e+03,3.464067820459604263e-03
3.111728738187882300e+03,4.299506079405546188e-03
3.121734296831572919e+03,5.696753505617380142e-03
3.131739855475263994e+03,5.429668352007865906e-03
3.141745414118955068e+03,4.265035968273878098e-03
3.151750972762645688e+03,4.567752592265605927e-03
3.161756531406336762e+03,4.557084292173385620e-03
3.171762090050027837e+03,4.559592343866825104e-03
3.181767648693718911e+03,3.155498998239636421e-03
3.191773207337409531e+03,3.136786399409174919e-03
3.201778765981100605e+03,3.456753212958574295e-03
3.211784324624791680e+03,5.646901670843362808e-03
3.221789883268482299e+03,4.268922377377748489e-03
3.231795441912173374e+03,4.282843321561813354e-03
3.241801000555864448e+03,3.411578712984919548e-03
3.251806559199555522e+03,4.538279026746749878e-03
3.261812117843246142e+03,4.288765136152505875e-03
3.271817676486937216e+03,4.001452121883630753e-03
3.281823235130628291e+03,3.707104362547397614e-03
3.291828793774318910e+03,4.210927989333868027e-03
3.301834352418009985e+03,4.273004829883575439e-03
3.311839911061701059e+03,3.711571218445897102e-03
3.321845469705391679e+03,3.934144042432308197e-03
3.331851028349082753e+03,4.784370306879281998e-03
3.341856586992773828e+03,4.505587276071310043e-03
3.351862145636464902e+03,2.552522579208016396e-03
3.361867704280155522e+03,3.088681958615779877e-03
3.371873262923846596e+03,3.986645489931106567e-03
3.381878821567537670e+03,3.923405427485704422e-03
3.391884380211228290e+03,2.531336853280663490e-03
3.401889938854919365e+03,3.910643514245748520e-03
3.411895497498610439e+03,4.742668475955724716e-03
3.421901056142301059e+03,4.768970422446727753e-03
3.431906614785992133e+03,2.559694228693842888e-03
3.441912173429683207e+03,3.361504524946212769e-03
3.451917732073374282e+03,5.292583256959915161e-03
3.461923290717064901e+03,3.322681179270148277e-03
3.471928849360755976e+03,2.520607318729162216e-03
3.481934408004447050e+03,3.358869580551981926e-03
3.491939966648137670e+03,3.355904947966337204e-03
3.501945525291828744e+03,4.184647463262081146e-03
3.511951083935519819e+03,4.452109802514314651e-03
3.521956642579210893e+03,3.076900029554963112e-03
3.531962201222901513e+03,4.392939154058694839e-03
3.541967759866592587e+03,4.184602759778499603e-03
3.551973318510283661e+03,4.178069997578859329e-03
3.561978877153974281e+03,2.822245471179485321e-03
3.571984435797665355e+03,3.628849051892757416e-03
3.581989994441356430e+03,2.794638974592089653e-03
3.591995553085047050e+03,1.868485938757658005e-03
3.602001111728738124e+03,3.106257878243923187e-03
3.612006670372429198e+03,4.463636782020330429e-03
3.622012229016120273e+03,3.921521827578544617e-03
3.632017787659810892e+03,3.608742961660027504e-03
3.642023346303501967e+03,5.562196951359510422e-03
3.652028904947193041e+03,2.637468045577406883e-03
3.662034463590883661e+03,3.033878980204463005e-03
3.672040022234574735e+03,2.124513499438762665e-03
3.682045580878265810e+03,4.174156114459037781e-03
3.692051139521956429e+03,4.428899846971035004e-03
3.702056698165647504e+03,2.777675166726112366e-03
3.712062256809338578e+03,2.764657372608780861e-03
3.722067815453029652e+03,2.462284406647086143e-03
3.732073374096720272e+03,3.026344114914536476e-03
3.742078932740411346e+03,2.753309439867734909e-03
3.752084491384102421e+03,2.503938740119338036e-03
3.762090050027793040e+03,5.806780885905027390e-03
3.772095608671484115e+03,3.304848913103342056e-03
3.782101167315175189e+03,2.748680766671895981e-03
3.792106725958865809e+03,3.845661412924528122e-03
3.802112284602556883e+03,3.283215686678886414e-03
3.812117843246247958e+03,4.115829709917306900e-03
3.822123401889939032e+03,3.839326789602637291e-03
3.832128960533629652e+03,4.105076193809509277e-03
3.842134519177320726e+03,4.104074556380510330e-03
3.852140077821011801e+03,3.831491339951753616e-03
3.862145636464702420e+03,3.561121178790926933e-03
3.872151195108393495e+03,4.084721673280000687e-03
3.882156753752084569e+03,2.713467460125684738e-03
3.892162312395775643e+03,3.263228572905063629e-03
3.902167871039466263e+03,4.650587681680917740e-03
3.912173429683157337e+03,4.364633467048406601e-03
3.922178988326848412e+03,2.698924858123064041e-03
3.932184546970539031e+03,3.822965780273079872e-03
3.942190105614230106e+03,4.918256774544715881e-03
3.952195664257921180e+03,4.086902365088462830e-03
3.962201222901611800e+03,5.192398559302091599e-03
3.972206781545302874e+03,2.694678260013461113e-03
3.982212340188993949e+03,3.512476803734898567e-03
3.992217898832685023e+03,2.117725787684321404e-03
4.002223457476375643e+03,4.638574086129665375e-03
4.012229016120066717e+03,3.512413240969181061e-03
4.022234574763757792e+03,3.801235696300864220e-03
4.032240133407448411e+03,4.351792857050895691e-03
4.042245692051139486e+03,3.794275922700762749e-03
4.052251250694830560e+03,3.509317524731159210e-03
4.062256809338521180e+03,5.172291770577430725e-03
4.072262367982212254e+03,3.244849387556314468e-03
4.082267926625903328e+03,2.125215716660022736e-03
4.092273485269594403e+03,5.169909913092851639e-03
4.102279043913285022e+03,2.119876444339752197e-03
4.112284602556976097e+03,5.439818836748600006e-03
4.122290161200667171e+03,3.500095568597316742e-03
4.132295719844358246e+03,3.224035957828164101e-03
4.142301278488049320e+03,4.047442227602005005e-03
4.152306837131739485e+03,2.930729882791638374e-03
4.162312395775430559e+03,3.228469286113977432e-03
4.172317954419121634e+03,3.771852469071745872e-03
4.182323513062812708e+03,4.036824684590101242e-03
4.192329071706503782e+03,2.938839141279459000e-03
4.202334630350194857e+03,3.218960249796509743e-03
4.212340188993885931e+03,3.204459790140390396e-03
4.222345747637576096e+03,4.598563071340322495e-03
4.232351306281267171e+03,2.374260453507304192e-03
4.242356864924958245e+03,3.221778431907296181e-03
4.252362423568649319e+03,2.648996422067284584e-03
4.262367982212340394e+03,2.364566316828131676e-03
4.272373540856031468e+03,2.927711000666022301e-03
4.282379099499721633e+03,2.382429083809256554e-03
4.292384658143412707e+03,3.471779869869351387e-03
4.302390216787103782e+03,4.029845353215932846e-03
4.312395775430794856e+03,4.584035836160182953e-03
4.322401334074485931e+03,3.194829681888222694e-03
4.332406892718177005e+03,3.725305665284395218e-03
4.342412451361868079e+03,4.528089426457881927e-03
4.352418010005558244e+03,2.948556542396545410e-01
4.362423568649249319e+03,2.791807651519775391e-01
4.372429127292940393e+03,2.803435623645782471e-01
4.382434685936631467e+03,2.875555455684661865e-01
4.392440244580322542e+03,2.813963294029235840e-01
4.402445803224013616e+03,2.612745761871337891e-01
4.412451361867704691e+03,2.629834115505218506e-01
4.422456920511394856e+03,2.437741756439208984e-01
4.432462479155085930e+03,2.436701953411102295e-01
4.442468037798777004e+03,2.204765677452087402e-01
4.452473596442468079e+03,2.274083495140075684e-01
4.462479155086159153e+03,2.098316103219985962e-01
4.472484713729850228e+03,1.885654479265213013e-01
4.482490272373541302e+03,1.736206412315368652e-01
4.492495831017231467e+03,1.444050520658493042e-01
4.502501389660922541e+03,1.148981750011444092e-01
4.512506948304613616e+03,8.286521583795547485e-02
4.522512506948304690e+03,5.873758718371391296e-02
4.532518065591995764e+03,5.343369394540786743e-02
4.542523624235686839e+03,3.171295300126075745e-02
4.552529182879377004e+03,3.347495198249816895e-02
4.562534741523068078e+03,2.482173219323158264e-02
4.572540300166759152e+03,2.152231521904468536e-02
4.582545858810450227e+03,2.255965583026409149e-02
4.592551417454141301e+03,1.517098583281040192e-02
4.602556976097832376e+03,1.214171946048736572e-02
4.612562534741523450e+03,8.891191333532333374e-03
4.622568093385213615e+03,8.415976539254188538e-03
4.632573652028904689e+03,8.109254762530326843e-03
4.642579210672595764e+03,5.130117759108543396e-03
4.652584769316286838e+03,5.322505719959735870e-03
4.662590327959977913e+03,6.737887393683195114e-03
4.672595886603668987e+03,5.918238777667284012e-03
4.682601445247360061e+03,2.598377410322427750e-03
4.692607003891050226e+03,5.275006871670484543e-03
4.702612562534741301e+03,2.407037420198321342e-03
4.712618121178432375e+03,4.577619954943656921e-03
4.722623679822123449e+03,4.634650889784097672e-03
4.732629238465814524e+03,4.571510944515466690e-03
4.742634797109505598e+03,4.454085137695074081e-03
4.752640355753195763e+03,3.305407240986824036e-03
4.762645914396886837e+03,2.917115809395909309e-03
4.772651473040577912e+03,3.856430761516094208e-03
4.782657031684268986e+03,5.528858862817287445e-03
4.792662590327960061e+03,3.211312461644411087e-03
4.802668148971651135e+03,3.762918058782815933e-03
4.812673707615342209e+03,3.758014179766178131e-03
4.822679266259032374e+03,3.720385255292057991e-03
4.832684824902723449e+03,5.670803133398294449e-03
4.842690383546414523e+03,4.502607509493827820e-03
4.852695942190105598e+03,5.300058051943778992e-03
4.862701500833796672e+03,2.476523863151669502e-03
4.872707059477487746e+03,4.495614673942327499e-03
4.882712618121178821e+03,3.870123764500021935e-03
4.892718176764868986e+03,2.248832955956459045e-03
4.902723735408560060e+03,2.840898931026458740e-03
4.912729294052251134e+03,5.007174797356128693e-03
4.922734852695942209e+03,3.867651103064417839e-03
4.932740411339633283e+03,5.743175279349088669e-03
4.942745969983324358e+03,3.766536479815840721e-03
4.952751528627015432e+03,4.377967212349176407e-03
4.962757087270705597e+03,2.905351575464010239e-03
4.972762645914396671e+03,3.558640135452151299e-03
4.982768204558087746e+03,3.801023820415139198e-03
4.992773763201778820e+03,3.772459691390395164e-03
5.002779321845469894e+03,2.405064646154642105e-03
5.012784880489160969e+03,5.150579847395420074e-03
5.022790439132851134e+03,3.735288279131054878e-03
5.032795997776542208e+03,4.283454269170761108e-03
5.042801556420233283e+03,1.759068574756383896e-03
5.052807115063924357e+03,4.567074123769998550e-03
5.062812673707615431e+03,3.732074517756700516e-03
5.072818232351306506e+03,3.137639956548810005e-03
5.082823790994997580e+03,4.281514789909124374e-03
5.092829349638687745e+03,2.330560004338622093e-03
5.102834908282378819e+03,2.611156320199370384e-03
5.112840466926069894e+03,2.617018995806574821e-03
5.122846025569760968e+03,4.795837216079235077e-03
5.132851584213452043e+03,3.428028430789709091e-03
5.142857142857143117e+03,3.418329637497663498e-03
5.152862701500834191e+03,4.263238050043582916e-03
5.162868260144524356e+03,3.429173026233911514e-03
5.172873818788215431e+03,3.400367219001054764e-03
5.182879377431906505e+03,3.422102658078074455e-03
5.192884936075597579e+03,2.011243719607591629e-03
5.202890494719288654e+03,2.857982413843274117e-03
5.212896053362979728e+03,5.898471921682357788e-03
5.222901612006670803e+03,3.155155107378959656e-03
5.232907170650360968e+03,2.805975498631596565e-03
5.242912729294052042e+03,3.091676626354455948e-03
5.252918287937743116e+03,3.639310365542769432e-03
5.262923846581434191e+03,4.473291803151369095e-03
5.272929405225125265e+03,3.067955607548356056e-03
5.282934963868816340e+03,4.723487421870231628e-03
5.292940522512506504e+03,3.630957100540399551e-03
5.302946081156197579e+03,1.949612866155803204e-03
5.312951639799888653e+03,4.419367294758558273e-03
5.322957198443579728e+03,3.059312002733349800e-03
5.332962757087270802e+03,3.909492399543523788e-03
5.342968315730961876e+03,4.977837670594453812e-03
5.352973874374652951e+03,2.767483005300164223e-03
5.362979433018343116e+03,4.171718377619981766e-03
5.372984991662034190e+03,6.082233507186174393e-03
5.382990550305725264e+03,3.585546975955367088e-03
5.392996108949416339e+03,3.585661295801401138e-03
5.403001667593107413e+03,6.102341692894697189e-03
5.413007226236798488e+03,3.029084764420986176e-03
5.423012784880489562e+03,3.581732744351029396e-03
5.433018343524179727e+03,3.304132493212819099e-03
5.443023902167870801e+03,4.972233902662992477e-03
5.453029460811561876e+03,3.589388681575655937e-03
5.463035019455252950e+03,3.575607435777783394e-03
5.473040578098944025e+03,3.593065310269594193e-03
5.483046136742635099e+03,3.317187074571847916e-03
5.493051695386326173e+03,3.031695261597633362e-03
5.503057254030016338e+03,4.121372941881418228e-03
5.513062812673707413e+03,3.008890198543667793e-03
5.523068371317398487e+03,1.361491973511874676e-03
5.533073929961089561e+03,2.163778990507125854e-03
5.543079488604780636e+03,3.535599680617451668e-03
5.553085047248471710e+03,4.124467261135578156e-03
5.563090605892161875e+03,3.837802214547991753e-03
5.573096164535852949e+03,3.000824712216854095e-03
5.583101723179544024e+03,4.097170662134885788e-03
5.593107281823235098e+03,3.564961953088641167e-03
5.603112840466926173e+03,3.262144280597567558e-03
5.613118399110617247e+03,3.549024462699890137e-03
5.623123957754308321e+03,3.552556037902832031e-03
5.633129516397998486e+03,2.440059557557106018e-03
5.643135075041689561e+03,4.371234681457281113e-03
5.653140633685380635e+03,1.872032182291150093e-03
5.663146192329071710e+03,4.082737490534782410e-03
5.673151750972762784e+03,4.933634772896766663e-03
5.683157309616453858e+03,5.743176676332950592e-03
5.693162868260144933e+03,4.637575242668390274e-03
5.703168426903835098e+03,2.415626076981425285e-03
5.713173985547526172e+03,3.804079489782452583e-03
5.723179544191217246e+03,4.094019532203674316e-03
5.733185102834908321e+03,3.233905415982007980e-03
5.743190661478599395e+03,4.368545021861791611e-03
5.753196220122290470e+03,4.075597506016492844e-03
5.763201778765980634e+03,3.512538736686110497e-03
5.773207337409671709e+03,3.511830698698759079e-03
5.783212896053362783e+03,5.724729970097541809e-03
5.793218454697053858e+03,3.519713180139660835e-03
5.803224013340744932e+03,3.798315301537513733e-03
5.813229571984436006e+03,3.786479821428656578e-03
5.823235130628127081e+03,3.510265378281474113e-03
5.833240689271817246e+03,2.961356425657868385e-03
5.843246247915508320e+03,4.621497821062803268e-03
5.853251806559199395e+03,2.950857626274228096e-03
5.863257365202890469e+03,1.278839306905865669e-03
5.873262923846581543e+03,2.118445467203855515e-03
5.883268482490272618e+03,3.519897116348147392e-03
5.893274041133963692e+03,2.673429204151034355e-03
5.903279599777653857e+03,2.394466428086161613e-03
5.913285158421344931e+03,3.509561065584421158e-03
5.923290717065036006e+03,2.670720918104052544e-03
5.933296275708727080e+03,3.213094314560294151e-03
5.943301834352418155e+03,3.216051496565341949e-03
5.953307392996109229e+03,3.492779331281781197e-03
5.963312951639800303e+03,3.244949039071798325e-03
5.973318510283490468e+03,3.237749915570020676e-03
5.983324068927181543e+03,3.789690323173999786e-03
5.993329627570872617e+03,4.054311662912368774e-03
6.003335186214563691e+03,4.332803189754486084e-03
6.013340744858254766e+03,2.944457810372114182e-03
6.023346303501945840e+03,4.881977569311857224e-03
6.033351862145636005e+03,2.652667695656418800e-03
6.043357420789327080e+03,2.933150157332420349e-03
6.053362979433018154e+03,3.204520093277096748e-03
6.063368538076709228e+03,3.211682429537177086e-03
6.073374096720400303e+03,2.370312577113509178e-03
6.083379655364091377e+03,3.203725907951593399e-03
6.093385214007782452e+03,2.928791567683219910e-03
6.103390772651472616e+03,3.479230217635631561e-03
6.113396331295163691e+03,4.036128986626863480e-03
6.123401889938854765e+03,2.923022257164120674e-03
6.133407448582545840e+03,3.759606508538126945e-03
6.143413007226236914e+03,4.050353541970252991e-03
6.153418565869927988e+03,3.754051635041832924e-03
6.163424124513619063e+03,1.801262376829981804e-03
6.173429683157309228e+03,3.202253486961126328e-03
6.183435241801000302e+03,3.478001104667782784e-03
6.193440800444691376e+03,2.364331856369972229e-03
6.203446359088382451e+03,2.361495746299624443e-03
6.213451917732073525e+03,3.742613829672336578e-03
6.223457476375764600e+03,3.195932367816567421e-03
6.233463035019455674e+03,4.857061430811882019e-03
6.243468593663145839e+03,2.075742697343230247e-03
6.253474152306836913e+03,1.519432873465120792e-03
6.263479710950527988e+03,3.465259447693824768e-03
6.273485269594219062e+03,3.459004452452063560e-03
6.283490828237910137e+03,4.580957815051078796e-03
6.293496386881601211e+03,3.175924066454172134e-03
6.303501945525291376e+03,4.006035160273313522e-03
6.313507504168982450e+03,4.844631534069776535e-03
6.323513062812673525e+03,2.344644861295819283e-03
6.333518621456364599e+03,4.285372793674468994e-03
6.343524180100055673e+03,2.893511904403567314e-03
6.353529738743746748e+03,4.566612653434276581e-03
6.363535297387437822e+03,2.892764983698725700e-03
6.373540856031127987e+03,2.627526875585317612e-03
6.383546414674819061e+03,3.451437689363956451e-03
6.393551973318510136e+03,3.731636330485343933e-03
6.403557531962201210e+03,2.894067903980612755e-03
6.413563090605892285e+03,2.343776868656277657e-03
6.423568649249583359e+03,3.161270171403884888e-03
6.433574207893274433e+03,2.623330801725387573e-03
6.443579766536964598e+03,2.626175060868263245e-03
6.453585325180655673e+03,2.340646693482995033e-03
6.463590883824346747e+03,4.556347616016864777e-03
6.473596442468037822e+03,2.908905502408742905e-03
6.483602001111728896e+03,4.563598427921533585e-03
6.493607559755419970e+03,3.170143114402890205e-03
6.503613118399111045e+03,3.161186818033456802e-03
6.513618677042801210e+03,1.506689470261335373e-03
6.523624235686492284e+03,3.995043691247701645e-03
6.533629794330183358e+03,3.717217361554503441e-03
6.543635352973874433e+03,3.999426960945129395e-03
6.553640911617565507e+03,3.443680005148053169e-03
6.563646470261256582e+03,4.826273303478956223e-03
6.573652028904946746e+03,4.824921488761901855e-03
6.583657587548637821e+03,4.271371290087699890e-03
6.593663146192328895e+03,3.160329535603523254e-03
6.603668704836019970e+03,2.613136777654290199e-03
6.613674263479711044e+03,2.352438867092132568e-03
6.623679822123402118e+03,3.443978261202573776e-03
6.633685380767093193e+03,2.047118963673710823e-03
6.643690939410783358e+03,3.993451129645109177e-03
6.653696498054474432e+03,2.608438720926642418e-03
6.663702056698165507e+03,2.322687068954110146e-03
6.673707615341856581e+03,1.766963396221399307e-03
6.683713173985547655e+03,2.892283722758293152e-03
6.693718732629238730e+03,3.986470401287078857e-03
6.703724291272929804e+03,1.776020857505500317e-03
6.713729849916619969e+03,3.164602443575859070e-03
6.723735408560311043e+03,2.605364657938480377e-03
6.733740967204002118e+03,3.992120269685983658e-03
6.743746525847693192e+03,3.166075795888900757e-03
6.753752084491384267e+03,4.262179136276245117e-03
6.763757643135075341e+03,3.148407908156514168e-03
6.773763201778766415e+03,4.260782618075609207e-03
6.783768760422456580e+03,2.871281933039426804e-03
6.793774319066147655e+03,3.153599100187420845e-03
6.803779877709838729e+03,4.824001807719469070e-03
6.813785436353529803e+03,4.820289555937051773e-03
6.823790994997220878e+03,2.311824588105082512e-03
6.833796553640911952e+03,3.141277236863970757e-03
6.843802112284602117e+03,3.420117544010281563e-03
6.853807670928293192e+03,3.986989147961139679e-03
6.863813229571984266e+03,3.425512230023741722e-03
6.873818788215675340e+03,5.642614327371120453e-03
6.883824346859366415e+03,2.871310804039239883e-03
6.893829905503057489e+03,4.255752544850111008e-03
6.903835464146748564e+03,3.422496607527136803e-03
6.913841022790438728e+03,3.143234178423881531e-03
6.923846581434129803e+03,3.142624394968152046e-03
6.933852140077820877e+03,2.037942642346024513e-03
6.943857698721511952e+03,3.693436039611697197e-03
6.953863257365203026e+03,4.245131742209196091e-03
6.963868816008894100e+03,2.022749744355678558e-03
6.973874374652585175e+03,5.092207342386245728e-03
6.983879933296275340e+03,2.854728139936923981e-03
6.993885491939966414e+03,3.695904510095715523e-03
7.003891050583657488e+03,3.129648510366678238e-03
7.013896609227348563e+03,4.247742239385843277e-03
7.023902167871039637e+03,2.853506943210959435e-03
7.033907726514730712e+03,1.192649593576788902e-03
7.043913285158421786e+03,3.693595994263887405e-03
7.053918843802111951e+03,4.521207418292760849e-03
7.063924402445803025e+03,2.301281783729791641e-03
7.073929961089494100e+03,3.402866423130035400e-03
7.083935519733185174e+03,3.126444993540644646e-03
7.093941078376876249e+03,2.579713240265846252e-03
7.103946637020567323e+03,3.686360782012343407e-03
7.113952195664257488e+03,1.336831832304596901e-03
7.123957754307948562e+03,3.147415118291974068e-03
7.133963312951639637e+03,3.702890593558549881e-03
7.143968871595330711e+03,3.410198492929339409e-03
7.153974430239021785e+03,3.419416723772883415e-03
7.163979988882712860e+03,3.138381522148847580e-03
7.173985547526403934e+03,3.403558395802974701e-03
7.183991106170094099e+03,4.246098455041646957e-03
7.193996664813785173e+03,2.849208656698465347e-03
7.204002223457476248e+03,3.682558890432119370e-03
7.214007782101167322e+03,3.408756107091903687e-03
7.224013340744858397e+03,3.957463894039392471e-03
7.234018899388549471e+03,2.859413390979170799e-03
7.244024458032240545e+03,3.763788612559437752e-03
7.254030016675930710e+03,2.034229226410388947e-03
7.264035575319621785e+03,2.579448977485299110e-03
7.274041133963312859e+03,3.686694661155343056e-03
7.284046692607003934e+03,2.018078928813338280e-03
7.294052251250695008e+03,4.802456125617027283e-03
7.304057809894386082e+03,3.679748624563217163e-03
7.314063368538076247e+03,3.403706476092338562e-03
7.324068927181767322e+03,2.847057534381747246e-03
7.334074485825458396e+03,3.128278069198131561e-03
7.344080044469149470e+03,2.845805604010820389e-03
7.354085603112840545e+03,3.678371896967291832e-03
7.364091161756531619e+03,3.956595435738563538e-03
7.374096720400222694e+03,3.122141119092702866e-03
7.384102279043912858e+03,2.845862181857228279e-03
7.394107837687603933e+03,3.119104774668812752e-03
7.404113396331295007e+03,3.675221698358654976e-03
7.414118954974986082e+03,2.567592775449156761e-03
7.424124513618677156e+03,3.677094355225563049e-03
7.434130072262368230e+03,3.119070781394839287e-03
7.444135630906059305e+03,2.838472835719585419e-03
7.454141189549749470e+03,2.843664493411779404e-03
7.464146748193440544e+03,2.005238318815827370e-03
7.474152306837131619e+03,3.677717410027980804e-03
7.484157865480822693e+03,3.950349520891904831e-03
7.494163424124513767e+03,2.841332228854298592e-03
7.504168982768204842e+03,3.955754917114973068e-03
7.514174541411895916e+03,2.008872572332620621e-03
7.524180100055586081e+03,5.061003379523754120e-03
7.534185658699277155e+03,2.835493069142103195e-03
7.544191217342968230e+03,1.729076728224754333e-03
7.554196775986659304e+03,2.836595755070447922e-03
7.564202334630350379e+03,2.283772220835089684e-03
7.574207893274041453e+03,3.118108259513974190e-03
7.584213451917731618e+03,2.844461938366293907e-03
7.594219010561422692e+03,3.947836346924304962e-03
7.604224569205113767e+03,1.174997654743492603e-03
7.614230127848804841e+03,3.110517514869570732e-03
7.624235686492495915e+03,5.334350746124982834e-03
7.634241245136186990e+03,2.556073013693094254e-03
7.644246803779878064e+03,1.446495065465569496e-03
7.654252362423568229e+03,3.111248835921287537e-03
7.664257921067259304e+03,3.111392725259065628e-03
7.674263479710950378e+03,2.000187756493687630e-03
7.684269038354641452e+03,1.998775405809283257e-03
7.694274596998332527e+03,2.552775898948311806e-03
7.704280155642023601e+03,2.552148187533020973e-03
7.714285714285714675e+03,2.832539845257997513e-03
7.724291272929404840e+03,3.109808778390288353e-03
7.734296831573095915e+03,5.330832209438085556e-03
7.744302390216786989e+03,4.219000227749347687e-03
7.754307948860478064e+03,2.829685341566801071e-03
7.764313507504169138e+03,2.834670245647430420e-03
7.774319066147860212e+03,2.553858561441302299e-03
7.784324624791551287e+03,2.277475548908114433e-03
7.794330183435241452e+03,5.051418207585811615e-03
7.804335742078932526e+03,1.998058753088116646e-03
7.814341300722623600e+03,3.664337797090411186e-03
7.824346859366314675e+03,2.833530772477388382e-03
7.834352418010005749e+03,1.991066848859190941e-03
7.844357976653696824e+03,3.656957298517227173e-03
7.854363535297386989e+03,1.716812257654964924e-03
7.864369093941078063e+03,3.108918899670243263e-03
7.874374652584769137e+03,2.273694146424531937e-03
7.884380211228460212e+03,3.381785470992326736e-03
7.894385769872151286e+03,1.989418640732765198e-03
7.904391328515842361e+03,5.603531841188669205e-03
7.914396887159533435e+03,2.823101123794913292e-03
7.924402445803223600e+03,1.993074780330061913e-03
7.934408004446914674e+03,3.381386864930391312e-03
7.944413563090605749e+03,3.933347295969724655e-03
7.954419121734296823e+03,2.271724864840507507e-03
7.964424680377987897e+03,3.102602437138557434e-03
7.974430239021678972e+03,2.267516450956463814e-03
7.984435797665370046e+03,4.489460960030555725e-03
7.994441356309060211e+03,3.100178670138120651e-03
8.004446914952751285e+03,1.713176025077700615e-03
8.014452473596442360e+03,3.101431066170334816e-03
8.024458032240133434e+03,2.823083195835351944e-03
8.034463590883824509e+03,4.206364043056964874e-03
8.044469149527515583e+03,2.822890412062406540e-03
8.054474708171206657e+03,2.265628194436430931e-03
8.064480266814896822e+03,2.542758360505104065e-03
8.074485825458587897e+03,3.656618064269423485e-03
8.084491384102278971e+03,4.487385973334312439e-03
8.094496942745970046e+03,2.541499212384223938e-03
8.104502501389661120e+03,4.487195517867803574e-03
8.114508060033352194e+03,4.486179444938898087e-03
8.124513618677042359e+03,2.540946938097476959e-03
8.134519177320733434e+03,2.263920148834586143e-03
8.144524735964424508e+03,5.038871429860591888e-03
8.154530294608115582e+03,5.042472388595342636e-03
8.164535853251806657e+03,3.652276005595922470e-03
8.174541411895497731e+03,3.374906023964285851e-03
8.184546970539188806e+03,2.261064480990171432e-03
8.194552529182879880e+03,3.378219902515411377e-03
8.204558087826570045e+03,4.208173137158155441e-03
8.214563646470262029e+03,3.371750703081488609e-03
8.224569205113952194e+03,3.095487132668495178e-03
8.234574763757642359e+03,3.093405393883585930e-03
8.244580322401334342e+03,3.647525096312165260e-03
8.254585881045024507e+03,1.982441637665033340e-03
8.264591439688716491e+03,2.261201851069927216e-03
8.274596998332406656e+03,2.538249129429459572e-03
8.284602556976098640e+03,3.653588471934199333e-03
8.294608115619788805e+03,2.539144596084952354e-03
8.304613674263478970e+03,3.644596319645643234e-03
8.314619232907170954e+03,2.261747606098651886e-03
8.324624791550861119e+03,2.815456362441182137e-03
8.334630350194553102e+03,3.371821017935872078e-03
8.344635908838243267e+03,2.539641223847866058e-03
8.354641467481935251e+03,3.370244754478335381e-03
8.364647026125625416e+03,2.537723630666732788e-03
8.374652584769315581e+03,3.370910882949829102e-03
8.384658143413007565e+03,1.982812536880373955e-03
8.394663702056697730e+03,4.483041353523731232e-03
8.404669260700389714e+03,3.926809877157211304e-03
8.414674819344079879e+03,1.702603651210665703e-03
8.424680377987771863e+03,5.867287982255220413e-03
8.434685936631462027e+03,3.647045465186238289e-03
8.444691495275152192e+03,3.367959056049585342e-03
8.454697053918844176e+03,3.367302240803837776e-03
8.464702612562534341e+03,3.369554644450545311e-03
8.474708171206226325e+03,3.643527859821915627e-03
8.484713729849916490e+03,4.711116198450326920e-03
8.494719288493606655e+03,3.924787510186433792e-03
8.504724847137298639e+03,3.093136008828878403e-03
8.514730405780988804e+03,3.094699466601014137e-03
8.524735964424680787e+03,3.092493629083037376e-03
8.534741523068370952e+03,2.815484767779707909e-03
8.544747081712062936e+03,3.646363271400332451e-03
8.554752640355753101e+03,3.923078998923301697e-03
8.564758198999443266e+03,2.813639817759394646e-03
8.574763757643135250e+03,3.922786097973585129e-03
8.584769316286825415e+03,4.199423361569643021e-03
8.594774874930517399e+03,2.533565973863005638e-03
8.604780433574207564e+03,2.809849334880709648e-03
8.614785992217899548e+03,3.087096614763140678e-03
8.624791550861589712e+03,2.255399478599429131e-03
8.634797109505279877e+03,3.088941564783453941e-03
8.644802668148971861e+03,2.255519386380910873e-03
8.654808226792662026e+03,2.808849792927503586e-03
8.664813785436354010e+03,3.364322008565068245e-03
8.674819344080044175e+03,2.254290739074349403e-03
8.684824902723736159e+03,2.810328500345349312e-03
8.694830461367426324e+03,2.251890487968921661e-03
8.704836020011116489e+03,2.805979689583182335e-03
8.714841578654808472e+03,2.807026961818337440e-03
8.724847137298498637e+03,2.807572716847062111e-03
8.734852695942190621e+03,4.194376524537801743e-03
8.744858254585880786e+03,5.308078136295080185e-03
8.754863813229572770e+03,1.419101026840507984e-03
8.764869371873262935e+03,2.530121942982077599e-03
8.774874930516953100e+03,2.252614591270685196e-03
8.784880489160645084e+03,3.363460302352905273e-03
8.794886047804335249e+03,1.975350780412554741e-03
8.804891606448027233e+03,3.917217254638671875e-03
8.814897165091717397e+03,3.085938747972249985e-03
8.824902723735409381e+03,3.916996996849775314e-03
8.834908282379099546e+03,4.471509717404842377e-03
8.844913841022789711e+03,3.083738032728433609e-03
8.854919399666481695e+03,2.528649987652897835e-03
8.864924958310171860e+03,1.972319092601537704e-03
8.874930516953863844e+03,4.195963963866233826e-03
8.884936075597554009e+03,3.085690783336758614e-03
8.894941634241245993e+03,3.359493333846330643e-03
8.904947192884936157e+03,2.528961515054106712e-03
8.914952751528626322e+03,3.360332455486059189e-03
8.924958310172318306e+03,2.249208278954029083e-03
8.934963868816008471e+03,3.081467468291521072e-03
8.944969427459700455e+03,2.528272802010178566e-03
8.954974986103390620e+03,3.639272181317210197e-03
8.964980544747082604e+03,2.527574077248573303e-03
8.974986103390772769e+03,1.969486474990844727e-03
8.984991662034462934e+03,2.524293959140777588e-03
8.994997220678154918e+03,3.357990644872188568e-03
9.005002779321845082e+03,3.636378794908523560e-03
9.015008337965537066e+03,2.524035749956965446e-03
9.025013896609227231e+03,4.192286171019077301e-03
9.035019455252917396e+03,3.910553175956010818e-03
9.045025013896609380e+03,4.192281980067491531e-03
9.055030572540299545e+03,2.804767340421676636e-03
9.065036131183991529e+03,4.215001594275236130e-03
9.075041689827681694e+03,2.299369079992175102e-03
9.085047248471373678e+03,2.093442231416702271e-01
9.095052807115063843e+03,1.250584274530410767e-01
9.105058365758754007e+03,7.790734618902206421e-02
9.115063924402445991e+03,5.832868814468383789e-02
9.125069483046136156e+03,5.595513433218002319e-02
9.135075041689828140e+03,2.930756099522113800e-02
9.145080600333518305e+03,1.116781402379274368e-02
9.155086158977210289e+03,1.353558711707592010e-02
9.165091717620900454e+03,1.088410429656505585e-02
9.175097276264590619e+03,5.239903461188077927e-03
9.185102834908282603e+03,5.210043862462043762e-03
9.195108393551972767e+03,4.615942947566509247e-03
9.205113952195664751e+03,4.416076932102441788e-03
9.215119510839354916e+03,3.464064793661236763e-03
9.225125069483046900e+03,4.241211339831352234e-03
9.235130628126737065e+03,4.047588445246219635e-03
9.245136186770427230e+03,3.315227804705500603e-03
9.255141745414119214e+03,3.781726118177175522e-03
9.265147304057809379e+03,6.908590439707040787e-04
9.275152862701501363e+03,3.199797356501221657e-03
9.285158421345191528e+03,2.616744954138994217e-03
9.295163979988883511e+03,2.641011495143175125e-03
9.305169538632573676e+03,4.271730314940214157e-03
9.315175097276263841e+03,3.178944578394293785e-03
9.325180655919955825e+03,4.282570444047451019e-03
9.335186214563645990e+03,3.712945850566029549e-03
9.345191773207337974e+03,3.435624530538916588e-03
9.355197331851028139e+03,3.147507784888148308e-03
9.365202890494720123e+03,3.165918868035078049e-03
9.375208449138410288e+03,2.041860250756144524e-03
9.385214007782100452e+03,3.701179055497050285e-03
9.395219566425792436e+03,2.877740887925028801e-03
9.405225125069482601e+03,4.520478192716836929e-03
9.415230683713174585e+03,3.694833721965551376e-03
9.425236242356864750e+03,4.813816398382186890e-03
9.435241801000556734e+03,3.147302195429801941e-03
9.445247359644246899e+03,2.302100649103522301e-03
9.455252918287937064e+03,2.865481190383434296e-03
9.465258476931629048e+03,2.585496520623564720e-03
9.475264035575319213e+03,1.749497838318347931e-03
9.485269594219011196e+03,2.301662927493453026e-03
9.495275152862701361e+03,3.407354932278394699e-03
9.505280711506391526e+03,5.082182586193084717e-03
9.515286270150083510e+03,2.857363782823085785e-03
9.525291828793773675e+03,3.127746051177382469e-03
9.535297387437465659e+03,3.681246424093842506e-03
9.545302946081155824e+03,3.128264565020799637e-03
9.555308504724847808e+03,2.848273143172264099e-03
9.565314063368537973e+03,4.796811845153570175e-03
9.575319622012228137e+03,2.578609623014926910e-03
9.585325180655920121e+03,2.019651699811220169e-03
9.595330739299610286e+03,3.688701195642352104e-03
9.605336297943302270e+03,4.790917504578828812e-03
9.615341856586992435e+03,3.407441079616546631e-03
9.625347415230684419e+03,3.399960231035947800e-03
9.635352973874374584e+03,3.955395892262458801e-03
9.645358532518064749e+03,4.785588011145591736e-03
9.655364091161756733e+03,1.741643296554684639e-03
9.665369649805446898e+03,2.285767812281847000e-03
9.675375208449138881e+03,3.116635838523507118e-03
9.685380767092829046e+03,3.953107167035341263e-03
9.695386325736521030e+03,3.117912914603948593e-03
9.705391884380211195e+03,3.943885676562786102e-03
9.715397443023901360e+03,3.114615567028522491e-03
9.725403001667593344e+03,3.114216960966587067e-03
9.735408560311283509e+03,2.568510128185153008e-03
9.745414118954975493e+03,3.122051013633608818e-03
9.755419677598665658e+03,3.394295461475849152e-03
9.765425236242357641e+03,2.555994316935539246e-03
9.775430794886047806e+03,3.670228645205497742e-03
9.785436353529737971e+03,4.508709535002708435e-03
9.795441912173429955e+03,5.061288364231586456e-03
9.805447470817120120e+03,2.839543158188462257e-03
9.815453029460812104e+03,3.946305718272924423e-03
9.825458588104502269e+03,2.834246959537267685e-03
9.835464146748194253e+03,2.832553116604685783e-03
9.845469705391884418e+03,2.553565194830298424e-03
9.855475264035574583e+03,2.276386367157101631e-03
9.865480822679266566e+03,2.831127028912305832e-03
9.875486381322956731e+03,2.825036877766251564e-03
9.885491939966648715e+03,3.114498220384120941e-03
9.895497498610338880e+03,3.108653239905834198e-03
9.905503057254030864e+03,2.835031365975737572e-03
9.915508615897721029e+03,3.664113814011216164e-03
9.925514174541411194e+03,4.496393725275993347e-03
9.935519733185103178e+03,3.664909629151225090e-03
9.945525291828793343e+03,2.833278616890311241e-03
9.955530850472485326e+03,3.389442339539527893e-03
9.965536409116175491e+03,2.828701864928007126e-03
9.975541967759867475e+03,2.547167940065264702e-03
9.985547526403557640e+03,3.387460019439458847e-03
9.995553085047247805e+03,2.270212862640619278e-03
1.000555864369093979e+04,4.212615545839071274e-03
1.001556420233462995e+04,2.823111368343234062e-03
1.002556976097832194e+04,3.385085845366120338e-03
1.003557531962201210e+04,1.992140430957078934e-03
1.004558087826570227e+04,2.269060816615819931e-03
1.005558643690939425e+04,4.774538800120353699e-03
1.006559199555308442e+04,2.546822885051369667e-03
1.007559755419677640e+04,3.104753326624631882e-03
1.008560311284046657e+04,2.821731613948941231e-03
1.009560867148415855e+04,3.383208997547626495e-03
1.010561423012784871e+04,2.547366777434945107e-03
1.011561978877153888e+04,2.547788666561245918e-03
1.012562534741523086e+04,2.272055251523852348e-03
1.013563090605892103e+04,2.823374234139919281e-03
1.014563646470261301e+04,2.542512491345405579e-03
1.015564202334630318e+04,3.930439706891775131e-03
1.016564758198999516e+04,2.260796260088682175e-03
1.017565314063368533e+04,2.547596348449587822e-03
1.018565869927737549e+04,3.375756554305553436e-03
1.019566425792106747e+04,3.648184239864349365e-03
1.020566981656475764e+04,5.035514011979103088e-03
1.021567537520844962e+04,1.987366005778312683e-03
1.022568093385213979e+04,2.544381888583302498e-03
1.023568649249583177e+04,2.823911607265472412e-03
1.024569205113952194e+04,2.819917863234877586e-03
1.025569760978321210e+04,1.431622891686856747e-03
1.026570316842690409e+04,2.554544946178793907e-03
1.027570872707059425e+04,2.827286720275878906e-03
1.028571428571428623e+04,2.599395113065838814e-03
1.029571984435797640e+04,3.104537958279252052e-03
1.030572540300166838e+04,2.547594252973794937e-03
1.031573096164535855e+04,1.990812597796320915e-03
1.032573652028904871e+04,3.930432721972465515e-03
1.033574207893274070e+04,2.546410541981458664e-03
1.034574763757643086e+04,2.267692470923066139e-03
1.035575319622012285e+04,4.205760080367326736e-03
1.036575875486381301e+04,1.982808345928788185e-03
1.037576431350750499e+04,3.932182211428880692e-03
1.038576987215119516e+04,3.927882295101881027e-03
1.039577543079488532e+04,3.674602834507822990e-03
1.040578098943857731e+04,2.541354391723871231e-03
1.041578654808226747e+04,1.987101277336478233e-03
1.042579210672595946e+04,1.431763754226267338e-03
1.043579766536964962e+04,2.261560875922441483e-03
1.044580322401334161e+04,2.540205372497439384e-03
1.045580878265703177e+04,1.428068964742124081e-03
1.046581434130072194e+04,4.203037358820438385e-03
1.047581989994441392e+04,2.816237043589353561e-03
1.048582545858810408e+04,2.543826587498188019e-03
1.049583101723179607e+04,3.927125129848718643e-03
1.050583657587548623e+04,3.927861340343952179e-03
1.051584213451917640e+04,3.369560232385993004e-03
1.052584769316286838e+04,3.092046827077865601e-03
1.053585325180655855e+04,3.371194703504443169e-03
1.054585881045025053e+04,2.817120868712663651e-03
1.055586436909394070e+04,3.653087187558412552e-03
1.056586992773763268e+04,3.370121354237198830e-03
1.057587548638132284e+04,1.981119625270366669e-03
1.058588104502501301e+04,1.986074494197964668e-03
1.059588660366870499e+04,4.755339585244655609e-03
1.060589216231239516e+04,2.257599029690027237e-03
1.061589772095608714e+04,1.702483510598540306e-03
1.062590327959977731e+04,3.090605372563004494e-03
1.063590883824346929e+04,2.254032297059893608e-03
1.064591439688715946e+04,3.921524155884981155e-03
1.065591995553084962e+04,3.090924583375453949e-03
1.066592551417454160e+04,1.424129470251500607e-03
1.067593107281823177e+04,2.533868653699755669e-03
1.068593663146192375e+04,3.364683361724019051e-03
1.069594219010561392e+04,5.588887725025415421e-03
1.070594774874930590e+04,3.365925513207912445e-03
1.071595330739299607e+04,4.197819158434867859e-03
1.072595886603668623e+04,3.088992089033126831e-03
1.073596442468037822e+04,4.480356350541114807e-03
1.074596998332406838e+04,2.807389013469219208e-03
1.075597554196776036e+04,2.809926634654402733e-03
1.076598110061145053e+04,3.084430471062660217e-03
1.077598665925514251e+04,3.641689429059624672e-03
1.078599221789883268e+04,2.533739432692527771e-03
1.079599777654252284e+04,3.087515709921717644e-03
1.080600333518621483e+04,3.088363911956548691e-03
1.081600889382990499e+04,3.369096433743834496e-03
1.082601445247359698e+04,2.534664003178477287e-03
1.083602001111728714e+04,2.252882812172174454e-03
1.084602556976097912e+04,3.920486196875572205e-03
1.085603112840466929e+04,2.807470969855785370e-03
1.086603668704835945e+04,3.641100367531180382e-03
1.087604224569205144e+04,3.089596284553408623e-03
1.088604780433574160e+04,2.808476332575082779e-03
1.089605336297943359e+04,2.250192221254110336e-03
1.090605892162312375e+04,3.642623079940676689e-03
1.091606448026681574e+04,3.365081734955310822e-03
1.092607003891050590e+04,2.805118681862950325e-03
1.093607559755419607e+04,3.087157849222421646e-03
1.094608115619788805e+04,2.808522200211882591e-03
1.095608671484157821e+04,4.473970271646976471e-03
1.096609227348527020e+04,2.253060461953282356e-03
1.097609783212896036e+04,3.085178788751363754e-03
1.098610339077265235e+04,3.084727795794606209e-03
1.099610894941634251e+04,2.809631172567605972e-03
1.100611450806003268e+04,3.083424642682075500e-03
1.101612006670372466e+04,3.366201650351285934e-03
1.102612562534741483e+04,3.364866366609930992e-03
1.103613118399110681e+04,2.250603633001446724e-03
1.104613674263479697e+04,1.696461346000432968e-03
1.105614230127848714e+04,3.362020011991262436e-03
1.106614785992217912e+04,2.805820899084210396e-03
1.107615341856586929e+04,3.638154827058315277e-03
1.108615897720956127e+04,3.082129871472716331e-03
1.109616453585325144e+04,3.081922652199864388e-03
1.110617009449694342e+04,1.971682999283075333e-03
1.111617565314063359e+04,3.080729162320494652e-03
1.112618121178432375e+04,3.362691728398203850e-03
1.113618677042801573e+04,2.803424606099724770e-03
1.114619232907170590e+04,3.916615620255470276e-03
1.115619788771539788e+04,3.914874047040939331e-03
1.116620344635908805e+04,4.194098990410566330e-03
1.117620900500278003e+04,3.361055161803960800e-03
1.118621456364647020e+04,2.249304438009858131e-03
1.119622012229016036e+04,1.969685312360525131e-03
1.120622568093385235e+04,4.749371670186519623e-03
1.121623123957754251e+04,3.082399955019354820e-03
1.122623679822123449e+04,2.805158263072371483e-03
1.123624235686492466e+04,2.526732394471764565e-03
1.124624791550861664e+04,4.749529063701629639e-03
1.125625347415230681e+04,2.524685813114047050e-03
1.126625903279599697e+04,2.246666233986616135e-03
1.127626459143968896e+04,3.357799025252461433e-03
1.128627015008337912e+04,3.637746209278702736e-03
1.129627570872707111e+04,2.803822746500372887e-03
1.130628126737076127e+04,2.803147770464420319e-03
1.131628682601445325e+04,4.746027756482362747e-03
1.132629238465814342e+04,4.194243345409631729e-03
1.133629794330183358e+04,4.193329717963933945e-03
1.134630350194552557e+04,1.412918092682957649e-03
1.135630906058921573e+04,2.248471137136220932e-03
1.136631461923290772e+04,3.914163913577795029e-03
1.137632017787659788e+04,3.080270020291209221e-03
1.138632573652028987e+04,3.356564324349164963e-03
1.139633129516398003e+04,1.968208933249115944e-03
1.140633685380767020e+04,3.359022783115506172e-03
1.141634241245136218e+04,1.413024263456463814e-03
1.142634797109505234e+04,2.246925607323646545e-03
1.143635352973874433e+04,3.634963650256395340e-03
1.144635908838243449e+04,3.356296336278319359e-03
1.145636464702612648e+04,2.523858333006501198e-03
1.146637020566981664e+04,3.081052331253886223e-03
1.147637576431350681e+04,1.693056779913604259e-03
1.148638132295719879e+04,1.692497520707547665e-03
1.149638688160088896e+04,3.079562680795788765e-03
1.150639244024458094e+04,3.356769215315580368e-03
1.151639799888827110e+04,3.633834188804030418e-03
1.152640355753196127e+04,3.635326633229851723e-03
1.153640911617565325e+04,2.800955204293131828e-03
1.154641467481934342e+04,1.967918127775192261e-03
1.155642023346303540e+04,3.913033753633499146e-03
1.156642579210672557e+04,1.964967697858810425e-03
1.157643135075041755e+04,2.800455782562494278e-03
1.158643690939410772e+04,3.912239801138639450e-03
1.159644246803779788e+04,2.244408940896391869e-03
1.160644802668148986e+04,4.188006743788719177e-03
1.161645358532518003e+04,1.966301351785659790e-03
1.162645914396887201e+04,3.356838133186101913e-03
1.163646470261256218e+04,3.075909102335572243e-03
1.164647026125625416e+04,4.746101796627044678e-03
1.165647581989994433e+04,2.243338152766227722e-03
1.166648137854363449e+04,4.466362763196229935e-03
1.167648693718732648e+04,3.076400374993681908e-03
1.168649249583101664e+04,4.743115045130252838e-03
1.169649805447470862e+04,2.798872534185647964e-03
1.170650361311839879e+04,2.798707457259297371e-03
1.171650917176209077e+04,2.242964226752519608e-03
1.172651473040578094e+04,4.743356257677078247e-03
1.173652028904947110e+04,2.798662055283784866e-03
1.174652584769316309e+04,3.631401108577847481e-03
1.175653140633685325e+04,3.078402485698461533e-03
1.176653696498054524e+04,2.797628054395318031e-03
1.177654252362423540e+04,3.632328938692808151e-03
1.178654808226792738e+04,2.518947003409266472e-03
1.179655364091161755e+04,2.797435270622372627e-03
1.180655919955530771e+04,1.966139767318964005e-03
1.181656475819899970e+04,5.297087132930755615e-03
1.182657031684268986e+04,1.964673865586519241e-03
1.183657587548638185e+04,3.077011555433273315e-03
1.184658143413007201e+04,4.464607685804367065e-03
1.185658699277376400e+04,3.075960092246532440e-03
1.186659255141745416e+04,2.798230387270450592e-03
1.187659811006114433e+04,2.519546775147318840e-03
1.188660366870483631e+04,3.632070496678352356e-03
1.189660922734852647e+04,2.797024790197610855e-03
1.190661478599221846e+04,2.240653149783611298e-03
1.191662034463590862e+04,3.631778992712497711e-03
1.192662590327960061e+04,3.352786879986524582e-03
1.193663146192329077e+04,1.963915536180138588e-03
1.194663702056698094e+04,3.909755963832139969e-03
1.195664257921067292e+04,3.351853694766759872e-03
1.196664813785436309e+04,3.351744730025529861e-03
1.197665369649805507e+04,1.684700255282223225e-03
1.198665925514174523e+04,3.630032297223806381e-03
1.199666481378543722e+04,4.741062875837087631e-03
1.200667037242912738e+04,4.463263787329196930e-03
1.201667593107281755e+04,2.797665074467658997e-03
1.202668148971650953e+04,3.907711710780858994e-03
1.203668704836019970e+04,2.519759349524974823e-03
1.204669260700389168e+04,2.239258028566837311e-03
1.205669816564758185e+04,1.687203533947467804e-03
1.206670372429127201e+04,3.629676532000303268e-03
1.207670928293496399e+04,2.795287407934665680e-03
1.208671484157865416e+04,4.463002085685729980e-03
1.209672040022234614e+04,5.017841234803199768e-03
1.210672595886603631e+04,1.963570713996887207e-03
1.211673151750972829e+04,4.185571335256099701e-03
1.212673707615341846e+04,3.074036212638020515e-03
1.213674263479710862e+04,2.518461318686604500e-03
1.214674819344080061e+04,2.796789398416876793e-03
1.215675375208449077e+04,3.350046463310718536e-03
1.216675931072818275e+04,2.240384928882122040e-03
1.217676486937187292e+04,2.517394023016095161e-03
1.218677042801556490e+04,2.794276224449276924e-03
1.219677598665925507e+04,4.183115903288125992e-03
1.220678154530294523e+04,3.350246930494904518e-03
1.221678710394663722e+04,2.795243170112371445e-03
1.222679266259032738e+04,3.351619932800531387e-03
1.223679822123401937e+04,2.237887587398290634e-03
1.224680377987770953e+04,3.350243903696537018e-03
1.225680933852140151e+04,3.349181963130831718e-03
1.226681489716509168e+04,3.072007093578577042e-03
1.227682045580878184e+04,3.628716571256518364e-03
1.228682601445247383e+04,2.238496672362089157e-03
1.229683157309616399e+04,3.351361490786075592e-03
1.230683713173985598e+04,2.794827334582805634e-03
1.231684269038354614e+04,1.683639478869736195e-03
1.232684824902723813e+04,3.072258783504366875e-03
1.233685380767092829e+04,1.961175817996263504e-03
1.234685936631461846e+04,3.906279802322387695e-03
1.235686492495831044e+04,3.350539598613977432e-03
1.236687048360200060e+04,2.794684842228889465e-03
1.237687604224569259e+04,3.628799226135015488e-03
1.238688160088938275e+04,3.626058110967278481e-03
1.239688715953307474e+04,3.072286723181605339e-03
1.240689271817676490e+04,4.739826545119285583e-03
1.241689827682045507e+04,3.348756348714232445e-03
1.242690383546414705e+04,3.071488346904516220e-03
1.243690939410783722e+04,3.072776831686496735e-03
1.244691495275152920e+04,2.792252693325281143e-03
1.245692051139521936e+04,3.904584329575300217e-03
1.246692607003891135e+04,2.515858039259910583e-03
1.247693162868260151e+04,1.402782974764704704e-03
1.248693718732629168e+04,1.960174646228551865e-03
1.249694274596998366e+04,4.738354124128818512e-03
1.250694830461367383e+04,1.404203707352280617e-03
1.251695386325736581e+04,3.625610377639532089e-03
1.252695942190105598e+04,2.792072715237736702e-03
1.253696498054474796e+04,3.347761696204543114e-03
1.254697053918843812e+04,4.736499860882759094e-03
1.255697609783212829e+04,2.238165354356169701e-03
1.256698165647582027e+04,2.791811712086200714e-03
1.257698721511951044e+04,3.071401035413146019e-03
1.258699277376320242e+04,3.626071615144610405e-03
1.259699833240689259e+04,2.515575615689158440e-03
1.260700389105058275e+04,2.514486899599432945e-03
1.261700944969427474e+04,4.180916119366884232e-03
1.262701500833796490e+04,3.071089042350649834e-03
1.263702056698165688e+04,3.626191755756735802e-03
1.264702612562534705e+04,2.236476633697748184e-03
1.265703168426903903e+04,4.181266296654939651e-03
1.266703724291272920e+04,3.348210826516151428e-03
1.267704280155641936e+04,3.068945137783885002e-03
1.268704836020011135e+04,3.347486257553100586e-03
1.269705391884380151e+04,2.513433108106255531e-03
1.270705947748749350e+04,1.680894521996378899e-03
1.271706503613118366e+04,1.679795910604298115e-03
1.272707059477487564e+04,4.458837211132049561e-03
1.273707615341856581e+04,3.069394966587424278e-03
1.274708171206225597e+04,4.181229509413242340e-03
1.275708727070594796e+04,2.236691070720553398e-03
1.276709282934963812e+04,3.348474623635411263e-03
1.277709838799333011e+04,3.902159398421645164e-03
1.278710394663702027e+04,3.625789191573858261e-03
1.279710950528071226e+04,3.624954260885715485e-03
1.280711506392440242e+04,4.180162679404020309e-03
1.281712062256809259e+04,2.790823346003890038e-03
1.282712618121178457e+04,1.679518027231097221e-03
1.283713173985547473e+04,5.692704580724239349e-04
1.284713729849916672e+04,1.957812812179327011e-03
1.285714285714285688e+04,2.236065454781055450e-03
1.286714841578654887e+04,2.235833322629332542e-03
1.287715397443023903e+04,3.902093740180134773e-03
1.288715953307392920e+04,3.624859033152461052e-03
1.289716509171762118e+04,2.513207960873842239e-03
1.290717065036131135e+04,2.513631712645292282e-03
1.291717620900500333e+04,2.236430998891592026e-03
1.292718176764869349e+04,3.901794785633683205e-03
1.293718732629238548e+04,1.681012334302067757e-03
1.294719288493607564e+04,4.735554568469524384e-03
1.295719844357976581e+04,5.012181121855974197e-03
1.296720400222345779e+04,3.344856668263673782e-03
1.297720956086714796e+04,3.068756079301238060e-03
1.298721511951083994e+04,4.735561087727546692e-03
1.299722067815453011e+04,3.068636870011687279e-03
1.300722623679822209e+04,1.957281725481152534e-03
1.301723179544191225e+04,3.069006605073809624e-03
1.302723735408560242e+04,2.789733232930302620e-03
1.303724291272929440e+04,1.678948989138007164e-03
1.304724847137298457e+04,1.401414629071950912e-03
1.305725403001667655e+04,3.068674122914671898e-03
1.306725958866036672e+04,2.235575579106807709e-03
1.307726514730405688e+04,3.067859681323170662e-03
1.308727070594774887e+04,3.068202640861272812e-03
1.309727626459143903e+04,3.344835713505744934e-03
1.310728182323513101e+04,8.444947306998074055e-04
1.311728738187882118e+04,2.789661055430769920e-03
1.312729294052251316e+04,2.512467792257666588e-03
1.313729849916620333e+04,1.400223351083695889e-03
1.314730405780989349e+04,3.066987264901399612e-03
1.315730961645358548e+04,3.623663447797298431e-03
1.316731517509727564e+04,2.233039820566773415e-03
1.317732073374096763e+04,4.456241149455308914e-03
1.318732629238465779e+04,4.455259535461664200e-03
1.319733185102834977e+04,2.235065912827849388e-03
1.320733740967203994e+04,2.232808619737625122e-03
1.321734296831573010e+04,2.789121353998780251e-03
1.322734852695942209e+04,1.400822889991104603e-03
1.323735408560311225e+04,3.344517899677157402e-03
1.324735964424680424e+04,1.401702873408794403e-03
1.325736520289049440e+04,3.900367068126797676e-03
1.326737076153418639e+04,3.622461808845400810e-03
1.327737632017787655e+04,3.344354918226599693e-03
1.328738187882156672e+04,4.455656744539737701e-03
1.329738743746525870e+04,2.233589068055152893e-03
1.330739299610894886e+04,3.065601224079728127e-03
1.331739855475264085e+04,3.066842677071690559e-03
1.332740411339633101e+04,2.233503386378288269e-03
1.333740967204002300e+04,3.899317700415849686e-03
1.334741523068371316e+04,2.789080841466784477e-03
1.335742078932740333e+04,2.511747647076845169e-03
1.336742634797109531e+04,4.176882561296224594e-03
1.337743190661478548e+04,2.510729944333434105e-03
1.338743746525847746e+04,3.899852512404322624e-03
1.339744302390216762e+04,3.900525160133838654e-03
1.340744858254585961e+04,3.065336029976606369e-03
1.341745414118954977e+04,2.789012854918837547e-03
1.342745969983323994e+04,1.676464104093611240e-03
1.343746525847693192e+04,2.233311301097273827e-03
1.344747081712062209e+04,3.344108583405613899e-03
1.345747637576431407e+04,2.232422819361090660e-03
1.346748193440800424e+04,4.176592919975519180e-03
1.347748749305169622e+04,3.344071330502629280e-03
1.348749305169538638e+04,2.511318074539303780e-03
1.349749861033907655e+04,3.621732583269476891e-03
1.350750416898276853e+04,2.232052851468324661e-03
1.351750972762645870e+04,3.343474585562944412e-03
1.352751528627015068e+04,3.620880888774991035e-03
1.353752084491384085e+04,5.287218373268842697e-03
1.354752640355753283e+04,1.121402136050164700e-03
1.355753196220122300e+04,2.510051708668470383e-03
1.356753752084491316e+04,2.232376718893647194e-03
1.357754307948860514e+04,2.787193749099969864e-03
1.358754863813229531e+04,2.788230311125516891e-03
1.359755419677598729e+04,8.433554321527481079e-04
1.360755975541967746e+04,2.232675440609455109e-03
1.361756531406336762e+04,3.620450850576162338e-03
1.362757087270705961e+04,5.009854678064584732e-03
1.363757643135074977e+04,3.064953256398439407e-03
1.364758198999444176e+04,2.232535276561975479e-03
1.365758754863813192e+04,3.343957243487238884e-03
1.366759310728182390e+04,4.176650196313858032e-03
1.367759866592551407e+04,3.621097654104232788e-03
1.368760422456920423e+04,3.342999145388603210e-03
1.369760978321289622e+04,3.065773518756031990e-03
1.370761534185658638e+04,3.342708107084035873e-03
1.371762090050027837e+04,2.231393940746784210e-03
1.372762645914396853e+04,2.509318990632891655e-03
1.373763201778766052e+04,2.787445904687047005e-03
1.374763757643135068e+04,1.398903550580143929e-03
1.375764313507504085e+04,2.510100370272994041e-03
1.376764869371873283e+04,4.453259520232677460e-03
1.377765425236242299e+04,3.342673415318131447e-03
1.378765981100611498e+04,3.620582167059183121e-03
1.379766536964980514e+04,2.509426558390259743e-03
1.380767092829349713e+04,3.342618001624941826e-03
1.381767648693718729e+04,3.342129290103912354e-03
1.382768204558087746e+04,3.065017983317375183e-03
1.383768760422456944e+04,3.898112103343009949e-03
1.384769316286825961e+04,3.619171911850571632e-03
1.385769872151195159e+04,3.897493006661534309e-03
1.386770428015564175e+04,2.508579520508646965e-03
1.387770983879933374e+04,3.342274110764265060e-03
1.388771539744302390e+04,2.786549739539623260e-03
1.389772095608671407e+04,3.064372809603810310e-03
1.390772651473040605e+04,2.787295030429959297e-03
1.391773207337409622e+04,2.508669393137097359e-03
1.392773763201778820e+04,1.953165512531995773e-03
1.393774319066147837e+04,1.675698324106633663e-03
1.394774874930517035e+04,4.453088622540235519e-03
1.395775430794886051e+04,1.953459810465574265e-03
1.396775986659255068e+04,2.231905004009604454e-03
1.397776542523624266e+04,1.953713130205869675e-03
1.398777098387993283e+04,1.675251871347427368e-03
1.399777654252362481e+04,2.508214442059397697e-03
1.400778210116731498e+04,3.064439166337251663e-03
1.401778765981100696e+04,3.064404707401990891e-03
1.402779321845469713e+04,1.952623017132282257e-03
1.403779877709838729e+04,3.619488095864653587e-03
1.404780433574207927e+04,1.952443970367312431e-03
1.405780989438576944e+04,2.508388599380850792e-03
1.406781545302946142e+04,1.952592050656676292e-03
1.407782101167315159e+04,3.619179362431168556e-03
1.408782657031684357e+04,1.952793681994080544e-03
1.409783212896053374e+04,3.341574687510728836e-03
1.410783768760422390e+04,1.953015453182160854e-03
1.411784324624791589e+04,3.341728821396827698e-03
1.412784880489160605e+04,5.007571540772914886e-03
1.413785436353529803e+04,8.418659563176333904e-04
1.414785992217898820e+04,3.896591952070593834e-03
1.415786548082267836e+04,3.619128605350852013e-03
1.416787103946637035e+04,3.618950489908456802e-03
1.417787659811006051e+04,2.785320859402418137e-03
1.418788215675375250e+04,3.896787064149975777e-03
1.419788771539744266e+04,1.952908467501401901e-03
1.420789327404113465e+04,2.230486366897821426e-03
1.421789883268482481e+04,3.062934381887316704e-03
1.422790439132851498e+04,4.174310248345136642e-03
1.423790994997220696e+04,2.786225639283657074e-03
1.424791550861589712e+04,2.785524586215615273e-03
1.425792106725958911e+04,3.341238945722579956e-03
1.426792662590327927e+04,2.785596763715147972e-03
1.427793218454697126e+04,3.063759766519069672e-03
1.428793774319066142e+04,2.507747383788228035e-03
1.429794330183435159e+04,4.174025263637304306e-03
1.430794886047804357e+04,2.785066142678260803e-03
1.431795441912173374e+04,2.507363911718130112e-03
1.432795997776542572e+04,3.340681549161672592e-03
1.433796553640911588e+04,3.340817289426922798e-03
1.434797109505280787e+04,2.507084514945745468e-03
1.435797665369649803e+04,3.340801456943154335e-03
1.436798221234018820e+04,3.618533490225672722e-03
1.437798777098388018e+04,3.618318587541580200e-03
1.438799332962757035e+04,5.007141735404729843e-03
1.439799888827126233e+04,3.618130227550864220e-03
1.440800444691495250e+04,3.063133917748928070e-03
1.441801000555864448e+04,2.229376928880810738e-03
1.442801556420233464e+04,3.062737872824072838e-03
1.443802112284602481e+04,3.063092241063714027e-03
1.444802668148971679e+04,2.784914337098598480e-03
1.445803224013340696e+04,2.785424701869487762e-03
1.446803779877709894e+04,2.228816039860248566e-03
1.447804335742078911e+04,3.062539268285036087e-03
1.448804891606448109e+04,3.062484087422490120e-03
1.449805447470817126e+04,2.785007935017347336e-03
1.450806003335186142e+04,4.729413893073797226e-03
1.451806559199555340e+04,4.173426888883113861e-03
1.452807115063924357e+04,2.229097764939069748e-03
1.453807670928293555e+04,1.395601895637810230e-03
1.454808226792662572e+04,4.173025488853454590e-03
1.455808782657031770e+04,2.506353659555315971e-03
1.456809338521400787e+04,4.451120737940073013e-03
1.457809894385769803e+04,4.451723769307136536e-03
1.458810450250139002e+04,3.062701551243662834e-03
1.459811006114508018e+04,3.062440082430839539e-03
1.460811561978877216e+04,2.505928510800004005e-03
1.461812117843246233e+04,2.784075215458869934e-03
1.462812673707615249e+04,2.783908043056726456e-03
1.463813229571984448e+04,3.339852206408977509e-03
1.464813785436353464e+04,3.062397008761763573e-03
1.465814341300722663e+04,3.339748131111264229e-03
1.466814897165091679e+04,3.617494832724332809e-03
1.467815453029460878e+04,2.784610958769917488e-03
1.468816008893829894e+04,2.506822114810347557e-03
1.469816564758198911e+04,3.339322749525308609e-03
1.470817120622568109e+04,3.061967436224222183e-03
1.471817676486937125e+04,3.061667550355195999e-03
1.472818232351306324e+04,3.339827992022037506e-03
1.473818788215675340e+04,2.228620927780866623e-03
1.474819344080044539e+04,3.061697818338871002e-03
1.475819899944413555e+04,3.061930881813168526e-03
1.476820455808782572e+04,3.062155796214938164e-03
1.477821011673151770e+04,3.061558585613965988e-03
1.478821567537520787e+04,3.339053131639957428e-03
1.479822123401889985e+04,3.062418196350336075e-03
1.480822679266259001e+04,3.894665045663714409e-03
1.481823235130628200e+04,3.617418231442570686e-03
1.482823790994997216e+04,1.950599486008286476e-03
1.483824346859366233e+04,4.172882996499538422e-03
1.484824902723735431e+04,3.616838017478585243e-03
1.485825458588104448e+04,2.227666322141885757e-03
1.486826014452473646e+04,3.339436836540699005e-03
1.487826570316842663e+04,3.616809146478772163e-03
1.488827126181211861e+04,4.728075582534074783e-03
1.489827682045580877e+04,3.061620984226465225e-03
1.490828237909949894e+04,3.339120652526617050e-03
1.491828793774319092e+04,2.783717121928930283e-03
1.492829349638688109e+04,1.950702979229390621e-03
1.493829905503057307e+04,3.061374416574835777e-03
1.494830461367426324e+04,3.061247989535331726e-03
1.495831017231795522e+04,4.172714427113533020e-03
1.496831573096164539e+04,3.616987960413098335e-03
1.497832128960533555e+04,3.061361843720078468e-03
1.498832684824902753e+04,2.228174358606338501e-03
1.499833240689271770e+04,5.005634855479001999e-03
1.500833796553640968e+04,2.227714285254478455e-03
1.501834352418009985e+04,5.005518905818462372e-03
1.502834908282379183e+04,3.060892224311828613e-03
1.503835464146748200e+04,2.505609765648841858e-03
1.504836020011117216e+04,3.894510911777615547e-03
1.505836575875486415e+04,3.060902236029505730e-03
1.506837131739855431e+04,1.672159763984382153e-03
1.507837687604224629e+04,3.060699207708239555e-03
1.508838243468593646e+04,4.449854604899883270e-03
1.509838799332962844e+04,2.782944124191999435e-03
1.510839355197331861e+04,3.894382156431674957e-03
1.511839911061700877e+04,2.783230971544981003e-03
1.512840466926070076e+04,3.061051014810800552e-03
1.513841022790439092e+04,1.949995290488004684e-03
1.514841578654808291e+04,4.172129556536674500e-03
1.515842134519177307e+04,2.227040706202387810e-03
1.516842690383546324e+04,2.782992785796523094e-03
1.517843246247915522e+04,3.616347443312406540e-03
1.518843802112284538e+04,3.060905262827873230e-03
1.519844357976653737e+04,2.227389952167868614e-03
1.520844913841022753e+04,3.616622881963849068e-03
1.521845469705391952e+04,1.671579200774431229e-03
1.522846025569760968e+04,3.060425166040658951e-03
1.523846581434129985e+04,2.227399731054902077e-03
1.524847137298499183e+04,3.338471520692110062e-03
1.525847693162868200e+04,2.782989991828799248e-03
1.526848249027237398e+04,4.449756350368261337e-03
1.527848804891606414e+04,1.116369385272264481e-03
1.528849360755975613e+04,4.727290011942386627e-03
1.529849916620344629e+04,2.227274700999259949e-03
1.530850472484713646e+04,6.115987896919250488e-03
1.531851028349082844e+04,3.338142530992627144e-03
1.532851584213451861e+04,2.782472642138600349e-03
1.533852140077821059e+04,3.615833818912506104e-03
1.534852695942190076e+04,3.616245463490486145e-03
1.535853251806559274e+04,2.504585077986121178e-03
1.536853807670928290e+04,3.615772584453225136e-03
1.537854363535297307e+04,1.671346020884811878e-03
1.538854919399666505e+04,2.504863776266574860e-03
1.539855475264035522e+04,3.060110379010438919e-03
1.540856031128404720e+04,2.504575764760375023e-03
1.541856586992773737e+04,3.060813061892986298e-03
1.542857142857142935e+04,4.449078813195228577e-03
1.543857698721511952e+04,2.782839117571711540e-03
1.544858254585880968e+04,1.949639874510467052e-03
1.545858810450250166e+04,1.949025318026542664e-03
1.546859366314619183e+04,1.393537502735853195e-03
1.547859922178988381e+04,2.504888223484158516e-03
1.548860478043357398e+04,3.337746718898415565e-03
1.549861033907726596e+04,3.615970490500330925e-03
1.550861589772095613e+04,3.338024951517581940e-03
1.551862145636464629e+04,4.448678344488143921e-03
1.552862701500833828e+04,3.615853143855929375e-03
1.553863257365202844e+04,2.504444215446710587e-03
1.554863813229572042e+04,1.393490354530513287e-03
1.555864369093941059e+04,4.726533778011798859e-03
1.556864924958310257e+04,4.170699976384639740e-03
1.557865480822679274e+04,3.060558810830116272e-03
1.558866036687048290e+04,1.670902827754616737e-03
1.559866592551417489e+04,3.337805392220616341e-03
1.560867148415786505e+04,3.060107817873358727e-03
1.561867704280155704e+04,3.893218934535980225e-03
1.562868260144524720e+04,3.893237793818116188e-03
1.563868816008893737e+04,1.670862315222620964e-03
1.564869371873262935e+04,1.948195509612560272e-03
1.565869927737631951e+04,2.782465657219290733e-03
1.566870483602001150e+04,3.059745766222476959e-03
1.567871039466370166e+04,3.892707405611872673e-03
1.568871595330739365e+04,3.059730399399995804e-03
1.569872151195108381e+04,4.449167288839817047e-03
1.570872707059477398e+04,1.949031720869243145e-03
1.571873262923846596e+04,3.337283153086900711e-03
1.572873818788215613e+04,3.059754613786935806e-03
1.573874374652584811e+04,4.448873456567525864e-03
1.574874930516953827e+04,3.893097629770636559e-03
1.575875486381323026e+04,3.615974215790629387e-03
1.576876042245692042e+04,2.504762262105941772e-03
1.577876598110061059e+04,3.059783019125461578e-03
1.578877153974430257e+04,1.909801661968231201e-01
1.579877709838799274e+04,1.376177370548248291e-01
1.580878265703168472e+04,7.595694065093994141e-02
1.581878821567537489e+04,7.077008485794067383e-02
1.582879377431906687e+04,2.851409465074539185e-02
1.583879933296275703e+04,4.304744303226470947e-02
1.584880489160644720e+04,2.005921304225921631e-02
1.585881045025013918e+04,9.430726990103721619e-03
1.586881600889382935e+04,1.227037236094474792e-02
1.587882156753752133e+04,4.993133246898651123e-03
1.588882712618121150e+04,7.109763100743293762e-03
1.589883268482490348e+04,5.623835138976573944e-03
1.590883824346859365e+04,7.092532236129045486e-03
1.591884380211228381e+04,5.968187469989061356e-03
1.592884936075597579e+04,5.038457456976175308e-03
1.593885491939966596e+04,2.314477227628231049e-03
1.594886047804335794e+04,2.468565944582223892e-03
1.595886603668704811e+04,2.229798119515180588e-03
1.596887159533074009e+04,3.482231637462973595e-03
1.597887715397443026e+04,3.180532017722725868e-03
1.598888271261812042e+04,2.313836943358182907e-03
1.599888827126181241e+04,2.567937131971120834e-03
1.600889382990550257e+04,3.691168269142508507e-03
1.601889938854919455e+04,3.139340085908770561e-03
1.602890494719288472e+04,3.107314230874180794e-03
1.603891050583657670e+04,5.327258724719285965e-03
1.604891606448026687e+04,5.890264641493558884e-03
1.605892162312395703e+04,3.116240492090582848e-03
1.606892718176764902e+04,2.548903692513704300e-03
1.607893274041133918e+04,4.498975351452827454e-03
1.608893829905503117e+04,2.551279030740261078e-03
1.609894385769872133e+04,4.769798833876848221e-03
1.610894941634241331e+04,3.652201266959309578e-03
1.611895497498610348e+04,3.932342398911714554e-03
1.612896053362979364e+04,2.818143460899591446e-03
1.613896609227348563e+04,3.089437726885080338e-03
1.614897165091717579e+04,4.758789204061031342e-03
1.615897720956086778e+04,3.096212400123476982e-03
1.616898276820455794e+04,2.815267536789178848e-03
1.617898832684824811e+04,5.037819966673851013e-03
1.618899388549194009e+04,3.926631528884172440e-03
1.619899944413563026e+04,2.261222572997212410e-03
1.620900500277932224e+04,2.259013708680868149e-03
1.621901056142301240e+04,3.651828505098819733e-03
1.622901612006670439e+04,4.204479977488517761e-03
1.623902167871039455e+04,2.813693834468722343e-03
1.624902723735408472e+04,4.480901174247264862e-03
1.625903279599777670e+04,3.370492253452539444e-03
1.626903835464146687e+04,4.751868546009063721e-03
1.627904391328515885e+04,4.194868262857198715e-03
1.628904947192884902e+04,3.088427940383553505e-03
1.629905503057254100e+04,3.363808151334524155e-03
1.630906058921623116e+04,2.533314283937215805e-03
1.631906614785992133e+04,3.086709883064031601e-03
1.632907170650361331e+04,2.252093283459544182e-03
1.633907726514730348e+04,2.808606950566172600e-03
1.634908282379099546e+04,3.085674718022346497e-03
1.635908838243468563e+04,3.081162227317690849e-03
1.636909394107837761e+04,3.085015108808875084e-03
1.637909949972206778e+04,4.198161885142326355e-03
1.638910505836575976e+04,8.639876032248139381e-04
1.639911061700944992e+04,2.530046273022890091e-03
1.640911617565314009e+04,1.422079978510737419e-03
1.641912173429683025e+04,3.080661874264478683e-03
1.642912729294052406e+04,3.087252378463745117e-03
1.643913285158421422e+04,3.082419047132134438e-03
1.644913841022790439e+04,2.252004109323024750e-03
1.645914396887159455e+04,3.641180926933884621e-03
1.646914952751528472e+04,2.248126547783613205e-03
1.647915508615897852e+04,2.524836454540491104e-03
1.648916064480266868e+04,3.080125432461500168e-03
1.649916620344635885e+04,2.249565673992037773e-03
1.650917176209004901e+04,2.804139629006385803e-03
1.651917732073373918e+04,3.917150199413299561e-03
1.652918287937743298e+04,4.192011430859565735e-03
1.653918843802112315e+04,3.356396919116377831e-03
1.654919399666481331e+04,3.358802292495965958e-03
1.655919955530850348e+04,3.080128924921154976e-03
1.656920511395219728e+04,3.080795053392648697e-03
1.657921067259588744e+04,3.359761787578463554e-03
1.658921623123957761e+04,2.524868352338671684e-03
1.659922178988326777e+04,2.805199241265654564e-03
1.660922734852695794e+04,2.801554044708609581e-03
1.661923290717065174e+04,2.801730763167142868e-03
1.662923846581434191e+04,3.356271190568804741e-03
1.663924402445803207e+04,1.969240838661789894e-03
1.664924958310172224e+04,2.520385896787047386e-03
1.665925514174541240e+04,2.526646014302968979e-03
1.666926070038910620e+04,1.690134522505104542e-03
1.667926625903279637e+04,2.799529116600751877e-03
1.668927181767648653e+04,2.800564281642436981e-03
1.669927737632017670e+04,3.081108909100294113e-03
1.670928293496387050e+04,3.357148030772805214e-03
1.671928849360756067e+04,5.580205470323562622e-03
1.672929405225125083e+04,4.464645870029926300e-03
1.673929961089494100e+04,2.245714189484715462e-03
1.674930516953863116e+04,2.522513037547469139e-03
1.675931072818232497e+04,3.632655600085854530e-03
1.676931628682601513e+04,3.914050757884979248e-03
1.677932184546970529e+04,1.690864446572959423e-03
1.678932740411339546e+04,3.634551540017127991e-03
1.679933296275708562e+04,3.355297958478331566e-03
1.680933852140077943e+04,2.519645029678940773e-03
1.681934408004446959e+04,2.523460192605853081e-03
1.682934963868815976e+04,3.911161329597234726e-03
1.683935519733184992e+04,3.910779487341642380e-03
1.684936075597554373e+04,2.523742849007248878e-03
1.685936631461923389e+04,1.690263743512332439e-03
1.686937187326292405e+04,3.359383670613169670e-03
1.687937743190661422e+04,2.801197813823819160e-03
1.688938299055030438e+04,2.799396635964512825e-03
1.689938854919399819e+04,1.686471048742532730e-03
1.690939410783768835e+04,3.353466745465993881e-03
1.691939966648137852e+04,2.521314658224582672e-03
1.692940522512506868e+04,3.632190870121121407e-03
1.693941078376875885e+04,4.186435602605342865e-03
1.694941634241245265e+04,3.909172490239143372e-03
1.695942190105614281e+04,2.242906484752893448e-03
1.696942745969983298e+04,1.688621705397963524e-03
1.697943301834352314e+04,2.520067384466528893e-03
1.698943857698721331e+04,2.240849891677498817e-03
1.699944413563090711e+04,3.075113054364919662e-03
1.700944969427459728e+04,3.073573112487792969e-03
1.701945525291828744e+04,5.575264804065227509e-03
1.702946081156197761e+04,3.631769912317395210e-03
1.703946637020567141e+04,2.796910703182220459e-03
1.704947192884936157e+04,2.797304652631282806e-03
1.705947748749305174e+04,2.797637134790420532e-03
1.706948304613674190e+04,3.078905399888753891e-03
1.707948860478043207e+04,1.964639639481902122e-03
1.708949416342412587e+04,2.517076907679438591e-03
1.709949972206781604e+04,4.742782562971115112e-03
1.710950528071150620e+04,3.351949388161301613e-03
1.711951083935519637e+04,4.185674712061882019e-03
1.712951639799888653e+04,1.960307825356721878e-03
1.713952195664258034e+04,3.074653446674346924e-03
1.714952751528627050e+04,4.183345008641481400e-03
1.715953307392996066e+04,2.518950728699564934e-03
1.716953863257365083e+04,1.963323215022683144e-03
1.717954419121734463e+04,3.628233913332223892e-03
1.718954974986103480e+04,2.795177046209573746e-03
1.719955530850472496e+04,4.186786711215972900e-03
1.720956086714841513e+04,3.070526756346225739e-03
1.721956642579210529e+04,2.517306245863437653e-03
1.722957198443579910e+04,2.239225665107369423e-03
1.723957754307948926e+04,2.240964444354176521e-03
1.724958310172317942e+04,3.632735460996627808e-03
1.725958866036686959e+04,4.182406701147556305e-03
1.726959421901055975e+04,3.072622232139110565e-03
1.727959977765425356e+04,3.348726080730557442e-03
1.728960533629794372e+04,3.351585241034626961e-03
1.729961089494163389e+04,4.461946431547403336e-03
1.730961645358532405e+04,3.626111429184675217e-03
1.731962201222901786e+04,3.627636702731251717e-03
1.732962757087270802e+04,2.238498767837882042e-03
1.733963312951639818e+04,2.793594263494014740e-03
1.734963868816008835e+04,3.627743106335401535e-03
1.735964424680377851e+04,2.794124884530901909e-03
1.736964980544747232e+04,1.963130896911025047e-03
1.737965536409116248e+04,1.962396781891584396e-03
1.738966092273485265e+04,2.238450106233358383e-03
1.739966648137854281e+04,1.127568772062659264e-03
1.740967204002223298e+04,2.238047542050480843e-03
1.741967759866592678e+04,2.793462947010993958e-03
1.742968315730961694e+04,3.072622697800397873e-03
1.743968871595330711e+04,2.516134874895215034e-03
1.744969427459699727e+04,3.626815741881728172e-03
1.745969983324068744e+04,3.348433179780840874e-03
1.746970539188438124e+04,5.570837762206792831e-03
1.747971095052807141e+04,3.347911173477768898e-03
1.748971650917176157e+04,1.958659617230296135e-03
1.749972206781545174e+04,3.903614589944481850e-03
1.750972762645914554e+04,3.069054801017045975e-03
1.751973318510283571e+04,3.624584292992949486e-03
1.752973874374652587e+04,2.514511346817016602e-03
1.753974430239021603e+04,2.792422194033861160e-03
1.754974986103390620e+04,1.957590458914637566e-03
1.755975541967760000e+04,1.959815854206681252e-03
1.756976097832129017e+04,1.402707537636160851e-03
1.757976653696498033e+04,4.459429066628217697e-03
1.758977209560867050e+04,3.070221748203039169e-03
1.759977765425236066e+04,2.235921332612633705e-03
1.760978321289605447e+04,1.403898699209094048e-03
1.761978877153974463e+04,4.458476323634386063e-03
1.762979433018343479e+04,2.792602637782692909e-03
1.763979988882712496e+04,2.791130449622869492e-03
1.764980544747081876e+04,2.791169798001646996e-03
1.765981100611450893e+04,3.624068107455968857e-03
1.766981656475819909e+04,4.736972972750663757e-03
1.767982212340188926e+04,3.068161895498633385e-03
1.768982768204557942e+04,3.902691882103681564e-03
1.769983324068927323e+04,4.179210402071475983e-03
1.770983879933296339e+04,2.513509942218661308e-03
1.771984435797665355e+04,2.791356062516570091e-03
1.772984991662034372e+04,1.680152723565697670e-03
1.773985547526403388e+04,5.291489418596029282e-03
1.774986103390772769e+04,2.790360944345593452e-03
1.775986659255141785e+04,3.067173995077610016e-03
1.776987215119510802e+04,3.348087659105658531e-03
1.777987770983879818e+04,5.012580193579196930e-03
1.778988326848249199e+04,2.789576537907123566e-03
1.779988882712618215e+04,3.900917479768395424e-03
1.780989438576987231e+04,1.956071704626083374e-03
1.781989994441356248e+04,2.512632636353373528e-03
1.782990550305725264e+04,4.735640715807676315e-03
1.783991106170094645e+04,1.958155771717429161e-03
1.784991662034463661e+04,1.401090878061950207e-03
1.785992217898832678e+04,3.345943288877606392e-03
1.786992773763201694e+04,2.512355335056781769e-03
1.787993329627570711e+04,2.234296873211860657e-03
1.788993885491940091e+04,3.068360732868313789e-03
1.789994441356309108e+04,3.068402409553527832e-03
1.790994997220678124e+04,3.346100449562072754e-03
1.791995553085047140e+04,3.345359815284609795e-03
1.792996108949416521e+04,3.344841068610548973e-03
1.793996664813785537e+04,3.347067395225167274e-03
1.794997220678154554e+04,2.232883824035525322e-03
1.795997776542523570e+04,2.511587692424654961e-03
1.796998332406892587e+04,2.790040802210569382e-03
1.797998888271261967e+04,3.068492515012621880e-03
1.798999444135630984e+04,3.345587057992815971e-03
1.800000000000000000e+04,2.791330683976411819e-03
