# kappa, training_loss
0.000000000000000000e+00,2.504951059818267822e-01
2.987032342379093430e-01,2.237187176942825317e-01
3.792330616569735136e-01,2.154991477727890015e-01
4.277352777588703803e-01,2.035471200942993164e-01
4.625532273815083362e-01,2.013049125671386719e-01
4.897331837581259673e-01,1.939596086740493774e-01
5.120306793814816126e-01,1.862539499998092651e-01
5.309355664186041768e-01,1.824803352355957031e-01
5.473451888551004174e-01,1.728604584932327271e-01
5.618421006880573998e-01,1.699833571910858154e-01
5.748260080347481482e-01,1.590050458908081055e-01
5.865830938126668226e-01,1.503733545541763306e-01
5.973253139559870917e-01,1.483695358037948608e-01
6.072140366525181632e-01,1.392411291599273682e-01
6.163749611232056669e-01,1.358034908771514893e-01
6.249079124371645921e-01,1.310499757528305054e-01
6.328934891281874364e-01,1.179213821887969971e-01
6.403977041641824020e-01,1.121354177594184875e-01
6.474753049395683968e-01,1.155667006969451904e-01
6.541721992850680900e-01,1.066960170865058899e-01
6.605272616620412318e-01,1.067062765359878540e-01
6.665737003650883397e-01,9.437450766563415527e-02
6.723401078546419329e-01,8.630603551864624023e-02
6.778512784565760008e-01,8.507802337408065796e-02
6.831288526446483989e-01,8.554204553365707397e-02
6.881918302496210504e-01,7.090033590793609619e-02
6.930569833466786456e-01,6.786996126174926758e-02
6.977391914713508836e-01,5.324550345540046692e-02
7.022517160636955191e-01,6.923627853393554688e-02
7.066064269003148324e-01,5.201824754476547241e-02
7.108139902536799726e-01,5.876531824469566345e-02
7.148840262884393892e-01,6.039819493889808655e-02
7.188252415395978145e-01,5.744896829128265381e-02
7.226455410615170161e-01,4.397673159837722778e-02
7.263521238800282331e-01,6.046421825885772705e-02
7.299515646446278483e-01,4.301091656088829041e-02
7.334498838077609939e-01,3.753117844462394714e-02
7.368526082129021049e-01,3.909064456820487976e-02
7.401648236226315847e-01,3.587358444929122925e-02
7.433912204400964230e-01,3.662556409835815430e-02
7.465361336555792482e-01,3.605965152382850647e-02
7.496035778719353226e-01,3.350747004151344299e-02
7.525972781189375072e-01,2.571013942360877991e-02
7.555206970498462571e-01,2.627337537705898285e-02
7.583770590182299376e-01,2.555232867598533630e-02
7.611693714548641854e-01,2.410993352532386780e-02
7.639004439000735003e-01,2.388201840221881866e-02
7.665729049934733030e-01,2.012303844094276428e-02
7.691892176786567781e-01,1.833884976804256439e-02
7.717516928432612833e-01,2.101128734648227692e-02
7.742625015837312219e-01,2.056606672704219818e-02
7.767236862578962286e-01,1.818184554576873779e-02
7.791371704663508924e-01,1.812907308340072632e-02
7.815047680848508094e-01,1.844199374318122864e-02
7.838281914539806383e-01,1.882411167025566101e-02
7.861090588187192862e-01,1.528239808976650238e-02
7.883489010988640189e-01,1.640844158828258514e-02
7.905491680612627414e-01,1.483049243688583374e-02
7.927112339561774856e-01,1.646300405263900757e-02
7.948364026726546516e-01,1.213674061000347137e-02
7.969259124613342626e-01,1.560596004128456116e-02
7.989809402675321914e-01,1.698179729282855988e-02
8.010026057125625432e-01,1.469684578478336334e-02
8.029919747570203326e-01,1.344324182718992233e-02
8.049500630760333397e-01,1.434550154954195023e-02
8.068778391732367439e-01,1.549408771097660065e-02
8.087762272573763012e-01,1.465852838009595871e-02
8.106461099029216300e-01,1.280316244810819626e-02
8.124883305138679290e-01,9.865754283964633942e-03
8.143036956079393596e-01,8.692559786140918732e-03
8.160929769366804809e-01,1.332093961536884308e-02
8.178569134553822506e-01,1.114540696144104004e-01
8.195962131554314078e-01,8.729000389575958252e-02
8.213115547704501473e-01,4.763313010334968567e-02
8.230035893665206270e-01,3.239467367529869080e-02
8.246729418258137434e-01,2.220868691802024841e-02
8.263202122320876253e-01,2.061803266406059265e-02
8.279459771657389222e-01,1.655197329819202423e-02
8.295507909154039572e-01,2.023181505501270294e-02
8.311351866124789822e-01,1.543580368161201477e-02
8.326996772943707770e-01,1.994168385863304138e-02
8.342447569017840125e-01,1.437294390052556992e-02
8.357709012148945016e-01,1.454912684857845306e-02
8.372785687328501147e-01,1.630562916398048401e-02
8.387682015006648895e-01,1.733416505157947540e-02
8.402402258872401219e-01,2.253424935042858124e-02
8.416950533179357041e-01,1.653609983623027802e-02
8.431330809648432956e-01,1.669828034937381744e-02
8.445546923976571252e-01,1.581369154155254364e-02
8.459602581978112879e-01,1.401014253497123718e-02
8.473501365383450112e-01,1.185797993093729019e-02
8.487246737317624135e-01,1.164344511926174164e-02
8.500842047479874042e-01,1.210024300962686539e-02
8.514290537043480711e-01,1.036856509745121002e-02
8.527595343293865593e-01,1.389015745371580124e-02
8.540759504021514514e-01,1.244921516627073288e-02
8.553785961685155259e-01,1.126469299197196960e-02
8.566677567359413104e-01,1.044328417629003525e-02
8.579437084480240339e-01,1.239378470927476883e-02
8.592067192400389963e-01,1.012961007654666901e-02
8.604570489766404373e-01,1.214498747140169144e-02
8.616949497727742768e-01,1.014962233603000641e-02
8.629206662987976006e-01,9.750959463417530060e-03
8.641344360707282624e-01,1.216592919081449509e-02
8.653364897264849143e-01,1.045656483620405197e-02
8.665270512889224896e-01,1.134270336478948593e-02
8.677063384164127591e-01,1.013089064508676529e-02
8.688745626416702894e-01,1.155653595924377441e-02
8.700319295994809465e-01,9.359924122691154480e-03
8.711786392439448967e-01,1.091423258185386658e-02
8.723148860558077589e-01,1.201012544333934784e-02
8.734408592404196980e-01,8.451699279248714447e-03
8.745567429168239482e-01,1.319423038512468338e-02
8.756627162984488288e-01,1.083666458725929260e-02
8.767589538658463466e-01,1.292130909860134125e-02
8.778456255318943802e-01,1.012732926756143570e-02
8.789228967998524711e-01,1.100308727473020554e-02
8.799909289146401470e-01,1.222673617303371429e-02
8.810498790076830566e-01,1.176362577825784683e-02
8.820999002356518792e-01,1.033220812678337097e-02
8.831411419134020946e-01,9.821341373026371002e-03
8.841737496413999420e-01,1.147827133536338806e-02
8.851978654279112346e-01,1.011397223919630051e-02
8.862136278062043848e-01,1.121792197227478027e-02
8.872211719470134428e-01,1.175185665488243103e-02
8.882206297664877459e-01,1.422638818621635437e-02
8.892121300298437836e-01,1.056892797350883484e-02
8.901957984509233368e-01,1.211243309080600739e-02
8.911717577878507379e-01,1.206293702125549316e-02
8.921401279349701063e-01,9.830827824771404266e-03
8.931010260112361987e-01,1.260004192590713501e-02
8.940545664452208552e-01,1.062891259789466858e-02
8.950008610568893630e-01,9.537084028124809265e-03
8.959400191362933974e-01,1.592012308537960052e-02
8.968721475193193182e-01,8.395243436098098755e-03
8.977973506606210519e-01,1.367358956485986710e-02
8.987157307038657894e-01,9.527572430670261383e-03
8.996273875494058547e-01,1.090160757303237915e-02
9.005324189194940931e-01,1.144069153815507889e-02
9.014309204211444770e-01,1.012482866644859314e-02
9.023229856067425114e-01,1.119878981262445450e-02
9.032087060324992533e-01,1.088829711079597473e-02
9.040881713148420928e-01,1.088892016559839249e-02
9.049614691848272274e-01,1.006959192454814911e-02
9.058286855406585403e-01,1.172929536551237106e-02
9.066899044983901534e-01,8.672588504850864410e-03
9.075452084408867082e-01,1.088422536849975586e-02
9.083946780651154240e-01,1.091534737497568130e-02
9.092383924278352181e-01,8.952925913035869598e-03
9.100764289897480541e-01,1.116708014160394669e-02
9.109088636581754717e-01,1.143987011164426804e-02
9.117357708283176931e-01,1.139101479202508926e-02
9.125572234231522639e-01,9.532665833830833435e-03
9.133732929320247385e-01,1.044142805039882660e-02
9.141840494479838153e-01,9.241485968232154846e-03
9.149895617039087714e-01,7.286994718015193939e-03
9.157898971074753813e-01,1.171860564500093460e-02
9.165851217750068392e-01,8.372722193598747253e-03
9.173753005642485414e-01,1.059452071785926819e-02
9.181604971061119169e-01,1.114772818982601166e-02
9.189407738354222754e-01,8.085931651294231415e-03
9.197161920207094221e-01,8.942120708525180817e-03
9.204868117930771199e-01,1.283626351505517960e-02
9.212526921741849284e-01,1.032359153032302856e-02
9.220138911033737283e-01,1.030564866960048676e-02
9.227704654639680149e-01,1.033075992017984390e-02
9.235224711087846039e-01,1.271089352667331696e-02
9.242699628848742854e-01,1.257645618170499802e-02
9.250129946575265105e-01,8.669489994645118713e-03
9.257516193335623145e-01,1.171126589179039001e-02
9.264858888839387907e-01,1.309207733720541000e-02
9.272158543656936480e-01,1.141485571861267090e-02
9.279415659432482810e-01,1.030276063829660416e-02
9.286630729090947778e-01,5.873018410056829453e-03
9.293804237038859606e-01,1.051264721900224686e-02
9.300936659359521075e-01,1.137840095907449722e-02
9.308028464002598978e-01,8.373836055397987366e-03
9.315080110968355642e-01,1.059336587786674500e-02
9.322092052486690150e-01,1.004569325596094131e-02
9.329064733191175796e-01,1.143996324390172958e-02
9.335998590288239196e-01,1.252156402915716171e-02
9.342894053721662040e-01,1.208402216434478760e-02
9.349751546332555341e-01,7.830196060240268707e-03
9.356571484014956086e-01,8.402951993048191071e-03
9.363354275867168397e-01,8.653920143842697144e-03
9.370100324339031284e-01,8.650574833154678345e-03
9.376810025375201807e-01,1.335904467850923538e-02
9.383483768554600202e-01,6.737105548381805420e-03
9.390121937226147963e-01,1.254626363515853882e-02
9.396724908640894380e-01,1.197433937340974808e-02
9.403293054080671398e-01,1.111641805619001389e-02
9.409826738983360084e-01,1.003004424273967743e-02
9.416326323064905246e-01,1.031654048711061478e-02
9.422792160438140385e-01,9.199909865856170654e-03
9.429224599728566192e-01,9.752332232892513275e-03
9.435623984187135882e-01,8.080869913101196289e-03
9.441990651800173939e-01,1.170145161449909210e-02
9.448324935396482660e-01,8.924520574510097504e-03
9.454627162751750857e-01,9.766023606061935425e-03
9.460897656690328006e-01,9.122000075876712799e-03
9.467136735184452645e-01,9.781175293028354645e-03
9.473344711451003874e-01,9.275692515075206757e-03
9.479521894045854769e-01,1.058892719447612762e-02
9.485668586955897652e-01,8.365380577743053436e-03
9.491785089688806742e-01,1.169393677264451981e-02
9.497871697360614762e-01,9.191559627652168274e-03
9.503928700781149042e-01,1.002154033631086349e-02
9.509956386537405937e-01,1.140859909355640411e-02
9.515955037074917966e-01,8.636076003313064575e-03
9.521924930777168061e-01,1.085306983441114426e-02
9.527866342043113113e-01,1.100213918834924698e-02
9.533779541362858989e-01,9.820339269936084747e-03
9.539664795391558094e-01,1.308589335530996323e-02
9.545522367021558319e-01,7.804767694324254990e-03
9.551352515452872227e-01,9.189719334244728088e-03
9.557155496261999783e-01,1.085794810205698013e-02
9.562931561469151243e-01,9.739960543811321259e-03
9.568680959603930170e-01,1.363084372133016586e-02
9.574403935769493224e-01,1.002060901373624802e-02
9.580100731705250006e-01,1.306876912713050842e-02
9.585771585848139598e-01,7.794440723955631256e-03
9.591416733392501559e-01,8.353553712368011475e-03
9.597036406348617987e-01,1.084794104099273682e-02
9.602630833599923310e-01,1.140692457556724548e-02
9.608200240958946203e-01,1.085087284445762634e-02
9.613744851221996957e-01,9.462746791541576385e-03
9.619264884222646916e-01,9.174980223178863525e-03
9.624760556884029983e-01,8.072373457252979279e-03
9.630232083269995025e-01,8.348312228918075562e-03
9.635679674635132530e-01,1.112538296729326248e-02
9.641103539473719897e-01,1.251372508704662323e-02
9.646503883567600912e-01,1.251665130257606506e-02
9.651880910033036054e-01,9.189260192215442657e-03
9.657234819366539158e-01,1.251921243965625763e-02
9.662565809489735980e-01,1.057393848896026611e-02
9.667874075793272404e-01,1.029512938112020493e-02
9.673159811179780077e-01,1.196093857288360596e-02
9.678423206105941645e-01,1.029247697442770004e-02
9.683664448623670040e-01,1.140609011054039001e-02
9.688883724420417343e-01,1.279603503644466400e-02
9.694081216858660976e-01,1.027909573167562485e-02
9.699257107014540580e-01,1.030216831713914871e-02
9.704411573715728823e-01,8.352356031537055969e-03
9.709544793578487321e-01,1.168476976454257965e-02
9.714656941043994243e-01,1.089845784008502960e-02
9.719748188413904755e-01,9.173988364636898041e-03
9.724818705885198700e-01,1.144222449511289597e-02
9.729868661584323286e-01,1.001150347292423248e-02
9.734898221600639667e-01,3.282115757465362549e-01
9.739907550019198945e-01,3.121431171894073486e-01
9.744896808952870915e-01,2.902033030986785889e-01
9.749866158573810004e-01,2.526497840881347656e-01
9.754815757144322808e-01,2.185508012771606445e-01
9.759745761047103896e-01,1.655767410993576050e-01
9.764656324814880994e-01,1.324429363012313843e-01
9.769547601159490613e-01,1.047725006937980652e-01
9.774419741000363038e-01,9.723398089408874512e-02
9.779272893492464425e-01,9.262739121913909912e-02
9.784107206053703765e-01,8.092287927865982056e-02
9.788922824391794730e-01,6.447449326515197754e-02
9.793719892530606819e-01,5.850691348314285278e-02
9.798498552836014674e-01,4.354770109057426453e-02
9.803258946041248922e-01,4.882814362645149231e-02
9.808001211271762942e-01,3.783083334565162659e-02
9.812725486069633352e-01,4.332851991057395935e-02
9.817431906417494192e-01,3.421436250209808350e-02
9.822120606762022588e-01,3.054952062666416168e-02
9.826791720036985867e-01,3.927683457732200623e-02
9.831445377685854581e-01,4.118597134947776794e-02
9.836081709683996976e-01,2.559260092675685883e-02
9.840700844560459348e-01,2.465106919407844543e-02
9.845302909419351156e-01,2.246284671127796173e-02
9.849888029960822688e-01,2.017345279455184937e-02
9.854456330501669692e-01,1.854561641812324524e-02
9.859007933995563855e-01,1.752830483019351959e-02
9.863542962052899155e-01,1.524957455694675446e-02
9.868061534960294034e-01,1.418981421738862991e-02
9.872563771699733870e-01,1.374534796923398972e-02
9.877049789967370375e-01,1.227663084864616394e-02
9.881519706191981278e-01,1.364780683070421219e-02
9.885973635553104710e-01,1.446125656366348267e-02
9.890411691998842736e-01,1.119813509285449982e-02
9.894833988263358471e-01,1.678996346890926361e-02
9.899240635884055672e-01,1.281605381518602371e-02
9.903631745218457461e-01,9.593036025762557983e-03
9.908007425460794160e-01,1.021828129887580872e-02
9.912367784658289160e-01,1.201789174228906631e-02
9.916712929727176107e-01,7.792985532432794571e-03
9.921042966468417434e-01,1.076410338282585144e-02
9.925357999583175328e-01,9.008537977933883667e-03
9.929658132687991801e-01,1.015493739396333694e-02
9.933943468329722304e-01,1.241158973425626755e-02
9.938214108000211766e-01,1.028928719460964203e-02
9.942470152150711948e-01,6.245595403015613556e-03
9.946711700206063433e-01,1.035622879862785339e-02
9.950938850578625594e-01,9.041400626301765442e-03
9.955151700681985627e-01,1.178247760981321335e-02
9.959350346944423338e-01,8.161509409546852112e-03
9.963534884822152771e-01,9.775340557098388672e-03
9.967705408812349566e-01,1.284848432987928391e-02
9.971862012465948499e-01,9.260402992367744446e-03
9.976004788400245626e-01,9.642040356993675232e-03
9.980133828311265054e-01,1.255710422992706299e-02
9.984249222985951411e-01,9.453222155570983887e-03
9.988351062314139162e-01,1.046560425311326981e-02
9.992439435300337625e-01,1.184000819921493530e-02
9.996514430075315039e-01,1.006090361624956131e-02
1.000057613390750388e+00,8.959569036960601807e-03
1.000462463321420747e+00,1.061617955565452576e-02
1.000866001357263668e+00,1.199597120285034180e-02
1.001268235973076459e+00,8.290022611618041992e-03
1.001669175561800129e+00,5.981746129691600800e-03
1.002068828435570103e+00,9.213049896061420441e-03
1.002467202826751169e+00,1.376522984355688095e-02
1.002864306888954449e+00,9.804549627006053925e-03
1.003260148698038146e+00,1.089105568826198578e-02
1.003654736253093205e+00,1.084573101252317429e-02
1.004048077477414092e+00,1.186955347657203674e-02
1.004440180219452694e+00,8.765026926994323730e-03
1.004831052253758017e+00,1.119059044867753983e-02
1.005220701281900775e+00,7.298552896827459335e-03
1.005609134933385107e+00,1.143581420183181763e-02
1.005996360766543640e+00,8.106130175292491913e-03
1.006382386269420337e+00,8.091863244771957397e-03
1.006767218860640245e+00,1.450480706989765167e-02
1.007150865890262814e+00,8.093192242085933685e-03
1.007533334640627221e+00,1.117323525249958038e-02
1.007914632327178817e+00,1.084874570369720459e-02
1.008294766099288475e+00,8.648089133203029633e-03
1.008673743041054172e+00,8.925578556954860687e-03
1.009051570172095458e+00,9.749596938490867615e-03
1.009428254448333284e+00,1.308065373450517654e-02
1.009803802762756719e+00,9.747133590281009674e-03
1.010178221946182120e+00,1.030131056904792786e-02
1.010551518767995871e+00,9.743275120854377747e-03
1.010923699936892017e+00,9.739589877426624298e-03
1.011294772101593242e+00,1.029832195490598679e-02
1.011664741851563853e+00,9.170101955533027649e-03
1.012033615717712776e+00,1.112342160195112228e-02
1.012401400173085220e+00,1.112769823521375656e-02
1.012768101633542583e+00,9.463155642151832581e-03
1.013133726458436801e+00,8.905819617211818695e-03
1.013498280951269370e+00,9.743737056851387024e-03
1.013861771360344832e+00,9.196463972330093384e-03
1.014224203879413588e+00,1.083117816597223282e-02
1.014585584648304284e+00,8.610776625573635101e-03
1.014945919753548420e+00,9.185123257339000702e-03
1.015305215228994529e+00,8.359369821846485138e-03
1.015663477056416797e+00,9.493621997535228729e-03
1.016020711166109258e+00,8.742228150367736816e-03
1.016376923437477986e+00,9.801426902413368225e-03
1.016732119699619297e+00,9.774224832653999329e-03
1.017086305731893292e+00,1.055762544274330139e-02
1.017439487264487852e+00,9.750713594257831573e-03
1.017791669978975300e+00,1.059072930365800858e-02
1.018142859508859521e+00,1.006504707038402557e-02
1.018493061440118197e+00,8.930168114602565765e-03
1.018842281311735043e+00,1.002783235162496567e-02
1.019190524616225613e+00,6.969149224460124969e-03
1.019537796800155549e+00,8.780621923506259918e-03
1.019884103264652175e+00,8.628800511360168457e-03
1.020229449365907648e+00,7.516913115978240967e-03
1.020573840415677225e+00,9.734736755490303040e-03
1.020917281681768429e+00,7.793498691171407700e-03
1.021259778388524886e+00,9.178110398352146149e-03
1.021601335717303494e+00,8.621832355856895447e-03
1.021941958806943607e+00,1.001209020614624023e-02
1.022281652754233106e+00,1.112298201769590378e-02
1.022620422614363367e+00,1.140069309622049332e-02
1.022958273401382678e+00,9.456893429160118103e-03
1.023295210088640550e+00,7.789550349116325378e-03
1.023631237609227362e+00,7.782671134918928146e-03
1.023966360856407132e+00,9.182581678032875061e-03
1.024300584684046278e+00,8.626708760857582092e-03
1.024633913907033733e+00,7.792004849761724472e-03
1.024966353301699051e+00,1.001165155321359634e-02
1.025297907606221415e+00,9.458022192120552063e-03
1.025628581521035754e+00,9.456621482968330383e-03
1.025958379709231982e+00,1.279276330024003983e-02
1.026287306796950682e+00,8.903862908482551575e-03
1.026615367373771459e+00,8.624531328678131104e-03
1.026942565993096634e+00,8.903205394744873047e-03
1.027268907172532275e+00,9.738940745592117310e-03
1.027594395394261007e+00,1.113172341138124466e-02
1.027919035105411494e+00,6.402280647307634354e-03
1.028242830718423706e+00,7.803420536220073700e-03
1.028565786611408628e+00,6.680764257907867432e-03
1.028887907128502421e+00,8.905459195375442505e-03
1.029209196580218588e+00,8.069924078881740570e-03
1.029529659243792805e+00,1.003751531243324280e-02
1.029849299363525317e+00,9.737536311149597168e-03
1.030168121151117777e+00,1.167977694422006607e-02
1.030486128786006983e+00,1.250982936471700668e-02
1.030803326415692167e+00,9.008362889289855957e-03
1.031119718156061182e+00,2.313417047262191772e-01
1.031435308091709580e+00,1.299438625574111938e-01
1.031750100276258353e+00,9.448236227035522461e-02
1.032064098732665469e+00,6.775322556495666504e-02
1.032377307453534065e+00,4.214364290237426758e-02
1.032689730401417538e+00,4.179318621754646301e-02
1.033001371509120636e+00,2.254707179963588715e-02
1.033312234679996777e+00,2.114216983318328857e-02
1.033622323788239372e+00,1.719839312136173248e-02
1.033931642679174034e+00,1.653909496963024139e-02
1.034240195169543242e+00,1.795212924480438232e-02
1.034547985047789442e+00,1.205353625118732452e-02
1.034855016074333722e+00,1.290285494178533554e-02
1.035161291981851805e+00,1.294179912656545639e-02
1.035466816475546725e+00,9.957631118595600128e-03
1.035771593233417054e+00,9.678443893790245056e-03
1.036075625906522246e+00,7.824867032468318939e-03
1.036378918119246872e+00,1.142875291407108307e-02
1.036681473469557746e+00,1.167350355535745621e-02
1.036983295529260829e+00,9.232421405613422394e-03
1.037284387844254807e+00,9.628501720726490021e-03
1.037584753934780890e+00,8.953214623034000397e-03
1.037884397295668615e+00,1.080600544810295105e-02
1.038183321396580983e+00,1.208454649895429611e-02
1.038481529682255378e+00,9.976849891245365143e-03
1.038779025572741821e+00,9.496473707258701324e-03
1.039075812463637227e+00,1.029220037162303925e-02
1.039371893726319440e+00,1.059659570455551147e-02
1.039667272708176382e+00,8.098124526441097260e-03
1.039961952732832540e+00,1.059039309620857239e-02
1.040255937100375005e+00,1.024410128593444824e-02
1.040549229087572858e+00,7.248215377330780029e-03
1.040841831948098539e+00,8.897317573428153992e-03
1.041133748912743018e+00,7.498739752918481827e-03
1.041424983189630948e+00,8.636439219117164612e-03
1.041715537964430505e+00,9.199106134474277496e-03
1.042005416400564100e+00,8.079423569142818451e-03
1.042294621639414887e+00,8.353153243660926819e-03
1.042583156800530153e+00,9.737735614180564880e-03
1.042871024981823380e+00,5.318922456353902817e-03
1.043158229259774750e+00,1.087002456188201904e-02
1.043444772689627209e+00,6.406262516975402832e-03
1.043730658305582093e+00,8.903304114937782288e-03
1.044015889120992302e+00,1.056964881718158722e-02
1.044300468128552373e+00,6.956104654818773270e-03
1.044584398300486328e+00,8.015799336135387421e-03
1.044867682588735303e+00,9.190637618303298950e-03
1.045150323925140290e+00,9.458573535084724426e-03
1.045432325221625325e+00,8.065956644713878632e-03
1.045713689370376454e+00,9.061188437044620514e-03
1.045994419244021367e+00,8.083770982921123505e-03
1.046274517695802597e+00,7.802436593919992447e-03
1.046553987559755150e+00,7.798313628882169724e-03
1.046832831650874596e+00,1.056697219610214233e-02
1.047111052765290706e+00,9.735861793160438538e-03
1.047388653680433990e+00,7.510738447308540344e-03
1.047665637155200891e+00,8.901942521333694458e-03
1.047942005930121656e+00,1.028152368962764740e-02
1.048217762727519764e+00,7.787763606756925583e-03
1.048492910251674015e+00,9.731199592351913452e-03
1.048767451188978628e+00,1.028967089951038361e-02
1.049041388208098891e+00,9.525774046778678894e-03
1.049314723960128148e+00,8.352611213922500610e-03
1.049587461078741013e+00,7.515776436775922775e-03
1.049859602180345686e+00,8.623763918876647949e-03
1.050131149864234947e+00,1.278987061232328415e-02
1.050402106712734707e+00,1.056579314172267914e-02
1.050672475291352104e+00,8.622337132692337036e-03
1.050942258148919617e+00,9.175682440400123596e-03
1.051211457817741612e+00,6.952425464987754822e-03
1.051480076813734010e+00,7.233570795506238937e-03
1.051748117636568614e+00,1.028565410524606705e-02
1.052015582769810331e+00,1.084181014448404312e-02
1.052282474681055957e+00,8.889960125088691711e-03
1.052548795822070726e+00,9.432364255189895630e-03
1.052814548628923763e+00,9.180644527077674866e-03
1.053079735522121529e+00,8.639092557132244110e-03
1.053344358906739942e+00,8.023709990084171295e-03
1.053608421172555820e+00,7.814950309693813324e-03
1.053871924694175677e+00,8.910031989216804504e-03
1.054134871831163833e+00,8.353685960173606873e-03
1.054397264928170097e+00,8.342410437762737274e-03
1.054659106315054329e+00,8.067295886576175690e-03
1.054920398307011009e+00,9.732274338603019714e-03
1.055181143204691585e+00,7.233326323330402374e-03
1.055441343294326817e+00,8.346262387931346893e-03
1.055701000847846238e+00,8.065246976912021637e-03
1.055960118122997615e+00,1.056273281574249268e-02
1.056218697363464853e+00,9.451702237129211426e-03
1.056476740798983904e+00,8.337975479662418365e-03
1.056734250645459117e+00,7.230107672512531281e-03
1.056991229105076480e+00,9.173988364636898041e-03
1.057247678366417087e+00,8.061994798481464386e-03
1.057503600604569272e+00,1.000627595931291580e-02
1.057758997981238069e+00,9.725056588649749756e-03
1.058013872644856912e+00,6.672971416264772415e-03
1.058268226730693984e+00,8.338817395269870758e-03
1.058522062360960136e+00,9.450511075556278229e-03
1.058775381644915692e+00,8.497668430209159851e-03
1.059028186678975691e+00,9.465786628425121307e-03
1.059280479546812703e+00,7.786934264004230499e-03
1.059532262319461848e+00,7.793991826474666595e-03
1.059783537055420499e+00,8.059368468821048737e-03
1.060034305800751309e+00,9.173100814223289490e-03
1.060284570589180797e+00,1.139813195914030075e-02
1.060534333442199273e+00,6.675543263554573059e-03
1.060783596369158310e+00,8.063271641731262207e-03
1.061032361367367560e+00,8.061996661126613617e-03
1.061280630422191118e+00,7.784722838550806046e-03
1.061528405507142336e+00,9.728797711431980133e-03
1.061775688583978861e+00,7.685969583690166473e-03
1.062022481602794111e+00,1.235226541757583618e-02
1.062268786502110984e+00,7.827228866517543793e-03
1.062514605208972895e+00,1.044953893870115280e-02
1.062759939639033702e+00,8.902204222977161407e-03
1.063004791696647855e+00,2.415912970900535583e-02
1.063249163274959219e+00,3.155618160963058472e-02
1.063493056255988112e+00,3.454405441880226135e-02
1.063736472510718789e+00,4.940048232674598694e-02
1.063979413899186266e+00,3.381235152482986450e-02
1.064221882270559805e+00,2.878887392580509186e-02
1.064463879463228624e+00,2.102184668183326721e-02
1.064705407304886275e+00,1.696560531854629517e-02
1.064946467612611691e+00,1.420287694782018661e-02
1.065187062192951784e+00,1.651040464639663696e-02
1.065427192842003157e+00,1.230678707361221313e-02
1.065666861345493377e+00,1.722410134971141815e-02
1.065906069478857798e+00,1.276594400405883789e-02
1.066144819007321942e+00,1.015959773212671280e-02
1.066383111685976548e+00,8.769937790930271149e-03
1.066620949259857287e+00,8.312424644827842712e-03
1.066858333464020925e+00,1.241029612720012665e-02
1.067095266023619926e+00,7.301871664822101593e-03
1.067331748653979284e+00,8.509582839906215668e-03
1.067567783060670017e+00,8.689823560416698456e-03
1.067803370939584440e+00,8.142788894474506378e-03
1.068038513977006554e+00,8.789763785898685455e-03
1.068273213849687764e+00,1.043995283544063568e-02
1.068507472224915711e+00,1.024101115763187408e-02
1.068741290760587548e+00,8.996210061013698578e-03
1.068974671105278773e+00,1.026540994644165039e-02
1.069207614898314063e+00,1.043212320655584335e-02
1.069440123769835660e+00,7.552478462457656860e-03
1.069672199340871765e+00,7.556315977126359940e-03
1.069903843223405371e+00,8.518624119460582733e-03
1.070135057020440206e+00,7.815360091626644135e-03
1.070365842326067796e+00,5.029119085520505905e-03
1.070596200725533853e+00,7.521841675043106079e-03
1.070826133795302448e+00,1.001059915870428085e-02
1.071055643103122623e+00,1.085356064140796661e-02
1.071284730208090119e+00,1.045285630971193314e-02
1.071513396660712658e+00,8.634286001324653625e-03
1.071741644002972560e+00,8.311839774250984192e-03
1.071969473768389136e+00,8.358558639883995056e-03
1.072196887482080196e+00,9.735885076224803925e-03
1.072423886660823333e+00,1.000981125980615616e-02
1.072650472813116984e+00,6.400656886398792267e-03
1.072876647439240161e+00,9.174985811114311218e-03
1.073102412031312403e+00,8.898858912289142609e-03
1.073327768073352839e+00,5.562382284551858902e-03
1.073552717041338589e+00,1.028408389538526535e-02
1.073777260403262046e+00,8.895548060536384583e-03
1.074001399619190167e+00,7.724660914391279221e-03
1.074225136141319759e+00,8.618330582976341248e-03
1.074448471414034101e+00,6.955201271921396255e-03
1.074671406873960233e+00,1.000493112951517105e-02
1.074893943950022468e+00,8.330129086971282959e-03
1.075116084063499233e+00,7.226670626550912857e-03
1.075337828628076142e+00,8.057918399572372437e-03
1.075559179049900838e+00,8.342326618731021881e-03
1.075780136727635394e+00,9.727346710860729218e-03
1.076000703052511165e+00,7.503919769078493118e-03
1.076220879408379405e+00,5.837656091898679733e-03
1.076440667171764787e+00,5.559594370424747467e-03
1.076660067711915580e+00,6.672287825495004654e-03
1.076879082390856945e+00,8.338106796145439148e-03
1.077097712563440002e+00,8.615968748927116394e-03
1.077315959577392013e+00,6.670255213975906372e-03
1.077533824773367011e+00,7.781772408634424210e-03
1.077751309484995978e+00,1.110858283936977386e-02
1.077968415038933259e+00,9.170125238597393036e-03
1.078185142754907844e+00,6.670402828603982925e-03
1.078401493945769785e+00,7.507648319005966187e-03
1.078617469917539040e+00,8.338971063494682312e-03
1.078833071969451440e+00,8.336903527379035950e-03
1.079048301394006870e+00,7.225983776152133942e-03
1.079263159477015455e+00,6.669669877737760544e-03
1.079477647497642634e+00,8.059200830757617950e-03
1.079691766728456459e+00,9.168502874672412872e-03
1.079905518435472001e+00,6.113964598625898361e-03
1.080118903878195535e+00,1.028062216937541962e-02
1.080331924309671399e+00,8.336308412253856659e-03
1.080544580976523061e+00,1.083566620945930481e-02
1.080756875118999760e+00,8.891718462109565735e-03
1.080968807971017354e+00,8.615829981863498688e-03
1.081180380760204063e+00,8.615599013864994049e-03
1.081391594707940662e+00,8.614832535386085510e-03
1.081602451029404000e+00,7.780995685607194901e-03
1.081812950933609185e+00,8.058715611696243286e-03
1.082023095623450004e+00,8.335988037288188934e-03
1.082232886295741547e+00,7.777824997901916504e-03
1.082442324141260404e+00,6.669661030173301697e-03
1.082651410344785292e+00,1.028078515082597733e-02
1.082860146085136588e+00,8.058022707700729370e-03
1.083068532535218287e+00,6.669247988611459732e-03
1.083276570862054422e+00,7.780176121741533279e-03
1.083484262226831696e+00,7.780037354677915573e-03
1.083691607784935451e+00,8.891222998499870300e-03
1.083898608685989862e+00,8.335304446518421173e-03
1.084105266073895901e+00,8.334934711456298828e-03
1.084311581086869092e+00,1.000227313488721848e-02
1.084517554857476807e+00,1.000295206904411316e-02
1.084723188512676906e+00,9.169140830636024475e-03
1.084928483173852598e+00,8.613337762653827667e-03
1.085133439956850632e+00,7.786572445183992386e-03
1.085338059972018154e+00,9.724430739879608154e-03
1.085542344324236907e+00,8.891671895980834961e-03
1.085746294112960975e+00,9.451803751289844513e-03
1.085949910432250753e+00,1.000610180199146271e-02
1.086153194370808928e+00,1.113690715283155441e-02
1.086356147012016216e+00,1.001493912190198898e-02
1.086558769433964011e+00,8.341515436768531799e-03
1.086761062709490133e+00,7.233611308038234711e-03
1.086963027906213242e+00,8.339036256074905396e-03
1.087164666086564813e+00,9.726114571094512939e-03
1.087365978307825110e+00,9.720648638904094696e-03
1.087566965622154935e+00,8.886458352208137512e-03
1.087767629076627829e+00,7.503606379032135010e-03
1.087967969713265370e+00,7.699718698859214783e-03
1.088167988569067601e+00,8.617115207016468048e-03
1.088367686676045443e+00,1.083592697978019714e-02
1.088567065061253114e+00,9.440521709620952606e-03
1.088766124746819663e+00,8.613840676844120026e-03
1.088964866749981386e+00,8.613510057330131531e-03
1.089163292083110690e+00,1.005207933485507965e-02
1.089361401753748959e+00,8.893185295164585114e-03
1.089559196764636972e+00,7.503355387598276138e-03
1.089756678113744881e+00,8.336368948221206665e-03
1.089953846794302406e+00,7.502581924200057983e-03
1.090150703794829701e+00,7.779763545840978622e-03
1.090347250099165555e+00,7.824629545211791992e-03
1.090543486686498253e+00,7.790669333189725876e-03
1.090739414531394447e+00,6.393856834620237350e-03
1.090935034603827791e+00,1.111416518688201904e-02
1.091130347869208261e+00,8.058415725827217102e-03
1.091325355288410792e+00,8.316462859511375427e-03
1.091520057817802591e+00,1.000216789543628693e-02
1.091714456409273337e+00,6.392162758857011795e-03
1.091908552010260491e+00,1.139088906347751617e-02
1.092102345563779275e+00,1.028035581111907959e-02
1.092295838008448872e+00,1.166918408125638962e-02
1.092489030278520401e+00,7.503635715693235397e-03
1.092681923303903346e+00,8.892652578651905060e-03
1.092874518010192642e+00,1.111385971307754517e-02
1.093066815318695761e+00,9.724750183522701263e-03
1.093258816146458923e+00,1.000269595533609390e-02
1.093450521406292619e+00,7.779761217534542084e-03
1.093641932006798267e+00,8.335356600582599640e-03
1.093833048852395073e+00,5.001976154744625092e-03
1.094023872843343348e+00,7.778978906571865082e-03
1.094214404875771596e+00,9.446099400520324707e-03
1.094404645841702273e+00,8.892320096492767334e-03
1.094594596629075101e+00,8.336747065186500549e-03
1.094784258121772602e+00,8.893213234841823578e-03
1.094973631199645636e+00,6.669156718999147415e-03
1.095162716738537156e+00,9.168658405542373657e-03
1.095351515610305970e+00,7.501924410462379456e-03
1.095540028682852274e+00,1.055783312767744064e-02
1.095728256820140301e+00,1.028004754334688187e-02
1.095916200882222968e+00,1.000242680311203003e-02
1.096103861725264528e+00,8.613005280494689941e-03
1.096291240201564987e+00,8.612803183495998383e-03
1.096478337159582539e+00,9.168268181383609772e-03
1.096665153443957319e+00,8.334827609360218048e-03
1.096851689895533610e+00,1.000176742672920227e-02
1.097037947351382492e+00,9.723911993205547333e-03
1.097223926644825376e+00,7.780900225043296814e-03
1.097409628605455545e+00,7.224315311759710312e-03
1.097595054059160358e+00,9.724311530590057373e-03
1.097780203828143453e+00,9.168893098831176758e-03
1.097965078730946731e+00,7.779251318424940109e-03
1.098149679582471894e+00,9.166164323687553406e-03
1.098334007194002426e+00,1.139035541564226151e-02
1.098518062373224025e+00,7.223455235362052917e-03
1.098701845924246800e+00,8.334523998200893402e-03
1.098885358647626154e+00,9.445750154554843903e-03
1.099068601340382978e+00,8.890460245311260223e-03
1.099251574796025643e+00,5.001399666070938110e-03
1.099434279804569536e+00,1.083488296717405319e-02
1.099616717152558154e+00,8.056893944740295410e-03
1.099798887623083310e+00,1.194610260426998138e-02
1.099980791995804674e+00,8.334997110068798065e-03
1.100162431046970868e+00,6.946009583771228790e-03
1.100343805549438780e+00,6.945870351046323776e-03
1.100524916272693554e+00,1.111234445124864578e-02
1.100705763982866570e+00,7.223601453006267548e-03
1.100886349442758094e+00,8.334596641361713409e-03
1.101066673411853936e+00,8.334597572684288025e-03
1.101246736646344981e+00,1.124312542378902435e-02
1.101426539899147405e+00,8.071576245129108429e-03
1.101606083919920431e+00,1.076256949454545975e-02
1.101785369455085428e+00,1.805126108229160309e-02
1.101964397247845007e+00,1.626238822937011719e-01
1.102143168038200782e+00,1.109548434615135193e-01
1.102321682562972027e+00,7.356296479701995850e-02
1.102499941555813656e+00,4.601602628827095032e-02
1.102677945747235100e+00,2.802646905183792114e-02
1.102855695864617180e+00,2.070668525993824005e-02
1.103033192632230541e+00,1.377374678850173950e-02
1.103210436771254077e+00,1.625629514455795288e-02
1.103387428999790254e+00,1.573136821389198303e-02
1.103564170032885761e+00,1.243423391133546829e-02
1.103740660582545496e+00,1.193886250257492065e-02
1.103916901357752778e+00,1.353362947702407837e-02
1.104092893064483993e+00,1.348112151026725769e-02
1.104268636405727033e+00,1.257306803017854691e-02
1.104444132081498386e+00,7.485755253583192825e-03
1.104619380788858241e+00,1.034147664904594421e-02
1.104794383221928245e+00,1.103034801781177521e-02
1.104969140071908384e+00,8.007653057575225830e-03
1.105143652027092527e+00,8.886908181011676788e-03
1.105317919772884627e+00,8.465676568448543549e-03
1.105491943991815829e+00,9.142438881099224091e-03
1.105665725363559559e+00,1.047847140580415726e-02
1.105839264564947522e+00,7.758738938719034195e-03
1.106012562269986566e+00,8.513801731169223785e-03
1.106185619149872901e+00,8.039527572691440582e-03
1.106358435873008750e+00,7.952045649290084839e-03
1.106531013105017447e+00,1.246094051748514175e-02
1.106703351508758759e+00,1.060433406382799149e-02
1.106875451744344652e+00,8.237944915890693665e-03
1.107047314469153498e+00,1.036813296377658844e-02
1.107218940337846069e+00,6.999514997005462646e-03
1.107390330002380185e+00,8.792818523943424225e-03
1.107561484112025596e+00,1.023267675191164017e-02
1.107732403313378633e+00,1.005475688725709915e-02
1.107903088250376422e+00,9.121879935264587402e-03
1.108073539564312648e+00,8.356758393347263336e-03
1.108243757893851322e+00,1.307424344122409821e-02
1.108413743875040547e+00,1.226279512047767639e-02
1.108583498141328061e+00,5.568861961364746094e-03
1.108753021323573451e+00,1.014235056936740875e-02
1.108922314050065028e+00,9.453251957893371582e-03
1.109091376946531371e+00,1.009788271039724350e-02
1.109260210636155985e+00,6.801717914640903473e-03
1.109428815739591512e+00,1.136203948408365250e-02
1.109597192874973048e+00,9.549773298203945160e-03
1.109765342657931697e+00,1.067807059735059738e-02
1.109933265701607663e+00,1.207610033452510834e-02
1.110100962616664910e+00,1.349010504782199860e-02
1.110268434011303595e+00,1.227926556020975113e-02
1.110435680491272725e+00,1.079854369163513184e-02
1.110602702659885033e+00,1.039540115743875504e-02
1.110769501118028080e+00,8.137374185025691986e-03
1.110936076464178912e+00,7.175108417868614197e-03
1.111102429294415384e+00,1.231296733021736145e-02
1.111268560202431033e+00,1.301357243210077286e-02
1.111434469779544854e+00,1.140134409070014954e-02
1.111600158614716838e+00,9.746515192091464996e-03
1.111765627294558856e+00,1.280421763658523560e-02
1.111930876403347757e+00,1.227810326963663101e-02
1.112095906523037359e+00,1.232581213116645813e-02
1.112260718233270440e+00,1.022753957659006119e-02
1.112425312111392284e+00,1.122629921883344650e-02
1.112589688732461335e+00,8.844909258186817169e-03
1.112753848669262746e+00,9.351727552711963654e-03
1.112917792492317925e+00,1.512530352920293808e-02
1.113081520769899635e+00,9.122083894908428192e-03
1.113245034068041317e+00,1.393954455852508545e-02
1.113408332950549307e+00,1.144862268120050430e-02
1.113571417979016154e+00,1.520068943500518799e-02
1.113734289712829728e+00,1.259073335677385330e-02
1.113896948709186541e+00,1.775159873068332672e-02
1.114059395523102625e+00,2.538455091416835785e-02
1.114221630707423971e+00,2.015941217541694641e-02
1.114383654812840074e+00,1.126322243362665176e-02
1.114545468387893035e+00,1.326364558190107346e-02
1.114707071978989106e+00,1.083484850823879242e-02
1.114868466130410463e+00,7.325348444283008575e-03
1.115029651384326304e+00,9.687705896794795990e-03
1.115190628280802398e+00,9.271532297134399414e-03
1.115351397357813523e+00,9.720622561872005463e-03
1.115511959151253008e+00,1.084590610116720200e-02
1.115672314194945169e+00,7.315180264413356781e-03
1.115832463020653531e+00,9.526819922029972076e-03
1.115992406158092809e+00,1.076110173016786575e-02
1.116152144134940682e+00,1.024405192583799362e-02
1.116311677476845121e+00,7.863502018153667450e-03
1.116471006707437263e+00,1.060594152659177780e-02
1.116630132348341187e+00,9.114973247051239014e-03
1.116789054919183677e+00,6.209742277860641479e-03
1.116947774937604887e+00,9.549584239721298218e-03
1.117106292919267885e+00,1.022990234196186066e-02
1.117264609377869089e+00,7.742223795503377914e-03
1.117422724825148705e+00,9.837027639150619507e-03
1.117580639770899609e+00,1.215282827615737915e-02
1.117738354722978222e+00,8.343582972884178162e-03
1.117895870187313401e+00,6.126856897026300430e-03
1.118053186667916865e+00,7.570600602775812149e-03
1.118210304666892974e+00,9.461901150643825531e-03
1.118367224684447381e+00,9.450018405914306641e-03
1.118523947218897474e+00,7.498201914131641388e-03
1.118680472766682144e+00,6.669960450381040573e-03
1.118836801822369775e+00,6.948109250515699387e-03
1.118992934878668910e+00,8.617193438112735748e-03
1.119148872426437569e+00,9.727982804179191589e-03
1.119304614954691690e+00,9.171303361654281616e-03
1.119460162950614901e+00,8.581406436860561371e-03
1.119615516899567620e+00,7.782864384353160858e-03
1.119770677285095939e+00,7.502575404942035675e-03
1.119925644588940949e+00,8.335835300385951996e-03
1.120080419291046958e+00,8.337961509823799133e-03
1.120235001869571922e+00,6.945918314158916473e-03
1.120389392800894557e+00,1.083455700427293777e-02
1.120543592559624768e+00,1.055656559765338898e-02
1.120697601618610761e+00,1.250125467777252197e-02
1.120851420448949032e+00,8.056652732193470001e-03
1.121005049519992580e+00,8.890095166862010956e-03
1.121158489299359351e+00,8.889587596058845520e-03
1.121311740252941114e+00,6.390005815774202347e-03
1.121464802844911235e+00,1.027850899845361710e-02
1.121617677537734226e+00,8.889537304639816284e-03
1.121770364792173513e+00,6.667531561106443405e-03
1.121922865067299435e+00,8.334525860846042633e-03
1.122075178820497676e+00,5.556534510105848312e-03
1.122227306507478373e+00,9.167594835162162781e-03
1.122379248582282996e+00,6.945368833839893341e-03
1.122531005497293677e+00,8.611649274826049805e-03
1.122682577703240092e+00,7.778518367558717728e-03
1.122833965649208787e+00,8.889535441994667053e-03
1.122985169782650061e+00,8.611762896180152893e-03
1.123136190549386182e+00,1.111172139644622803e-02
1.123287028393619602e+00,8.056090213358402252e-03
1.123437683757940952e+00,9.445205330848693848e-03
1.123588157083336148e+00,1.000056974589824677e-02
1.123738448809194379e+00,8.333862759172916412e-03
1.123888559373315887e+00,8.333850651979446411e-03
1.124038489211920400e+00,9.167204611003398895e-03
1.124188238759653347e+00,8.889387361705303192e-03
1.124337808449593634e+00,8.889431133866310120e-03
1.124487198713262526e+00,9.444972500205039978e-03
1.124636409980629415e+00,6.944952066987752914e-03
1.124785442680120262e+00,7.500685751438140869e-03
1.124934297238625147e+00,8.611739613115787506e-03
1.125082974081504483e+00,5.833820439875125885e-03
1.125231473632597456e+00,8.889647200703620911e-03
1.125379796314228464e+00,7.778292056173086166e-03
1.125527942547215110e+00,8.056169375777244568e-03
1.125675912750874641e+00,9.167089127004146576e-03
1.125823707343031277e+00,8.611553348600864410e-03
1.125971326740023537e+00,7.500463165342807770e-03
1.126118771356711346e+00,7.221497129648923874e-03
1.126266041606482471e+00,8.889332413673400879e-03
1.126413137901259631e+00,9.445043280720710754e-03
1.126560060651508044e+00,8.889397606253623962e-03
1.126706810266241421e+00,7.765254937112331390e-03
1.126853387153029740e+00,5.833900999277830124e-03
1.126999791718005017e+00,8.333767764270305634e-03
1.127146024365868859e+00,6.389435846358537674e-03
1.127292085499898455e+00,7.738147396594285965e-03
1.127437975521954350e+00,7.501242216676473618e-03
1.127583694832485550e+00,6.667300127446651459e-03
1.127729243830537742e+00,8.333825506269931793e-03
1.127874622913758618e+00,8.611598983407020569e-03
1.128019832478404760e+00,8.056235499680042267e-03
1.128164872919348749e+00,5.834215786308050156e-03
1.128309744630084266e+00,1.055633742362260818e-02
1.128454448002734312e+00,7.778273895382881165e-03
1.128598983428055424e+00,8.608445525169372559e-03
1.128743351295446118e+00,6.111585069447755814e-03
1.128887551992951543e+00,6.111726164817810059e-03
1.129031585907270818e+00,6.950977724045515060e-03
1.129175453423762576e+00,9.167099371552467346e-03
1.129319154926451407e+00,8.334005251526832581e-03
1.129462690798034075e+00,8.333808742463588715e-03
1.129606061419885954e+00,9.167128242552280426e-03
1.129749267172066363e+00,7.778268307447433472e-03
1.129892308433324555e+00,8.612710982561111450e-03
1.130035185581107049e+00,9.445544332265853882e-03
1.130177898991562069e+00,4.722974728792905807e-03
1.130320449039545982e+00,8.889691904187202454e-03
1.130462836098629964e+00,6.667051929980516434e-03
1.130605060541105100e+00,8.056084625422954559e-03
1.130747122737987942e+00,1.166703924536705017e-02
1.130889023059027165e+00,8.889387361705303192e-03
1.131030761872708679e+00,6.944858934730291367e-03
1.131172339546261840e+00,8.333779871463775635e-03
1.131313756445665009e+00,6.111648865044116974e-03
1.131455012935650428e+00,1.000040769577026367e-02
1.131596109379711557e+00,8.611466735601425171e-03
1.131737046140107283e+00,8.333656936883926392e-03
1.131877823577867925e+00,1.250032894313335419e-02
1.132018442052800999e+00,7.778110448271036148e-03
1.132158901923496108e+00,5.833682604134082794e-03
1.132299203547331157e+00,9.722639806568622589e-03
1.132439347280477682e+00,6.944807711988687515e-03
1.132579333477905958e+00,6.944870576262474060e-03
1.132719162493390108e+00,9.444745257496833801e-03
1.132858834679514537e+00,8.611501194536685944e-03
1.132998350387678377e+00,6.666979286819696426e-03
1.133137709968100815e+00,8.055860176682472229e-03
1.133276913769827088e+00,7.222540676593780518e-03
1.133415962140732480e+00,6.389252375811338425e-03
1.133554855427529429e+00,8.889226242899894714e-03
1.133693593975770186e+00,8.889173157513141632e-03
1.133832178129854595e+00,6.944909226149320602e-03
1.133970608233033195e+00,8.889219723641872406e-03
1.134108884627413660e+00,7.500309031456708908e-03
1.134247007653964801e+00,7.778090424835681915e-03
1.134384977652522331e+00,1.138919405639171600e-02
1.134522794961793979e+00,7.778220809996128082e-03
1.134660459919364150e+00,9.444790892302989960e-03
1.134797972861698367e+00,8.889267221093177795e-03
1.134935334124149264e+00,8.056005463004112244e-03
1.135072544040961029e+00,8.333598263561725616e-03
1.135209602945273843e+00,8.889326825737953186e-03
1.135346511169129435e+00,9.722598828375339508e-03
1.135483269043475740e+00,8.055830374360084534e-03
1.135619876898171343e+00,9.722512215375900269e-03
1.135756335061990585e+00,8.333591744303703308e-03
1.135892643862628004e+00,9.444802999496459961e-03
1.136028803626703443e+00,9.444742463529109955e-03
1.136164814679766488e+00,9.444782510399818420e-03
1.136300677346301580e+00,7.500518113374710083e-03
1.136436391949731339e+00,7.782375905662775040e-03
1.136571958812423233e+00,7.785188034176826477e-03
1.136707378255692680e+00,8.072908967733383179e-03
1.136842650599807714e+00,2.042205259203910828e-02
1.136977776163994092e+00,1.732218265533447266e-02
1.137112755266439512e+00,3.987285122275352478e-02
1.137247588224298056e+00,2.651268988847732544e-02
1.137382275353695071e+00,4.224930331110954285e-02
1.137516816969730726e+00,2.693633176386356354e-02
1.137651213386485782e+00,2.507249824702739716e-02
1.137785464917024481e+00,1.845840364694595337e-02
1.137919571873400093e+00,1.135337818413972855e-02
1.138053534566658698e+00,1.164883375167846680e-02
1.138187353306843175e+00,7.474841549992561340e-03
1.138321028402999424e+00,9.066602215170860291e-03
1.138454560163177254e+00,5.794656928628683090e-03
1.138587948894438373e+00,7.090209517627954483e-03
1.138721194902857281e+00,7.274304982274770737e-03
1.138854298493528372e+00,7.576203905045986176e-03
1.138987259970567933e+00,8.211493492126464844e-03
1.139120079637119920e+00,6.586779374629259109e-03
1.139252757795358395e+00,1.041843835264444351e-02
1.139385294746493305e+00,1.104511786252260208e-02
1.139517690790774029e+00,7.080989424139261246e-03
1.139649946227492716e+00,6.587720476090908051e-03
1.139782061354989606e+00,6.221979856491088867e-03
1.139914036470655923e+00,6.838635541498661041e-03
1.140045871870938532e+00,7.594382390379905701e-03
1.140177567851344165e+00,9.546496905386447906e-03
1.140309124706442523e+00,1.013090740889310837e-02
1.140440542729870721e+00,8.170130662620067596e-03
1.140571822214337727e+00,9.258733130991458893e-03
1.140702963451627250e+00,8.763482794165611267e-03
1.140833966732602622e+00,8.799925446510314941e-03
1.140964832347209690e+00,6.068951915949583054e-03
1.141095560584481694e+00,9.812504053115844727e-03
1.141226151732542160e+00,7.866908796131610870e-03
1.141356606078609559e+00,6.157050840556621552e-03
1.141486923908999973e+00,7.909480482339859009e-03
1.141617105509132424e+00,1.010919176042079926e-02
1.141747151163531315e+00,7.524754386395215988e-03
1.141877061155830653e+00,7.268407382071018219e-03
1.142006835768777373e+00,6.525600329041481018e-03
1.142136475284236230e+00,6.831297650933265686e-03
1.142265979983192015e+00,7.915575057268142700e-03
1.142395350145753774e+00,9.234860539436340332e-03
1.142524586051158364e+00,7.556959986686706543e-03
1.142653687977774890e+00,9.446976706385612488e-03
1.142782656203107150e+00,8.159916847944259644e-03
1.142911491003797408e+00,8.681111037731170654e-03
1.143040192655630394e+00,8.317407220602035522e-03
1.143168761433537073e+00,7.667726837098598480e-03
1.143297197611597316e+00,6.072856951504945755e-03
1.143425501463043892e+00,8.030578494071960449e-03
1.143553673260265802e+00,7.374881766736507416e-03
1.143681713274812273e+00,9.512599557638168335e-03
1.143809621777395424e+00,1.219832617789506912e-02
1.143937399037894265e+00,7.879344746470451355e-03
1.144065045325358021e+00,7.718479726463556290e-03
1.144192560908008804e+00,8.314655162394046783e-03
1.144319946053246495e+00,1.406534202396869659e-02
1.144447201027650518e+00,7.907466031610965729e-03
1.144574326096984507e+00,1.055560819804668427e-02
1.144701321526198745e+00,1.494554709643125534e-02
1.144828187579433276e+00,1.067599002271890640e-02
1.144954924520022566e+00,1.140181254595518112e-02
1.145081532610497499e+00,1.087735779583454132e-02
1.145208012112588714e+00,1.217523030936717987e-02
1.145334363287230817e+00,1.327331643551588058e-02
1.145460586394564606e+00,1.337193418294191360e-02
1.145586681693940845e+00,1.037552300840616226e-02
1.145712649443922926e+00,7.052472326904535294e-03
1.145838489902290869e+00,8.264705538749694824e-03
1.145964203326043540e+00,1.158097013831138611e-02
1.146089789971402650e+00,1.234295498579740524e-02
1.146215250093815419e+00,1.080814376473426819e-02
1.146340583947957681e+00,7.305478211492300034e-03
1.146465791787737443e+00,1.003816816955804825e-02
1.146590873866296656e+00,7.551959250122308731e-03
1.146715830436016548e+00,9.267406538128852844e-03
1.146840661748518730e+00,9.957843460142612457e-03
1.146965368054668533e+00,1.108148321509361267e-02
1.147089949604579218e+00,1.043351367115974426e-02
1.147214406647613316e+00,7.483612746000289917e-03
1.147338739432387511e+00,1.311621814966201782e-02
1.147462948206773303e+00,9.854421019554138184e-03
1.147587033217902119e+00,1.290852483361959457e-02
1.147710994712167309e+00,8.889379911124706268e-03
1.147834832935226590e+00,1.058576349169015884e-02
1.147958548132006262e+00,8.467723615467548370e-03
1.148082140546703211e+00,8.630396798253059387e-03
1.148205610422787126e+00,8.052434772253036499e-03
1.148328958003005829e+00,1.008630543947219849e-02
1.148452183529385051e+00,1.064085867255926132e-02
1.148575287243233767e+00,7.694491650909185410e-03
1.148698269385145299e+00,1.227511931210756302e-02
1.148821130195001317e+00,9.571713395416736603e-03
1.148943869911974280e+00,8.779927156865596771e-03
1.149066488774529660e+00,8.014983497560024261e-03
1.149188987020429709e+00,7.675050292164087296e-03
1.149311364886735465e+00,9.422615170478820801e-03
1.149433622609810079e+00,9.834074415266513824e-03
1.149555760425320594e+00,8.016879670321941376e-03
1.149677778568242159e+00,8.928218856453895569e-03
1.149799677272858922e+00,7.327438332140445709e-03
1.149921456772769135e+00,8.901719935238361359e-03
1.150043117300884710e+00,8.389513939619064331e-03
1.150164659089436769e+00,8.642037399113178253e-03
1.150286082369976759e+00,1.299342233687639236e-02
1.150407387373379553e+00,7.763267960399389267e-03
1.150528574329845677e+00,9.761586785316467285e-03
1.150649643468905303e+00,5.070051643997430801e-03
1.150770595019418030e+00,8.641773834824562073e-03
1.150891429209579320e+00,8.856998756527900696e-03
1.151012146266918945e+00,8.672861382365226746e-03
1.151132746418307207e+00,8.876369334757328033e-03
1.151253229889955598e+00,7.365259807556867599e-03
1.151373596907419028e+00,7.495606318116188049e-03
1.151493847695599593e+00,8.807445876300334930e-03
1.151613982478748355e+00,1.227488182485103607e-02
1.151734001480468006e+00,9.634540416300296783e-03
1.151853904923715088e+00,1.487899105995893478e-02
1.151973693030803547e+00,8.678491227328777313e-03
1.152093366023405396e+00,1.022951584309339523e-02
1.152212924122554716e+00,7.770993746817111969e-03
1.152332367548649872e+00,8.739251643419265747e-03
1.152451696521455071e+00,7.763038855046033859e-03
1.152570911260103248e+00,1.056385692209005356e-02
1.152690011983099616e+00,7.748778443783521652e-03
1.152808998908322113e+00,9.616806171834468842e-03
1.152927872253025177e+00,1.051093824207782745e-02
1.153046632233841295e+00,8.089062757790088654e-03
1.153165279066784343e+00,1.154321990907192230e-02
1.153283812967250910e+00,1.011936739087104797e-02
1.153402234150023187e+00,1.214510388672351837e-02
1.153520542829271411e+00,9.951109066605567932e-03
1.153638739218555642e+00,9.360919706523418427e-03
1.153756823530829090e+00,8.197217248380184174e-03
1.153874795978439227e+00,7.143771275877952576e-03
1.153992656773130232e+00,1.083664502948522568e-02
1.154110406126046762e+00,1.003356929868459702e-02
1.154228044247733509e+00,1.153015438467264175e-02
1.154345571348141197e+00,1.100646518170833588e-02
1.154462987636624582e+00,1.251423917710781097e-02
1.154580293321948226e+00,1.114555168896913528e-02
1.154697488612286493e+00,8.641151711344718933e-03
1.154814573715227111e+00,1.013877056539058685e-02
1.154931548837772270e+00,8.427425287663936615e-03
1.155048414186341965e+00,1.124699413776397705e-02
1.155165169966775096e+00,1.155221555382013321e-02
1.155281816384332583e+00,9.232367388904094696e-03
1.155398353643698695e+00,9.652156382799148560e-03
1.155514781948983938e+00,9.375677444040775299e-03
1.155631101503726610e+00,8.915022015571594238e-03
1.155747312510895686e+00,9.102972224354743958e-03
1.155863415172891706e+00,9.955151006579399109e-03
1.155979409691549886e+00,7.894144393503665924e-03
1.156095296268142114e+00,7.698798086494207382e-03
1.156211075103379393e+00,9.240165352821350098e-03
1.156326746397412286e+00,9.530230425298213959e-03
1.156442310349835134e+00,1.003123819828033447e-02
1.156557767159686501e+00,8.275207132101058960e-03
1.156673117025452502e+00,1.081627141684293747e-02
1.156788360145067474e+00,1.063735783100128174e-02
1.156903496715917301e+00,7.064075674861669540e-03
1.157018526934840530e+00,6.739005912095308304e-03
1.157133450998131030e+00,5.751379299908876419e-03
1.157248269101539773e+00,9.585592895746231079e-03
1.157362981440276606e+00,1.170703861862421036e-02
1.157477588209011810e+00,5.390867590904235840e-03
1.157592089601880092e+00,7.973318919539451599e-03
1.157706485812480146e+00,6.170270033180713654e-03
1.157820777033877757e+00,9.487331844866275787e-03
1.157934963458607580e+00,8.715113624930381775e-03
1.158049045278675582e+00,9.030156768858432770e-03
1.158163022685560151e+00,7.318822201341390610e-03
1.158276895870214540e+00,8.304867893457412720e-03
1.158390665023068422e+00,6.740343291312456131e-03
1.158504330334030330e+00,9.125095792114734650e-03
1.158617891992489213e+00,1.083430461585521698e-02
1.158731350187316211e+00,9.991929866373538971e-03
1.158844705106866879e+00,8.898449130356311798e-03
1.158957956938982736e+00,6.919573061168193817e-03
1.159071105870993268e+00,9.477495215833187103e-03
1.159184152089717923e+00,8.374217897653579712e-03
1.159297095781468112e+00,8.898482657968997955e-03
1.159409937132048096e+00,1.062698196619749069e-02
1.159522676326758095e+00,8.745421655476093292e-03
1.159635313550395397e+00,7.558868732303380966e-03
1.159747848987255914e+00,6.273859646171331406e-03
1.159860282821136623e+00,7.285351399332284927e-03
1.159972615235337789e+00,1.234733499586582184e-02
1.160084846412662962e+00,7.986111566424369812e-03
1.160196976535422753e+00,9.215117432177066803e-03
1.160309005785435277e+00,7.909346371889114380e-03
1.160420934344028598e+00,7.711025886237621307e-03
1.160532762392042061e+00,1.060944516211748123e-02
1.160644490109828952e+00,1.345490384846925735e-02
1.160756117677256283e+00,1.572925969958305359e-02
1.160867645273709226e+00,1.944111287593841553e-02
1.160979073078090451e+00,2.436467446386814117e-02
1.161090401268823236e+00,2.331847883760929108e-02
1.161201630023853015e+00,2.294257655739784241e-02
1.161312759520648052e+00,1.085309591144323349e-02
1.161423789936202988e+00,1.070043817162513733e-02
1.161534721447037954e+00,9.026691317558288574e-03
1.161645554229203459e+00,8.632429875433444977e-03
1.161756288458279496e+00,8.510325103998184204e-03
1.161866924309377769e+00,9.917865507304668427e-03
1.161977461957144797e+00,7.680490147322416306e-03
1.162087901575761251e+00,7.307608611881732941e-03
1.162198243338945503e+00,9.071331471204757690e-03
1.162308487419954517e+00,8.442576043307781219e-03
1.162418633991585182e+00,7.520427927374839783e-03
1.162528683226176529e+00,8.719284087419509888e-03
1.162638635295611067e+00,7.028687279671430588e-03
1.162748490371316556e+00,8.526420220732688904e-03
1.162858248624267343e+00,7.833674550056457520e-03
1.162967910224985912e+00,8.638364262878894806e-03
1.163077475343545109e+00,9.199891239404678345e-03
1.163186944149568580e+00,7.224309723824262619e-03
1.163296316812234110e+00,9.168168529868125916e-03
1.163405593500273172e+00,9.447708725929260254e-03
1.163514774381974037e+00,8.612834848463535309e-03
