# kappa, training_loss
0.000000000000000000e+00,2.498703002929687500e-01
3.460087604470611367e-01,2.297203242778778076e-01
4.393004638594020239e-01,2.177489250898361206e-01
4.954894607646131988e-01,2.115280926227569580e-01
5.358255977705936868e-01,2.100593149662017822e-01
5.673132765061897897e-01,2.045127451419830322e-01
5.931447079502824016e-01,2.056653797626495361e-01
6.150458527094804229e-01,1.997791975736618042e-01
6.340562664852009700e-01,1.978269815444946289e-01
6.508508280855277439e-01,1.991197764873504639e-01
6.658925908297250729e-01,1.977555751800537109e-01
6.795130935362699853e-01,1.936226785182952881e-01
6.919578843395901568e-01,1.941185146570205688e-01
7.034139062765984995e-01,1.912417262792587280e-01
7.140267804180223665e-01,1.898133754730224609e-01
7.239121529930457877e-01,1.881061196327209473e-01
7.331633965453948631e-01,1.881746798753738403e-01
7.418569864253405921e-01,1.848669499158859253e-01
7.500563469525460825e-01,1.812953054904937744e-01
7.578146619146984841e-01,1.819366514682769775e-01
7.651769670196039153e-01,1.831281185150146484e-01
7.721817337819164573e-01,1.797887235879898071e-01
7.788620863205062417e-01,1.773464679718017578e-01
7.852467486537241248e-01,1.778656840324401855e-01
7.913607910931920175e-01,1.832831203937530518e-01
7.972262247908332711e-01,1.788793355226516724e-01
8.028624800644678094e-01,1.755498945713043213e-01
8.082867947419158927e-01,1.743739545345306396e-01
8.135145321017589470e-01,1.748644262552261353e-01
8.185594431925570236e-01,1.730451434850692749e-01
8.234338848135772659e-01,1.727730035781860352e-01
8.281490018569067635e-01,1.769983917474746704e-01
8.327148807821762588e-01,1.710383743047714233e-01
8.371406795401445944e-01,1.702934205532073975e-01
8.414347381531067649e-01,1.713450849056243896e-01
8.456046733082374089e-01,1.653766185045242310e-01
8.496574596596789819e-01,1.656687408685684204e-01
8.535995000193126181e-01,1.700550019741058350e-01
8.574366862100908371e-01,1.645356565713882446e-01
8.611744520339701392e-01,1.676359474658966064e-01
8.648178195496830645e-01,1.690837591886520386e-01
8.683714396494245369e-01,1.643783301115036011e-01
8.718396277570242825e-01,1.621232330799102783e-01
8.752263953349598280e-01,1.642439365386962891e-01
8.785354777771650081e-01,1.618551611900329590e-01
8.817703591740051472e-01,1.627202332019805908e-01
8.849342943610988277e-01,1.617310941219329834e-01
8.880303286018079723e-01,1.630761176347732544e-01
8.910613152017544669e-01,1.638496816158294678e-01
8.940299313107366030e-01,1.602741032838821411e-01
8.969386921313683425e-01,1.585353463888168335e-01
8.997899637234116899e-01,1.556130349636077881e-01
9.025859745671332979e-01,1.580429822206497192e-01
9.053288260272730481e-01,1.553889364004135132e-01
9.080205018407159212e-01,1.590802073478698730e-01
9.106628767351770959e-01,1.563042551279067993e-01
9.132577242726921396e-01,1.563609242439270020e-01
9.158067240001058762e-01,1.536293178796768188e-01
9.183114679787615087e-01,1.522087305784225464e-01
9.207734667569620335e-01,1.579683274030685425e-01
9.231941548413140630e-01,1.562834233045578003e-01
9.255748957165744750e-01,1.526523530483245850e-01
9.279169864579864813e-01,1.551595479249954224e-01
9.302216619751688675e-01,1.517181396484375000e-01
9.324900989223231518e-01,1.555628329515457153e-01
9.347234193057537555e-01,1.517648249864578247e-01
9.369226938163938145e-01,1.489793807268142700e-01
9.390889449121090360e-01,1.524820029735565186e-01
9.412231496719969392e-01,1.484911590814590454e-01
9.433262424426215320e-01,1.481968611478805542e-01
9.453991172941261789e-01,1.443447023630142212e-01
9.474426303023814055e-01,1.466924548149108887e-01
9.494576016717489741e-01,1.472358852624893188e-01
9.514448177116359151e-01,1.492504775524139404e-01
9.534050326787582019e-01,1.481007933616638184e-01
9.553389704959178719e-01,1.487283557653427124e-01
9.572473263570921986e-01,1.480821818113327026e-01
9.591307682277451230e-01,1.445166319608688354e-01
9.609899382484581309e-01,1.457753479480743408e-01
9.628254540492666713e-01,1.427502185106277466e-01
9.646379099814290647e-01,1.441755592823028564e-01
9.664278782727777628e-01,1.434830576181411743e-01
9.681959101122710187e-01,1.436094492673873901e-01
9.699425366688896322e-01,1.424039900302886963e-01
9.716682700495886671e-01,1.432605087757110596e-01
9.733736042006306821e-01,1.444416344165802002e-01
9.750590157562651905e-01,1.419484019279479980e-01
9.767249648384065397e-01,1.417847126722335815e-01
9.783718958106631947e-01,1.418097019195556641e-01
9.800002379898135052e-01,1.422608941793441772e-01
9.816104063175752348e-01,1.443542540073394775e-01
9.832028019952986364e-01,1.366817206144332886e-01
9.847778130840142419e-01,1.420499384403228760e-01
9.863358150720769046e-01,1.402722150087356567e-01
9.878771714124866543e-01,1.414679139852523804e-01
9.894022340318076036e-01,1.370055228471755981e-01
9.909113438124680373e-01,1.419053524732589722e-01
9.924048310500953596e-01,1.384626179933547974e-01
9.938830158874222276e-01,1.383729875087738037e-01
9.953462087261852886e-01,1.377275884151458740e-01
9.967947106183480122e-01,1.373283416032791138e-01
9.982288136378762999e-01,1.341429203748703003e-01
9.996488012342179541e-01,1.384527683258056641e-01
1.001054948568554481e+00,1.402546614408493042e-01
1.002447522833824989e+00,1.355104297399520874e-01
1.003826783559450320e+00,1.342661231756210327e-01
1.005192982901629284e+00,1.364786177873611450e-01
1.006546365920018005e+00,1.334363967180252075e-01
1.007887170841551550e+00,1.346436738967895508e-01
1.009215629312119056e+00,1.349889487028121948e-01
1.010531966636755596e+00,1.358707845211029053e-01
1.011836402008977398e+00,1.346475630998611450e-01
1.013129148729838391e+00,1.325885951519012451e-01
1.014410414417262540e+00,1.359096169471740723e-01
1.015680401206159988e+00,1.324466615915298462e-01
1.016939305939812632e+00,1.338727623224258423e-01
1.018187320352981651e+00,1.331369876861572266e-01
1.019424631247161761e+00,1.304941326379776001e-01
1.020651420658385433e+00,1.366716474294662476e-01
1.021867866017950988e+00,1.341680139303207397e-01
1.023074140306432067e+00,1.303608417510986328e-01
1.024270412201301550e+00,1.306385993957519531e-01
1.025456846218484541e+00,1.372963339090347290e-01
1.026633602848139093e+00,1.285498887300491333e-01
1.027800838684943319e+00,1.314426809549331665e-01
1.028958706553154245e+00,1.323486864566802979e-01
1.030107355626689314e+00,1.333489865064620972e-01
1.031246931544462342e+00,1.251707673072814941e-01
1.032377576521202878e+00,1.274876594543457031e-01
1.033499429453965224e+00,1.291623860597610474e-01
1.034612626024527859e+00,1.297103613615036011e-01
1.035717298797873553e+00,1.321519315242767334e-01
1.036813577316927137e+00,1.276870518922805786e-01
1.037901588193720803e+00,1.242072805762290955e-01
1.038981455197147019e+00,1.228144392371177673e-01
1.040053299337452941e+00,1.261947005987167358e-01
1.041117238947617540e+00,1.254322528839111328e-01
1.042173389761750668e+00,1.285649240016937256e-01
1.043221864990644399e+00,1.272185742855072021e-01
1.044262775394596110e+00,1.273638457059860229e-01
1.045296229353626094e+00,1.282574385404586792e-01
1.046322332935195609e+00,1.250916868448257446e-01
1.047341189959536178e+00,1.230579912662506104e-01
1.048352902062685388e+00,1.250031888484954834e-01
1.049357568757329773e+00,1.258613914251327515e-01
1.050355287491544054e+00,1.266020685434341431e-01
1.051346153705511099e+00,1.225097030401229858e-01
1.052330260886309210e+00,1.234492510557174683e-01
1.053307700620842891e+00,1.229111924767494202e-01
1.054278562646992379e+00,1.251443624496459961e-01
1.055242934903054319e+00,1.228107064962387085e-01
1.056200903575539085e+00,1.187556087970733643e-01
1.057152553145394247e+00,1.217586621642112732e-01
1.058097966432711035e+00,1.156564950942993164e-01
1.059037224639978181e+00,1.218419447541236877e-01
1.059970407393933112e+00,1.216151639819145203e-01
1.060897592786072430e+00,1.224032938480377197e-01
1.061818857411865213e+00,1.179332360625267029e-01
1.062734276408725531e+00,1.257549375295639038e-01
1.063643923492785026e+00,1.240604668855667114e-01
1.064547870994515089e+00,1.202661693096160889e-01
1.065446189893239470e+00,1.234235614538192749e-01
1.066338949850579310e+00,1.191205680370330811e-01
1.067226219242868313e+00,1.157612130045890808e-01
1.068108065192580725e+00,1.175367608666419983e-01
1.068984553598799625e+00,1.213942915201187134e-01
1.069855749166769732e+00,1.210974454879760742e-01
1.070721715436560695e+00,1.176819503307342529e-01
1.071582514810876408e+00,1.211214885115623474e-01
1.072438208582037866e+00,1.151880919933319092e-01
1.073288856958174220e+00,1.173720508813858032e-01
1.074134519088641770e+00,1.117025837302207947e-01
1.074975253088704896e+00,1.174073293805122375e-01
1.075811116063501771e+00,1.190750375390052795e-01
1.076642164131319968e+00,1.225169748067855835e-01
1.077468452446203262e+00,1.196988970041275024e-01
1.078290035219918508e+00,1.183119714260101318e-01
1.079106965743297231e+00,1.149840503931045532e-01
1.079919296406978146e+00,1.138147711753845215e-01
1.080727078721569034e+00,1.168780848383903503e-01
1.081530363337245726e+00,1.165728196501731873e-01
1.082329200062810193e+00,1.103268563747406006e-01
1.083123637884223500e+00,1.124420091509819031e-01
1.083913724982630056e+00,1.167577505111694336e-01
1.084699508751893360e+00,1.161282807588577271e-01
1.085481035815654138e+00,1.144602149724960327e-01
1.086258352043930842e+00,1.136018931865692139e-01
1.087031502569274499e+00,1.177503541111946106e-01
1.087800531802493031e+00,1.155257299542427063e-01
1.088565483447959226e+00,1.107587292790412903e-01
1.089326400518514149e+00,1.134476736187934875e-01
1.090083325349980203e+00,1.113250404596328735e-01
1.090836299615295601e+00,1.147281676530838013e-01
1.091585364338280906e+00,1.110219433903694153e-01
1.092330559907051191e+00,1.125917062163352966e-01
1.093071926087083590e+00,1.107346266508102417e-01
1.093809502033948888e+00,1.134599074721336365e-01
1.094543326305722708e+00,1.118838787078857422e-01
1.095273436875078277e+00,1.089974120259284973e-01
1.095999871141079662e+00,1.123417541384696960e-01
1.096722665940675023e+00,1.098072007298469543e-01
1.097441857559906975e+00,1.112958416342735291e-01
1.098157481744842068e+00,1.102792397141456604e-01
1.098869573712232928e+00,1.071377098560333252e-01
1.099578168159916158e+00,1.120260953903198242e-01
1.100283299276959115e+00,1.076475232839584351e-01
1.100985000753556875e+00,1.102603524923324585e-01
1.101683305790691847e+00,1.173882782459259033e-01
1.102378247109559117e+00,1.078439205884933472e-01
1.103069856960767536e+00,1.087339445948600769e-01
1.103758167133320089e+00,1.083324626088142395e-01
1.104443208963381107e+00,1.076840087771415710e-01
1.105125013342837637e+00,1.096683442592620850e-01
1.105803610727656761e+00,1.119966506958007812e-01
1.106479031146050618e+00,1.078454926609992981e-01
1.107151304206449138e+00,1.080921813845634460e-01
1.107820459105287370e+00,1.081590130925178528e-01
1.108486524634614945e+00,1.082312613725662231e-01
1.109149529189529249e+00,1.094651669263839722e-01
1.109809500775439606e+00,1.075745224952697754e-01
1.110466467015164271e+00,1.073507443070411682e-01
1.111120455155869324e+00,1.074882224202156067e-01
1.111771492075848133e+00,1.092137917876243591e-01
1.112419604291150499e+00,1.051396355032920837e-01
1.113064817962062802e+00,1.038265749812126160e-01
1.113707158899444050e+00,1.062702089548110962e-01
1.114346652570921359e+00,1.021018996834754944e-01
1.114983324106949114e+00,1.025398969650268555e-01
1.115617198306734004e+00,1.069601923227310181e-01
1.116248299644032160e+00,1.059725135564804077e-01
1.116876652272817960e+00,1.070999652147293091e-01
1.117502280032832251e+00,1.064580157399177551e-01
1.118125206455008458e+00,1.038827523589134216e-01
1.118745454766784109e+00,1.050010845065116882e-01
1.119363047897296903e+00,1.025383025407791138e-01
1.119978008482471088e+00,1.064196303486824036e-01
1.120590358869996361e+00,1.031582131981849670e-01
1.121200121124199756e+00,1.022870168089866638e-01
1.121807317030816709e+00,1.062005609273910522e-01
1.122411968101661772e+00,1.027537062764167786e-01
1.123014095579200511e+00,1.014117524027824402e-01
1.123613720441029251e+00,1.025638133287429810e-01
1.124210863404258243e+00,1.020400971174240112e-01
1.124805544929808887e+00,9.995559602975845337e-02
1.125397785226618597e+00,1.029444038867950439e-01
1.125987604255762164e+00,1.016112044453620911e-01
1.126575021734489424e+00,1.014526188373565674e-01
1.127160057140179195e+00,9.862270951271057129e-02
1.127742729714214853e+00,1.004534065723419189e-01
1.128323058465781514e+00,1.031374484300613403e-01
1.128901062175587500e+00,1.027385815978050232e-01
1.129476759399510977e+00,1.020154729485511780e-01
1.130050168472174210e+00,1.043986529111862183e-01
1.130621307510447204e+00,9.799499809741973877e-02
1.131190194416882955e+00,1.025214493274688721e-01
1.131756846883084089e+00,1.016596481204032898e-01
1.132321282393004003e+00,9.599345922470092773e-02
1.132883518226184050e+00,9.923538565635681152e-02
1.133443571460927668e+00,9.965261071920394897e-02
1.134001458977413224e+00,1.007564142346382141e-01
1.134557197460746680e+00,9.774677455425262451e-02
1.135110803403955426e+00,9.738460928201675415e-02
1.135662293110926147e+00,1.011324226856231689e-01
1.136211682699285186e+00,9.855271130800247192e-02
1.136758988103225176e+00,1.006583571434020996e-01
1.137304225076278152e+00,9.945685416460037231e-02
1.137847409194036263e+00,1.005708724260330200e-01
1.138388555856821416e+00,9.632816165685653687e-02
1.138927680292305844e+00,9.865268319845199585e-02
1.139464797558081832e+00,9.717085212469100952e-02
1.139999922544186806e+00,9.870114177465438843e-02
1.140533069975578906e+00,9.687241166830062866e-02
1.141064254414569268e+00,9.667064994573593140e-02
1.141593490263207444e+00,1.003639400005340576e-01
1.142120791765625532e+00,9.691257029771804810e-02
1.142646173010337662e+00,9.702827036380767822e-02
1.143169647932499089e+00,9.873431175947189331e-02
1.143691230316123963e+00,9.227642416954040527e-02
1.144210933796262930e+00,9.640048444271087646e-02
1.144728771861142080e+00,9.677383303642272949e-02
1.145244757854263273e+00,9.487587213516235352e-02
1.145758904976468040e+00,9.592922776937484741e-02
1.146271226287962186e+00,9.641219675540924072e-02
1.146781734710308642e+00,9.241616725921630859e-02
1.147290443028380791e+00,9.483967721462249756e-02
1.147797363892285594e+00,9.642130136489868164e-02
1.148302509819249639e+00,9.665688872337341309e-02
1.148805893195474326e+00,9.347102791070938110e-02
1.149307526277958402e+00,9.652232378721237183e-02
1.149807421196288093e+00,9.507215023040771484e-02
1.150305589954397689e+00,9.627117961645126343e-02
1.150802044432298388e+00,9.462366998195648193e-02
1.151296796387778487e+00,9.244880825281143188e-02
1.151789857458074717e+00,9.460159391164779663e-02
1.152281239161514037e+00,9.739064425230026245e-02
1.152770952899128121e+00,9.525458514690399170e-02
1.153259009956241199e+00,9.251923114061355591e-02
1.153745421504029922e+00,9.217461943626403809e-02
1.154230198601057689e+00,9.632061421871185303e-02
1.154713352194783882e+00,9.119052439928054810e-02
1.155194893123046018e+00,9.086406230926513672e-02
1.155674832115519690e+00,8.880128711462020874e-02
1.156153179795152308e+00,8.920988440513610840e-02
1.156629946679573973e+00,8.940885961055755615e-02
1.157105143182485696e+00,9.260684251785278320e-02
1.157578779615023423e+00,9.081127494573593140e-02
1.158050866187100514e+00,9.068099409341812134e-02
1.158521413008729350e+00,9.155264496803283691e-02
1.158990430091319634e+00,9.064656496047973633e-02
1.159457927348956030e+00,9.112201631069183350e-02
1.159923914599656714e+00,8.880452811717987061e-02
1.160388401566609495e+00,8.867372572422027588e-02
1.160851397879389957e+00,8.873610198497772217e-02
1.161312913075158937e+00,8.675359189510345459e-02
1.161772956599841145e+00,9.125934541225433350e-02
1.162231537809286230e+00,9.163552522659301758e-02
1.162688665970408319e+00,8.917560428380966187e-02
1.163144350262311777e+00,8.795948326587677002e-02
1.163598599777396103e+00,9.113929420709609985e-02
1.164051423522444839e+00,8.805859088897705078e-02
1.164502830419696267e+00,9.170301258563995361e-02
1.164952829307899895e+00,8.736850321292877197e-02
1.165401428943353190e+00,8.438532054424285889e-02
1.165848638000925419e+00,8.843339979648590088e-02
1.166294465075062625e+00,8.849887549877166748e-02
1.166738918680779724e+00,8.890338987112045288e-02
1.167182007254636389e+00,9.129757434129714966e-02
1.167623739155697393e+00,8.543617278337478638e-02
1.168064122666478966e+00,9.043869376182556152e-02
1.168503165993880932e+00,8.724020421504974365e-02
1.168940877270103762e+00,8.933404088020324707e-02
1.169377264553552953e+00,8.863387256860733032e-02
1.169812335829729655e+00,8.966144919395446777e-02
1.170246099012105523e+00,8.718477189540863037e-02
1.170678561942988694e+00,8.499355614185333252e-02
1.171109732394373326e+00,8.684623241424560547e-02
1.171539618068777155e+00,8.546297252178192139e-02
1.171968226600069052e+00,8.644955605268478394e-02
1.172395565554280150e+00,8.957158774137496948e-02
1.172821642430406541e+00,8.803287893533706665e-02
1.173246464661198640e+00,8.921402692794799805e-02
1.173670039613939009e+00,8.306162804365158081e-02
1.174092374591209298e+00,8.589053899049758911e-02
1.174513476831645198e+00,8.398322761058807373e-02
1.174933353510680956e+00,8.851082623004913330e-02
1.175352011741283453e+00,8.420798927545547485e-02
1.175769458574674520e+00,8.217317610979080200e-02
1.176185701001044359e+00,8.718428760766983032e-02
1.176600745950252991e+00,8.577140420675277710e-02
1.177014600292522806e+00,8.591575175523757935e-02
1.177427270839121798e+00,8.161427825689315796e-02
1.177838764343034139e+00,8.250198513269424438e-02
1.178249087499626091e+00,8.461830019950866699e-02
1.178658246947296595e+00,8.331200480461120605e-02
1.179066249268124089e+00,8.556391298770904541e-02
1.179473100988500445e+00,8.459853380918502808e-02
1.179878808579758465e+00,8.087346702814102173e-02
1.180283378458787835e+00,8.219859004020690918e-02
1.180686816988646415e+00,8.462107181549072266e-02
1.181089130479157756e+00,8.384302258491516113e-02
1.181490325187506629e+00,8.466760814189910889e-02
1.181890407318820335e+00,8.312805742025375366e-02
1.182289383026745355e+00,8.593928068876266479e-02
1.182687258414015563e+00,8.420901745557785034e-02
1.183084039533012444e+00,8.501359075307846069e-02
1.183479732386316430e+00,8.224686235189437866e-02
1.183874342927253132e+00,8.184152096509933472e-02
1.184267877060429797e+00,8.322677761316299438e-02
1.184660340642266219e+00,8.261517435312271118e-02
1.185051739481516542e+00,8.008843660354614258e-02
1.185442079339786181e+00,7.844755053520202637e-02
1.185831365932041193e+00,8.633317798376083374e-02
1.186219604927107429e+00,8.074130117893218994e-02
1.186606801948169920e+00,8.321334421634674072e-02
1.186992962573258703e+00,8.489890396595001221e-02
1.187378092335731328e+00,8.354119211435317993e-02
1.187762196724750030e+00,8.144068717956542969e-02
1.188145281185749358e+00,7.891729474067687988e-02
1.188527351120901354e+00,8.296658843755722046e-02
1.188908411889570305e+00,8.037592470645904541e-02
1.189288468808765264e+00,7.894338667392730713e-02
1.189667527153585702e+00,8.270526677370071411e-02
1.190045592157659815e+00,7.796317338943481445e-02
1.190422669013577739e+00,8.008720725774765015e-02
1.190798762873320538e+00,7.846923917531967163e-02
1.191173878848682532e+00,7.825285941362380981e-02
1.191548022011686969e+00,8.118393272161483765e-02
1.191921197394998577e+00,8.067150413990020752e-02
1.192293409992330133e+00,7.982548326253890991e-02
1.192664664758841697e+00,8.336981385946273804e-02
1.193034966611538517e+00,8.038540184497833252e-02
1.193404320429659826e+00,7.499368488788604736e-02
1.193772731055066094e+00,7.975871115922927856e-02
1.194140203292618940e+00,8.024153113365173340e-02
1.194506741910557945e+00,7.727696001529693604e-02
1.194872351640871022e+00,7.537216693162918091e-02
1.195237037179661232e+00,7.833852618932723999e-02
1.195600803187509165e+00,7.452270388603210449e-02
1.195963654289829980e+00,7.832801342010498047e-02
1.196325595077226245e+00,7.871475070714950562e-02
1.196686630105836313e+00,7.696709036827087402e-02
1.197046763897678945e+00,7.598001509904861450e-02
1.197406000940992365e+00,8.204798400402069092e-02
1.197764345690570442e+00,7.331477105617523193e-02
1.198121802568094640e+00,7.922522723674774170e-02
1.198478375962459763e+00,7.691571116447448730e-02
1.198834070230099025e+00,7.849271595478057861e-02
1.199188889695302462e+00,7.526907324790954590e-02
1.199542838650532683e+00,7.983253151178359985e-02
1.199895921356736173e+00,7.779188454151153564e-02
1.200248142043651267e+00,7.463720440864562988e-02
1.200599504910112358e+00,7.431519031524658203e-02
1.200950014124349652e+00,7.740325480699539185e-02
1.201299673824286929e+00,7.867293059825897217e-02
1.201648488117833313e+00,7.622410356998443604e-02
1.201996461083173484e+00,7.566110044717788696e-02
1.202343596769054113e+00,7.485778629779815674e-02
1.202689899195065859e+00,7.531330734491348267e-02
1.203035372351923593e+00,7.551593333482742310e-02
1.203380020201741063e+00,7.828306406736373901e-02
1.203723846678303788e+00,7.725466042757034302e-02
1.204066855687339732e+00,7.384504377841949463e-02
1.204409051106784645e+00,7.337420433759689331e-02
1.204750436787044299e+00,7.487045228481292725e-02
1.205091016551255612e+00,7.619406282901763916e-02
1.205430794195543331e+00,7.403074949979782104e-02
1.205769773489273611e+00,7.569968700408935547e-02
1.206107958175305361e+00,7.618625462055206299e-02
1.206445351970237390e+00,7.096079736948013306e-02
1.206781958564654422e+00,7.404312491416931152e-02
1.207117781623368469e+00,7.572162151336669922e-02
1.207452824785659296e+00,7.588955760002136230e-02
1.207787091665509571e+00,7.534888386726379395e-02
1.208120585851840678e+00,7.541275769472122192e-02
1.208453310908741862e+00,7.396979629993438721e-02
1.208785270375700271e+00,7.135085016489028931e-02
1.209116467767826331e+00,7.092978060245513916e-02
1.209446906576077119e+00,7.255176454782485962e-02
1.209776590267476859e+00,7.415328919887542725e-02
1.210105522285335855e+00,7.352306693792343140e-02
1.210433706049466096e+00,7.296229153871536255e-02
1.210761144956393531e+00,7.545686513185501099e-02
1.211087842379570789e+00,7.359625399112701416e-02
1.211413801669584123e+00,7.119707018136978149e-02
1.211739026154360133e+00,7.204674929380416870e-02
1.212063519139370493e+00,7.479799538850784302e-02
1.212387283907832236e+00,7.114493101835250854e-02
1.212710323720907590e+00,7.105083018541336060e-02
1.213032641817901158e+00,7.200817763805389404e-02
1.213354241416454871e+00,6.932602822780609131e-02
1.213675125712740055e+00,7.051206380128860474e-02
1.213995297881649504e+00,7.284864038228988647e-02
1.214314761076984439e+00,7.239323109388351440e-02
1.214633518431641246e+00,7.290110737085342407e-02
1.214951573057796663e+00,7.027205824851989746e-02
1.215268928047089192e+00,6.843402236700057983e-02
1.215585586470799395e+00,7.111587375402450562e-02
1.215901551380029089e+00,7.001395523548126221e-02
1.216216825805877200e+00,6.935685873031616211e-02
1.216531412759613406e+00,6.868252903223037720e-02
1.216845315232852887e+00,6.951514631509780884e-02
1.217158536197724406e+00,7.394137978553771973e-02
1.217471078607041068e+00,6.930071115493774414e-02
1.217782945394467076e+00,6.931687146425247192e-02
1.218094139474681370e+00,7.282312214374542236e-02
1.218404663743543948e+00,7.133379578590393066e-02
1.218714521078254176e+00,6.859005242586135864e-02
1.219023714337513331e+00,6.808710098266601562e-02
1.219332246361682248e+00,7.031678408384323120e-02
1.219640119972937198e+00,6.865688413381576538e-02
1.219947337975425095e+00,6.766448915004730225e-02
1.220253903155417152e+00,7.127920538187026978e-02
1.220559818281460096e+00,6.952812522649765015e-02
1.220865086104525821e+00,7.050932198762893677e-02
1.221169709358161048e+00,7.035717368125915527e-02
1.221473690758632547e+00,7.031440734863281250e-02
1.221777033005074342e+00,6.642005592584609985e-02
1.222079738779629610e+00,7.036825269460678101e-02
1.222381810747594111e+00,7.053755968809127808e-02
1.222683251557557416e+00,6.753544509410858154e-02
1.222984063841540348e+00,6.916186213493347168e-02
1.223284250215135316e+00,6.696448475122451782e-02
1.223583813277640653e+00,6.784282624721527100e-02
1.223882755612197171e+00,6.880424916744232178e-02
1.224181079785920945e+00,6.845425814390182495e-02
1.224478788350035652e+00,6.634294986724853516e-02
1.224775883840004465e+00,6.932627409696578979e-02
1.225072368775657949e+00,6.685113161802291870e-02
1.225368245661323297e+00,6.698961555957794189e-02
1.225663516985951551e+00,6.724096834659576416e-02
1.225958185223242625e+00,6.940370053052902222e-02
1.226252252831769862e+00,6.820913404226303101e-02
1.226545722255103055e+00,6.791480630636215210e-02
1.226838595921929898e+00,6.868189573287963867e-02
1.227130876246177671e+00,6.565543264150619507e-02
1.227422565627131812e+00,6.512332707643508911e-02
1.227713666449553820e+00,6.671291589736938477e-02
1.228004181083798718e+00,6.450489163398742676e-02
1.228294111885931184e+00,6.510259956121444702e-02
1.228583461197839455e+00,6.910207122564315796e-02
1.228872231347349242e+00,6.411436945199966431e-02
1.229160424648336303e+00,6.647059321403503418e-02
1.229448043400836577e+00,6.440605968236923218e-02
1.229735089891158317e+00,6.665617972612380981e-02
1.230021566391988896e+00,6.484737247228622437e-02
1.230307475162504494e+00,6.579495221376419067e-02
1.230592818448476233e+00,6.502788513898849487e-02
1.230877598482376323e+00,6.375396996736526489e-02
1.231161817483481746e+00,6.522343307733535767e-02
1.231445477657980625e+00,6.323690712451934814e-02
1.231728581199071471e+00,6.482718884944915771e-02
1.232011130287068212e+00,6.623157858848571777e-02
1.232293127089498119e+00,6.272795796394348145e-02
1.232574573761204828e+00,6.260016560554504395e-02
1.232855472444443601e+00,6.338047236204147339e-02
1.233135825268981467e+00,6.561393290758132935e-02
1.233415634352192924e+00,6.720624119043350220e-02
1.233694901799157861e+00,6.325645744800567627e-02
1.233973629702753705e+00,6.269719451665878296e-02
1.234251820143751122e+00,6.146454811096191406e-02
1.234529475190908165e+00,6.471082568168640137e-02
1.234806596901059983e+00,6.443841010332107544e-02
1.235083187319212961e+00,6.545553356409072876e-02
1.235359248478633543e+00,6.398223340511322021e-02
1.235634782400938603e+00,6.414201855659484863e-02
1.235909791096183596e+00,6.503849476575851440e-02
1.236184276562951823e+00,6.633251905441284180e-02
1.236458240788439911e+00,6.593369692564010620e-02
1.236731685748546195e+00,6.248375773429870605e-02
1.237004613407953757e+00,6.450636684894561768e-02
1.237277025720217249e+00,6.257635354995727539e-02
1.237548924627845714e+00,6.201964989304542542e-02
1.237820312062385852e+00,6.259075552225112915e-02
1.238091189944504844e+00,6.480032950639724731e-02
1.238361560184070731e+00,6.259355694055557251e-02
1.238631424680235016e+00,6.196307018399238586e-02
1.238900785321510600e+00,5.851499736309051514e-02
1.239169643985852831e+00,6.408051401376724243e-02
1.239438002540736994e+00,6.264232844114303589e-02
1.239705862843237139e+00,6.459088623523712158e-02
1.239973226740102019e+00,6.114174053072929382e-02
1.240240096067832143e+00,6.198473274707794189e-02
1.240506472652755710e+00,6.293082237243652344e-02
1.240772358311102552e+00,6.336614489555358887e-02
1.241037754849080077e+00,6.367601454257965088e-02
1.241302664062944761e+00,6.141776591539382935e-02
1.241567087739077868e+00,5.848627537488937378e-02
1.241831027654054509e+00,6.266818940639495850e-02
1.242094485574718021e+00,6.109587103128433228e-02
1.242357463258249473e+00,6.349794566631317139e-02
1.242619962452238047e+00,6.153075024485588074e-02
1.242881984894751435e+00,5.999573692679405212e-02
1.243143532314404442e+00,6.026649102568626404e-02
1.243404606430426496e+00,6.240707263350486755e-02
1.243665208952731804e+00,6.110886484384536743e-02
1.243925341581984201e+00,6.015434861183166504e-02
1.244185006009665084e+00,6.158458441495895386e-02
1.244444203918138259e+00,5.737325176596641541e-02
1.244702936980716990e+00,6.140090152621269226e-02
1.244961206861727510e+00,5.806924775242805481e-02
1.245219015216573410e+00,6.116038560867309570e-02
1.245476363691800037e+00,5.782263725996017456e-02
1.245733253925156436e+00,6.177722662687301636e-02
1.245989687545658864e+00,6.008768454194068909e-02
1.246245666173652511e+00,6.099325418472290039e-02
1.246501191420873234e+00,5.806601792573928833e-02
1.246756264890506838e+00,5.983979254961013794e-02
1.247010888177251919e+00,5.976032838225364685e-02
1.247265062867378038e+00,5.600339546799659729e-02
1.247518790538785005e+00,5.963458865880966187e-02
1.247772072761062612e+00,5.852340161800384521e-02
1.248024911095547695e+00,5.853852629661560059e-02
1.248277307095383648e+00,5.793663114309310913e-02
1.248529262305575038e+00,6.205000355839729309e-02
1.248780778263047342e+00,5.819022282958030701e-02
1.249031856496700010e+00,6.012348830699920654e-02
1.249282498527465979e+00,6.379716843366622925e-02
1.249532705868362958e+00,5.640172585844993591e-02
1.249782480024551612e+00,5.904225632548332214e-02
1.250031822493387512e+00,5.687358602881431580e-02
1.250280734764476431e+00,5.678955465555191040e-02
1.250529218319727187e+00,5.913115665316581726e-02
1.250777274633404268e+00,5.866089835762977600e-02
1.251024905172181345e+00,5.640254169702529907e-02
1.251272111395191677e+00,5.873450264334678650e-02
1.251518894754081845e+00,5.987748503684997559e-02
1.251765256693060824e+00,5.979304388165473938e-02
1.252011198648951718e+00,5.763286352157592773e-02
1.252256722051241944e+00,5.846886709332466125e-02
1.252501828322133415e+00,5.838027969002723694e-02
1.252746518876591386e+00,5.799093469977378845e-02
1.252990795122393308e+00,5.723669379949569702e-02
1.253234658460178341e+00,5.588697642087936401e-02
1.253478110283494429e+00,5.594687536358833313e-02
1.253721151978847370e+00,5.751481652259826660e-02
1.253963784925746561e+00,5.553834140300750732e-02
1.254206010496753620e+00,6.079765409231185913e-02
1.254447830057528135e+00,5.648627504706382751e-02
1.254689244966873396e+00,5.817758664488792419e-02
1.254930256576783698e+00,6.148091703653335571e-02
1.255170866232488081e+00,6.291041523218154907e-02
1.255411075272496513e+00,5.692184343934059143e-02
1.255650885028644081e+00,5.500121787190437317e-02
1.255890296826135621e+00,5.620860680937767029e-02
1.256129311983589014e+00,5.560367181897163391e-02
1.256367931813079819e+00,5.669190734624862671e-02
1.256606157620183017e+00,5.959188938140869141e-02
1.256843990704017866e+00,5.639047548174858093e-02
1.257081432357288309e+00,5.500341206789016724e-02
1.257318483866326497e+00,5.986015498638153076e-02
1.257555146511134536e+00,5.423471331596374512e-02
1.257791421565424672e+00,5.591648817062377930e-02
1.258027310296662371e+00,5.490821599960327148e-02
1.258262813966105398e+00,5.541421845555305481e-02
1.258497933828845561e+00,5.249914526939392090e-02
1.258732671133847569e+00,5.627387389540672302e-02
1.258967027123990556e+00,5.337128788232803345e-02
1.259201003036105604e+00,5.409061163663864136e-02
1.259434600101016377e+00,5.624859780073165894e-02
1.259667819543577094e+00,5.629065260291099548e-02
1.259900662582712050e+00,5.339547991752624512e-02
1.260133130431452919e+00,5.670473724603652954e-02
1.260365224296976283e+00,5.694671720266342163e-02
1.260596945380642708e+00,5.474479869008064270e-02
1.260828294878033384e+00,5.246911942958831787e-02
1.261059273978986761e+00,5.267148837447166443e-02
1.261289883867635409e+00,5.377057939767837524e-02
1.261520125722442431e+00,5.501435324549674988e-02
1.261750000716238329e+00,5.404352769255638123e-02
1.261979510016255857e+00,5.411782115697860718e-02
1.262208654784165995e+00,5.255715548992156982e-02
1.262437436176113259e+00,5.547032877802848816e-02
1.262665855342750554e+00,5.584198236465454102e-02
1.262893913429274262e+00,5.297755077481269836e-02
1.263121611575458214e+00,5.500253662467002869e-02
1.263348950915687885e+00,5.172692984342575073e-02
1.263575932578995253e+00,5.371310934424400330e-02
1.263802557689090778e+00,5.069685727357864380e-02
1.264028827364398255e+00,5.506873130798339844e-02
1.264254742718087687e+00,5.258860439062118530e-02
1.264480304858106363e+00,5.134360119700431824e-02
1.264705514887214832e+00,5.328715220093727112e-02
1.264930373903015992e+00,5.297555029392242432e-02
1.265154882997988839e+00,5.237058922648429871e-02
1.265379043259520664e+00,4.952032864093780518e-02
1.265602855769937030e+00,5.160276591777801514e-02
1.265826321606534854e+00,5.219003558158874512e-02
1.266049441841612389e+00,5.212283879518508911e-02
1.266272217542500522e+00,5.371798574924468994e-02
1.266494649771593428e+00,5.307950451970100403e-02
1.266716739586378759e+00,5.256466567516326904e-02
1.266938488039468069e+00,5.253415554761886597e-02
1.267159896178627010e+00,5.284452065825462341e-02
1.267380965046803976e+00,5.228801444172859192e-02
1.267601695682160301e+00,5.452023074030876160e-02
1.267822089118100237e+00,5.288350954651832581e-02
1.268042146383298263e+00,5.236745998263359070e-02
1.268261868501729506e+00,5.248615518212318420e-02
1.268481256492697273e+00,4.947920143604278564e-02
1.268700311370862366e+00,5.348905548453330994e-02
1.268919034146269942e+00,5.170619487762451172e-02
1.269137425824379051e+00,5.305494368076324463e-02
1.269355487406088390e+00,5.163247883319854736e-02
1.269573219887766502e+00,5.410997197031974792e-02
1.269790624261275980e+00,5.260932072997093201e-02
1.270007701514002996e+00,5.257828906178474426e-02
1.270224452628883283e+00,5.283578857779502869e-02
1.270440878584429001e+00,5.176755413413047791e-02
1.270656980354754939e+00,4.954415187239646912e-02
1.270872758909604938e+00,5.072069913148880005e-02
1.271088215214378314e+00,5.197684466838836670e-02
1.271303350230155838e+00,5.035669356584548950e-02
1.271518164913724824e+00,5.147502571344375610e-02
1.271732660217604671e+00,5.150431394577026367e-02
1.271946837090073501e+00,5.004653707146644592e-02
1.272160696475191033e+00,5.072962120175361633e-02
1.272374239312826782e+00,5.261282622814178467e-02
1.272587466538680934e+00,4.941668733954429626e-02
1.272800379084312095e+00,4.926087334752082825e-02
1.273012977877160612e+00,5.067344754934310913e-02
1.273225263840572108e+00,5.047892406582832336e-02
1.273437237893823015e+00,5.076044425368309021e-02
1.273648900952143004e+00,5.168421193957328796e-02
1.273860253926739627e+00,5.123259872198104858e-02
1.274071297724821195e+00,5.107293277978897095e-02
1.274282033249621415e+00,4.814951121807098389e-02
1.274492461400420718e+00,4.998677596449851990e-02
1.274702583072570894e+00,4.914789646863937378e-02
1.274912399157516862e+00,4.945278167724609375e-02
1.275121910542819981e+00,4.913882538676261902e-02
1.275331118112180695e+00,5.170661583542823792e-02
1.275540022745460300e+00,5.348208174109458923e-02
1.275748625318703144e+00,4.820311069488525391e-02
1.275956926704159944e+00,5.038937553763389587e-02
1.276164927770307544e+00,5.022268369793891907e-02
1.276372629381872903e+00,4.888591542840003967e-02
1.276580032399852405e+00,4.922095686197280884e-02
1.276787137681535622e+00,5.032803118228912354e-02
1.276993946080524411e+00,4.970055446028709412e-02
1.277200458446755560e+00,4.837188124656677246e-02
1.277406675626521215e+00,5.137511342763900757e-02
1.277612598462489313e+00,4.929616302251815796e-02
1.277818227793724892e+00,4.741031304001808167e-02
1.278023564455710082e+00,4.986777529120445251e-02
1.278228609280364525e+00,4.986023157835006714e-02
1.278433363096066255e+00,4.725895449519157410e-02
1.278637826727671012e+00,4.947718977928161621e-02
1.278842000996532668e+00,4.799804463982582092e-02
1.279045886720522551e+00,4.803841561079025269e-02
1.279249484714049201e+00,4.809154197573661804e-02
1.279452795788078578e+00,4.926280677318572998e-02
1.279655820750152717e+00,4.682569578289985657e-02
1.279858560404408818e+00,4.786336421966552734e-02
1.280061015551599235e+00,4.671451076865196228e-02
1.280263186989109681e+00,4.746637120842933655e-02
1.280465075510978101e+00,4.941957816481590271e-02
1.280666681907913773e+00,4.733331874012947083e-02
1.280868006967316397e+00,5.061865597963333130e-02
1.281069051473292308e+00,4.839180782437324524e-02
1.281269816206676238e+00,4.786163568496704102e-02
1.281470301945046186e+00,4.723377525806427002e-02
1.281670509462743635e+00,4.787022247910499573e-02
1.281870439530890415e+00,4.975065216422080994e-02
1.282070092917407145e+00,4.932549595832824707e-02
1.282269470387030763e+00,4.834210872650146484e-02
1.282468572701331855e+00,4.490657895803451538e-02
1.282667400618732190e+00,4.982168599963188171e-02
1.282865954894522487e+00,4.787446931004524231e-02
1.283064236280879067e+00,4.703145846724510193e-02
1.283262245526880951e+00,4.718419536948204041e-02
1.283459983378528069e+00,4.534161835908889771e-02
1.283657450578755466e+00,4.809425398707389832e-02
1.283854647867453069e+00,4.807676747441291809e-02
1.284051575981480564e+00,4.593290761113166809e-02
1.284248235654683823e+00,4.540614411234855652e-02
1.284444627617912671e+00,4.589535295963287354e-02
1.284640752599035318e+00,4.353528842329978943e-02
1.284836611322956568e+00,4.737585783004760742e-02
1.285032204511632248e+00,4.678006097674369812e-02
1.285227532884085422e+00,4.543996974825859070e-02
1.285422597156423485e+00,4.480987787246704102e-02
1.285617398041852599e+00,4.663776978850364685e-02
1.285811936250693677e+00,4.719490930438041687e-02
1.286006212490398148e+00,4.663927108049392700e-02
1.286200227465563506e+00,4.755194857716560364e-02
1.286393981877948178e+00,4.558755829930305481e-02
1.286587476426486853e+00,4.656492173671722412e-02
1.286780711807306021e+00,4.968236386775970459e-02
1.286973688713738406e+00,4.738990589976310730e-02
1.287166407836338733e+00,4.309409856796264648e-02
1.287358869862897937e+00,4.705231636762619019e-02
1.287551075478457152e+00,4.581161588430404663e-02
1.287743025365324145e+00,4.505792632699012756e-02
1.287934720203086636e+00,4.423563927412033081e-02
1.288126160668626952e+00,4.478704184293746948e-02
1.288317347436135796e+00,4.505899176001548767e-02
1.288508281177128012e+00,4.553188383579254150e-02
1.288698962560455463e+00,4.570068046450614929e-02
1.288889392252321020e+00,4.509549587965011597e-02
1.289079570916294104e+00,4.326369985938072205e-02
1.289269499213321568e+00,4.539480432868003845e-02
1.289459177801745238e+00,4.566100239753723145e-02
1.289648607337312791e+00,4.538977146148681641e-02
1.289837788473191527e+00,4.574303701519966125e-02
1.290026721859984127e+00,4.460937157273292542e-02
1.290215408145739540e+00,4.422486200928688049e-02
1.290403847975967411e+00,4.284008592367172241e-02
1.290592041993651851e+00,4.468806833028793335e-02
1.290779990839263203e+00,4.394980520009994507e-02
1.290967695150772476e+00,4.336033388972282410e-02
1.291155155563663337e+00,4.470043629407882690e-02
1.291342372710946096e+00,4.345995560288429260e-02
1.291529347223169255e+00,4.415064677596092224e-02
1.291716079728433497e+00,4.500969126820564270e-02
1.291902570852403453e+00,4.520634934306144714e-02
1.292088821218320360e+00,4.588707163929939270e-02
1.292274831447014938e+00,4.296468198299407959e-02
1.292460602156919824e+00,4.529518261551856995e-02
1.292646133964081567e+00,4.295616224408149719e-02
1.292831427482173057e+00,4.508544877171516418e-02
1.293016483322505739e+00,4.352988302707672119e-02
1.293201302094041383e+00,4.467580839991569519e-02
1.293385884403404962e+00,4.454641416668891907e-02
1.293570230854895531e+00,4.513576254248619080e-02
1.293754342050498440e+00,4.260497540235519409e-02
1.293938218589898215e+00,4.343828186392784119e-02
1.294121861070488322e+00,4.353972151875495911e-02
1.294305270087384274e+00,4.385208711028099060e-02
1.294488446233434953e+00,4.334575682878494263e-02
1.294671390099233266e+00,4.383984953165054321e-02
1.294854102273129248e+00,4.416044428944587708e-02
1.295036583341239611e+00,4.163508862257003784e-02
1.295218833887459731e+00,4.394460096955299377e-02
1.295400854493475196e+00,4.334483668208122253e-02
1.295582645738773131e+00,4.124111682176589966e-02
1.295764208200651524e+00,4.219198971986770630e-02
1.295945542454233435e+00,4.326719418168067932e-02
1.296126649072473880e+00,4.412600770592689514e-02
1.296307528626174710e+00,4.363064467906951904e-02
1.296488181683992158e+00,4.333236813545227051e-02
1.296668608812449719e+00,4.353492707014083862e-02
1.296848810575947697e+00,4.465170204639434814e-02
1.297028787536774086e+00,4.134798049926757812e-02
1.297208540255115228e+00,4.006141051650047302e-02
1.297388069289066248e+00,4.408327862620353699e-02
1.297567375194641048e+00,4.376452416181564331e-02
1.297746458525783630e+00,4.042668640613555908e-02
1.297925319834376978e+00,4.314342513680458069e-02
1.298103959670254381e+00,4.156505316495895386e-02
1.298282378581208985e+00,4.089681059122085571e-02
1.298460577113004444e+00,4.215721413493156433e-02
1.298638555809384254e+00,4.294491186738014221e-02
1.298816315212081740e+00,4.285125434398651123e-02
1.298993855860830715e+00,4.172465205192565918e-02
1.299171178293374807e+00,4.069454967975616455e-02
1.299348283045477004e+00,4.193024337291717529e-02
1.299525170650929429e+00,4.164135083556175232e-02
1.299701841641563993e+00,4.092578962445259094e-02
1.299878296547260170e+00,3.903996571898460388e-02
1.300054535895955876e+00,4.120204597711563110e-02
1.300230560213657238e+00,4.173380509018898010e-02
1.300406370024446590e+00,4.170093312859535217e-02
1.300581965850492905e+00,4.002644121646881104e-02
1.300757348212060460e+00,4.145215451717376709e-02
1.300932517627519269e+00,4.231614246964454651e-02
1.301107474613352633e+00,4.061757773160934448e-02
1.301282219684167574e+00,4.081609100103378296e-02
1.301456753352703277e+00,4.192124307155609131e-02
1.301631076129840192e+00,4.173381626605987549e-02
1.301805188524609136e+00,4.117291793227195740e-02
1.301979091044200842e+00,3.929086402058601379e-02
1.302152784193972623e+00,3.954343497753143311e-02
1.302326268477460136e+00,4.100421071052551270e-02
1.302499544396383824e+00,4.146123304963111877e-02
1.302672612450659573e+00,4.120557010173797607e-02
1.302845473138404708e+00,4.029235988855361938e-02
1.303018126955949763e+00,4.158838838338851929e-02
1.303190574397844470e+00,4.066242650151252747e-02
1.303362815956867982e+00,4.130106791853904724e-02
1.303534852124035526e+00,4.104808345437049866e-02
1.303706683388608845e+00,3.805282339453697205e-02
1.303878310238103300e+00,4.079685732722282410e-02
1.304049733158296087e+00,4.024052247405052185e-02
1.304220952633235786e+00,3.881042078137397766e-02
1.304391969145248353e+00,3.891832381486892700e-02
1.304562783174946894e+00,4.364051669836044312e-02
1.304733395201240320e+00,3.707022964954376221e-02
1.304903805701339570e+00,4.086516425013542175e-02
1.305074015150766487e+00,3.914758563041687012e-02
1.305244024023362259e+00,4.026755690574645996e-02
1.305413832791294970e+00,4.046182334423065186e-02
1.305583441925066923e+00,3.761715441942214966e-02
1.305752851893523303e+00,3.915072232484817505e-02
1.305922063163859503e+00,4.123776033520698547e-02
1.306091076201629120e+00,3.940222784876823425e-02
1.306259891470751056e+00,4.109508171677589417e-02
1.306428509433517737e+00,3.976365923881530762e-02
1.306596930550602886e+00,3.964543342590332031e-02
1.306765155281068180e+00,3.945637121796607971e-02
1.306933184082371469e+00,4.000002890825271606e-02
1.307101017410374988e+00,3.666110709309577942e-02
1.307268655719350026e+00,3.894811868667602539e-02
1.307436099461987578e+00,3.660388663411140442e-02
1.307603349089404121e+00,4.163847118616104126e-02
1.307770405051148277e+00,4.112225770950317383e-02
1.307937267795209468e+00,3.888383880257606506e-02
1.308103937768024361e+00,3.776001185178756714e-02
1.308270415414483967e+00,3.877940773963928223e-02
1.308436701177941197e+00,3.963641449809074402e-02
1.308602795500217297e+00,3.881738707423210144e-02
1.308768698821609844e+00,3.790612891316413879e-02
1.308934411580898960e+00,3.899130225181579590e-02
1.309099934215353978e+00,4.025682434439659119e-02
1.309265267160741653e+00,3.733483329415321350e-02
1.309430410851331938e+00,3.696752712130546570e-02
1.309595365719905313e+00,3.791873157024383545e-02
1.309760132197759219e+00,3.933990746736526489e-02
1.309924710714715612e+00,3.839814290404319763e-02
1.310089101699126068e+00,3.705190867185592651e-02
1.310253305577881111e+00,3.724046051502227783e-02
1.310417322776413540e+00,3.919148817658424377e-02
1.310581153718707981e+00,3.927928954362869263e-02
1.310744798827306434e+00,3.982404991984367371e-02
1.310908258523313608e+00,3.853339329361915588e-02
1.311071533226404906e+00,3.970614075660705566e-02
1.311234623354833317e+00,3.897650167346000671e-02
1.311397529325433631e+00,3.607734665274620056e-02
1.311560251553631540e+00,3.919437900185585022e-02
1.311722790453447196e+00,3.725992515683174133e-02
1.311885146437504090e+00,3.776292130351066589e-02
1.312047319917033716e+00,3.805320709943771362e-02
1.312209311301882675e+00,3.788174316287040710e-02
1.312371121000518226e+00,3.817849978804588318e-02
1.312532749420034728e+00,3.671078383922576904e-02
1.312694196966160076e+00,3.734356537461280823e-02
1.312855464043261478e+00,3.664139658212661743e-02
1.313016551054351666e+00,3.709317743778228760e-02
1.313177458401094899e+00,3.645879775285720825e-02
1.313338186483813175e+00,3.550851717591285706e-02
1.313498735701491560e+00,3.521884232759475708e-02
1.313659106451784631e+00,3.750954195857048035e-02
1.313819299131022467e+00,3.654382750391960144e-02
1.313979314134216869e+00,3.603624925017356873e-02
1.314139151855065801e+00,3.750952333211898804e-02
1.314298812685960938e+00,3.727980330586433411e-02
1.314458297017992328e+00,3.663450106978416443e-02
1.314617605240954390e+00,3.925556689500808716e-02
1.314776737743351465e+00,3.985020890831947327e-02
1.314935694912404252e+00,3.684866428375244141e-02
1.315094477134054252e+00,3.803152218461036682e-02
1.315253084792970872e+00,3.832552954554557800e-02
1.315411518272555647e+00,3.512647747993469238e-02
1.315569777954948893e+00,3.773617744445800781e-02
1.315727864221033938e+00,3.741063550114631653e-02
1.315885777450443772e+00,3.667243197560310364e-02
1.316043518021566605e+00,3.659975901246070862e-02
1.316201086311550084e+00,3.806738182902336121e-02
1.316358482696307508e+00,3.502550348639488220e-02
1.316515707550524494e+00,3.393240645527839661e-02
1.316672761247660750e+00,3.274971246719360352e-02
1.316829644159959622e+00,3.642746061086654663e-02
1.316986356658450541e+00,3.449964523315429688e-02
1.317142899112955234e+00,3.705594316124916077e-02
1.317299271892092838e+00,3.413230925798416138e-02
1.317455475363285000e+00,3.376810997724533081e-02
1.317611509892761879e+00,3.432805836200714111e-02
1.317767375845565914e+00,3.943864628672599792e-02
1.317923073585558269e+00,3.507903218269348145e-02
1.318078603475422605e+00,3.694488108158111572e-02
1.318233965876671743e+00,3.511877357959747314e-02
1.318389161149650990e+00,3.547884896397590637e-02
1.318544189653544363e+00,3.516847267746925354e-02
1.318699051746379469e+00,3.689719364047050476e-02
1.318853747785031727e+00,3.524066507816314697e-02
1.319008278125230138e+00,3.678873926401138306e-02
1.319162643121561507e+00,3.410456702113151550e-02
1.319316843127476435e+00,3.526262566447257996e-02
1.319470878495292210e+00,3.506287932395935059e-02
1.319624749576199685e+00,3.551661223173141479e-02
1.319778456720267057e+00,3.454273566603660583e-02
1.319932000276444306e+00,3.452914208173751831e-02
1.320085380592569413e+00,3.598484396934509277e-02
1.320238598015371245e+00,3.524137660861015320e-02
1.320391652890475553e+00,3.347094729542732239e-02
1.320544545562408967e+00,3.253943100571632385e-02
1.320697276374604545e+00,3.570842370390892029e-02
1.320849845669405109e+00,3.549734875559806824e-02
1.321002253788068570e+00,3.479199856519699097e-02
1.321154501070772813e+00,3.571215271949768066e-02
1.321306587856619918e+00,3.637896478176116943e-02
1.321458514483639712e+00,3.663866594433784485e-02
1.321610281288796651e+00,3.534863516688346863e-02
1.321761888607992041e+00,3.469018265604972839e-02
1.321913336776069148e+00,3.355016559362411499e-02
1.322064626126818521e+00,3.369684144854545593e-02
1.322215756992981328e+00,3.637994825839996338e-02
1.322366729706254240e+00,3.332943096756935120e-02
1.322517544597293648e+00,3.485764563083648682e-02
1.322668201995719883e+00,3.488148003816604614e-02
1.322818702230121657e+00,3.449966013431549072e-02
1.322969045628060947e+00,3.433372452855110168e-02
1.323119232516076327e+00,3.334252908825874329e-02
1.323269263219687630e+00,3.469797968864440918e-02
1.323419138063400391e+00,3.521269187331199646e-02
1.323568857370709839e+00,3.525079786777496338e-02
1.323718421464104456e+00,3.327731043100357056e-02
1.323867830665071743e+00,3.263532370328903198e-02
1.324017085294101115e+00,3.081744164228439331e-02
1.324166185670687890e+00,3.227454051375389099e-02
1.324315132113338400e+00,3.420272842049598694e-02
1.324463924939573101e+00,3.442524746060371399e-02
1.324612564465931008e+00,3.282943740487098694e-02
1.324761051007974366e+00,3.279115632176399231e-02
1.324909384880291086e+00,3.474986180663108826e-02
1.325057566396500963e+00,3.409092500805854797e-02
1.325205595869256792e+00,3.305446356534957886e-02
1.325353473610251687e+00,3.367478400468826294e-02
1.325501199930220197e+00,3.434106707572937012e-02
1.325648775138943192e+00,3.527289256453514099e-02
1.325796199545252740e+00,3.371152654290199280e-02
1.325943473457034782e+00,3.450801596045494080e-02
1.326090597181232233e+00,3.376523405313491821e-02
1.326237571023852091e+00,3.330378979444503784e-02
1.326384395289964768e+00,3.297197073698043823e-02
1.326531070283712088e+00,3.200744092464447021e-02
1.326677596308307949e+00,3.224296867847442627e-02
1.326823973666043877e+00,3.257661312818527222e-02
1.326970202658292131e+00,3.212130442261695862e-02
1.327116283585509038e+00,3.406195342540740967e-02
1.327262216747240098e+00,3.282444924116134644e-02
1.327408002442121981e+00,3.440142422914505005e-02
1.327553640967886972e+00,3.074632212519645691e-02
1.327699132621367184e+00,3.226311504840850830e-02
1.327844477698497005e+00,3.448308259248733521e-02
1.327989676494317317e+00,3.410104289650917053e-02
1.328134729302979267e+00,3.540139645338058472e-02
1.328279636417748044e+00,3.100410103797912598e-02
1.328424398131005102e+00,3.274671360850334167e-02
1.328569014734253262e+00,3.123796358704566956e-02
1.328713486518119824e+00,3.241129592061042786e-02
1.328857813772359453e+00,3.219410777091979980e-02
1.329001996785857731e+00,3.195191919803619385e-02
1.329146035846635820e+00,3.206273168325424194e-02
1.329289931241852463e+00,3.223090618848800659e-02
1.329433683257808196e+00,3.302327543497085571e-02
1.329577292179948689e+00,3.269914537668228149e-02
1.329720758292867844e+00,3.453041240572929382e-02
1.329864081880311577e+00,3.259682282805442810e-02
1.330007263225180703e+00,3.165250644087791443e-02
1.330150302609534929e+00,3.409286588430404663e-02
1.330293200314595303e+00,3.275183588266372681e-02
1.330435956620748872e+00,3.242302313446998596e-02
1.330578571807550459e+00,3.249968960881233215e-02
1.330721046153726661e+00,2.980868145823478699e-02
1.330863379937179625e+00,3.054801560938358307e-02
1.331005573434989708e+00,3.005151823163032532e-02
1.331147626923418148e+00,2.960333600640296936e-02
1.331289540677911276e+00,3.169853985309600830e-02
1.331431314973104296e+00,3.203055262565612793e-02
1.331572950082821949e+00,3.255530074238777161e-02
1.331714446280084285e+00,3.189937025308609009e-02
1.331855803837108887e+00,3.241087123751640320e-02
1.331997023025313531e+00,3.179290145635604858e-02
1.332138104115319521e+00,3.229467570781707764e-02
1.332279047376955683e+00,3.075623512268066406e-02
1.332419853079260808e+00,3.171038627624511719e-02
1.332560521490485872e+00,3.050025179982185364e-02
1.332701052878098702e+00,3.044521808624267578e-02
1.332841447508786192e+00,3.049616701900959015e-02
1.332981705648456972e+00,3.109349496662616730e-02
1.333121827562245398e+00,3.295249491930007935e-02
1.333261813514513561e+00,3.112621419131755829e-02
1.333401663768855272e+00,3.148295357823371887e-02
1.333541378588098514e+00,3.133012354373931885e-02
1.333680958234307656e+00,3.000763803720474243e-02
1.333820402968787899e+00,3.012854047119617462e-02
1.333959713052087270e+00,3.084563091397285461e-02
1.334098888743999733e+00,3.111516311764717102e-02
1.334237930303568298e+00,3.225041553378105164e-02
1.334376837989087461e+00,3.092808648943901062e-02
1.334515612058106315e+00,2.881412953138351440e-02
1.334654252767431659e+00,2.985187247395515442e-02
1.334792760373130438e+00,3.160083293914794922e-02
1.334931135130533297e+00,3.190471231937408447e-02
1.335069377294235915e+00,2.996496111154556274e-02
1.335207487118104108e+00,3.223075345158576965e-02
1.335345464855273834e+00,3.136231377720832825e-02
1.335483310758156739e+00,2.967985346913337708e-02
1.335621025078441049e+00,2.969680912792682648e-02
1.335758608067094899e+00,3.083105199038982391e-02
1.335896059974368999e+00,3.256412222981452942e-02
1.336033381049799740e+00,2.836215868592262268e-02
1.336170571542211638e+00,2.999174036085605621e-02
1.336307631699720000e+00,3.000105172395706177e-02
1.336444561769733363e+00,2.911902777850627899e-02
1.336581361998956829e+00,3.084044717252254486e-02
1.336718032633394282e+00,2.983590960502624512e-02
1.336854573918351052e+00,2.978611737489700317e-02
1.336990986098436363e+00,3.211317956447601318e-02
1.337127269417567099e+00,3.138145804405212402e-02
1.337263424118968480e+00,2.919364534318447113e-02
1.337399450445178717e+00,3.091587126255035400e-02
1.337535348638049904e+00,3.153090924024581909e-02
1.337671118938751347e+00,2.896322123706340790e-02
1.337806761587772675e+00,2.961958572268486023e-02
1.337942276824925392e+00,2.984774857759475708e-02
1.338077664889345764e+00,3.162785992026329041e-02
1.338212926019497928e+00,2.905590459704399109e-02
1.338348060453175226e+00,3.051674365997314453e-02
1.338483068427504419e+00,2.771907672286033630e-02
1.338617950178946137e+00,3.119269385933876038e-02
1.338752705943299093e+00,2.721814066171646118e-02
1.338887335955701419e+00,2.803854085505008698e-02
1.339021840450633771e+00,2.926289103925228119e-02
1.339156219661921998e+00,2.804244868457317352e-02
1.339290473822738248e+00,3.143826872110366821e-02
1.339424603165605188e+00,3.048532083630561829e-02
1.339558607922396671e+00,2.884099446237087250e-02
1.339692488324342401e+00,2.894771285355091095e-02
1.339826244602027483e+00,2.940254285931587219e-02
1.339959876985397091e+00,2.739793621003627777e-02
1.340093385703758022e+00,3.010199964046478271e-02
1.340226770985780247e+00,3.014491125941276550e-02
1.340360033059501133e+00,2.746880427002906799e-02
1.340493172152326107e+00,2.928829751908779144e-02
1.340626188491031545e+00,2.782816253602504730e-02
1.340759082301768101e+00,2.978930622339248657e-02
1.340891853810060041e+00,2.969895116984844208e-02
1.341024503240811683e+00,2.796052768826484680e-02
1.341157030818306728e+00,2.843844145536422729e-02
1.341289436766210486e+00,2.827231958508491516e-02
1.341421721307574089e+00,2.889893576502799988e-02
1.341553884664836049e+00,2.746903337538242340e-02
1.341685927059822481e+00,2.902006357908248901e-02
1.341817848713752648e+00,2.851459756493568420e-02
1.341949649847238302e+00,2.875702269375324249e-02
1.342081330680288120e+00,2.824327349662780762e-02
1.342212891432307709e+00,2.798623405396938324e-02
1.342344332322104261e+00,2.882586605846881866e-02
1.342475653567886784e+00,2.921893261373043060e-02
1.342606855387268983e+00,2.716585434973239899e-02
1.342737937997271258e+00,2.857114560902118683e-02
1.342868901614323374e+00,2.816366218030452728e-02
1.342999746454265564e+00,2.930802293121814728e-02
1.343130472732352754e+00,2.604552358388900757e-02
1.343261080663253448e+00,2.741217426955699921e-02
1.343391570461054840e+00,2.615448832511901855e-02
1.343521942339263475e+00,2.853049710392951965e-02
1.343652196510807473e+00,2.739086188375949860e-02
1.343782333188038525e+00,2.880103699862957001e-02
1.343912352582734560e+00,2.576300315558910370e-02
1.344042254906101963e+00,2.910535596311092377e-02
1.344172040368775356e+00,2.627628855407238007e-02
1.344301709180823812e+00,2.714760787785053253e-02
1.344431261551748191e+00,2.747764624655246735e-02
1.344560697690487139e+00,2.735013142228126526e-02
1.344690017805416637e+00,2.772218175232410431e-02
1.344819222104352896e+00,2.761553972959518433e-02
1.344948310794554347e+00,2.856975235044956207e-02
1.345077284082723645e+00,2.676656097173690796e-02
1.345206142175009223e+00,2.699283324182033539e-02
1.345334885277008841e+00,2.664982713758945465e-02
1.345463513593768257e+00,2.967137657105922699e-02
1.345592027329787221e+00,2.717227861285209656e-02
1.345720426689018367e+00,2.686342597007751465e-02
1.345848711874870762e+00,2.752934768795967102e-02
1.345976883090210796e+00,2.777135930955410004e-02
1.346104940537365513e+00,2.651572227478027344e-02
1.346232884418122833e+00,2.605044469237327576e-02
1.346360714933734437e+00,2.591794356703758240e-02
1.346488432284918213e+00,2.651635184884071350e-02
1.346616036671858696e+00,2.826438471674919128e-02
1.346743528294209957e+00,2.858194150030612946e-02
1.346870907351096935e+00,2.592161484062671661e-02
1.346998174041118546e+00,2.647376805543899536e-02
1.347125328562347235e+00,2.681642398238182068e-02
1.347252371112333202e+00,2.688259258866310120e-02
1.347379301888105063e+00,2.799749746918678284e-02
1.347506121086170960e+00,2.794693037867546082e-02
1.347632828902523006e+00,2.750624530017375946e-02
1.347759425532635946e+00,2.623485960066318512e-02
1.347885911171470275e+00,2.523590624332427979e-02
1.348012286013475336e+00,2.597383409738540649e-02
1.348138550252589107e+00,2.810168080031871796e-02
1.348264704082240861e+00,2.631056122481822968e-02
1.348390747695352943e+00,2.757331542670726776e-02
1.348516681284342544e+00,2.628651447594165802e-02
1.348642505041123485e+00,2.476223558187484741e-02
1.348768219157107984e+00,2.505342289805412292e-02
1.348893823823207994e+00,2.752324007451534271e-02
1.349019319229837199e+00,2.560764364898204803e-02
1.349144705566913460e+00,2.734655141830444336e-02
1.349269983023858810e+00,2.584330365061759949e-02
1.349395151789603675e+00,2.751781046390533447e-02
1.349520212052585988e+00,2.484276331961154938e-02
1.349645164000754516e+00,2.674157172441482544e-02
1.349770007821569751e+00,2.668806537985801697e-02
1.349894743702006794e+00,2.738179638981819153e-02
1.350019371828555137e+00,2.578728646039962769e-02
1.350143892387221989e+00,2.687852270901203156e-02
1.350268305563533389e+00,2.628569304943084717e-02
1.350392611542535537e+00,2.505604922771453857e-02
1.350516810508797017e+00,2.639728598296642303e-02
1.350640902646409902e+00,2.685641869902610779e-02
1.350764888138991315e+00,2.541629783809185028e-02
1.350888767169686311e+00,2.774235606193542480e-02
1.351012539921167876e+00,2.549876458942890167e-02
1.351136206575639376e+00,2.555448189377784729e-02
1.351259767314836102e+00,2.526008896529674530e-02
1.351383222320026389e+00,2.525669708847999573e-02
1.351506571772014720e+00,2.648711390793323517e-02
1.351629815851140615e+00,2.512693218886852264e-02
1.351752954737283297e+00,2.497608959674835205e-02
1.351875988609861245e+00,2.404465712606906891e-02
1.351998917647833531e+00,2.673081494867801666e-02
1.352121742029703588e+00,2.429432421922683716e-02
1.352244461933517883e+00,2.485762163996696472e-02
1.352367077536870354e+00,2.430189959704875946e-02
1.352489589016901306e+00,2.568246237933635712e-02
1.352611996550300510e+00,2.446313202381134033e-02
1.352734300313308768e+00,2.566999010741710663e-02
1.352856500481718793e+00,2.554567158222198486e-02
1.352978597230876767e+00,2.616040594875812531e-02
1.353100590735684339e+00,2.696865238249301910e-02
1.353222481170599290e+00,2.518638409674167633e-02
1.353344268709638865e+00,2.509583346545696259e-02
1.353465953526378440e+00,2.559009566903114319e-02
1.353587535793955299e+00,2.453919500112533569e-02
1.353709015685069961e+00,2.532210387289524078e-02
1.353830393371985519e+00,2.654769457876682281e-02
1.353951669026531857e+00,2.505791559815406799e-02
1.354072842820106093e+00,2.439434826374053955e-02
1.354193914923672581e+00,2.498587407171726227e-02
1.354314885507766686e+00,2.668347768485546112e-02
1.354435754742494558e+00,2.641968615353107452e-02
1.354556522797535800e+00,2.452556416392326355e-02
1.354677189842143692e+00,2.401804178953170776e-02
1.354797756045147183e+00,2.355943061411380768e-02
1.354918221574952675e+00,2.522312663495540619e-02
1.355038586599544459e+00,2.484339848160743713e-02
1.355158851286487831e+00,2.599526755511760712e-02
1.355279015802927756e+00,2.360557019710540771e-02
1.355399080315593530e+00,2.527215331792831421e-02
1.355519044990797672e+00,2.477375604212284088e-02
1.355638909994437924e+00,2.469336055219173431e-02
1.355758675491999687e+00,2.463466674089431763e-02
1.355878341648555585e+00,2.587179839611053467e-02
1.355997908628769233e+00,2.328459173440933228e-02
1.356117376596893243e+00,2.291245199739933014e-02
1.356236745716774328e+00,2.559238113462924957e-02
1.356356016151851751e+00,2.502612210810184479e-02
1.356475188065160209e+00,2.306379564106464386e-02
1.356594261619330499e+00,2.311989665031433105e-02
1.356713236976591297e+00,2.356334589421749115e-02
1.356832114298769820e+00,2.507918886840343475e-02
1.356950893747294051e+00,2.201293967664241791e-02
1.357069575483193624e+00,2.366258762776851654e-02
1.357188159667100269e+00,2.339582704007625580e-02
1.357306646459251365e+00,2.427570894360542297e-02
1.357425036019488163e+00,2.390218153595924377e-02
1.357543328507260005e+00,2.248125709593296051e-02
1.357661524081623883e+00,2.413111925125122070e-02
1.357779622901246208e+00,2.507734112441539764e-02
1.357897625124403485e+00,2.544801495969295502e-02
1.358015530908985635e+00,2.455618605017662048e-02
1.358133340412494006e+00,2.599924989044666290e-02
1.358251053792045804e+00,2.403914369642734528e-02
1.358368671204373435e+00,2.317103371024131775e-02
1.358486192805825832e+00,2.384122088551521301e-02
1.358603618752371123e+00,2.369471266865730286e-02
1.358720949199595740e+00,2.512418664991855621e-02
1.358838184302707752e+00,2.257245406508445740e-02
1.358955324216537308e+00,2.323179133236408234e-02
1.359072369095536414e+00,2.431722916662693024e-02
1.359189319093783155e+00,2.324722148478031158e-02
1.359306174364980135e+00,2.283268235623836517e-02
1.359422935062456483e+00,2.316768653690814972e-02
1.359539601339170511e+00,2.386106178164482117e-02
1.359656173347708830e+00,2.369570918381214142e-02
1.359772651240289010e+00,2.249187603592872620e-02
1.359889035168760030e+00,2.369818650186061859e-02
1.360005325284603162e+00,2.383222244679927826e-02
1.360121521738934636e+00,2.257427759468555450e-02
1.360237624682504975e+00,2.360467985272407532e-02
1.360353634265701661e+00,2.160023711621761322e-02
1.360469550638549574e+00,2.341440692543983459e-02
1.360585373950711885e+00,2.348466031253337860e-02
1.360701104351491608e+00,2.225978486239910126e-02
1.360816741989833156e+00,2.244613692164421082e-02
1.360932287014323006e+00,2.303752861917018890e-02
1.361047739573190807e+00,2.230043523013591766e-02
1.361163099814310495e+00,2.278724312782287598e-02
1.361278367885201623e+00,2.334852330386638641e-02
1.361393543933030692e+00,2.204939909279346466e-02
1.361508628104611374e+00,2.406007423996925354e-02
1.361623620546407176e+00,2.328695915639400482e-02
1.361738521404530999e+00,2.246040850877761841e-02
1.361853330824746910e+00,2.094957046210765839e-02
1.361968048952471699e+00,2.317853830754756927e-02
1.362082675932775544e+00,2.201910316944122314e-02
1.362197211910382233e+00,2.286503277719020844e-02
1.362311657029672274e+00,2.095102146267890930e-02
1.362426011434682227e+00,2.366896346211433411e-02
1.362540275269106482e+00,2.152048982679843903e-02
1.362654448676297925e+00,2.182212844491004944e-02
1.362768531799270599e+00,2.220564149320125580e-02
1.362882524780698157e+00,2.229044027626514435e-02
1.362996427762917184e+00,2.224712073802947998e-02
1.363110240887926539e+00,2.313809841871261597e-02
1.363223964297390456e+00,2.256344072520732880e-02
1.363337598132637218e+00,2.392951212823390961e-02
1.363451142534662486e+00,2.332976460456848145e-02
1.363564597644128629e+00,2.317775785923004150e-02
1.363677963601366505e+00,2.267907746136188507e-02
1.363791240546376793e+00,2.089807763695716858e-02
1.363904428618829989e+00,2.246841788291931152e-02
1.364017527958068632e+00,2.403659373521804810e-02
1.364130538703107742e+00,2.182838879525661469e-02
1.364243460992635493e+00,2.217879891395568848e-02
1.364356294965015426e+00,2.297777868807315826e-02
1.364469040758286011e+00,2.131964266300201416e-02
1.364581698510162644e+00,2.155337296426296234e-02
1.364694268358038309e+00,2.213309518992900848e-02
1.364806750438984251e+00,2.152956277132034302e-02
1.364919144889752189e+00,2.080095186829566956e-02
1.365031451846773880e+00,2.320513315498828888e-02
1.365143671446162887e+00,2.154068835079669952e-02
1.365255803823715031e+00,2.407444454729557037e-02
1.365367849114910381e+00,2.101638168096542358e-02
1.365479807454913042e+00,2.437108010053634644e-02
1.365591678978572920e+00,2.336362749338150024e-02
1.365703463820426622e+00,2.249531447887420654e-02
1.365815162114697889e+00,2.151887677609920502e-02
1.365926773995299159e+00,2.085878700017929077e-02
1.366038299595832450e+00,1.990645006299018860e-02
1.366149739049590250e+00,2.076632902026176453e-02
1.366261092489555740e+00,2.128910273313522339e-02
1.366372360048404566e+00,2.037791162729263306e-02
1.366483541858506845e+00,2.139797620475292206e-02
1.366594638051925381e+00,2.082081697881221771e-02
1.366705648760418779e+00,2.382469736039638519e-02
1.366816574115441441e+00,2.059210091829299927e-02
1.366927414248145789e+00,2.128757163882255554e-02
1.367038169289380711e+00,1.961738988757133484e-02
1.367148839369694446e+00,2.142581902444362640e-02
1.367259424619336139e+00,2.251141704618930817e-02
1.367369925168253841e+00,2.206120826303958893e-02
1.367480341146098954e+00,2.251753956079483032e-02
1.367590672682224007e+00,2.090302668511867523e-02
1.367700919905685764e+00,2.165742032229900360e-02
1.367811082945245449e+00,2.166779525578022003e-02
1.367921161929369189e+00,2.121585421264171600e-02
1.368031156986229124e+00,1.937090605497360229e-02
1.368141068243704739e+00,2.164112403988838196e-02
1.368250895829383973e+00,2.045413106679916382e-02
1.368360639870562556e+00,2.012131176888942719e-02
1.368470300494246228e+00,2.090385742485523224e-02
1.368579877827151847e+00,2.115659788250923157e-02
1.368689371995707615e+00,2.063353359699249268e-02
1.368798783126053742e+00,1.997871510684490204e-02
1.368908111344043999e+00,2.202158607542514801e-02
1.369017356775245498e+00,1.917542889714241028e-02
1.369126519544942022e+00,2.038186043500900269e-02
1.369235599778130918e+00,2.134062908589839935e-02
1.369344597599528424e+00,2.211728878319263458e-02
1.369453513133566780e+00,2.097033150494098663e-02
1.369562346504397121e+00,2.058273926377296448e-02
1.369671097835889695e+00,2.043620124459266663e-02
1.369779767251635416e+00,1.788433082401752472e-02
1.369888354874945202e+00,2.315016835927963257e-02
1.369996860828852414e+00,2.076282538473606110e-02
1.370105285236113080e+00,1.901414617896080017e-02
1.370213628219206115e+00,2.071974053978919983e-02
1.370321889900334877e+00,2.181541547179222107e-02
1.370430070401428280e+00,2.056910656392574310e-02
1.370538169844140564e+00,1.973417773842811584e-02
1.370646188349853523e+00,1.965132355690002441e-02
1.370754126039675169e+00,2.235006354749202728e-02
1.370861983034443066e+00,1.929604448378086090e-02
1.370969759454723436e+00,2.028882317245006561e-02
1.371077455420812941e+00,2.012941613793373108e-02
1.371185071052738680e+00,2.046272717416286469e-02
1.371292606470259301e+00,1.987482793629169464e-02
1.371400061792865666e+00,2.008064277470111847e-02
1.371507437139782848e+00,1.839237287640571594e-02
1.371614732629968358e+00,2.028848417103290558e-02
1.371721948382116141e+00,1.899458654224872589e-02
1.371829084514654351e+00,2.003006450831890106e-02
1.371936141145748245e+00,1.929248869419097900e-02
1.372043118393300176e+00,1.945419795811176300e-02
1.372150016374950043e+00,2.136099152266979218e-02
1.372256835208076842e+00,1.980356872081756592e-02
1.372363575009798664e+00,2.081415057182312012e-02
1.372470235896974033e+00,1.963075436651706696e-02
1.372576817986202791e+00,2.040575258433818817e-02
1.372683321393826095e+00,1.962367258965969086e-02
1.372789746235927533e+00,1.915487088263034821e-02
1.372896092628334452e+00,2.037685364484786987e-02
1.373002360686617740e+00,2.125829085707664490e-02
1.373108550526093818e+00,1.936299353837966919e-02
1.373214662261823982e+00,1.927206665277481079e-02
1.373320696008615949e+00,1.951747015118598938e-02
1.373426651881024751e+00,1.941790245473384857e-02
1.373532529993352735e+00,1.988254673779010773e-02
1.373638330459651558e+00,1.854097284376621246e-02
1.373744053393721298e+00,2.042118087410926819e-02
1.373849698909112682e+00,1.985090970993041992e-02
1.373955267119126633e+00,2.052516117691993713e-02
1.374060758136815608e+00,2.007761225104331970e-02
1.374166172074985148e+00,1.865277811884880066e-02
1.374271509046192108e+00,2.090040035545825958e-02
1.374376769162748202e+00,1.985040493309497833e-02
1.374481952536719565e+00,1.969408057630062103e-02
1.374587059279926526e+00,1.994727924466133118e-02
1.374692089503945613e+00,1.869301684200763702e-02
1.374797043320109990e+00,1.987812481820583344e-02
1.374901920839509906e+00,2.038973756134510040e-02
1.375006722172993356e+00,1.973050087690353394e-02
1.375111447431167422e+00,2.119622379541397095e-02
1.375216096724397818e+00,1.934743113815784454e-02
1.375320670162810677e+00,1.878744550049304962e-02
1.375425167856292985e+00,1.740840449929237366e-02
1.375529589914492590e+00,1.835227385163307190e-02
1.375633936446819972e+00,1.846779324114322662e-02
1.375738207562448245e+00,1.979222707450389862e-02
1.375842403370313383e+00,1.847805269062519073e-02
1.375946523979116209e+00,1.867674477398395538e-02
1.376050569497322185e+00,1.869002543389797211e-02
1.376154540033162288e+00,1.878109201788902283e-02
1.376258435694633464e+00,1.910120993852615356e-02
1.376362256589499955e+00,1.828560419380664825e-02
1.376466002825292634e+00,1.997889392077922821e-02
1.376569674509311891e+00,1.890893280506134033e-02
1.376673271748625638e+00,1.913606934249401093e-02
1.376776794650072189e+00,1.898727379739284515e-02
1.376880243320259378e+00,1.970355771481990814e-02
1.376983617865566334e+00,1.888310350477695465e-02
1.377086918392143700e+00,2.022804692387580872e-02
1.377190145005914079e+00,1.819567009806632996e-02
1.377293297812572925e+00,1.770205236971378326e-02
1.377396376917588983e+00,1.888561993837356567e-02
1.377499382426205399e+00,2.004420384764671326e-02
1.377602314443439946e+00,1.765614189207553864e-02
1.377705173074085465e+00,1.885626651346683502e-02
1.377807958422710755e+00,1.851308159530162811e-02
1.377910670593662568e+00,2.029136568307876587e-02
1.378013309691062949e+00,2.000210247933864594e-02
1.378115875818813674e+00,1.936673186719417572e-02
1.378218369080593808e+00,2.061806246638298035e-02
1.378320789579862371e+00,1.794921979308128357e-02
1.378423137419857447e+00,1.852778531610965729e-02
1.378525412703598407e+00,1.842967793345451355e-02
1.378627615533885020e+00,1.902971602976322174e-02
1.378729746013299451e+00,1.813040114939212799e-02
1.378831804244205372e+00,1.705523207783699036e-02
1.378933790328749742e+00,1.764799654483795166e-02
1.379035704368862802e+00,1.917774416506290436e-02
1.379137546466259856e+00,2.014704421162605286e-02
1.379239316722439268e+00,1.723846234381198883e-02
1.379341015238686463e+00,1.806649565696716309e-02
1.379442642116071926e+00,1.821852847933769226e-02
1.379544197455452759e+00,1.833032071590423584e-02
1.379645681357472897e+00,1.833469234406948090e-02
1.379747093922565337e+00,1.934673823416233063e-02
1.379848435250949912e+00,1.720114797353744507e-02
1.379949705442636398e+00,1.861119642853736877e-02
1.380050904597423855e+00,1.852097921073436737e-02
1.380152032814900842e+00,1.951477490365505219e-02
1.380253090194447640e+00,1.670964621007442474e-02
1.380354076835235366e+00,1.808421686291694641e-02
1.380454992836226857e+00,1.806730031967163086e-02
1.380555838296178006e+00,1.707516051828861237e-02
1.380656613313636871e+00,1.840510964393615723e-02
1.380757317986945676e+00,1.883556880056858063e-02
1.380857952414241030e+00,1.836887001991271973e-02
1.380958516693453930e+00,1.806357130408287048e-02
1.381059010922311314e+00,1.982808485627174377e-02
1.381159435198334950e+00,1.813305914402008057e-02
1.381259789618844325e+00,1.763906516134738922e-02
1.381360074280954864e+00,1.993963122367858887e-02
1.381460289281580822e+00,1.826400496065616608e-02
1.381560434717433727e+00,1.961017213761806488e-02
1.381660510685023713e+00,1.574728824198246002e-02
1.381760517280661293e+00,1.908279210329055786e-02
1.381860454600455368e+00,1.814237982034683228e-02
1.381960322740316771e+00,1.653526537120342255e-02
1.382060121795956054e+00,1.710076630115509033e-02
1.382159851862885702e+00,1.688195578753948212e-02
1.382259513036421028e+00,1.810287125408649445e-02
1.382359105411678613e+00,1.949988678097724915e-02
1.382458629083578749e+00,1.829928345978260040e-02
1.382558084146846111e+00,1.761863380670547485e-02
1.382657470696008417e+00,1.703148707747459412e-02
1.382756788825398875e+00,1.829669624567031860e-02
1.382856038629156181e+00,1.649594679474830627e-02
1.382955220201224300e+00,1.713658496737480164e-02
1.383054333635354016e+00,1.759049482643604279e-02
1.383153379025102492e+00,1.899639144539833069e-02
1.383252356463835264e+00,1.793421059846878052e-02
1.383351266044724914e+00,1.809292286634445190e-02
1.383450107860753064e+00,1.779619976878166199e-02
1.383548882004709712e+00,1.699616946280002594e-02
1.383647588569195452e+00,1.644226349890232086e-02
1.383746227646620142e+00,1.577323302626609802e-02
1.383844799329204012e+00,1.767766103148460388e-02
1.383943303708979444e+00,1.946851052343845367e-02
1.384041740877789861e+00,1.838005892932415009e-02
1.384140110927290168e+00,1.836273260414600372e-02
1.384238413948948754e+00,1.692280918359756470e-02
1.384336650034046823e+00,1.567308418452739716e-02
1.384434819273679507e+00,1.629982888698577881e-02
1.384532921758756085e+00,1.823163591325283051e-02
1.384630957579999988e+00,1.658591628074645996e-02
1.384728926827950124e+00,1.671823486685752869e-02
1.384826829592961550e+00,1.770267821848392487e-02
1.384924665965205026e+00,1.649970188736915588e-02
1.385022436034667459e+00,1.788873970508575439e-02
1.385120139891154345e+00,1.730828918516635895e-02
1.385217777624287550e+00,1.751557737588882446e-02
1.385315349323507750e+00,1.616163551807403564e-02
1.385412855078073990e+00,1.719101890921592712e-02
1.385510294977064349e+00,1.773966290056705475e-02
1.385607669109377271e+00,1.752424985170364380e-02
1.385704977563730456e+00,1.573188044130802155e-02
1.385802220428662634e+00,1.774015277624130249e-02
1.385899397792533572e+00,1.835241913795471191e-02
1.385996509743524507e+00,1.691557653248310089e-02
1.386093556369639046e+00,1.774332299828529358e-02
1.386190537758702490e+00,1.582108065485954285e-02
1.386287453998364283e+00,1.664356328547000885e-02
1.386384305176096454e+00,1.639015786349773407e-02
1.386481091379195618e+00,1.754400320351123810e-02
1.386577812694782086e+00,1.705080457031726837e-02
1.386674469209801863e+00,1.695611141622066498e-02
1.386771061011025541e+00,1.684220321476459503e-02
1.386867588185050515e+00,1.670214347541332245e-02
1.386964050818299432e+00,1.787400059401988983e-02
1.387060448997022410e+00,1.653214730322360992e-02
1.387156782807296374e+00,1.644621230661869049e-02
1.387253052335026160e+00,1.627182401716709137e-02
1.387349257665944746e+00,1.497575175017118454e-02
1.387445398885613912e+00,1.710427366197109222e-02
1.387541476079423575e+00,1.639034226536750793e-02
1.387637489332594676e+00,1.646461337804794312e-02
1.387733438730176738e+00,1.684721373021602631e-02
1.387829324357050309e+00,1.686626113951206207e-02
1.387925146297927181e+00,1.720132865011692047e-02
1.388020904637349284e+00,1.542850956320762634e-02
1.388116599459691791e+00,1.664414256811141968e-02
1.388212230849160900e+00,1.512678153812885284e-02
1.388307798889796496e+00,1.664650440216064453e-02
1.388403303665470379e+00,1.688205078244209290e-02
1.388498745259888700e+00,1.534971408545970917e-02
1.388594123756591525e+00,1.788826845586299896e-02
1.388689439238953272e+00,1.607719063758850098e-02
1.388784691790182935e+00,1.505243033170700073e-02
1.388879881493325419e+00,1.552089955657720566e-02
1.388975008431260427e+00,1.638535782694816589e-02
1.389070072686704904e+00,1.776345446705818176e-02
1.389165074342211703e+00,1.652990095317363739e-02
1.389260013480170697e+00,1.604473963379859924e-02
1.389354890182809443e+00,1.735794171690940857e-02
1.389449704532193186e+00,1.625105552375316620e-02
1.389544456610225964e+00,1.714045740664005280e-02
1.389639146498649946e+00,1.566708646714687347e-02
1.389733774279046763e+00,1.558870077133178711e-02
1.389828340032837284e+00,1.556723378598690033e-02
1.389922843841282951e+00,1.550221908837556839e-02
1.390017285785485113e+00,1.629221439361572266e-02
1.390111665946386355e+00,1.706738024950027466e-02
1.390205984404769834e+00,1.591231673955917358e-02
1.390300241241261281e+00,1.677368208765983582e-02
1.390394436536327882e+00,1.571830920875072479e-02
1.390488570370279620e+00,1.461509149521589279e-02
1.390582642823268822e+00,1.641141995787620544e-02
1.390676653975292165e+00,1.463733706623315811e-02
1.390770603906188896e+00,1.644511334598064423e-02
1.390864492695643273e+00,1.599559001624584198e-02
1.390958320423183237e+00,1.537087373435497284e-02
1.391052087168182627e+00,1.666771247982978821e-02
1.391145793009860077e+00,1.616686582565307617e-02
1.391239438027279673e+00,1.446472015231847763e-02
1.391333022299352296e+00,1.566189154982566833e-02
1.391426545904834944e+00,1.597631163895130157e-02
1.391520008922331852e+00,1.669561862945556641e-02
1.391613411430294045e+00,1.537323463708162308e-02
1.391706753507020888e+00,1.630741171538829803e-02
1.391800035230659427e+00,1.740948110818862915e-02
1.391893256679205493e+00,1.683579571545124054e-02
1.391986417930503706e+00,1.572495885193347931e-02
1.392079519062248139e+00,1.671798713505268097e-02
1.392172560151982097e+00,1.693213358521461487e-02
1.392265541277099228e+00,1.432957220822572708e-02
1.392358462514844186e+00,1.502187084406614304e-02
1.392451323942311525e+00,1.526475418359041214e-02
1.392544125636447472e+00,1.532197371125221252e-02
1.392636867674049928e+00,1.617479510605335236e-02
1.392729550131768690e+00,1.603827811777591705e-02
1.392822173086106119e+00,1.505443826317787170e-02
1.392914736613416693e+00,1.481957267969846725e-02
1.393007240789908563e+00,1.528332848101854324e-02
1.393099685691643774e+00,1.726500131189823151e-02
1.393192071394537379e+00,1.407601311802864075e-02
1.393284397974358990e+00,1.636902615427970886e-02
1.393376665506733003e+00,1.669398695230484009e-02
1.393468874067138596e+00,1.745302043855190277e-02
1.393561023730910842e+00,1.405195239931344986e-02
1.393653114573239593e+00,1.399862766265869141e-02
1.393745146669171930e+00,1.501926127821207047e-02
1.393837120093609938e+00,1.540561113506555557e-02
1.393929034921314480e+00,1.450077258050441742e-02
1.394020891226902092e+00,1.477764267474412918e-02
1.394112689084846979e+00,1.642384007573127747e-02
1.394204428569482346e+00,1.595772430300712585e-02
1.394296109754998625e+00,1.498604379594326019e-02
1.394387732715445471e+00,1.455924566835165024e-02
1.394479297524730876e+00,1.430807355791330338e-02
1.394570804256622942e+00,1.421132683753967285e-02
1.394662252984749218e+00,1.407137699425220490e-02
1.394753643782597585e+00,1.498065795749425888e-02
1.394844976723515595e+00,1.542642433196306229e-02
1.394936251880712463e+00,1.443170476704835892e-02
1.395027469327257741e+00,1.455139648169279099e-02
1.395118629136083310e+00,1.551707275211811066e-02
1.395209731379982276e+00,1.550068613141775131e-02
1.395300776131610077e+00,1.534100901335477829e-02
1.395391763463484480e+00,1.377714145928621292e-02
1.395482693447987144e+00,1.482953131198883057e-02
1.395573566157361611e+00,1.661870442330837250e-02
1.395664381663715314e+00,1.530155353248119354e-02
1.395755140039020459e+00,1.526887994259595871e-02
1.395845841355112693e+00,1.420349441468715668e-02
1.395936485683691997e+00,1.659160293638706207e-02
1.396027073096324678e+00,1.467522513121366501e-02
1.396117603664440932e+00,1.503677573055028915e-02
1.396208077459336616e+00,1.456787995994091034e-02
1.396298494552174585e+00,1.735480874776840210e-02
1.396388855013983132e+00,1.437453087419271469e-02
1.396479158915657326e+00,1.345737185329198837e-02
1.396569406327959451e+00,1.544973719865083694e-02
1.396659597321518564e+00,1.588431373238563538e-02
1.396749731966832053e+00,1.424710638821125031e-02
1.396839810334264520e+00,1.405983511358499527e-02
1.396929832494049561e+00,1.561148185282945633e-02
1.397019798516288658e+00,1.448628772050142288e-02
1.397109708470952727e+00,1.410089526325464249e-02
1.397199562427881903e+00,1.541118044406175613e-02
1.397289360456785534e+00,1.378510054200887680e-02
1.397379102627243519e+00,1.433751638978719711e-02
1.397468789008705414e+00,1.478627603501081467e-02
1.397558419670491769e+00,1.467567309737205505e-02
1.397647994681793460e+00,1.584484428167343140e-02
1.397737514111673018e+00,1.540779788047075272e-02
1.397826978029064637e+00,1.449608709663152695e-02
1.397916386502773722e+00,1.400549244135618210e-02
1.398005739601478226e+00,1.458645984530448914e-02
1.398095037393728868e+00,1.491593103855848312e-02
1.398184279947948694e+00,1.436283998191356659e-02
1.398273467332433739e+00,1.342976931482553482e-02
1.398362599615354140e+00,1.266479771584272385e-02
1.398451676864752802e+00,1.389398891478776932e-02
1.398540699148547617e+00,1.374125573784112930e-02
1.398629666534530136e+00,1.401655469089746475e-02
1.398718579090367342e+00,1.501510199159383774e-02
1.398807436883600097e+00,1.336106564849615097e-02
1.398896239981645584e+00,1.432398520410060883e-02
1.398984988451795530e+00,1.353842299431562424e-02
1.399073682361218873e+00,1.346258632838726044e-02
1.399162321776959317e+00,1.592793315649032593e-02
1.399250906765938440e+00,1.321052480489015579e-02
1.399339437394953478e+00,1.426675077527761459e-02
1.399427913730679318e+00,1.388340909034013748e-02
1.399516335839668280e+00,1.609167642891407013e-02
1.399604703788350335e+00,1.495043188333511353e-02
1.399693017643033111e+00,1.509436964988708496e-02
1.399781277469902996e+00,1.437064725905656815e-02
1.399869483335024922e+00,1.371360570192337036e-02
1.399957635304342807e+00,1.437304820865392685e-02
1.400045733443678886e+00,1.385187823325395584e-02
1.400133777818736380e+00,1.456869393587112427e-02
1.400221768495097052e+00,1.326595805585384369e-02
1.400309705538222982e+00,1.391569525003433228e-02
1.400397589013457456e+00,1.505630929023027420e-02
1.400485418986022967e+00,1.385974325239658356e-02
1.400573195521024550e+00,1.350539643317461014e-02
1.400660918683447331e+00,1.377095561474561691e-02
1.400748588538158090e+00,1.350592542439699173e-02
1.400836205149905922e+00,1.540266815572977066e-02
1.400923768583322016e+00,1.522910036146640778e-02
1.401011278902919432e+00,1.297370437532663345e-02
1.401098736173093995e+00,1.565298065543174744e-02
1.401186140458124729e+00,1.428153365850448608e-02
1.401273491822174533e+00,1.318020187318325043e-02
1.401360790329288175e+00,1.341022551059722900e-02
1.401448036043395629e+00,1.217782683670520782e-02
1.401535229028310514e+00,1.515099219977855682e-02
1.401622369347730768e+00,1.328777428716421127e-02
1.401709457065239306e+00,1.329232379794120789e-02
1.401796492244303360e+00,1.286055520176887512e-02
1.401883474948275587e+00,1.290569081902503967e-02
1.401970405240394735e+00,1.500454824417829514e-02
1.402057283183784309e+00,1.388755161315202713e-02
1.402144108841454573e+00,1.446410547941923141e-02
1.402230882276301660e+00,1.409555226564407349e-02
1.402317603551109126e+00,1.501465309411287308e-02
1.402404272728545953e+00,1.354817952960729599e-02
1.402490889871169433e+00,1.347085181623697281e-02
1.402577455041423615e+00,1.199423801153898239e-02
1.402663968301640640e+00,1.243055146187543869e-02
1.402750429714040514e+00,1.276123523712158203e-02
1.402836839340731112e+00,1.266770903021097183e-02
1.402923197243708842e+00,1.341357082128524780e-02
1.403009503484859311e+00,1.352457329630851746e-02
1.403095758125956438e+00,1.358637493103742599e-02
1.403181961228664232e+00,1.352643780410289764e-02
1.403268112854535232e+00,1.265759300440549850e-02
1.403354213065012956e+00,1.231394987553358078e-02
1.403440261921429899e+00,1.255226973444223404e-02
1.403526259485009309e+00,1.359700877219438553e-02
1.403612205816865188e+00,1.359038706868886948e-02
1.403698100978002072e+00,1.339597720652818680e-02
1.403783945029315916e+00,1.445480622351169586e-02
1.403869738031593650e+00,1.301187835633754730e-02
1.403955480045514070e+00,1.397614087909460068e-02
1.404041171131648280e+00,1.357685122638940811e-02
1.404126811350458137e+00,1.330209337174892426e-02
1.404212400762299806e+00,1.282963529229164124e-02
1.404297939427420427e+00,1.215587742626667023e-02
1.404383427405961005e+00,1.317554898560047150e-02
1.404468864757955071e+00,1.258907373994588852e-02
1.404554251543330246e+00,1.255195960402488708e-02
1.404639587821907343e+00,1.316139753907918930e-02
1.404724873653401040e+00,1.392536330968141556e-02
1.404810109097420545e+00,1.392965577542781830e-02
1.404895294213469148e+00,1.459555793553590775e-02
1.404980429060945113e+00,1.417899504303932190e-02
1.405065513699140789e+00,1.430941745638847351e-02
1.405150548187245052e+00,1.234171539545059204e-02
1.405235532584341085e+00,1.223603822290897369e-02
1.405320466949408154e+00,1.266566291451454163e-02
1.405405351341320941e+00,1.290182396769523621e-02
1.405490185818851323e+00,1.265595480799674988e-02
1.405574970440666371e+00,1.168370991945266724e-02
1.405659705265330572e+00,1.354987081140279770e-02
1.405744390351304718e+00,1.310210116207599640e-02
1.405829025756947459e+00,1.275723148137331009e-02
1.405913611540513974e+00,1.139128673821687698e-02
1.405998147760157968e+00,1.179619878530502319e-02
1.406082634473929227e+00,1.148565113544464111e-02
1.406167071739778285e+00,1.317559368908405304e-02
1.406251459615551536e+00,1.125901751220226288e-02
1.406335798158995010e+00,1.344170328229665756e-02
1.406420087427753707e+00,1.311067212373018265e-02
1.406504327479371375e+00,1.397959887981414795e-02
1.406588518371290730e+00,1.201346237212419510e-02
1.406672660160854127e+00,1.274482905864715576e-02
1.406756752905304220e+00,1.180375833064317703e-02
1.406840796661783077e+00,1.379593741148710251e-02
1.406924791487332627e+00,1.345704868435859680e-02
1.407008737438895984e+00,1.294718869030475616e-02
1.407092634573316792e+00,1.176202762871980667e-02
1.407176482947338769e+00,1.248268783092498779e-02
1.407260282617607938e+00,1.255748607218265533e-02
1.407344033640670844e+00,1.283004786819219589e-02
1.407427736072976110e+00,1.275237835943698883e-02
1.407511389970873550e+00,1.204064954072237015e-02
1.407594995390615722e+00,1.137324329465627670e-02
1.407678552388356819e+00,1.292734779417514801e-02
1.407762061020153999e+00,1.173916552215814590e-02
1.407845521341966721e+00,1.262242905795574188e-02
1.407928933409657857e+00,1.158619020134210587e-02
1.408012297278993019e+00,1.299133524298667908e-02
1.408095613005641455e+00,1.183596719056367874e-02
1.408178880645176045e+00,1.113137602806091309e-02
1.408262100253073301e+00,1.235816348344087601e-02
1.408345271884713368e+00,1.236617844551801682e-02
1.408428395595382021e+00,1.213707122951745987e-02
1.408511471440268226e+00,1.167415268719196320e-02
1.408594499474466577e+00,1.210304722189903259e-02
1.408677479752975303e+00,1.428825408220291138e-02
1.408760412330699152e+00,1.248239167034626007e-02
1.408843297262447836e+00,1.272092945873737335e-02
1.408926134602936253e+00,1.144667994230985641e-02
1.409008924406785379e+00,1.287407986819744110e-02
1.409091666728522485e+00,1.254731975495815277e-02
1.409174361622580918e+00,1.225682906806468964e-02
1.409257009143299655e+00,1.114385668188333511e-02
1.409339609344925748e+00,1.198920980095863342e-02
1.409422162281612101e+00,1.164462044835090637e-02
1.409504668007419248e+00,1.187030784785747528e-02
1.409587126576314908e+00,1.162048149853944778e-02
1.409669538042173986e+00,1.155919674783945084e-02
1.409751902458779238e+00,1.127212215214967728e-02
1.409834219879821715e+00,1.228556782007217407e-02
1.409916490358900099e+00,1.184905413538217545e-02
1.409998713949522253e+00,1.176164485514163971e-02
1.410080890705103673e+00,1.166120730340480804e-02
1.410163020678969037e+00,1.232529152184724808e-02
1.410245103924351984e+00,1.117947883903980255e-02
1.410327140494395337e+00,1.242840662598609924e-02
1.410409130442151548e+00,1.410482451319694519e-02
1.410491073820582031e+00,1.207081507891416550e-02
1.410572970682558713e+00,1.208713091909885406e-02
1.410654821080863153e+00,1.295396592468023300e-02
1.410736625068187422e+00,1.186391897499561310e-02
1.410818382697133222e+00,1.285806857049465179e-02
1.410900094020214102e+00,1.222854759544134140e-02
1.410981759089853238e+00,1.084545347839593887e-02
1.411063377958385434e+00,1.301055215299129486e-02
1.411144950678057342e+00,1.345633342862129211e-02
1.411226477301025461e+00,1.157752145081758499e-02
1.411307957879359476e+00,1.261174958199262619e-02
1.411389392465040027e+00,1.149486564099788666e-02
1.411470781109959827e+00,1.161509659141302109e-02
1.411552123865923880e+00,1.189753040671348572e-02
1.411633420784650150e+00,1.071205828338861465e-02
1.411714671917768449e+00,1.206948142498731613e-02
1.411795877316821990e+00,1.297087781131267548e-02
1.411877037033266502e+00,1.190936658531427383e-02
1.411958151118471338e+00,1.253423839807510376e-02
1.412039219623719033e+00,1.063421275466680527e-02
1.412120242600205966e+00,1.040767692029476166e-02
1.412201220099041477e+00,1.074525527656078339e-02
1.412282152171250083e+00,1.256209705024957657e-02
1.412363038867769927e+00,1.295521669089794159e-02
1.412443880239453442e+00,1.009240932762622833e-02
1.412524676337067353e+00,1.165481563657522202e-02
1.412605427211294007e+00,1.141721289604902267e-02
1.412686132912729597e+00,1.244754157960414886e-02
1.412766793491886830e+00,1.255878992378711700e-02
1.412847408999192034e+00,1.186210475862026215e-02
1.412927979484988716e+00,1.290476042777299881e-02
1.413008504999534676e+00,1.111799478530883789e-02
1.413088985593004887e+00,1.231861952692270279e-02
1.413169421315489505e+00,1.251384336501359940e-02
1.413249812216994972e+00,1.172945369035005569e-02
1.413330158347444243e+00,1.031524408608675003e-02
1.413410459756677895e+00,1.089824456721544266e-02
1.413490716494451904e+00,1.114529743790626526e-02
1.413570928610440092e+00,1.167928054928779602e-02
