# kappa, training_loss
0.000000000000000000e+00,2.499570995569229126e-01
2.986687350495352833e-01,2.496145963668823242e-01
3.791969206450692131e-01,2.500315606594085693e-01
4.276985541861516582e-01,2.500067949295043945e-01
4.625162054283897262e-01,2.500470876693725586e-01
4.896959804379880099e-01,2.500026226043701172e-01
5.119933541595407256e-01,2.499975860118865967e-01
5.308981536337040730e-01,2.499981522560119629e-01
5.473077101278943646e-01,2.499671280384063721e-01
5.618045705114612653e-01,2.499675452709197998e-01
5.747884365968241038e-01,2.500014305114746094e-01
5.865454885479309821e-01,2.500050067901611328e-01
5.972876804556773722e-01,2.499855756759643555e-01
6.071763792274302851e-01,2.499547600746154785e-01
6.163372831669403640e-01,2.500248253345489502e-01
6.248702166690945914e-01,2.499798536300659180e-01
6.328557777609677970e-01,2.499963790178298950e-01
6.403599790222821442e-01,2.499988228082656860e-01
6.474375675450569911e-01,2.499815523624420166e-01
6.541344509209455760e-01,2.499841302633285522e-01
6.604895034198147163e-01,2.500458061695098877e-01
6.665359331810738475e-01,2.499992698431015015e-01
6.723023325380533821e-01,2.500074803829193115e-01
6.778134957115342640e-01,2.500068843364715576e-01
6.830910630876244616e-01,2.500271499156951904e-01
6.881540344234033935e-01,2.500607073307037354e-01
6.930191817316666558e-01,2.499768882989883423e-01
6.977013844947628218e-01,2.500016987323760986e-01
7.022139041071389087e-01,2.500806152820587158e-01
7.065686103060565548e-01,2.500282526016235352e-01
7.107761693298733086e-01,2.500002086162567139e-01
7.148462013135127302e-01,2.499818354845046997e-01
7.187874127659577006e-01,2.499757558107376099e-01
7.226077087186933978e-01,2.499665617942810059e-01
7.263142881773581028e-01,2.500153481960296631e-01
7.299137257735553996e-01,2.499911338090896606e-01
7.334120419438213689e-01,2.500429153442382812e-01
7.368147635174362442e-01,2.499919235706329346e-01
7.401269762442763689e-01,2.499689161777496338e-01
7.433533705160840777e-01,2.499448657035827637e-01
7.464982813128754335e-01,2.500029504299163818e-01
7.495657232282383342e-01,2.499907463788986206e-01
7.525594212835581276e-01,2.499796152114868164e-01
7.554828381244870217e-01,2.500053346157073975e-01
7.583391980976743607e-01,2.499194890260696411e-01
7.611315086275913799e-01,2.500367462635040283e-01
7.638625792488044075e-01,2.499940544366836548e-01
7.665350385956601897e-01,2.499817758798599243e-01
7.691513496069209976e-01,2.500036954879760742e-01
7.717138231657872938e-01,2.499434947967529297e-01
7.742246303646201921e-01,2.499576956033706665e-01
7.766858135574865596e-01,2.499476075172424316e-01
7.790992963415059869e-01,2.498908787965774536e-01
7.814668925892220841e-01,2.499858438968658447e-01
7.837903146382441122e-01,2.499846071004867554e-01
7.860711807307916299e-01,2.499741911888122559e-01
7.883110217840997302e-01,2.500149607658386230e-01
7.905112875626334468e-01,2.500081658363342285e-01
7.926733523144358085e-01,2.500343918800354004e-01
7.947985199264846479e-01,2.500220239162445068e-01
7.968880286474890884e-01,2.499989420175552368e-01
7.989430554209601132e-01,2.499883025884628296e-01
8.009647198665238443e-01,2.500095069408416748e-01
8.029540879431940059e-01,2.500014603137969971e-01
8.049121753246153421e-01,2.500011324882507324e-01
8.068399505130320337e-01,2.499772161245346069e-01
8.087383377158821052e-01,2.499614506959915161e-01
8.106082195064059359e-01,2.499804198741912842e-01
8.124504392874414282e-01,2.500001788139343262e-01
8.142658035756228374e-01,2.499638497829437256e-01
8.160550841214662121e-01,2.499517500400543213e-01
8.178190198792929522e-01,2.499916553497314453e-01
8.195583188395731966e-01,2.499932050704956055e-01
8.212736597350629442e-01,2.500020265579223633e-01
8.229656936310247861e-01,2.499661594629287720e-01
8.246350454088541282e-01,2.500047683715820312e-01
8.262823151515739095e-01,2.499915510416030884e-01
8.279080794388840037e-01,2.499836534261703491e-01
8.295128925587593738e-01,2.499774992465972900e-01
8.310972876419686628e-01,2.500177323818206787e-01
8.326617777253222386e-01,2.499203383922576904e-01
8.342068567489577813e-01,2.499711066484451294e-01
8.357330004925117573e-01,2.499754726886749268e-01
8.372406674546185590e-01,2.499707341194152832e-01
8.387302996798032817e-01,2.500192523002624512e-01
8.402023235365012610e-01,2.499799430370330811e-01
8.416571504496279665e-01,2.498960494995117188e-01
8.430951775908511747e-01,2.499663084745407104e-01
8.445167885294604382e-01,2.499745041131973267e-01
8.459223538465033831e-01,2.499652802944183350e-01
8.473122317146496441e-01,2.499491423368453979e-01
8.486867684460503991e-01,2.499842196702957153e-01
8.500462990102916061e-01,2.499389499425888062e-01
8.513911475243782778e-01,2.499594837427139282e-01
8.527216277165425851e-01,2.499455809593200684e-01
8.540380433655372361e-01,2.499514222145080566e-01
8.553406887169502371e-01,2.499730139970779419e-01
8.566298488779717779e-01,2.499206215143203735e-01
8.579058001919357412e-01,2.499825060367584229e-01
8.591688105938667386e-01,2.499702423810958862e-01
8.604191399481782021e-01,2.499381005764007568e-01
8.616570403695845703e-01,2.499545216560363770e-01
8.628827565282208845e-01,2.498950064182281494e-01
8.640965259398912801e-01,2.499138861894607544e-01
8.652985792423091294e-01,2.499883025884628296e-01
8.664891404581317458e-01,2.499568313360214233e-01
8.676684272455408298e-01,2.498927265405654907e-01
8.688366511370679834e-01,2.498922944068908691e-01
8.699940177673226582e-01,2.499283999204635620e-01
8.711407270902351563e-01,2.499400526285171509e-01
8.722769735863878937e-01,2.499095052480697632e-01
8.734029464609730509e-01,2.498806118965148926e-01
8.745188298328816501e-01,2.498732209205627441e-01
8.756248029153954615e-01,2.498925924301147461e-01
8.767210401889248272e-01,2.498828023672103882e-01
8.778077115662111796e-01,2.498839199542999268e-01
8.788849825503818325e-01,2.498775273561477661e-01
8.799530143862289711e-01,2.498721927404403687e-01
8.810119642050552313e-01,2.498529851436614990e-01
8.820619851634122766e-01,2.498455196619033813e-01
8.831032265760402344e-01,2.498465925455093384e-01
8.841358340432946550e-01,2.498589605093002319e-01
8.851599495733333267e-01,2.498263865709304810e-01
8.861757116993208561e-01,2.499017715454101562e-01
8.871832555918904850e-01,2.498383373022079468e-01
8.881827131670940734e-01,2.497520446777343750e-01
8.891742131900535195e-01,2.497967183589935303e-01
8.901578813745193441e-01,2.497864514589309692e-01
8.911338404785270617e-01,2.498044371604919434e-01
8.921022103963353045e-01,2.497826367616653442e-01
8.930631082468153403e-01,2.497529834508895874e-01
8.940166484584586293e-01,2.497609853744506836e-01
8.949629428511517437e-01,2.497665137052536011e-01
8.959021007148708637e-01,2.497058808803558350e-01
8.968342288854286304e-01,2.496982663869857788e-01
8.977594318174076937e-01,2.497008889913558960e-01
8.986778116544056338e-01,2.497229576110839844e-01
8.995894682967076061e-01,2.496766895055770874e-01
9.004944994665010638e-01,2.496911287307739258e-01
9.013930007707366965e-01,2.496917694807052612e-01
9.022850657617380588e-01,2.496639639139175415e-01
9.031707859956564777e-01,2.496111094951629639e-01
9.040502510888609455e-01,2.496533691883087158e-01
9.049235487723511495e-01,2.496477812528610229e-01
9.057907649442761278e-01,2.495199441909790039e-01
9.066519837206361565e-01,2.495891302824020386e-01
9.075072874842439186e-01,2.495099902153015137e-01
9.083567569320163404e-01,2.495899051427841187e-01
9.092004711206623790e-01,2.494788914918899536e-01
9.100385075108367028e-01,2.495370954275131226e-01
9.108709420098138887e-01,2.494966238737106323e-01
9.116978490127486401e-01,2.494200617074966431e-01
9.125193014425745375e-01,2.494634389877319336e-01
9.133353707885939476e-01,2.493465840816497803e-01
9.141461271438134917e-01,2.493656426668167114e-01
9.149516392410714793e-01,2.493268549442291260e-01
9.157519744880042722e-01,2.493470013141632080e-01
9.165471990008958736e-01,2.493818849325180054e-01
9.173373776374538213e-01,2.492316216230392456e-01
9.181225740285530179e-01,2.493829131126403809e-01
9.189028506089824688e-01,2.492877840995788574e-01
9.196782686472368962e-01,2.491710782051086426e-01
9.204488882743863121e-01,2.491118907928466797e-01
9.212147685120563034e-01,2.492155581712722778e-01
9.219759672995553323e-01,2.491208165884017944e-01
9.227325415201765857e-01,2.491701096296310425e-01
9.234845470267053491e-01,2.491153329610824585e-01
9.242320386661623255e-01,2.490318119525909424e-01
9.249750703038075450e-01,2.490110546350479126e-01
9.257136948464329551e-01,2.489190846681594849e-01
9.264479642649678937e-01,2.489309906959533691e-01
9.271779296164222028e-01,2.489623725414276123e-01
9.279036410651906319e-01,2.487308084964752197e-01
9.286251479037387346e-01,2.488884329795837402e-01
9.293424985726940202e-01,2.486571222543716431e-01
9.300557406803615645e-01,2.486861497163772583e-01
9.307649210216836222e-01,2.485446184873580933e-01
9.314700855966622228e-01,2.486743479967117310e-01
9.321712796282642932e-01,2.485611140727996826e-01
9.328685475798240700e-01,2.484277635812759399e-01
9.335619331719617886e-01,2.483725994825363159e-01
9.342514793990338573e-01,2.484834492206573486e-01
9.349372285451301723e-01,2.482533752918243408e-01
9.356192221996330050e-01,2.482864111661911011e-01
9.362975012723526724e-01,2.479139715433120728e-01
9.369721060082530917e-01,2.478516250848770142e-01
9.376430760017802069e-01,2.478745132684707642e-01
9.383104502108068345e-01,2.479613274335861206e-01
9.389742669702064726e-01,2.477645128965377808e-01
9.396345640050657311e-01,2.476915270090103149e-01
9.402913784435495970e-01,2.474071383476257324e-01
9.409447468294288575e-01,2.477547079324722290e-01
9.415947051342804519e-01,2.471941858530044556e-01
9.422412887693710770e-01,2.471918463706970215e-01
9.428845325972340374e-01,2.471255362033843994e-01
9.435244709429487786e-01,2.470605820417404175e-01
9.441611376051315396e-01,2.470557838678359985e-01
9.447945658666472291e-01,2.469587028026580811e-01
9.454247885050494071e-01,2.468621283769607544e-01
9.460518378027580333e-01,2.466212660074234009e-01
9.466757455569825286e-01,2.466297745704650879e-01
9.472965430893964811e-01,2.461203634738922119e-01
9.479142612555728764e-01,2.464771568775177002e-01
9.485289304541871802e-01,2.461874783039093018e-01
9.491405806359936026e-01,2.453190833330154419e-01
9.497492413125820931e-01,2.461623847484588623e-01
9.503549415649222842e-01,2.456574887037277222e-01
9.509577100517008219e-01,2.452489584684371948e-01
9.515575750174590786e-01,2.450726777315139771e-01
9.521545643005326909e-01,2.448762655258178711e-01
9.527487053408054685e-01,2.452668100595474243e-01
9.533400251872761189e-01,2.449136376380920410e-01
9.539285505054483361e-01,2.443502843379974365e-01
9.545143075845455849e-01,2.441730350255966187e-01
9.550973223445579086e-01,2.438746094703674316e-01
9.556776203431244232e-01,2.441014200448989868e-01
9.562552267822556074e-01,2.448808997869491577e-01
9.568301665149010482e-01,2.439964413642883301e-01
9.574024640513661977e-01,2.435225397348403931e-01
9.579721435655816908e-01,2.440964877605438232e-01
9.585392289012315548e-01,2.433815449476242065e-01
9.591037435777399756e-01,2.441524267196655273e-01
9.596657107961257260e-01,2.443123608827590942e-01
9.602251534447227010e-01,2.429371476173400879e-01
9.607820941047744423e-01,2.425733804702758789e-01
9.613365550559028749e-01,2.431316077709197998e-01
9.618885582814561408e-01,2.425108104944229126e-01
9.624381254737390812e-01,2.429932355880737305e-01
9.629852780391277012e-01,2.424315065145492554e-01
9.635300371030726119e-01,2.431827783584594727e-01
9.640724235149932264e-01,2.418686300516128540e-01
9.646124578530658189e-01,2.423086762428283691e-01
9.651501604289084435e-01,2.431796491146087646e-01
9.656855512921642681e-01,2.425101697444915771e-01
9.662186502349885409e-01,2.422742098569869995e-01
9.667494767964378566e-01,2.409212589263916016e-01
9.672780502667679414e-01,2.413893342018127441e-01
9.678043896916397326e-01,2.410628050565719604e-01
9.683285138762371957e-01,2.405689507722854614e-01
9.688504413892986555e-01,2.407520562410354614e-01
9.693701905670645269e-01,2.415516972541809082e-01
9.698877795171421123e-01,2.404442727565765381e-01
9.704032261222914624e-01,2.410659790039062500e-01
9.709165480441326324e-01,2.397144883871078491e-01
9.714277627267764448e-01,2.413141280412673950e-01
9.719368874003819769e-01,2.396706938743591309e-01
9.724439390846409959e-01,2.408804893493652344e-01
9.729489345921921162e-01,2.400366961956024170e-01
9.734518905319649029e-01,2.401720136404037476e-01
9.739528233124589152e-01,2.394052743911743164e-01
9.744517491449545821e-01,2.405011057853698730e-01
9.749486840466621285e-01,2.391713857650756836e-01
9.754436438438058854e-01,2.394444048404693604e-01
9.759366441746498699e-01,2.394475489854812622e-01
9.764277004924615255e-01,2.399679869413375854e-01
9.769168280684185079e-01,2.391149401664733887e-01
9.774040419944585167e-01,2.388174384832382202e-01
9.778893571860731715e-01,2.402039915323257446e-01
9.783727883850479312e-01,2.391448318958282471e-01
9.788543501621489451e-01,2.377646863460540771e-01
9.793340569197581669e-01,2.394118905067443848e-01
9.798119228944579540e-01,2.392310798168182373e-01
9.802879621595663728e-01,2.375332713127136230e-01
9.807621886276242096e-01,2.396197021007537842e-01
9.812346160528340189e-01,2.395271509885787964e-01
9.817052580334545420e-01,2.394767105579376221e-01
9.821741280141491615e-01,2.387121766805648804e-01
9.826412392882896141e-01,2.374016642570495605e-01
9.831066050002187362e-01,2.366414517164230347e-01
9.835702381474688005e-01,2.364742904901504517e-01
9.840321515829402177e-01,2.385779470205307007e-01
9.844923580170392707e-01,2.376517355442047119e-01
9.849508700197771027e-01,2.374453693628311157e-01
9.854077000228289585e-01,2.385639548301696777e-01
9.858628603215576769e-01,2.363730370998382568e-01
9.863163630769991030e-01,2.384774386882781982e-01
9.867682203178105294e-01,2.354850918054580688e-01
9.872184439421870517e-01,2.382293045520782471e-01
9.876670457197396225e-01,2.392047792673110962e-01
9.881140372933423510e-01,2.367681860923767090e-01
9.885594301809450535e-01,2.362339645624160767e-01
9.890032357773544947e-01,2.353574484586715698e-01
9.894454653559829893e-01,2.370338290929794312e-01
9.898861300705675825e-01,2.352878898382186890e-01
9.903252409568569226e-01,2.352264523506164551e-01
9.907628089342706001e-01,2.352960556745529175e-01
9.911988448075274016e-01,2.349928468465805054e-01
9.916333592682471387e-01,2.365379482507705688e-01
9.920663628965229464e-01,2.348500788211822510e-01
9.924978661624676013e-01,2.366508543491363525e-01
9.929278794277317521e-01,2.360204756259918213e-01
9.933564129469983905e-01,2.349555194377899170e-01
9.937834768694481236e-01,2.355058193206787109e-01
9.942090812402034627e-01,2.340432703495025635e-01
9.946332360017448027e-01,2.359714955091476440e-01
9.950559509953055271e-01,2.348925918340682983e-01
9.954772359622413580e-01,2.359506934881210327e-01
9.958971005453769454e-01,2.347348034381866455e-01
9.963155542903309181e-01,2.359872162342071533e-01
9.967326066468180645e-01,2.353587448596954346e-01
9.971482669699289758e-01,2.341001927852630615e-01
9.975625445213900377e-01,2.370578050613403320e-01
9.979754484708011075e-01,2.348097264766693115e-01
9.983869878968542055e-01,2.337387800216674805e-01
9.987971717885298917e-01,2.360597401857376099e-01
9.992060090462759891e-01,2.345002442598342896e-01
9.996135084831675455e-01,2.344565987586975098e-01
1.000019678826044478e+00,2.334971427917480469e-01
1.000424528716634676e+00,2.338894456624984741e-01
1.000828066712657005e+00,2.352526485919952393e-01
1.001230301288905666e+00,2.344452291727066040e-01
1.001631240838319670e+00,2.336665987968444824e-01
1.002030893673032219e+00,2.370383888483047485e-01
1.002429268025404996e+00,2.350412011146545410e-01
1.002826372049047121e+00,2.335364818572998047e-01
1.003222213819814357e+00,2.344701439142227173e-01
1.003616801336795428e+00,2.341191917657852173e-01
1.004010142523282800e+00,2.360959202051162720e-01
1.004402245227725476e+00,2.331990450620651245e-01
1.004793117224670462e+00,2.360127866268157959e-01
1.005182766215686474e+00,2.337179183959960938e-01
1.005571199830275209e+00,2.362751364707946777e-01
1.005958425626767072e+00,2.322316467761993408e-01
1.006344451093204251e+00,2.321422249078750610e-01
1.006729283648209350e+00,2.322916835546493530e-01
1.007112930641840265e+00,2.317542880773544312e-01
1.007495399356433508e+00,2.339495867490768433e-01
1.007876697007433098e+00,2.324983924627304077e-01
1.008256830744206800e+00,2.311839163303375244e-01
1.008635807650851257e+00,2.338620275259017944e-01
1.009013634746984689e+00,2.318767607212066650e-01
1.009390318988525159e+00,2.332600951194763184e-01
1.009765867268460404e+00,2.341565340757369995e-01
1.010140286417604338e+00,2.328777164220809937e-01
1.010513583205342014e+00,2.346448153257369995e-01
1.010885764340365700e+00,2.327994257211685181e-01
1.011256836471395637e+00,2.330237627029418945e-01
1.011626806187894800e+00,2.327877134084701538e-01
1.011995680020770561e+00,2.328559756278991699e-01
1.012363464443065908e+00,2.322936654090881348e-01
1.012730165870640686e+00,2.356673628091812134e-01
1.013095790662845053e+00,2.324253171682357788e-01
1.013460345123178730e+00,2.334126979112625122e-01
1.013823835499945369e+00,2.320097982883453369e-01
1.014186267986892487e+00,2.322994768619537354e-01
1.014547648723848061e+00,2.331422418355941772e-01
1.014907983797341151e+00,2.328797727823257446e-01
1.015267279241219622e+00,2.331507503986358643e-01
1.015625541037255442e+00,2.323443740606307983e-01
1.015982775115741310e+00,2.326421737670898438e-01
1.016338987356081747e+00,2.311969101428985596e-01
1.016694183587371514e+00,2.337415963411331177e-01
1.017048369588969159e+00,2.300246208906173706e-01
1.017401551091061229e+00,2.318238615989685059e-01
1.017753733775218272e+00,2.325540482997894287e-01
1.018104923274943063e+00,2.324175387620925903e-01
1.018455125176211729e+00,2.307934165000915527e-01
1.018804345018006430e+00,2.324326038360595703e-01
1.019152588292841388e+00,2.295748740434646606e-01
1.019499860447280914e+00,2.309979945421218872e-01
1.019846166882451000e+00,2.315163612365722656e-01
1.020191512954542246e+00,2.319130748510360718e-01
1.020535903975308800e+00,2.307521551847457886e-01
1.020879345212556411e+00,2.304404377937316895e-01
1.021221841890628257e+00,2.304612249135971069e-01
1.021563399190878796e+00,2.320316880941390991e-01
1.021904022252147159e+00,2.325589656829833984e-01
1.022243716171219230e+00,2.300457358360290527e-01
1.022582486003285718e+00,2.353895455598831177e-01
1.022920336762392912e+00,2.292280942201614380e-01
1.023257273421889657e+00,2.303808927536010742e-01
1.023593300914865001e+00,2.297941148281097412e-01
1.023928424134581627e+00,2.311067134141921997e-01
1.024262647934904846e+00,2.305221855640411377e-01
1.024595977130722479e+00,2.293771654367446899e-01
1.024928416498362749e+00,2.280215471982955933e-01
1.025259970776003726e+00,2.280831187963485718e-01
1.025590644664079232e+00,2.294720560312271118e-01
1.025920442825678514e+00,2.310568988323211670e-01
1.026249369886940155e+00,2.275096327066421509e-01
1.026577430437443095e+00,2.275902777910232544e-01
1.026904629030588767e+00,2.254738360643386841e-01
1.027230970183981684e+00,2.307082414627075195e-01
1.027556458379803583e+00,2.309074401855468750e-01
1.027881098065182464e+00,2.285980880260467529e-01
1.028204893652556740e+00,2.305682003498077393e-01
1.028527849520036730e+00,2.282544821500778198e-01
1.028849970011757042e+00,2.297488600015640259e-01
1.029171259438230734e+00,2.303218543529510498e-01
1.029491722076692151e+00,2.288972437381744385e-01
1.029811362171440425e+00,2.290574610233306885e-01
1.030130183934176769e+00,2.292953282594680786e-01
1.030448191544336423e+00,2.287261635065078735e-01
1.030765389149417954e+00,2.279878854751586914e-01
1.031081780865308106e+00,2.282163500785827637e-01
1.031397370776601763e+00,2.283737510442733765e-01
1.031712162936918586e+00,2.272831350564956665e-01
1.032026161369215655e+00,2.304445803165435791e-01
1.032339370066095219e+00,2.274681031703948975e-01
1.032651792990110229e+00,2.291715145111083984e-01
1.032963434074064324e+00,2.276253700256347656e-01
1.033274297221309368e+00,2.262260317802429199e-01
1.033584386306038772e+00,2.330366075038909912e-01
1.033893705173576594e+00,2.299732118844985962e-01
1.034202257640665090e+00,2.264698296785354614e-01
1.034510047495745377e+00,2.284380048513412476e-01
1.034817078499237653e+00,2.270532846450805664e-01
1.035123354383817418e+00,2.283017039299011230e-01
1.035428878854686374e+00,2.285332232713699341e-01
1.035733655589841984e+00,2.275358140468597412e-01
1.036037688240343480e+00,2.306198328733444214e-01
1.036340980430574099e+00,2.286476939916610718e-01
1.036643535758500434e+00,2.289216071367263794e-01
1.036945357795927114e+00,2.258315533399581909e-01
1.037246450088752603e+00,2.293804734945297241e-01
1.037546816157216778e+00,2.300225347280502319e-01
1.037846459496148510e+00,2.315069288015365601e-01
1.038145383575210579e+00,2.286340296268463135e-01
1.038443591839138813e+00,2.285546809434890747e-01
1.038741087707982791e+00,2.286152094602584839e-01
1.039037874577338982e+00,2.279184609651565552e-01
1.039333955818584343e+00,2.268081009387969971e-01
1.039629334779105907e+00,2.272350788116455078e-01
1.039924014782527717e+00,2.291106879711151123e-01
1.040217999128935755e+00,2.301574051380157471e-01
1.040511291095098656e+00,2.261091321706771851e-01
1.040803893934688196e+00,2.299534380435943604e-01
1.041095810878494676e+00,2.274371534585952759e-01
1.041387045134641642e+00,2.260881513357162476e-01
1.041677599888797046e+00,2.295712977647781372e-01
1.041967478304382633e+00,2.261070609092712402e-01
1.042256683522780669e+00,2.291240245103836060e-01
1.042545218663537776e+00,2.267159223556518555e-01
1.042833086824566768e+00,2.273519039154052734e-01
1.043120291082347162e+00,2.251528352499008179e-01
1.043406834492121682e+00,2.286956161260604858e-01
1.043692720088090775e+00,2.305244505405426025e-01
1.043977950883606454e+00,2.266851812601089478e-01
1.044262529871362810e+00,2.269896715879440308e-01
1.044546460023583201e+00,2.271415889263153076e-01
1.044829744292208318e+00,2.270087003707885742e-01
1.045112385609078265e+00,2.283500283956527710e-01
1.045394386886116855e+00,2.246329486370086670e-01
1.045675751015509469e+00,2.276745140552520752e-01
1.045956480869882466e+00,2.284500151872634888e-01
1.046236579302478820e+00,2.277409434318542480e-01
1.046516049147332206e+00,2.254991382360458374e-01
1.046794893219438416e+00,2.254887223243713379e-01
1.047073114314925668e+00,2.295788675546646118e-01
1.047350715211224470e+00,2.250116914510726929e-01
1.047627698667230822e+00,2.269714474678039551e-01
1.047904067423474084e+00,2.256936132907867432e-01
1.048179824202277066e+00,2.264860719442367554e-01
1.048454971707918792e+00,2.260476350784301758e-01
1.048729512626792149e+00,2.288532108068466187e-01
1.049003449627562201e+00,2.251263707876205444e-01
1.049276785361321629e+00,2.255010604858398438e-01
1.049549522461744600e+00,2.287687212228775024e-01
1.049821663545238870e+00,2.267660796642303467e-01
1.050093211211096556e+00,2.280105203390121460e-01
1.050364168041643120e+00,2.246851325035095215e-01
1.050634536602385261e+00,2.272974699735641479e-01
1.050904319442155010e+00,2.267432361841201782e-01
1.051173519093255626e+00,2.257216572761535645e-01
1.051442138071603472e+00,2.267526388168334961e-01
1.051710178876869461e+00,2.267127782106399536e-01
1.051977643992617617e+00,2.262316197156906128e-01
1.052244535886444732e+00,2.259802073240280151e-01
1.052510857010115375e+00,2.276639491319656372e-01
1.052776609799698004e+00,2.280283421277999878e-01
1.053041796675699304e+00,2.244094908237457275e-01
1.053306420043194302e+00,2.264900654554367065e-01
1.053570482291959154e+00,2.273493260145187378e-01
1.053833985796599482e+00,2.230619490146636963e-01
1.054096932916680274e+00,2.267291545867919922e-01
1.054359325996850227e+00,2.269130647182464600e-01
1.054621167366968981e+00,2.251779288053512573e-01
1.054882459342230350e+00,2.230651676654815674e-01
1.055143204223285780e+00,2.237921506166458130e-01
1.055403404296364922e+00,2.246753424406051636e-01
1.055663061833397531e+00,2.236125022172927856e-01
1.055922179092130264e+00,2.240474820137023926e-01
1.056180758316247248e+00,2.280675619840621948e-01
1.056438801735483546e+00,2.254777997732162476e-01
1.056696311565743285e+00,2.251582741737365723e-01
1.056953290009212010e+00,2.265905439853668213e-01
1.057209739254470593e+00,2.248801290988922119e-01
1.057465661476606478e+00,2.252107113599777222e-01
1.057721058837324923e+00,2.221323698759078979e-01
1.057975933485058695e+00,2.258502542972564697e-01
1.058230287555075089e+00,2.256785184144973755e-01
1.058484123169585178e+00,2.296772748231887817e-01
1.058737442437848841e+00,2.263260930776596069e-01
1.058990247456280676e+00,2.270350605249404907e-01
1.059242540308552805e+00,2.268482744693756104e-01
1.059494323065699461e+00,2.254464626312255859e-01
1.059745597786218685e+00,2.253920435905456543e-01
1.059996366516171795e+00,2.276872098445892334e-01
1.060246631289285313e+00,2.253528535366058350e-01
1.060496394127049546e+00,2.289219796657562256e-01
1.060745657038815182e+00,2.261815667152404785e-01
1.060994422021891426e+00,2.233455032110214233e-01
1.061242691061642596e+00,2.261356711387634277e-01
1.061490466131581378e+00,2.256993949413299561e-01
1.061737749193464753e+00,2.239463329315185547e-01
1.061984542197386139e+00,2.218417674303054810e-01
1.062230847081867990e+00,2.226690351963043213e-01
1.062476665773953499e+00,2.225954532623291016e-01
1.062722000189295857e+00,2.258899807929992676e-01
1.062966852232249737e+00,2.268063127994537354e-01
1.063211223795957894e+00,2.245451211929321289e-01
1.063455116762441088e+00,2.241708040237426758e-01
1.063698533002682911e+00,2.255394309759140015e-01
1.063941474376717489e+00,2.246616631746292114e-01
1.064183942733714527e+00,2.241412848234176636e-01
1.064425939912063024e+00,2.266770303249359131e-01
1.064667467739455642e+00,2.211472988128662109e-01
1.064908528032970869e+00,2.246929258108139038e-01
1.065149122599156062e+00,2.236171662807464600e-01
1.065389253234107159e+00,2.257265150547027588e-01
1.065628921723550837e+00,2.238292992115020752e-01
1.065868129842922896e+00,2.253414243459701538e-01
1.066106879357447967e+00,2.249340265989303589e-01
1.066345172022217236e+00,2.259706258773803711e-01
1.066583009582265706e+00,2.268395870923995972e-01
1.066820393772649256e+00,2.225536257028579712e-01
1.067057326318520794e+00,2.241412997245788574e-01
1.067293808935204646e+00,2.249984443187713623e-01
1.067529843328272054e+00,2.239836603403091431e-01
1.067765431193614223e+00,2.211257964372634888e-01
1.068000574217515597e+00,2.232605665922164917e-01
1.068235274076726693e+00,2.263883501291275024e-01
1.068469532438535596e+00,2.261521816253662109e-01
1.068703350960838350e+00,2.247318923473358154e-01
1.068936731292210673e+00,2.215872853994369507e-01
1.069169675071976799e+00,2.276132851839065552e-01
1.069402183930278527e+00,2.241273671388626099e-01
1.069634259488144501e+00,2.246482968330383301e-01
1.069865903357556380e+00,2.263258248567581177e-01
1.070097117141518339e+00,2.246637493371963501e-01
1.070327902434121903e+00,2.221113294363021851e-01
1.070558260820611673e+00,2.247420698404312134e-01
1.070788193877452166e+00,2.231104522943496704e-01
1.071017703172391089e+00,2.224178463220596313e-01
1.071246790264525295e+00,2.229330241680145264e-01
1.071475456704361617e+00,2.221859246492385864e-01
1.071703704033882154e+00,2.269561588764190674e-01
1.071931533786605772e+00,2.267974466085433960e-01
1.072158947487650282e+00,2.267562597990036011e-01
1.072385946653792832e+00,2.227411717176437378e-01
1.072612532793531637e+00,2.204661071300506592e-01
1.072838707407145709e+00,2.202977687120437622e-01
1.073064471986754143e+00,2.213613986968994141e-01
1.073289828016375624e+00,2.214690893888473511e-01
1.073514776971987494e+00,2.218310534954071045e-01
1.073739320321581703e+00,2.223060131072998047e-01
1.073963459525224762e+00,2.204381972551345825e-01
1.074187196035113478e+00,2.253630161285400391e-01
1.074410531295630689e+00,2.204727381467819214e-01
1.074633466743403210e+00,2.185474783182144165e-01
1.074856003807355576e+00,2.199115008115768433e-01
1.075078143908765549e+00,2.233694791793823242e-01
1.075299888461318742e+00,2.255148142576217651e-01
1.075521238871161911e+00,2.227113842964172363e-01
1.075742196536957795e+00,2.215690165758132935e-01
1.075962762849936860e+00,2.231003493070602417e-01
1.076182939193950805e+00,2.195130288600921631e-01
1.076402726945523414e+00,2.209201455116271973e-01
1.076622127473903179e+00,2.227075695991516113e-01
1.076841142141115037e+00,2.209308296442031860e-01
1.077059772302009444e+00,2.246451079845428467e-01
1.077278019304313661e+00,2.233957648277282715e-01
1.077495884488681943e+00,2.274639606475830078e-01
1.077713369188744386e+00,2.211627364158630371e-01
1.077930474731155774e+00,2.243491560220718384e-01
1.078147202435643992e+00,2.227328866720199585e-01
1.078363553615059978e+00,2.228378653526306152e-01
1.078579529575422802e+00,2.241647392511367798e-01
1.078795131615968295e+00,2.193618118762969971e-01
1.079010361029196119e+00,2.237104773521423340e-01
1.079225219100915734e+00,2.227433621883392334e-01
1.079439707110293245e+00,2.223156690597534180e-01
1.079653826329895816e+00,2.246398031711578369e-01
1.079867578025738295e+00,2.196793109178543091e-01
1.080080963457327625e+00,2.219129800796508789e-01
1.080293983877707031e+00,2.233574241399765015e-01
1.080506640533500207e+00,2.230511754751205444e-01
1.080718934664955944e+00,2.201121300458908081e-01
1.080930867505990323e+00,2.245506495237350464e-01
1.081142440284230677e+00,2.215558141469955444e-01
1.081353654221058225e+00,2.249690741300582886e-01
1.081564510531649592e+00,2.204096466302871704e-01
1.081775010425019223e+00,2.226587980985641479e-01
1.081985155104061125e+00,2.196016460657119751e-01
1.082194945765590388e+00,2.215038686990737915e-01
1.082404383600382936e+00,2.201803624629974365e-01
1.082613469793217265e+00,2.237128466367721558e-01
1.082822205522914194e+00,2.183867692947387695e-01
1.083030591962377054e+00,2.203937172889709473e-01
1.083238630278629877e+00,2.228703200817108154e-01
1.083446321632858922e+00,2.232305854558944702e-01
1.083653667180449531e+00,2.254204005002975464e-01
1.083860668071025657e+00,2.231336534023284912e-01
1.084067325448488273e+00,2.195853739976882935e-01
1.084273640451052678e+00,2.216972559690475464e-01
1.084479614211286025e+00,2.215692102909088135e-01
1.084685247856145951e+00,2.224758714437484741e-01
1.084890542507015443e+00,2.198728770017623901e-01
1.085095499279741249e+00,2.259363085031509399e-01
1.085300119284670295e+00,2.188695669174194336e-01
1.085504403626684100e+00,2.226879596710205078e-01
1.085708353405236526e+00,2.214491963386535645e-01
1.085911969714387970e+00,2.225841581821441650e-01
1.086115253642841116e+00,2.214081883430480957e-01
1.086318206273976017e+00,2.213730514049530029e-01
1.086520828685884288e+00,2.262880802154541016e-01
1.086723121951403526e+00,2.245364040136337280e-01
1.086925087138151724e+00,2.241927981376647949e-01
1.087126725308561248e+00,2.211478054523468018e-01
1.087328037519911250e+00,2.195350974798202515e-01
1.087529024824362756e+00,2.193707972764968872e-01
1.087729688268989525e+00,2.201307862997055054e-01
1.087930028895812473e+00,2.204077541828155518e-01
1.088130047741831197e+00,2.210449576377868652e-01
1.088329745839057061e+00,2.240138947963714600e-01
1.088529124214544286e+00,2.149527519941329956e-01
1.088728183890421475e+00,2.218967974185943604e-01
1.088926925883924035e+00,2.214379608631134033e-01
1.089125351207425485e+00,2.206783741712570190e-01
1.089323460868466320e+00,2.229208946228027344e-01
1.089521255869787542e+00,2.259161472320556641e-01
1.089718737209358856e+00,2.224425375461578369e-01
1.089915905880409985e+00,2.233231961727142334e-01
1.090112762871460861e+00,2.184522449970245361e-01
1.090309309166350049e+00,2.144036889076232910e-01
1.090505545744266058e+00,2.197476476430892944e-01
1.090701473579775316e+00,2.173458039760589600e-01
1.090897093642850813e+00,2.181453853845596313e-01
1.091092406898903189e+00,2.174907475709915161e-01
1.091287414308806492e+00,2.210949063301086426e-01
1.091482116828928151e+00,2.212393879890441895e-01
1.091676515411157622e+00,2.240236699581146240e-01
1.091870611002932590e+00,2.217882275581359863e-01
1.092064404547267609e+00,2.240330874919891357e-01
1.092257896982782084e+00,2.212174087762832642e-01
1.092451089243726692e+00,2.230012565851211548e-01
1.092643982260011137e+00,2.169662863016128540e-01
1.092836576957229910e+00,2.202762067317962646e-01
1.093028874256690708e+00,2.217713892459869385e-01
1.093220875075439080e+00,2.248724251985549927e-01
1.093412580326285743e+00,2.220227718353271484e-01
1.093603990917832336e+00,2.164191305637359619e-01
1.093795107754497176e+00,2.186475247144699097e-01
1.093985931736541017e+00,2.176416814327239990e-01
1.094176463760092366e+00,2.180479317903518677e-01
1.094366704717172789e+00,2.193361371755599976e-01
1.094556655495722453e+00,2.200584560632705688e-01
1.094746316979623657e+00,2.205733358860015869e-01
1.094935690048727261e+00,2.193558365106582642e-01
1.095124775578875553e+00,2.214342951774597168e-01
1.095313574441928228e+00,2.188197523355484009e-01
1.095502087505784372e+00,2.215850502252578735e-01
1.095690315634408663e+00,2.213318645954132080e-01
1.095878259687853573e+00,2.198656350374221802e-01
1.096065920522283577e+00,2.192758917808532715e-01
1.096253298989998015e+00,2.200481444597244263e-01
1.096440395939455748e+00,2.214877009391784668e-01
1.096627212215296021e+00,2.177615910768508911e-01
1.096813748658363563e+00,2.148945480585098267e-01
1.097000006105729231e+00,2.204121053218841553e-01
1.097185985390713991e+00,2.202650308609008789e-01
1.097371687342911351e+00,2.172866165637969971e-01
1.097557112788208222e+00,2.218446731567382812e-01
1.097742262548808911e+00,2.176735699176788330e-01
1.097927137443254209e+00,2.208641320466995239e-01
1.098111738286446259e+00,2.221626043319702148e-01
1.098296065889668327e+00,2.222183495759963989e-01
1.098480121060605885e+00,2.168105393648147583e-01
1.098663904603369268e+00,2.192863970994949341e-01
1.098847417318513209e+00,2.214094698429107666e-01
1.099030660003059268e+00,2.195305377244949341e-01
1.099213633450514926e+00,2.152881920337677002e-01
1.099396338450896016e+00,2.212351411581039429e-01
1.099578775790745810e+00,2.200023233890533447e-01
1.099760946253155680e+00,2.178964614868164062e-01
1.099942850617785517e+00,2.169280052185058594e-01
1.100124489660883942e+00,2.142775505781173706e-01
1.100305864155307622e+00,2.153765410184860229e-01
1.100486974870541257e+00,2.214869111776351929e-01
1.100667822572716670e+00,2.186676859855651855e-01
1.100848408024633684e+00,2.193767130374908447e-01
1.101028731985777886e+00,2.191352397203445435e-01
1.101208795212340386e+00,2.206940054893493652e-01
1.101388598457237133e+00,2.172815352678298950e-01
1.101568142470127354e+00,2.146477252244949341e-01
1.101747427997432416e+00,2.218064814805984497e-01
1.101926455782354486e+00,2.208252847194671631e-01
1.102105226564894958e+00,2.197142988443374634e-01
1.102283741081873547e+00,2.199762612581253052e-01
1.102462000066944947e+00,2.186178565025329590e-01
1.102640004250618144e+00,2.233131527900695801e-01
1.102817754360273961e+00,2.139261513948440552e-01
1.102995251120183484e+00,2.187024801969528198e-01
1.103172495251524499e+00,2.165818214416503906e-01
1.103349487472400581e+00,2.187851220369338989e-01
1.103526228497857309e+00,2.212220579385757446e-01
1.103702719039900026e+00,2.218711376190185547e-01
1.103878959807512050e+00,2.207697778940200806e-01
1.104054951506669102e+00,2.164321541786193848e-01
1.104230694840359961e+00,2.212867438793182373e-01
1.104406190508599561e+00,2.141785025596618652e-01
1.104581439208449201e+00,2.134885936975479126e-01
1.104756441634030306e+00,2.191950976848602295e-01
1.104931198476542198e+00,2.185989767313003540e-01
1.105105710424279408e+00,2.168024033308029175e-01
1.105279978162645005e+00,2.200405597686767578e-01
1.105454002374170797e+00,2.141503542661666870e-01
1.105627783738529324e+00,2.190533131361007690e-01
1.105801322932552955e+00,2.192126512527465820e-01
1.105974620630248095e+00,2.195232659578323364e-01
1.106147677502810955e+00,2.185052037239074707e-01
1.106320494218643535e+00,2.174350619316101074e-01
1.106493071443369391e+00,2.196222394704818726e-01
1.106665409839848069e+00,2.204065322875976562e-01
1.106837510068191088e+00,2.159878760576248169e-01
1.107009372785777046e+00,2.138610780239105225e-01
1.107180998647266934e+00,2.179415524005889893e-01
1.107352388304617907e+00,2.139993011951446533e-01
1.107523542407099937e+00,2.174981683492660522e-01
1.107694461601309133e+00,2.163888961076736450e-01
1.107865146531183065e+00,2.203182578086853027e-01
1.108035597838014752e+00,2.148898690938949585e-01
1.108205816160468205e+00,2.188921719789505005e-01
1.108375802134591304e+00,2.158721536397933960e-01
1.108545556393832010e+00,2.199415415525436401e-01
1.108715079569050355e+00,2.146159857511520386e-01
1.108884372288533537e+00,2.170509845018386841e-01
1.109053435178010361e+00,2.195911258459091187e-01
1.109222268860664551e+00,2.149454355239868164e-01
1.109390873957148749e+00,2.200977653264999390e-01
1.109559251085597387e+00,2.165025770664215088e-01
1.109727400861641788e+00,2.160403281450271606e-01
1.109895323898422381e+00,2.186171859502792358e-01
1.110063020806602907e+00,2.179953306913375854e-01
1.110230492194383078e+00,2.155154794454574585e-01
1.110397738667512346e+00,2.179180234670639038e-01
1.110564760829302999e+00,2.150977551937103271e-01
1.110731559280642822e+00,2.178591638803482056e-01
1.110898134620008193e+00,2.172528356313705444e-01
1.111064487443477855e+00,2.167697250843048096e-01
1.111230618344744236e+00,2.142417728900909424e-01
1.111396527915126997e+00,2.181014269590377808e-01
1.111562216743585907e+00,2.188471406698226929e-01
1.111727685416732614e+00,2.159483879804611206e-01
1.111892934518843967e+00,2.176465541124343872e-01
1.112057964631873341e+00,2.205471992492675781e-01
1.112222776335464403e+00,2.130188643932342529e-01
1.112387370206961545e+00,2.175931781530380249e-01
1.112551746821423659e+00,2.203001379966735840e-01
1.112715906751634787e+00,2.161877453327178955e-01
1.112879850568117668e+00,2.180756777524948120e-01
1.113043578839144176e+00,2.161161601543426514e-01
1.113207092130747755e+00,2.150273174047470093e-01
1.113370391006734961e+00,2.144676744937896729e-01
1.113533476028698121e+00,2.148972600698471069e-01
1.113696347756024885e+00,2.174883931875228882e-01
1.113859006745911540e+00,2.156486809253692627e-01
1.114021453553374563e+00,2.150752544403076172e-01
1.114183688731259947e+00,2.117824256420135498e-01
1.114345712830256518e+00,2.131596952676773071e-01
1.114507526398906379e+00,2.169962078332901001e-01
1.114669129983616225e+00,2.093893885612487793e-01
1.114830524128668232e+00,2.209146171808242798e-01
1.114991709376230711e+00,2.129082381725311279e-01
1.115152686266370097e+00,2.198044210672378540e-01
1.115313455337060722e+00,2.165109366178512573e-01
1.115474017124196360e+00,2.171643674373626709e-01
1.115634372161600663e+00,2.173923552036285400e-01
1.115794520981036930e+00,2.142096608877182007e-01
1.115954464112220768e+00,2.169088721275329590e-01
1.116114202082828744e+00,2.161246538162231445e-01
1.116273735418509716e+00,2.160568535327911377e-01
1.116433064642894157e+00,2.172153592109680176e-01
1.116592190277606367e+00,2.159310579299926758e-01
1.116751112842272908e+00,2.146189361810684204e-01
1.116909832854533713e+00,2.138702422380447388e-01
1.117068350830051848e+00,2.135066092014312744e-01
1.117226667282524177e+00,2.155483216047286987e-01
1.117384782723690240e+00,2.093954682350158691e-01
1.117542697663343354e+00,2.148040980100631714e-01
1.117700412609339278e+00,2.149969190359115601e-01
1.117857928067607087e+00,2.091422230005264282e-01
1.118015244542158948e+00,2.133630216121673584e-01
1.118172362535098330e+00,2.160448879003524780e-01
1.118329282546631331e+00,2.163661569356918335e-01
1.118486005075075340e+00,2.205393463373184204e-01
1.118642530616868580e+00,2.117624878883361816e-01
1.118798859666580103e+00,2.120340913534164429e-01
1.118954992716918229e+00,2.163396924734115601e-01
1.119110930258740533e+00,2.162572294473648071e-01
1.119266672781063399e+00,2.130528390407562256e-01
1.119422220771070009e+00,2.138112783432006836e-01
1.119577574714121004e+00,2.163241505622863770e-01
1.119732735093762033e+00,2.144717723131179810e-01
1.119887702391734408e+00,2.161794006824493408e-01
1.120042477087982657e+00,2.155251353979110718e-01
1.120197059660664296e+00,2.174854874610900879e-01
1.120351450586158260e+00,2.135087102651596069e-01
1.120505650339074011e+00,2.123682200908660889e-01
1.120659659392259755e+00,2.151367813348770142e-01
1.120813478216812431e+00,2.141266167163848877e-01
1.120967107282084374e+00,2.119534313678741455e-01
1.121120547055693972e+00,2.115756124258041382e-01
1.121273798003532551e+00,2.165785729885101318e-01
1.121426860589773922e+00,2.134106755256652832e-01
1.121579735276881928e+00,2.158420234918594360e-01
1.121732422525620221e+00,2.130614370107650757e-01
1.121884922795058914e+00,2.164755463600158691e-01
1.122037236542584360e+00,2.148741930723190308e-01
1.122189364223905583e+00,2.141005098819732666e-01
1.122341306293064944e+00,2.160050123929977417e-01
1.122493063202444130e+00,2.136036753654479980e-01
1.122644635402772373e+00,2.128008306026458740e-01
1.122796023343136884e+00,2.173764109611511230e-01
1.122947227470987297e+00,2.141248583793640137e-01
1.123098248232146101e+00,2.118026763200759888e-01
1.123249086070816194e+00,2.130192518234252930e-01
1.123399741429587317e+00,2.136377245187759399e-01
1.123550214749445608e+00,2.073008269071578979e-01
1.123700506469780258e+00,2.129760533571243286e-01
1.123850617028391952e+00,2.177074104547500610e-01
1.124000546861499528e+00,2.150198072195053101e-01
1.124150296403748417e+00,2.170139551162719727e-01
1.124299866088218414e+00,2.125448584556579590e-01
1.124449256346429671e+00,2.146982848644256592e-01
1.124598467608352470e+00,2.137747555971145630e-01
1.124747500302412107e+00,2.150420695543289185e-01
1.124896354855498659e+00,2.132236063480377197e-01
1.125045031692972541e+00,2.160179316997528076e-01
1.125193531238672939e+00,2.142646610736846924e-01
1.125341853914924473e+00,2.161010354757308960e-01
1.125490000142544078e+00,2.139386683702468872e-01
1.125637970340849447e+00,2.099540680646896362e-01
1.125785764927664800e+00,2.132616341114044189e-01
1.125933384319328212e+00,2.176720798015594482e-01
1.126080828930699829e+00,2.128631621599197388e-01
1.126228099175167197e+00,2.136922031641006470e-01
1.126375195464653256e+00,2.164609134197235107e-01
1.126522118209623224e+00,2.127754390239715576e-01
1.126668867819090591e+00,2.141053825616836548e-01
1.126815444700625113e+00,2.111469209194183350e-01
1.126961849260359028e+00,2.125146090984344482e-01
1.127108081902993497e+00,2.150233983993530273e-01
1.127254143031806377e+00,2.114886492490768433e-01
1.127400033048657324e+00,2.157057374715805054e-01
1.127545752353996233e+00,2.149545252323150635e-01
1.127691301346868125e+00,2.118925005197525024e-01
1.127836680424920468e+00,2.138805538415908813e-01
1.127981889984410513e+00,2.123046666383743286e-01
1.128126930420210172e+00,2.138066887855529785e-01
1.128271802125813794e+00,2.128326892852783203e-01
1.128416505493343269e+00,2.175140678882598877e-01
1.128561040913556024e+00,2.155444324016571045e-01
1.128705408775850128e+00,2.094027101993560791e-01
1.128849609468270732e+00,2.132773995399475098e-01
1.128993643377516953e+00,2.088424414396286011e-01
1.129137510888947205e+00,2.188667505979537964e-01
1.129281212386586519e+00,2.090056240558624268e-01
1.129424748253131439e+00,2.158647626638412476e-01
1.129568118869956894e+00,2.100987136363983154e-01
1.129711324617122203e+00,2.130922377109527588e-01
1.129854365873377064e+00,2.142591327428817749e-01
1.129997243016167552e+00,2.121370881795883179e-01
1.130139956421642111e+00,2.120295614004135132e-01
1.130282506464656889e+00,2.119709551334381104e-01
1.130424893518783280e+00,2.101608961820602417e-01
1.130567117956311929e+00,2.146340608596801758e-01
1.130709180148259829e+00,2.157205492258071899e-01
1.130851080464374991e+00,2.167614698410034180e-01
1.130992819273143990e+00,2.118172496557235718e-01
1.131134396941795517e+00,2.120466679334640503e-01
1.131275813836308153e+00,2.127114385366439819e-01
1.131417070321414364e+00,2.173842191696166992e-01
1.131558166760607387e+00,2.102454900741577148e-01
1.131699103516145888e+00,2.164611071348190308e-01
1.131839880949060406e+00,2.100804448127746582e-01
1.131980499419157793e+00,2.137605994939804077e-01
1.132120959285028539e+00,2.173355370759963989e-01
1.132261260904050326e+00,2.151251733303070068e-01
1.132401404632394026e+00,2.106607407331466675e-01
1.132541390825030136e+00,2.138794213533401489e-01
1.132681219835733222e+00,2.078488320112228394e-01
1.132820892017087244e+00,2.128854840993881226e-01
1.132960407720491336e+00,2.125817835330963135e-01
1.133099767296164684e+00,2.115655541419982910e-01
1.133238971093152303e+00,2.153264731168746948e-01
1.133378019459329922e+00,2.093002200126647949e-01
1.133516912741409310e+00,2.113167047500610352e-01
1.133655651284943389e+00,2.105679959058761597e-01
1.133794235434331110e+00,2.133639454841613770e-01
1.133932665532823902e+00,2.087629586458206177e-01
1.134070941922528553e+00,2.089383900165557861e-01
1.134209064944414536e+00,2.091856747865676880e-01
1.134347034938317345e+00,2.115005701780319214e-01
1.134484852242944486e+00,2.117181122303009033e-01
1.134622517195880143e+00,2.134955376386642456e-01
1.134760030133590281e+00,2.110932618379592896e-01
1.134897391391427091e+00,2.082299590110778809e-01
1.135034601303635204e+00,2.120821028947830200e-01
1.135171660203354360e+00,2.124335765838623047e-01
1.135308568422626729e+00,2.144909203052520752e-01
1.135445326292399360e+00,2.143217921257019043e-01
1.135581934142531724e+00,2.122431546449661255e-01
1.135718392301797275e+00,2.139247357845306396e-01
1.135854701097891217e+00,2.142051309347152710e-01
1.135990860857432949e+00,2.133836299180984497e-01
1.136126871905972724e+00,2.093945294618606567e-01
1.136262734567993649e+00,2.136947363615036011e-01
1.136398449166919677e+00,2.134181559085845947e-01
1.136534016025117610e+00,2.126768380403518677e-01
1.136669435463902422e+00,2.093287855386734009e-01
1.136804707803543035e+00,2.116676867008209229e-01
1.136939833363264318e+00,2.136248052120208740e-01
1.137074812461254414e+00,2.087063640356063843e-01
1.137209645414667625e+00,2.061309814453125000e-01
1.137344332539628411e+00,2.099091559648513794e-01
1.137478874151237607e+00,2.102120965719223022e-01
1.137613270563575751e+00,2.138172090053558350e-01
1.137747522089707086e+00,2.122046202421188354e-01
1.137881629041684883e+00,2.075558006763458252e-01
1.138015591730554998e+00,2.088863253593444824e-01
1.138149410466360756e+00,2.114856094121932983e-01
1.138283085558147167e+00,2.092915624380111694e-01
1.138416617313964707e+00,2.119759172201156616e-01
1.138550006040874862e+00,2.079905867576599121e-01
1.138683252044952354e+00,2.086253315210342407e-01
1.138816355631290911e+00,2.094616293907165527e-01
1.138949317104007708e+00,2.078799158334732056e-01
1.139082136766245812e+00,2.136773914098739624e-01
1.139214814920179508e+00,2.084950208663940430e-01
1.139347351867018965e+00,2.099154293537139893e-01
1.139479747907013119e+00,2.108120173215866089e-01
1.139612003339454782e+00,2.098294347524642944e-01
1.139744118462683309e+00,2.129570692777633667e-01
1.139876093574090588e+00,2.101520597934722900e-01
1.140007928970123041e+00,2.136247605085372925e-01
1.140139624946287622e+00,2.111082524061203003e-01
1.140271181797153588e+00,2.098420858383178711e-01
1.140402599816358498e+00,2.100772410631179810e-01
1.140533879296610875e+00,2.077025324106216431e-01
1.140665020529695095e+00,2.084066420793533325e-01
1.140796023806473602e+00,2.078997939825057983e-01
1.140926889416893131e+00,2.150944024324417114e-01
1.141057617649985811e+00,2.111273854970932007e-01
1.141188208793876058e+00,2.115969210863113403e-01
1.141318663135781675e+00,2.107520848512649536e-01
1.141448980962019411e+00,2.115765064954757690e-01
1.141579162558007843e+00,2.111835926771163940e-01
1.141709208208271153e+00,2.070543617010116577e-01
1.141839118196443348e+00,2.093224078416824341e-01
1.141968892805272029e+00,2.112378478050231934e-01
1.142098532316621284e+00,2.106090635061264038e-01
1.142228037011475683e+00,2.107554525136947632e-01
1.142357407169944716e+00,2.082345932722091675e-01
1.142486643071265240e+00,2.102606594562530518e-01
1.142615744993806137e+00,2.115610688924789429e-01
1.142744713215070762e+00,2.089448869228363037e-01
1.142873548011702267e+00,2.081457972526550293e-01
1.143002249659484937e+00,2.091448605060577393e-01
1.143130818433349294e+00,2.088938802480697632e-01
1.143259254607375652e+00,2.091096639633178711e-01
1.143387558454796560e+00,2.083217352628707886e-01
1.143515730248001239e+00,2.101306766271591187e-01
1.143643770258538694e+00,2.128930687904357910e-01
1.143771678757121268e+00,2.125387936830520630e-01
1.143899456013627525e+00,2.126452028751373291e-01
1.144027102297106913e+00,2.100428193807601929e-01
1.144154617875781765e+00,2.133361995220184326e-01
1.144282003017051297e+00,2.086746543645858765e-01
1.144409257987495376e+00,2.092942148447036743e-01
1.144536383052877637e+00,2.075251638889312744e-01
1.144663378478147697e+00,2.130705416202545166e-01
1.144790244527446710e+00,2.075151950120925903e-01
1.144916981464108252e+00,2.122524529695510864e-01
1.145043589550663210e+00,2.080878466367721558e-01
1.145170069048842665e+00,2.077885121107101440e-01
1.145296420219581002e+00,2.119355648756027222e-01
1.145422643323018796e+00,2.032279074192047119e-01
1.145548738618506812e+00,2.072970718145370483e-01
1.145674706364608664e+00,2.093968838453292847e-01
1.145800546819104149e+00,2.114122807979583740e-01
1.145926260238992356e+00,2.107400894165039062e-01
1.146051846880494773e+00,2.150348573923110962e-01
1.146177306999058398e+00,2.109370976686477661e-01
1.146302640849359511e+00,2.086637467145919800e-01
1.146427848685305451e+00,2.121560871601104736e-01
1.146552930760038835e+00,2.097172588109970093e-01
1.146677887325940670e+00,2.091974169015884399e-01
1.146802718634632123e+00,2.079408466815948486e-01
1.146927424936978968e+00,2.117482274770736694e-01
1.147052006483094466e+00,2.114343494176864624e-01
1.147176463522340928e+00,2.091669738292694092e-01
1.147300796303334813e+00,2.130215018987655640e-01
1.147425005073948068e+00,2.083216160535812378e-01
1.147549090081311673e+00,2.126261293888092041e-01
1.147673051571819203e+00,2.103138118982315063e-01
1.147796889791128372e+00,2.100470662117004395e-01
1.147920604984165260e+00,2.120499908924102783e-01
1.148044197395126975e+00,2.054340988397598267e-01
1.148167667267482983e+00,2.120508998632431030e-01
1.148291014843981106e+00,2.095748186111450195e-01
1.148414240366647299e+00,2.094005942344665527e-01
1.148537344076790090e+00,2.128338664770126343e-01
1.148660326215003247e+00,2.070126831531524658e-01
1.148783187021167995e+00,2.081736773252487183e-01
1.148905926734457017e+00,2.082919627428054810e-01
1.149028545593335782e+00,2.122877389192581177e-01
1.149151043835566544e+00,2.094601094722747803e-01
1.149273421698210118e+00,2.084111571311950684e-01
1.149395679417629434e+00,2.036559432744979858e-01
1.149517817229492200e+00,2.081533372402191162e-01
1.149639835368772900e+00,2.079230099916458130e-01
1.149761734069756347e+00,2.025241106748580933e-01
1.149883513566039905e+00,2.085719257593154907e-01
1.150005174090535931e+00,2.050990462303161621e-01
1.150126715875475547e+00,2.095873206853866577e-01
1.150248139152410198e+00,2.073276489973068237e-01
1.150369444152214760e+00,2.081785947084426880e-01
1.150490631105089756e+00,2.081297188997268677e-01
1.150611700240564916e+00,2.063755244016647339e-01
1.150732651787500505e+00,2.072685360908508301e-01
1.150853485974091095e+00,2.111404091119766235e-01
1.150974203027867349e+00,2.078585326671600342e-01
1.151094803175699122e+00,2.039936333894729614e-01
1.151215286643797686e+00,2.095036506652832031e-01
1.151335653657718172e+00,2.050471305847167969e-01
1.151455904442362677e+00,2.077243328094482422e-01
1.151576039221982040e+00,2.111095786094665527e-01
1.151696058220179397e+00,2.096274197101593018e-01
1.151815961659911070e+00,2.070027291774749756e-01
1.151935749763490557e+00,2.028157263994216919e-01
1.152055422752590319e+00,2.015659958124160767e-01
1.152174980848244212e+00,2.085102945566177368e-01
1.152294424270850381e+00,2.077004313468933105e-01
1.152413753240173477e+00,2.089100480079650879e-01
1.152532967975346656e+00,2.060492336750030518e-01
1.152652068694874243e+00,2.106731832027435303e-01
1.152771055616634621e+00,2.040393799543380737e-01
1.152889928957882004e+00,2.071302831172943115e-01
1.153008688935249326e+00,2.067558169364929199e-01
1.153127335764750017e+00,2.074901312589645386e-01
1.153245869661780665e+00,2.078631967306137085e-01
1.153364290841124129e+00,2.065282911062240601e-01
1.153482599516949314e+00,2.085618078708648682e-01
1.153600795902817611e+00,2.082830071449279785e-01
1.153718880211681119e+00,2.096238583326339722e-01
1.153836852655887979e+00,2.062166780233383179e-01
1.153954713447182145e+00,2.037198245525360107e-01
1.154072462796707832e+00,2.031477242708206177e-01
1.154190100915010841e+00,2.075764238834381104e-01
1.154307628012040787e+00,2.092328965663909912e-01
1.154425044297153091e+00,2.067533135414123535e-01
1.154542349979111426e+00,2.063122838735580444e-01
1.154659545266091270e+00,2.116495370864868164e-01
1.154776630365679457e+00,2.092526704072952271e-01
1.154893605484878627e+00,2.071223407983779907e-01
1.155010470830108549e+00,2.092965990304946899e-01
1.155127226607208346e+00,2.076802700757980347e-01
1.155243873021438494e+00,2.087302654981613159e-01
1.155360410277483707e+00,2.088179141283035278e-01
1.155476838579454268e+00,2.068523466587066650e-01
1.155593158130888476e+00,2.073249071836471558e-01
1.155709369134754860e+00,2.072036117315292358e-01
1.155825471793454406e+00,2.088307887315750122e-01
1.155941466308822330e+00,2.038219124078750610e-01
1.156057352882130740e+00,2.062176167964935303e-01
1.156173131714090196e+00,2.068513929843902588e-01
1.156288803004851040e+00,2.048927843570709229e-01
1.156404366954008056e+00,1.999052464962005615e-01
1.156519823760600030e+00,2.064522057771682739e-01
1.156635173623112411e+00,2.068544030189514160e-01
1.156750416739479537e+00,2.079103291034698486e-01
1.156865553307087735e+00,2.089907228946685791e-01
1.156980583522775552e+00,2.033151984214782715e-01
1.157095507582836413e+00,2.094818651676177979e-01
1.157210325683021068e+00,2.031059265136718750e-01
1.157325038018540031e+00,2.047267854213714600e-01
1.157439644784063582e+00,2.107574492692947388e-01
1.157554146173725762e+00,2.055996358394622803e-01
1.157668542381125709e+00,2.037304341793060303e-01
1.157782833599328987e+00,2.042160779237747192e-01
1.157897020020870693e+00,2.046419978141784668e-01
1.158011101837756129e+00,2.071910947561264038e-01
1.158125079241463906e+00,2.008229941129684448e-01
1.158238952422947277e+00,2.043978571891784668e-01
1.158352721572635913e+00,2.068513035774230957e-01
1.158466386880438570e+00,2.059889584779739380e-01
1.158579948535743975e+00,2.069737762212753296e-01
1.158693406727423270e+00,2.051898837089538574e-01
1.158806761643831784e+00,2.019492983818054199e-01
1.158920013472811039e+00,2.058351039886474609e-01
1.159033162401690964e+00,2.005503773689270020e-01
1.159146208617290785e+00,2.079489529132843018e-01
1.159259152305921470e+00,2.069544494152069092e-01
1.159371993653387944e+00,2.049649208784103394e-01
1.159484732844989763e+00,2.037327140569686890e-01
1.159597370065524435e+00,2.065039426088333130e-01
1.159709905499288096e+00,2.057758271694183350e-01
1.159822339330077945e+00,2.074023485183715820e-01
1.159934671741193135e+00,2.022700011730194092e-01
1.160046902915438327e+00,2.072606533765792847e-01
1.160159033035123466e+00,2.033981680870056152e-01
1.160271062282066890e+00,2.068763226270675659e-01
1.160382990837596662e+00,2.083510309457778931e-01
1.160494818882552348e+00,2.058256417512893677e-01
1.160606546597286348e+00,2.083138972520828247e-01
1.160718174161666560e+00,2.039734870195388794e-01
1.160829701755077936e+00,2.016229629516601562e-01
1.160941129556423146e+00,2.052191495895385742e-01
1.161052457744125466e+00,2.045228779315948486e-01
1.161163686496129666e+00,2.061720490455627441e-01
1.161274815989904896e+00,2.053302526473999023e-01
1.161385846402444910e+00,2.047237753868103027e-01
1.161496777910270950e+00,2.039607912302017212e-01
1.161607610689432413e+00,2.064672112464904785e-01
1.161718344915509959e+00,2.024068534374237061e-01
1.161828980763615293e+00,2.080806493759155273e-01
1.161939518408394267e+00,2.064772248268127441e-01
1.162049958024028218e+00,2.051330953836441040e-01
1.162160299784235296e+00,2.054321765899658203e-01
1.162270543862272021e+00,2.067265212535858154e-01
1.162380690430935948e+00,2.052001506090164185e-01
1.162490739662565886e+00,2.020150125026702881e-01
1.162600691729044122e+00,2.094149291515350342e-01
1.162710546801798417e+00,2.040395736694335938e-01
1.162820305051803338e+00,2.086353003978729248e-01
1.162929966649581370e+00,2.052480727434158325e-01
1.163039531765204915e+00,2.032007277011871338e-01
1.163149000568298064e+00,2.058693319559097290e-01
1.163258373228038600e+00,2.009174376726150513e-01
1.163367649913157331e+00,2.068927288055419922e-01
1.163476830791942973e+00,2.008540183305740356e-01
1.163585916032241485e+00,2.079770863056182861e-01
1.163694905801456958e+00,2.035316228866577148e-01
1.163803800266556054e+00,2.072862535715103149e-01
1.163912599594066899e+00,2.026409506797790527e-01
1.164021303950081521e+00,2.047519087791442871e-01
1.164129913500257629e+00,2.082197964191436768e-01
1.164238428409820170e+00,2.028089761734008789e-01
1.164346848843561544e+00,2.063001096248626709e-01
1.164455174965844941e+00,2.023000270128250122e-01
1.164563406940605006e+00,2.031073123216629028e-01
1.164671544931349167e+00,2.075616866350173950e-01
1.164779589101158974e+00,2.072061151266098022e-01
1.164887539612692091e+00,2.029393166303634644e-01
1.164995396628183855e+00,2.005449831485748291e-01
1.165103160309447716e+00,2.069297730922698975e-01
1.165210830817878351e+00,2.035294324159622192e-01
1.165318408314451215e+00,2.017035633325576782e-01
1.165425892959725651e+00,2.031784057617187500e-01
1.165533284913845335e+00,2.023931592702865601e-01
1.165640584336540053e+00,2.061678767204284668e-01
1.165747791387126808e+00,2.077256143093109131e-01
1.165854906224512044e+00,2.026886641979217529e-01
1.165961929007191866e+00,2.025265544652938843e-01
1.166068859893254928e+00,2.038041055202484131e-01
1.166175699040381764e+00,2.072178870439529419e-01
1.166282446605848566e+00,2.019277215003967285e-01
1.166389102746526962e+00,2.059002965688705444e-01
1.166495667618886012e+00,2.022160738706588745e-01
1.166602141378993318e+00,2.042104452848434448e-01
1.166708524182516138e+00,2.073509246110916138e-01
1.166814816184724046e+00,2.043846398591995239e-01
1.166921017540488492e+00,2.034074962139129639e-01
1.167027128404285685e+00,2.025239020586013794e-01
1.167133148930196596e+00,2.083153128623962402e-01
1.167239079271909619e+00,2.028055489063262939e-01
1.167344919582721019e+00,2.044064998626708984e-01
1.167450670015536485e+00,2.055456191301345825e-01
1.167556330722872904e+00,2.018227279186248779e-01
1.167661901856858808e+00,2.027130424976348877e-01
1.167767383569235928e+00,2.037186026573181152e-01
1.167872776011361635e+00,2.040801644325256348e-01
1.167978079334208719e+00,2.059081345796585083e-01
1.168083293688367386e+00,1.995686143636703491e-01
1.168188419224046148e+00,1.996038854122161865e-01
1.168293456091074267e+00,2.034587562084197998e-01
1.168398404438901528e+00,2.014759629964828491e-01
1.168503264416600240e+00,1.997212022542953491e-01
1.168608036172867015e+00,1.999052911996841431e-01
1.168712719856022320e+00,2.027515023946762085e-01
1.168817315614014474e+00,2.017947733402252197e-01
1.168921823594417875e+00,2.063097506761550903e-01
1.169026243944436549e+00,2.027170509099960327e-01
1.169130576810904154e+00,2.046955376863479614e-01
1.169234822340285751e+00,2.065966129302978516e-01
1.169338980678679141e+00,1.992336809635162354e-01
1.169443051971815306e+00,2.038794457912445068e-01
1.169547036365060633e+00,2.030202448368072510e-01
1.169650934003416909e+00,2.036067992448806763e-01
1.169754745031524656e+00,2.055288553237915039e-01
1.169858469593661576e+00,2.005607634782791138e-01
1.169962107833746101e+00,2.024393081665039062e-01
1.170065659895337173e+00,2.063542306423187256e-01
1.170169125921636244e+00,2.006348967552185059e-01
1.170272506055487494e+00,2.051903456449508667e-01
1.170375800439380276e+00,2.002394199371337891e-01
1.170479009215449562e+00,2.009762525558471680e-01
1.170582132525477270e+00,2.058705240488052368e-01
1.170685170510893158e+00,2.012298107147216797e-01
1.170788123312776152e+00,2.037965804338455200e-01
1.170890991071855680e+00,2.014838457107543945e-01
1.170993773928513226e+00,2.034141272306442261e-01
1.171096472022781887e+00,2.048411667346954346e-01
1.171199085494349479e+00,2.008765786886215210e-01
1.171301614482558540e+00,2.007934302091598511e-01
1.171404059126407882e+00,2.026648670434951782e-01
1.171506419564553259e+00,2.032535523176193237e-01
1.171608695935308919e+00,2.002848237752914429e-01
1.171710888376648496e+00,2.021738141775131226e-01
1.171812997026206560e+00,1.989590674638748169e-01
1.171915022021279063e+00,2.010758072137832642e-01
1.172016963498824893e+00,2.062656283378601074e-01
1.172118821595467208e+00,2.015664130449295044e-01
1.172220596447493213e+00,2.006446719169616699e-01
1.172322288190857487e+00,2.031986713409423828e-01
1.172423896961181322e+00,2.002166807651519775e-01
1.172525422893753611e+00,2.019737213850021362e-01
1.172626866123533729e+00,2.033548951148986816e-01
1.172728226785151096e+00,2.058835923671722412e-01
1.172829505012906282e+00,1.988662183284759521e-01
1.172930700940772786e+00,2.045827060937881470e-01
1.173031814702398146e+00,2.062401175498962402e-01
1.173132846431103715e+00,1.984886825084686279e-01
1.173233796259887329e+00,2.018496245145797729e-01
1.173334664321423304e+00,2.010339498519897461e-01
1.173435450748064213e+00,2.031795382499694824e-01
1.173536155671841330e+00,2.016190886497497559e-01
1.173636779224465521e+00,2.025088220834732056e-01
1.173737321537329015e+00,1.986483037471771240e-01
1.173837782741506075e+00,2.014940679073333740e-01
1.173938162967754106e+00,2.007858008146286011e-01
1.174038462346513878e+00,2.001350671052932739e-01
1.174138681007912410e+00,2.050527334213256836e-01
1.174238819081761642e+00,2.005771100521087646e-01
1.174338876697561540e+00,2.020630836486816406e-01
1.174438853984499209e+00,2.039217948913574219e-01
1.174538751071451781e+00,2.034034878015518188e-01
1.174638568086985968e+00,2.027516067028045654e-01
1.174738305159359619e+00,2.061474621295928955e-01
1.174837962416523274e+00,2.021013796329498291e-01
1.174937539986119273e+00,2.037486284971237183e-01
1.175037037995485312e+00,2.001586407423019409e-01
1.175136456571653332e+00,2.004610896110534668e-01
1.175235795841351738e+00,2.041205912828445435e-01
1.175335055931005179e+00,1.996612399816513062e-01
1.175434236966737211e+00,2.024137377738952637e-01
1.175533339074369410e+00,2.037811130285263062e-01
1.175632362379423812e+00,2.036198228597640991e-01
1.175731307007123139e+00,1.997597217559814453e-01
1.175830173082391683e+00,2.050953060388565063e-01
1.175928960729856199e+00,2.008287012577056885e-01
1.176027670073847675e+00,2.039458155632019043e-01
1.176126301238401561e+00,2.053140997886657715e-01
1.176224854347258653e+00,2.035549432039260864e-01
1.176323329523865757e+00,1.973268687725067139e-01
1.176421726891377917e+00,1.979750245809555054e-01
1.176520046572658185e+00,2.008876949548721313e-01
1.176618288690278735e+00,1.970535963773727417e-01
1.176716453366521309e+00,1.944002956151962280e-01
1.176814540723380098e+00,1.996093094348907471e-01
1.176912550882559971e+00,2.027983069419860840e-01
1.177010483965479137e+00,2.040152549743652344e-01
1.177108340093269812e+00,1.942895203828811646e-01
1.177206119386778216e+00,2.040476500988006592e-01
1.177303821966567021e+00,1.978472918272018433e-01
1.177401447952914681e+00,2.005644738674163818e-01
1.177498997465817210e+00,2.029561400413513184e-01
1.177596470624988845e+00,2.017726302146911621e-01
1.177693867549862938e+00,2.023891806602478027e-01
1.177791188359593066e+00,1.999006420373916626e-01
1.177888433173053029e+00,2.017385661602020264e-01
1.177985602108838847e+00,1.993115842342376709e-01
1.178082695285269432e+00,2.011139243841171265e-01
1.178179712820386804e+00,2.021042853593826294e-01
1.178276654831956760e+00,1.995479315519332886e-01
1.178373521437471094e+00,2.002680450677871704e-01
1.178470312754147598e+00,2.011111825704574585e-01
1.178567028898930946e+00,1.984139829874038696e-01
1.178663669988492702e+00,2.012627273797988892e-01
1.178760236139233974e+00,1.982001364231109619e-01
1.178856727467285204e+00,2.036029100418090820e-01
1.178953144088506377e+00,1.971796005964279175e-01
1.179049486118489920e+00,2.042893916368484497e-01
1.179145753672558250e+00,2.040765732526779175e-01
1.179241946865768442e+00,1.967420727014541626e-01
1.179338065812910230e+00,1.954261958599090576e-01
1.179434110628507559e+00,2.008635103702545166e-01
1.179530081426820143e+00,2.025315761566162109e-01
1.179625978321843682e+00,2.004719674587249756e-01
1.179721801427310313e+00,2.015591412782669067e-01
1.179817550856690156e+00,1.984464079141616821e-01
1.179913226723191988e+00,2.004975825548171997e-01
1.180008829139763016e+00,1.982966959476470947e-01
1.180104358219091321e+00,2.003545463085174561e-01
1.180199814073606079e+00,2.028760612010955811e-01
1.180295196815477121e+00,1.989423930644989014e-01
1.180390506556617369e+00,2.018024027347564697e-01
1.180485743408683064e+00,2.021170705556869507e-01
1.180580907483074204e+00,1.998988837003707886e-01
1.180675998890935885e+00,1.975243091583251953e-01
1.180771017743158291e+00,1.965596228837966919e-01
1.180865964150378700e+00,1.977000832557678223e-01
1.180960838222980813e+00,1.990248560905456543e-01
1.181055640071096535e+00,2.033848017454147339e-01
1.181150369804606415e+00,2.006684988737106323e-01
1.181245027533140535e+00,1.988942176103591919e-01
1.181339613366079178e+00,1.986205428838729858e-01
1.181434127412553492e+00,2.001821696758270264e-01
1.181528569781445936e+00,2.023192495107650757e-01
1.181622940581392500e+00,2.002227753400802612e-01
1.181717239920781370e+00,2.087963372468948364e-01
1.181811467907755153e+00,1.978553533554077148e-01
1.181905624650210873e+00,2.002423703670501709e-01
1.181999710255801306e+00,1.999535411596298218e-01
1.182093724831935644e+00,1.984330862760543823e-01
1.182187668485778831e+00,2.057451605796813965e-01
1.182281541324255114e+00,1.935632377862930298e-01
1.182375343454046046e+00,1.982966065406799316e-01
1.182469074981592261e+00,2.048918157815933228e-01
1.182562736013094806e+00,2.035698443651199341e-01
1.182656326654514922e+00,1.970384567975997925e-01
1.182749847011575151e+00,2.057052552700042725e-01
1.182843297189760001e+00,1.980874240398406982e-01
1.182936677294316841e+00,2.032633125782012939e-01
1.183029987430256336e+00,2.007655203342437744e-01
1.183123227702353342e+00,1.977953761816024780e-01
1.183216398215147347e+00,1.958148330450057983e-01
1.183309499072943805e+00,1.944914460182189941e-01
1.183402530379814355e+00,2.039029449224472046e-01
1.183495492239596825e+00,2.042372077703475952e-01
1.183588384755897449e+00,1.923128664493560791e-01
1.183681208032090648e+00,1.957827061414718628e-01
1.183773962171319472e+00,2.002613693475723267e-01
1.183866647276497153e+00,2.007868438959121704e-01
1.183959263450307109e+00,2.028963863849639893e-01
1.184051810795204052e+00,2.037869244813919067e-01
1.184144289413413764e+00,1.987320929765701294e-01
1.184236699406935100e+00,2.003641873598098755e-01
1.184329040877539985e+00,1.962969303131103516e-01
1.184421313926773855e+00,2.030210047960281372e-01
1.184513518655956554e+00,2.007854580879211426e-01
1.184605655166183213e+00,1.994597613811492920e-01
1.184697723558324922e+00,1.984115391969680786e-01
1.184789723933028727e+00,1.982216089963912964e-01
1.184881656390719185e+00,1.943144500255584717e-01
1.184973521031598365e+00,1.977986842393875122e-01
1.185065317955646735e+00,2.012701779603958130e-01
1.185157047262624497e+00,2.013720571994781494e-01
1.185248709052070248e+00,1.966495364904403687e-01
1.185340303423304098e+00,2.017295956611633301e-01
1.185431830475426773e+00,2.003955543041229248e-01
1.185523290307320510e+00,2.035673111677169800e-01
1.185614683017650384e+00,1.975079029798507690e-01
1.185706008704863423e+00,1.963946074247360229e-01
1.185797267467190830e+00,1.991163194179534912e-01
1.185888459402648420e+00,2.002215534448623657e-01
1.185979584609036408e+00,2.005895823240280151e-01
1.186070643183939843e+00,1.980320513248443604e-01
1.186161635224731059e+00,1.953622549772262573e-01
1.186252560828568337e+00,2.007910013198852539e-01
1.186343420092397460e+00,2.019363790750503540e-01
1.186434213112952385e+00,1.997215896844863892e-01
1.186524939986755234e+00,2.053670734167098999e-01
1.186615600810117632e+00,1.987560987472534180e-01
1.186706195679140929e+00,1.951704025268554688e-01
1.186796724689716864e+00,1.976720839738845825e-01
1.186887187937528232e+00,1.993144452571868896e-01
1.186977585518049327e+00,1.956947147846221924e-01
1.187067917526546834e+00,2.000614106655120850e-01
1.187158184058080712e+00,1.985031813383102417e-01
1.187248385207503087e+00,1.964896768331527710e-01
1.187338521069461583e+00,1.977814584970474243e-01
1.187428591738397321e+00,2.001264244318008423e-01
1.187518597308547585e+00,1.960453242063522339e-01
1.187608537873944492e+00,1.980072408914566040e-01
1.187698413528417429e+00,1.956061571836471558e-01
1.187788224365592393e+00,1.929805427789688110e-01
1.187877970478893097e+00,2.038849592208862305e-01
1.187967651961541193e+00,2.005714625120162964e-01
1.188057268906556940e+00,1.952459812164306641e-01
1.188146821406760756e+00,1.961085200309753418e-01
1.188236309554771886e+00,1.948760300874710083e-01
1.188325733443011067e+00,1.969858109951019287e-01
1.188415093163699199e+00,1.988677680492401123e-01
1.188504388808859336e+00,1.996149122714996338e-01
1.188593620470316248e+00,2.002023607492446899e-01
1.188682788239697974e+00,1.999793648719787598e-01
1.188771892208436043e+00,1.962076425552368164e-01
1.188860932467764808e+00,1.986861377954483032e-01
1.188949909108724112e+00,1.985771656036376953e-01
1.189038822222158398e+00,1.966264694929122925e-01
1.189127671898717598e+00,1.998220980167388916e-01
1.189216458228858020e+00,1.979345679283142090e-01
1.189305181302842351e+00,1.990152150392532349e-01
1.189393841210740321e+00,1.978820860385894775e-01
1.189482438042430257e+00,1.951332241296768188e-01
1.189570971887597528e+00,2.008367180824279785e-01
1.189659442835737879e+00,1.930285245180130005e-01
1.189747850976155208e+00,1.994524002075195312e-01
1.189836196397963564e+00,1.994167417287826538e-01
1.189924479190088036e+00,1.971313506364822388e-01
1.190012699441264310e+00,1.945063620805740356e-01
1.190100857240039778e+00,2.043487280607223511e-01
1.190188952674773315e+00,1.991517096757888794e-01
1.190276985833637502e+00,1.989812999963760376e-01
1.190364956804617513e+00,1.986079216003417969e-01
1.190452865675511562e+00,1.954521685838699341e-01
1.190540712533933121e+00,1.941569149494171143e-01
1.190628497467309810e+00,2.019533812999725342e-01
1.190716220562884287e+00,1.959613263607025146e-01
1.190803881907715800e+00,1.996117681264877319e-01
1.190891481588679079e+00,1.982493698596954346e-01
1.190979019692466112e+00,1.950614750385284424e-01
1.191066496305585476e+00,1.971033066511154175e-01
1.191153911514364783e+00,1.955671906471252441e-01
1.191241265404948679e+00,1.969808638095855713e-01
1.191328558063301957e+00,1.935174167156219482e-01
1.191415789575207773e+00,1.972243040800094604e-01
1.191502960026268987e+00,1.963880062103271484e-01
1.191590069501910154e+00,2.020171880722045898e-01
1.191677118087375309e+00,2.005695998668670654e-01
1.191764105867730184e+00,1.995542347431182861e-01
1.191851032927863097e+00,1.966750770807266235e-01
1.191937899352483843e+00,1.940227299928665161e-01
1.192024705226125469e+00,1.965541541576385498e-01
1.192111450633144276e+00,1.959033608436584473e-01
1.192198135657720925e+00,1.906983256340026855e-01
1.192284760383859110e+00,1.953593939542770386e-01
1.192371324895388884e+00,2.036188095808029175e-01
1.192457829275964665e+00,1.973062157630920410e-01
1.192544273609067007e+00,1.964326798915863037e-01
1.192630657978002162e+00,1.959850192070007324e-01
1.192716982465904074e+00,1.972882896661758423e-01
1.192803247155733271e+00,1.976305097341537476e-01
1.192889452130278194e+00,1.926651746034622192e-01
1.192975597472155647e+00,1.977899521589279175e-01
1.193061683263810568e+00,1.884367763996124268e-01
1.193147709587517813e+00,1.986689269542694092e-01
1.193233676525381259e+00,1.942970305681228638e-01
1.193319584159334923e+00,1.940674185752868652e-01
1.193405432571143399e+00,1.970508843660354614e-01
1.193491221842402528e+00,1.947198212146759033e-01
1.193576952054539175e+00,1.939206123352050781e-01
1.193662623288813229e+00,1.914747804403305054e-01
1.193748235626315601e+00,1.916347593069076538e-01
1.193833789147970892e+00,1.944061517715454102e-01
1.193919283934536724e+00,1.942395120859146118e-01
1.194004720066604630e+00,1.926004737615585327e-01
1.194090097624600499e+00,1.935027092695236206e-01
1.194175416688784352e+00,1.988574713468551636e-01
1.194260677339252563e+00,1.989340186119079590e-01
1.194345879655935860e+00,1.979901641607284546e-01
1.194431023718601548e+00,1.948395520448684692e-01
1.194516109606853282e+00,1.959419399499893188e-01
1.194601137400131741e+00,1.988936215639114380e-01
1.194686107177715506e+00,1.962234228849411011e-01
1.194771019018719960e+00,1.984294950962066650e-01
1.194855873002099500e+00,2.004103660583496094e-01
1.194940669206646877e+00,1.959740221500396729e-01
1.195025407710994303e+00,1.899028569459915161e-01
1.195110088593613451e+00,1.956773400306701660e-01
1.195194711932815901e+00,2.002392262220382690e-01
1.195279277806754026e+00,1.954815983772277832e-01
1.195363786293420549e+00,1.984474807977676392e-01
1.195448237470650099e+00,1.959373950958251953e-01
1.195532631416118763e+00,1.953634768724441528e-01
1.195616968207344533e+00,1.902254074811935425e-01
1.195701247921688859e+00,1.979146003723144531e-01
1.195785470636355319e+00,1.961221247911453247e-01
1.195869636428391170e+00,1.898063868284225464e-01
1.195953745374688237e+00,2.004770636558532715e-01
1.196037797551982029e+00,1.978064328432083130e-01
1.196121793036852621e+00,1.976218819618225098e-01
1.196205731905725766e+00,1.965745687484741211e-01
1.196289614234872234e+00,1.908525228500366211e-01
1.196373440100409358e+00,1.981443166732788086e-01
1.196457209578300374e+00,1.960336416959762573e-01
1.196540922744355973e+00,1.923355460166931152e-01
1.196624579674232747e+00,1.978975236415863037e-01
1.196708180443436742e+00,1.948856264352798462e-01
1.196791725127320127e+00,1.961441338062286377e-01
1.196875213801085192e+00,1.947402209043502808e-01
1.196958646539781901e+00,1.896242946386337280e-01
1.197042023418310341e+00,1.960811018943786621e-01
1.197125344511419609e+00,1.930534839630126953e-01
1.197208609893709363e+00,2.003501653671264648e-01
1.197291819639628940e+00,1.933758407831192017e-01
1.197374973823479349e+00,1.965625733137130737e-01
1.197458072519412609e+00,2.002655416727066040e-01
1.197541115801432188e+00,1.955820024013519287e-01
1.197624103743393897e+00,1.943697035312652588e-01
1.197707036419006110e+00,1.932754367589950562e-01
1.197789913901829539e+00,1.947364956140518188e-01
1.197872736265278126e+00,1.960896253585815430e-01
1.197955503582619929e+00,1.973379999399185181e-01
1.198038215926977346e+00,1.916932463645935059e-01
1.198120873371325557e+00,1.935227513313293457e-01
1.198203475988496081e+00,1.899164170026779175e-01
1.198286023851175441e+00,1.917796432971954346e-01
1.198368517031904945e+00,1.948568373918533325e-01
1.198450955603082457e+00,1.971789151430130005e-01
1.198533339636961514e+00,1.951602101325988770e-01
1.198615669205653322e+00,1.945591866970062256e-01
1.198697944381125646e+00,1.929179877042770386e-01
1.198780165235203032e+00,1.948612481355667114e-01
1.198862331839569251e+00,1.930096745491027832e-01
1.198944444265765297e+00,1.924892812967300415e-01
1.199026502585190945e+00,1.917122006416320801e-01
1.199108506869104751e+00,1.953937113285064697e-01
1.199190457188625158e+00,1.932290494441986084e-01
1.199272353614729836e+00,1.903388798236846924e-01
1.199354196218256341e+00,1.947617381811141968e-01
1.199435985069903676e+00,1.940184086561203003e-01
1.199517720240229846e+00,1.982586979866027832e-01
1.199599401799655629e+00,1.934631317853927612e-01
1.199681029818463029e+00,1.943424642086029053e-01
1.199762604366795271e+00,1.963824480772018433e-01
1.199844125514658133e+00,1.921869516372680664e-01
1.199925593331920171e+00,1.962721049785614014e-01
1.200007007888313382e+00,1.965317428112030029e-01
1.200088369253431875e+00,1.899364143610000610e-01
1.200169677496734311e+00,1.928255259990692139e-01
1.200250932687543015e+00,1.962917447090148926e-01
1.200332134895045311e+00,1.929726004600524902e-01
1.200413284188292407e+00,1.952150315046310425e-01
1.200494380636201175e+00,1.920687258243560791e-01
1.200575424307553929e+00,1.929329931735992432e-01
1.200656415270998423e+00,1.940434277057647705e-01
1.200737353595048740e+00,1.914030015468597412e-01
1.200818239348085514e+00,1.929227560758590698e-01
1.200899072598356598e+00,1.951851546764373779e-01
1.200979853413976395e+00,1.936583518981933594e-01
1.201060581862926746e+00,1.919258981943130493e-01
1.201141258013058266e+00,1.904174834489822388e-01
1.201221881932089008e+00,1.934445202350616455e-01
1.201302453687605798e+00,1.987278312444686890e-01
1.201382973347064009e+00,1.914794594049453735e-01
1.201463440977789343e+00,1.912641525268554688e-01
1.201543856646975827e+00,1.913378834724426270e-01
1.201624220421688038e+00,1.953139603137969971e-01
1.201704532368860878e+00,1.935390830039978027e-01
1.201784792555299353e+00,1.944693326950073242e-01
1.201865001047679682e+00,1.900420337915420532e-01
1.201945157912549522e+00,1.962081938982009888e-01
1.202025263216327966e+00,1.980609446763992310e-01
1.202105317025305986e+00,1.932037919759750366e-01
1.202185319405646213e+00,1.910171359777450562e-01
1.202265270423385157e+00,1.920036077499389648e-01
1.202345170144430986e+00,1.980163902044296265e-01
1.202425018634565523e+00,1.914235949516296387e-01
1.202504815959444251e+00,1.968429237604141235e-01
1.202584562184596972e+00,1.927094459533691406e-01
1.202664257375426482e+00,1.956253349781036377e-01
1.202743901597210785e+00,1.932875216007232666e-01
1.202823494915103320e+00,1.946408599615097046e-01
1.202903037394131402e+00,1.963246315717697144e-01
1.202982529099198894e+00,1.937562078237533569e-01
1.203061970095084865e+00,1.938128471374511719e-01
1.203141360446444708e+00,1.916767358779907227e-01
1.203220700217810135e+00,1.952697932720184326e-01
1.203299989473589626e+00,1.950295716524124146e-01
1.203379228278068869e+00,1.925634145736694336e-01
1.203458416695410538e+00,1.950851380825042725e-01
1.203537554789655850e+00,1.945903450250625610e-01
1.203616642624722566e+00,1.963145434856414795e-01
1.203695680264408319e+00,1.992647349834442139e-01
1.203774667772387952e+00,1.933686137199401855e-01
1.203853605212216182e+00,1.950094103813171387e-01
1.203932492647326713e+00,1.904013454914093018e-01
1.204011330141032454e+00,1.969452202320098877e-01
1.204090117756526634e+00,1.953963786363601685e-01
1.204168855556882356e+00,1.965162456035614014e-01
1.204247543605052817e+00,1.888081133365631104e-01
1.204326181963872644e+00,1.956403255462646484e-01
1.204404770696057225e+00,1.892426759004592896e-01
1.204483309864202711e+00,1.963440626859664917e-01
1.204561799530788013e+00,1.931667774915695190e-01
1.204640239758173248e+00,1.915100812911987305e-01
1.204718630608600849e+00,1.956782191991806030e-01
1.204796972144195788e+00,1.933467835187911987e-01
1.204875264426965575e+00,1.900777816772460938e-01
1.204953507518801814e+00,1.924283057451248169e-01
1.205031701481478645e+00,1.931350380182266235e-01
1.205109846376653859e+00,1.888021528720855713e-01
1.205187942265870227e+00,1.930336207151412964e-01
1.205265989210553279e+00,1.903320252895355225e-01
1.205343987272014417e+00,1.909743547439575195e-01
1.205421936511449577e+00,1.908864676952362061e-01
1.205499836989939677e+00,1.948895454406738281e-01
1.205577688768450839e+00,1.903705298900604248e-01
1.205655491907835719e+00,1.891195476055145264e-01
1.205733246468832176e+00,1.863873898983001709e-01
1.205810952512064604e+00,1.881732195615768433e-01
1.205888610098044378e+00,1.887926608324050903e-01
1.205966219287169183e+00,1.933756619691848755e-01
1.206043780139724353e+00,1.900058537721633911e-01
1.206121292715881976e+00,1.926455050706863403e-01
1.206198757075702677e+00,1.886419355869293213e-01
1.206276173279134500e+00,1.977975517511367798e-01
1.206353541386013806e+00,1.951280534267425537e-01
1.206430861456065706e+00,1.904949992895126343e-01
1.206508133548904294e+00,1.911088526248931885e-01
1.206585357724032193e+00,1.919400990009307861e-01
1.206662534040841894e+00,1.905808895826339722e-01
1.206739662558615089e+00,1.950949430465698242e-01
1.206816743336523778e+00,1.974665969610214233e-01
1.206893776433630272e+00,1.884738802909851074e-01
1.206970761908886747e+00,1.945441365242004395e-01
1.207047699821136799e+00,1.932862699031829834e-01
1.207124590229114558e+00,1.927144825458526611e-01
1.207201433191445350e+00,1.902469843626022339e-01
1.207278228766646588e+00,1.881701797246932983e-01
1.207354977013126884e+00,1.908011585474014282e-01
1.207431677989187824e+00,1.942138671875000000e-01
1.207508331753021746e+00,1.956072002649307251e-01
1.207584938362715299e+00,1.910730600357055664e-01
1.207661497876246992e+00,1.909502446651458740e-01
1.207738010351488978e+00,1.870904862880706787e-01
1.207814475846205937e+00,1.897231787443161011e-01
1.207890894418057748e+00,1.915913373231887817e-01
1.207967266124596595e+00,1.902832686901092529e-01
1.208043591023269858e+00,1.901802569627761841e-01
1.208119869171419003e+00,1.897362917661666870e-01
1.208196100626280245e+00,1.913173943758010864e-01
1.208272285444984551e+00,1.944061070680618286e-01
1.208348423684558526e+00,1.926296353340148926e-01
1.208424515401923971e+00,1.878920793533325195e-01
1.208500560653898548e+00,1.906094551086425781e-01
1.208576559497195335e+00,1.922933608293533325e-01
1.208652511988424383e+00,1.920166760683059692e-01
1.208728418184092268e+00,1.962258219718933105e-01
1.208804278140601429e+00,1.906941086053848267e-01
1.208880091914252164e+00,1.874359846115112305e-01
1.208955859561241519e+00,1.931371837854385376e-01
1.209031581137663958e+00,1.960692405700683594e-01
1.209107256699512467e+00,1.932379156351089478e-01
1.209182886302677229e+00,1.907790452241897583e-01
1.209258470002946950e+00,1.880492269992828369e-01
1.209334007856008419e+00,1.919037550687789917e-01
1.209409499917447617e+00,1.938363313674926758e-01
1.209484946242749936e+00,1.922093480825424194e-01
1.209560346887298632e+00,1.932588070631027222e-01
1.209635701906377703e+00,1.973263919353485107e-01
1.209711011355170118e+00,1.934694796800613403e-01
1.209786275288759150e+00,1.943650990724563599e-01
1.209861493762128148e+00,1.948616504669189453e-01
1.209936666830160545e+00,1.906017363071441650e-01
1.210011794547641406e+00,1.988533139228820801e-01
1.210086876969255432e+00,1.930041909217834473e-01
1.210161914149589624e+00,1.936169564723968506e-01
1.210236906143131730e+00,1.936287879943847656e-01
1.210311853004271354e+00,1.918412148952484131e-01
1.210386754787299068e+00,1.858508586883544922e-01
1.210461611546409522e+00,1.953617632389068604e-01
1.210536423335697664e+00,1.892300099134445190e-01
1.210611190209162080e+00,1.921694129705429077e-01
1.210685912220704097e+00,1.926210522651672363e-01
1.210760589424127565e+00,1.880135387182235718e-01
1.210835221873140410e+00,1.879221647977828979e-01
1.210909809621353084e+00,1.939417123794555664e-01
1.210984352722280333e+00,1.886078268289566040e-01
1.211058851229340982e+00,1.872107982635498047e-01
1.211133305195857712e+00,1.904714256525039673e-01
1.211207714675058167e+00,1.893538981676101685e-01
1.211282079720073623e+00,1.924242079257965088e-01
1.211356400383940990e+00,1.913706809282302856e-01
1.211430676719602362e+00,1.895880401134490967e-01
1.211504908779904799e+00,1.870475709438323975e-01
1.211579096617600770e+00,1.901793479919433594e-01
1.211653240285349264e+00,1.898598670959472656e-01
1.211727339835714234e+00,1.878370493650436401e-01
1.211801395321167041e+00,1.905797123908996582e-01
1.211875406794084453e+00,1.838215142488479614e-01
1.211949374306750205e+00,1.924042552709579468e-01
1.212023297911355213e+00,1.890825182199478149e-01
1.212097177659997360e+00,1.908716857433319092e-01
1.212171013604681935e+00,1.872210502624511719e-01
1.212244805797321412e+00,1.907203197479248047e-01
1.212318554289736339e+00,1.883115023374557495e-01
1.212392259133655559e+00,1.896198987960815430e-01
1.212465920380715101e+00,1.893394291400909424e-01
1.212539538082460622e+00,1.917707622051239014e-01
1.212613112290345851e+00,1.933866888284683228e-01
1.212686643055733260e+00,1.901683360338211060e-01
1.212760130429894279e+00,1.904071867465972900e-01
1.212833574464010633e+00,1.922915279865264893e-01
1.212906975209171900e+00,1.868542134761810303e-01
1.212980332716378840e+00,1.913063675165176392e-01
1.213053647036541394e+00,1.872143447399139404e-01
1.213126918220480244e+00,1.861777603626251221e-01
1.213200146318925032e+00,1.924990564584732056e-01
1.213273331382517917e+00,1.885252743959426880e-01
1.213346473461810238e+00,1.916117072105407715e-01
1.213419572607264962e+00,1.914199888706207275e-01
1.213492628869256240e+00,1.933830827474594116e-01
1.213565642298069847e+00,1.937183290719985962e-01
1.213638612943902295e+00,1.947475671768188477e-01
1.213711540856863058e+00,1.875063180923461914e-01
1.213784426086972790e+00,1.895306110382080078e-01
1.213857268684164659e+00,1.847574561834335327e-01
1.213930068698284348e+00,1.911191791296005249e-01
1.214002826179090055e+00,1.914738267660140991e-01
1.214075541176252493e+00,1.922506392002105713e-01
1.214148213739356441e+00,1.922847330570220947e-01
1.214220843917898529e+00,1.899717301130294800e-01
1.214293431761289899e+00,1.901654005050659180e-01
1.214365977318854872e+00,1.914478838443756104e-01
1.214438480639831619e+00,1.898393034934997559e-01
1.214510941773372821e+00,1.871109008789062500e-01
1.214583360768544562e+00,1.910109519958496094e-01
1.214655737674328551e+00,1.911225765943527222e-01
1.214728072539619674e+00,1.921361386775970459e-01
1.214800365413228889e+00,1.878191977739334106e-01
1.214872616343881884e+00,1.872685551643371582e-01
1.214944825380219084e+00,1.889596879482269287e-01
1.215016992570796983e+00,1.923152208328247070e-01
1.215089117964087251e+00,1.899003833532333374e-01
1.215161201608477626e+00,1.830090880393981934e-01
1.215233243552272135e+00,1.910066008567810059e-01
1.215305243843690208e+00,1.874861270189285278e-01
1.215377202530868672e+00,1.925294399261474609e-01
1.215449119661859978e+00,1.858625859022140503e-01
1.215520995284634420e+00,1.874082535505294800e-01
1.215592829447078360e+00,1.862382888793945312e-01
1.215664622196996003e+00,1.884463131427764893e-01
1.215736373582108287e+00,1.896153092384338379e-01
1.215808083650054217e+00,1.905062347650527954e-01
1.215879752448390638e+00,1.894570589065551758e-01
1.215951380024591577e+00,1.870991140604019165e-01
1.216022966426050012e+00,1.921332478523254395e-01
1.216094511700076763e+00,1.874960362911224365e-01
1.216166015893901609e+00,1.912935078144073486e-01
1.216237479054672610e+00,1.878440082073211670e-01
1.216308901229456563e+00,1.877686083316802979e-01
1.216380282465239882e+00,1.916667371988296509e-01
1.216451622808927935e+00,1.878931373357772827e-01
1.216522922307345489e+00,1.906387060880661011e-01
1.216594181007236708e+00,1.871871799230575562e-01
1.216665398955266042e+00,1.863183081150054932e-01
1.216736576198017561e+00,1.964045614004135132e-01
1.216807712781995843e+00,1.864550411701202393e-01
1.216878808753625529e+00,1.886151582002639771e-01
1.216949864159251993e+00,1.916756480932235718e-01
1.217020879045140891e+00,1.898948401212692261e-01
1.217091853457479500e+00,1.868527233600616455e-01
1.217162787442375382e+00,1.897441595792770386e-01
1.217233681045858162e+00,1.845046281814575195e-01
1.217304534313877973e+00,1.891473680734634399e-01
1.217375347292307453e+00,1.865380555391311646e-01
1.217446120026940415e+00,1.905543506145477295e-01
1.217516852563492957e+00,1.854858398437500000e-01
1.217587544947603462e+00,1.959307342767715454e-01
1.217658197224831929e+00,1.876779198646545410e-01
1.217728809440661752e+00,1.885602623224258423e-01
1.217799381640498391e+00,1.864747405052185059e-01
1.217869913869670029e+00,1.899474412202835083e-01
1.217940406173428913e+00,1.899499148130416870e-01
1.218010858596949131e+00,1.880940049886703491e-01
1.218081271185329273e+00,1.882370114326477051e-01
1.218151643983590438e+00,1.905475407838821411e-01
1.218221977036678227e+00,1.878023147583007812e-01
1.218292270389462084e+00,1.891279369592666626e-01
1.218362524086735288e+00,1.875757128000259399e-01
1.218432738173214958e+00,1.894047707319259644e-01
1.218502912693543383e+00,1.886285096406936646e-01
1.218573047692287359e+00,1.852426826953887939e-01
1.218643143213937519e+00,1.875383108854293823e-01
1.218713199302910111e+00,1.920234411954879761e-01
1.218783216003546777e+00,1.872857660055160522e-01
1.218853193360114107e+00,1.872350871562957764e-01
1.218923131416803418e+00,1.886626332998275757e-01
1.218993030217732976e+00,1.881700754165649414e-01
1.219062889806945327e+00,1.887230724096298218e-01
1.219132710228410188e+00,1.937814056873321533e-01
1.219202491526022447e+00,1.869518011808395386e-01
1.219272233743603939e+00,1.886927485466003418e-01
1.219341936924902559e+00,1.887695342302322388e-01
1.219411601113592702e+00,1.904180347919464111e-01
1.219481226353275716e+00,1.910275220870971680e-01
1.219550812687479668e+00,1.884655803442001343e-01
1.219620360159660022e+00,1.888779997825622559e-01
1.219689868813198963e+00,1.903484314680099487e-01
1.219759338691406736e+00,1.917098611593246460e-01
1.219828769837520310e+00,1.885600835084915161e-01
1.219898162294705157e+00,1.887983828783035278e-01
1.219967516106054362e+00,1.860747486352920532e-01
1.220036831314588843e+00,1.887001842260360718e-01
1.220106107963258246e+00,1.880274266004562378e-01
1.220175346094939606e+00,1.848767399787902832e-01
1.220244545752439347e+00,1.861260086297988892e-01
1.220313706978492618e+00,1.851872205734252930e-01
1.220382829815762848e+00,1.844313740730285645e-01
1.220451914306842855e+00,1.850473433732986450e-01
1.220520960494254403e+00,1.870312988758087158e-01
1.220589968420448423e+00,1.853958517313003540e-01
1.220658938127805682e+00,1.854052394628524780e-01
1.220727869658636555e+00,1.868684291839599609e-01
1.220796763055181033e+00,1.844527572393417358e-01
1.220865618359608940e+00,1.830357015132904053e-01
1.220934435614020597e+00,1.869755387306213379e-01
1.221003214860445940e+00,1.851202696561813354e-01
1.221071956140845627e+00,1.849436759948730469e-01
1.221140659497111036e+00,1.871036589145660400e-01
1.221209324971064714e+00,1.864392906427383423e-01
1.221277952604458372e+00,1.804023683071136475e-01
1.221346542438976446e+00,1.847793608903884888e-01
1.221415094516234090e+00,1.900109499692916870e-01
1.221483608877776961e+00,1.861238479614257812e-01
1.221552085565083212e+00,1.862014830112457275e-01
1.221620524619562165e+00,1.877109855413436890e-01
1.221688926082554971e+00,1.861773282289505005e-01
1.221757289995334617e+00,1.834746003150939941e-01
1.221825616399106584e+00,1.913217455148696899e-01
1.221893905335007524e+00,1.842329502105712891e-01
1.221962156844107250e+00,1.803466677665710449e-01
1.222030370967408519e+00,1.901171803474426270e-01
1.222098547745845698e+00,1.884125024080276489e-01
1.222166687220286541e+00,1.876096278429031372e-01
1.222234789431531743e+00,1.866343468427658081e-01
1.222302854420314944e+00,1.886803358793258667e-01
1.222370882227303168e+00,1.881014704704284668e-01
1.222438872893096828e+00,1.855462193489074707e-01
1.222506826458229279e+00,1.845453083515167236e-01
1.222574742963169037e+00,1.878062933683395386e-01
1.222642622448316452e+00,1.864363402128219604e-01
1.222710464954007703e+00,1.847082227468490601e-01
1.222778270520511912e+00,1.889598071575164795e-01
1.222846039188032696e+00,1.898659914731979370e-01
1.222913770996708616e+00,1.833246201276779175e-01
1.222981465986612060e+00,1.837430447340011597e-01
1.223049124197750359e+00,1.848004609346389771e-01
1.223116745670065786e+00,1.885308325290679932e-01
1.223184330443435330e+00,1.866079419851303101e-01
1.223251878557671590e+00,1.821915805339813232e-01
1.223319390052521882e+00,1.858359128236770630e-01
1.223386864967669130e+00,1.917555332183837891e-01
1.223454303342731642e+00,1.885183751583099365e-01
1.223521705217263777e+00,1.863413006067276001e-01
1.223589070630755504e+00,1.863854676485061646e-01
1.223656399622632174e+00,1.857933551073074341e-01
1.223723692232256299e+00,1.873337626457214355e-01
1.223790948498926001e+00,1.897647082805633545e-01
1.223858168461875451e+00,1.867774128913879395e-01
1.223925352160275981e+00,1.868909895420074463e-01
1.223992499633235642e+00,1.887238174676895142e-01
1.224059610919797869e+00,1.901930123567581177e-01
1.224126686058944813e+00,1.881645917892456055e-01
1.224193725089594897e+00,1.854232996702194214e-01
1.224260728050603486e+00,1.914062649011611938e-01
1.224327694980763326e+00,1.824477314949035645e-01
