# kappa, accuracy
0.000000000000000000e+00,5.000000000000000000e-01
2.986748188179278451e-01,5.000000000000000000e-01
3.792032939758664956e-01,5.000000000000000000e-01
4.277050302618226052e-01,5.000000000000000000e-01
4.625227341288597471e-01,5.000000000000000000e-01
4.897025411258743577e-01,5.000000000000000000e-01
5.119999363470781883e-01,5.000000000000000000e-01
5.309047512646092315e-01,5.000000000000000000e-01
5.473143193889662417e-01,5.000000000000000000e-01
5.618111888466047477e-01,5.000000000000000000e-01
5.747950622091843043e-01,5.000000000000000000e-01
5.865521201262916540e-01,5.000000000000000000e-01
5.972943170139184410e-01,5.000000000000000000e-01
6.071830200052618087e-01,5.000000000000000000e-01
6.163439275658367800e-01,5.000000000000000000e-01
6.248768642094428838e-01,5.000000000000000000e-01
6.328624280525243506e-01,5.000000000000000000e-01
6.403666317432672450e-01,5.000000000000000000e-01
6.474442224270248181e-01,5.000000000000000000e-01
6.541411077376144689e-01,5.000000000000000000e-01
6.604961619786767768e-01,5.000000000000000000e-01
6.665425933169917272e-01,5.000000000000000000e-01
6.723089941083069121e-01,5.000000000000000000e-01
6.778201585919380046e-01,5.000000000000000000e-01
6.830977271694520514e-01,5.000000000000000000e-01
6.881606996109239649e-01,5.000000000000000000e-01
6.930258479401523175e-01,5.000000000000000000e-01
6.977080516488656237e-01,5.000000000000000000e-01
7.022205721395550215e-01,5.000000000000000000e-01
7.065752791564205992e-01,5.000000000000000000e-01
7.107828389438366479e-01,5.000000000000000000e-01
7.148528716419690898e-01,5.000000000000000000e-01
7.187940837643903569e-01,5.000000000000000000e-01
7.226143803466202886e-01,5.000000000000000000e-01
7.263209603978586504e-01,5.000000000000000000e-01
7.299203985528647243e-01,5.000000000000000000e-01
7.334187152509806795e-01,5.000000000000000000e-01
7.368214373239898585e-01,5.000000000000000000e-01
7.401336505240091457e-01,5.000000000000000000e-01
7.433600452447925999e-01,5.000000000000000000e-01
7.465049564681669469e-01,5.000000000000000000e-01
7.495723987893542217e-01,5.000000000000000000e-01
7.525660972312195884e-01,5.000000000000000000e-01
7.554895144407567376e-01,5.000000000000000000e-01
7.583458747658354815e-01,5.000000000000000000e-01
7.611381856320388328e-01,5.000000000000000000e-01
7.638692565749487517e-01,5.000000000000000000e-01
7.665417162298413523e-01,5.000000000000000000e-01
7.691580275363307795e-01,5.000000000000000000e-01
7.717205013783999812e-01,5.000000000000000000e-01
7.742313088491303841e-01,5.000000000000000000e-01
7.766924923032523242e-01,5.000000000000000000e-01
7.791059753384985687e-01,5.000000000000000000e-01
7.814735718279786081e-01,5.000000000000000000e-01
7.837969941098272830e-01,5.000000000000000000e-01
7.860778604267503189e-01,5.000000000000000000e-01
7.883177016964347805e-01,5.000000000000000000e-01
7.905179676837658098e-01,5.000000000000000000e-01
7.926800326371782335e-01,5.000000000000000000e-01
7.948052004440144813e-01,5.000000000000000000e-01
7.968947093533239601e-01,5.000000000000000000e-01
7.989497363089363979e-01,5.000000000000000000e-01
8.009714009307754568e-01,5.000000000000000000e-01
8.029607691781336376e-01,5.000000000000000000e-01
8.049188567249173643e-01,5.000000000000000000e-01
8.068466320736161768e-01,5.000000000000000000e-01
8.087450194318986929e-01,5.000000000000000000e-01
8.106149013732220077e-01,5.000000000000000000e-01
8.124571213006284154e-01,5.000000000000000000e-01
8.142724857309440178e-01,5.000000000000000000e-01
8.160617664148666073e-01,5.000000000000000000e-01
8.178257023068883358e-01,5.000000000000000000e-01
8.195650013976411019e-01,5.000000000000000000e-01
8.212803424200337821e-01,5.000000000000000000e-01
8.229723764394732965e-01,5.000000000000000000e-01
8.246417283374920526e-01,5.000000000000000000e-01
8.262889981972424414e-01,5.000000000000000000e-01
8.279147625985472381e-01,5.000000000000000000e-01
8.295195758294982014e-01,5.000000000000000000e-01
8.311039710209745524e-01,5.000000000000000000e-01
8.326684612098920191e-01,5.000000000000000000e-01
8.342135403364879798e-01,5.000000000000000000e-01
8.357396841804943799e-01,5.000000000000000000e-01
8.372473512406356511e-01,5.000000000000000000e-01
8.387369835615238189e-01,5.000000000000000000e-01
8.402090075116758205e-01,5.000000000000000000e-01
8.416638345160858403e-01,5.000000000000000000e-01
8.431018617464962617e-01,5.000000000000000000e-01
8.445234727722680246e-01,5.000000000000000000e-01
8.459290381745170340e-01,5.000000000000000000e-01
8.473189161259779834e-01,5.000000000000000000e-01
8.486934529388642234e-01,5.000000000000000000e-01
8.500529835828215530e-01,5.000000000000000000e-01
8.513978321749118283e-01,5.000000000000000000e-01
8.527283124434219541e-01,5.000000000000000000e-01
8.540447281671567081e-01,5.000000000000000000e-01
8.553473735917542786e-01,5.000000000000000000e-01
8.566365338244531502e-01,5.000000000000000000e-01
8.579124852086330577e-01,5.000000000000000000e-01
8.591754956793630216e-01,5.000000000000000000e-01
8.604258251010985514e-01,5.000000000000000000e-01
8.616637255885953861e-01,5.000000000000000000e-01
8.628894418120275356e-01,5.000000000000000000e-01
8.641032112872367721e-01,5.000000000000000000e-01
8.653052646519726609e-01,5.000000000000000000e-01
8.664958259289277098e-01,5.000000000000000000e-01
8.676751127763165927e-01,5.000000000000000000e-01
8.688433367267035523e-01,5.000000000000000000e-01
8.700007034147291263e-01,5.000000000000000000e-01
8.711474127943534818e-01,5.000000000000000000e-01
8.722836593461877897e-01,5.962222218513488770e-01
8.734096322754522079e-01,5.000000000000000000e-01
8.745255157010644043e-01,5.000000000000000000e-01
8.756314888363323501e-01,5.000000000000000000e-01
8.767277261616910344e-01,6.035000085830688477e-01
8.778143975899060925e-01,5.621111392974853516e-01
8.788916686241281528e-01,5.743888616561889648e-01
8.799597005091719382e-01,5.000000000000000000e-01
8.810186503763615118e-01,6.090000271797180176e-01
8.820686713822698533e-01,5.887777805328369141e-01
8.831099128416571853e-01,5.645555257797241211e-01
8.841425203548988199e-01,5.000000000000000000e-01
8.851666359301714193e-01,5.000000000000000000e-01
8.861823981006579087e-01,5.000000000000000000e-01
8.871899420370094047e-01,6.123889088630676270e-01
8.881893996552948645e-01,5.000000000000000000e-01
8.891808997206528398e-01,5.000000000000000000e-01
8.901645679468500605e-01,5.432222485542297363e-01
8.911405270919378063e-01,5.362777709960937500e-01
8.921088970501893645e-01,5.922222137451171875e-01
8.930697949404912128e-01,5.765555500984191895e-01
8.940233351913485782e-01,5.000000000000000000e-01
8.949696296226622438e-01,5.945555567741394043e-01
8.959087875244217125e-01,6.129444241523742676e-01
8.968409157324523928e-01,5.921111106872558594e-01
8.977661187013494803e-01,5.444999933242797852e-01
8.986844985747229897e-01,5.000000000000000000e-01
8.995961552528699556e-01,6.056110858917236328e-01
9.005011864579893777e-01,5.618333220481872559e-01
9.013996877970428256e-01,6.118333339691162109e-01
9.022917528223651784e-01,5.876111388206481934e-01
9.031774730901179771e-01,6.041111350059509277e-01
9.040569382166806500e-01,5.458889007568359375e-01
9.049302359330627654e-01,6.091666817665100098e-01
9.057974521374232424e-01,6.057222485542297363e-01
9.066586709457716831e-01,6.075555682182312012e-01
9.075139747409299851e-01,5.709999799728393555e-01
9.083634442198237346e-01,5.319444537162780762e-01
9.092071584391712147e-01,5.876666903495788574e-01
9.100451948596348650e-01,5.829444527626037598e-01
9.108776293884979225e-01,6.032778024673461914e-01
9.117045364209230840e-01,5.676110982894897461e-01
9.125259888798513686e-01,5.015000104904174805e-01
9.133420582545930255e-01,6.125555634498596191e-01
9.141528146381620035e-01,5.819444656372070312e-01
9.149583267634040507e-01,6.111111044883728027e-01
9.157586620379623010e-01,5.948888659477233887e-01
9.165538865781275302e-01,5.849999785423278809e-01
9.173440652416143815e-01,6.041666865348815918e-01
9.181292616593037526e-01,5.000555515289306641e-01
9.189095382659911992e-01,6.087222099304199219e-01
9.196849563301776609e-01,6.072777509689331055e-01
9.204555759829391448e-01,6.083889007568359375e-01
9.212214562459071221e-01,6.114444732666015625e-01
9.219826550583959390e-01,6.076111197471618652e-01
9.227392293037041116e-01,6.071110963821411133e-01
9.234912348346225874e-01,6.051666736602783203e-01
9.242387264981773987e-01,6.075555682182312012e-01
9.249817581596337934e-01,5.916666388511657715e-01
9.257203827257887152e-01,6.097221970558166504e-01
9.264546521675763868e-01,6.063333153724670410e-01
9.271846175420118685e-01,6.062777638435363770e-01
9.279103290134942394e-01,6.088333129882812500e-01
9.286318358744938273e-01,6.107222437858581543e-01
9.293491865656426931e-01,6.058333516120910645e-01
9.300624286952503539e-01,6.107222437858581543e-01
9.307716090582631718e-01,6.083333492279052734e-01
9.314767736546878396e-01,6.099444627761840820e-01
9.321779677074950587e-01,6.088333129882812500e-01
9.328752356800231738e-01,6.101666688919067383e-01
9.335686212928964167e-01,6.078888773918151855e-01
9.342581675404749708e-01,6.063333153724670410e-01
9.349439167068525069e-01,6.103888750076293945e-01
9.356259103814151823e-01,6.103333234786987305e-01
9.363041894739766446e-01,6.090555787086486816e-01
9.369787942295044747e-01,6.055555343627929688e-01
9.376497642424480583e-01,6.036666631698608398e-01
9.383171384706837648e-01,6.039444208145141602e-01
9.389809552490879785e-01,6.010555624961853027e-01
9.396412523027509733e-01,6.057778000831604004e-01
9.402980667598407338e-01,6.075000166893005371e-01
9.409514351641310448e-01,6.061666607856750488e-01
9.416013934872021762e-01,6.031666398048400879e-01
9.422479771403234894e-01,5.931110978126525879e-01
9.428912209860315086e-01,5.979999899864196777e-01
9.435311593494082327e-01,6.029999852180480957e-01
9.441678260290730096e-01,6.037777662277221680e-01
9.448012543078931902e-01,6.036666631698608398e-01
9.454314769634251103e-01,5.964444279670715332e-01
9.460585262780915050e-01,6.015555262565612793e-01
9.466824340491042378e-01,6.028888821601867676e-01
9.473032315981394502e-01,6.051666736602783203e-01
9.479209497807726814e-01,6.017222404479980469e-01
9.485356189956817285e-01,5.997777581214904785e-01
9.491472691936233552e-01,6.020555496215820312e-01
9.497559298861893984e-01,6.014444231986999512e-01
9.503616301543521550e-01,6.005555391311645508e-01
9.509643986568008245e-01,6.028888821601867676e-01
9.515642636380782227e-01,6.021111011505126953e-01
9.521612529365226507e-01,6.019999980926513672e-01
9.527553939920199166e-01,6.011666655540466309e-01
9.533467138535709484e-01,5.993333458900451660e-01
9.539352391866812164e-01,5.995555520057678223e-01
9.545209962805762949e-01,5.997222065925598145e-01
9.551040110552483364e-01,5.991666913032531738e-01
9.556843090683382336e-01,6.019444465637207031e-01
9.562619155218583522e-01,6.019999980926513672e-01
9.568368552687601669e-01,5.991666913032531738e-01
9.574091528193507949e-01,6.010555624961853027e-01
9.579788323475630918e-01,6.022777557373046875e-01
9.585459176970825279e-01,6.027777791023254395e-01
9.591104323873349546e-01,6.029999852180480957e-01
9.596723996193410322e-01,6.029999852180480957e-01
9.602318422814362098e-01,6.031666398048400879e-01
9.607887829548655834e-01,6.021666526794433594e-01
9.613432439192529655e-01,6.003888845443725586e-01
9.618952471579478303e-01,5.998888611793518066e-01
9.624448143632564623e-01,6.003333330154418945e-01
9.629919669415567540e-01,6.017222404479980469e-01
9.635367260183005378e-01,6.032778024673461914e-01
9.640791124429088921e-01,6.032222509384155273e-01
9.646191467935594233e-01,6.039999723434448242e-01
9.651568493818714067e-01,6.028333306312561035e-01
9.656922402574897868e-01,6.037777662277221680e-01
9.662253392125709217e-01,6.036111116409301758e-01
9.667561657861728497e-01,6.035555601119995117e-01
9.672847392685527401e-01,6.021111011505126953e-01
9.678110787053725295e-01,6.023333072662353516e-01
9.683352029018177376e-01,6.026111245155334473e-01
9.688571304266276885e-01,6.031666398048400879e-01
9.693768796160441292e-01,6.044999957084655762e-01
9.698944685776758057e-01,6.046110987663269043e-01
9.704099151942837675e-01,6.038888692855834961e-01
9.709232371274891804e-01,6.028888821601867676e-01
9.714344518214041990e-01,6.040555834770202637e-01
9.719435765061890109e-01,6.041666865348815918e-01
9.724506282015364933e-01,6.040555834770202637e-01
9.729556237200861490e-01,6.028333306312561035e-01
9.734585796707689864e-01,6.038888692855834961e-01
9.739595124620854527e-01,6.041666865348815918e-01
9.744584383053169763e-01,6.046666502952575684e-01
9.749553732176747811e-01,6.045555472373962402e-01
9.754503330253844195e-01,6.047222018241882324e-01
9.759433333667106858e-01,6.054999828338623047e-01
9.764343896949222446e-01,6.055555343627929688e-01
9.769235172811975287e-01,6.064444184303283691e-01
9.774107312174753481e-01,6.071110963821411133e-01
9.778960464192480995e-01,6.062222123146057129e-01
9.783794776283021299e-01,6.051666736602783203e-01
9.788610394154046990e-01,6.058333516120910645e-01
9.793407461829385374e-01,6.067777872085571289e-01
9.798186121674870019e-01,6.076666712760925293e-01
9.802946514423690472e-01,6.074444651603698730e-01
9.807688779201259033e-01,6.065555810928344727e-01
9.812413053549614572e-01,6.060000061988830566e-01
9.817119473451352274e-01,6.059444546699523926e-01
9.821808173353110405e-01,6.063888669013977051e-01
9.826479286188619655e-01,6.071110963821411133e-01
9.831132943401311719e-01,6.075555682182312012e-01
9.835769274966519315e-01,6.081110835075378418e-01
9.840388409413254323e-01,6.081666946411132812e-01
9.844990473845586232e-01,6.082222461700439453e-01
9.849575593963634246e-01,6.085555553436279297e-01
9.854143894084159694e-01,6.068888902664184570e-01
9.858695497160797627e-01,6.069999933242797852e-01
9.863230524803910937e-01,6.075000166893005371e-01
9.867749097300083649e-01,6.073889136314392090e-01
9.872251333631270054e-01,6.091666817665100098e-01
9.876737351493589667e-01,6.094999909400939941e-01
9.881207267315788023e-01,6.095555424690246582e-01
9.885661196277371054e-01,6.082777976989746094e-01
9.890099252326411960e-01,6.079444289207458496e-01
9.894521548197042771e-01,6.081110835075378418e-01
9.898928195426638377e-01,6.083889007568359375e-01
9.903319304372691922e-01,6.088333129882812500e-01
9.907694984229402646e-01,6.098889112472534180e-01
9.912055343043970623e-01,6.099444627761840820e-01
9.916400487732595082e-01,6.104999780654907227e-01
9.920730524096216252e-01,6.107222437858581543e-01
9.925045556835965233e-01,6.111111044883728027e-01
9.929345689568357392e-01,6.110000014305114746e-01
9.933631024840223755e-01,6.112222075462341309e-01
9.937901664143382607e-01,6.109444499015808105e-01
9.942157707929055732e-01,6.120555400848388672e-01
9.946399255622062618e-01,6.121110916137695312e-01
9.950626405634735994e-01,6.121110916137695312e-01
9.954839255380638630e-01,6.122778058052062988e-01
9.959037901288023686e-01,6.127222180366516113e-01
9.963222438813083004e-01,6.124444603919982910e-01
9.967392962452967797e-01,6.125555634498596191e-01
9.971549565758592859e-01,6.127777695655822754e-01
9.975692341347223158e-01,6.128333210945129395e-01
9.979821380914865037e-01,6.123333573341369629e-01
9.983936775248438700e-01,6.127222180366516113e-01
9.988038614237759738e-01,6.127222180366516113e-01
9.992126986887309714e-01,6.129999756813049316e-01
9.996201981327842434e-01,6.134999990463256836e-01
1.000026368482776151e+00,6.131111383438110352e-01
1.000431218380435361e+00,6.140000224113464355e-01
1.000834756383480961e+00,6.133888959884643555e-01
1.001236990966707374e+00,6.136111021041870117e-01
1.001637930523054276e+00,6.142222285270690918e-01
1.002037583364655093e+00,6.144999861717224121e-01
1.002435957723872839e+00,6.147222518920898438e-01
1.002833061754315969e+00,6.136111021041870117e-01
1.003228903531840910e+00,6.136666536331176758e-01
1.003623491055537276e+00,6.148889064788818359e-01
1.004016832248697311e+00,6.146110892295837402e-01
1.004408934959770683e+00,6.137777566909790039e-01
1.004799806963304842e+00,6.139444708824157715e-01
1.005189455960868727e+00,6.138888597488403320e-01
1.005577889581964923e+00,6.143888831138610840e-01
1.005965115384923614e+00,6.147778034210205078e-01
1.006351140857787652e+00,6.141666769981384277e-01
1.006735973419179864e+00,6.142222285270690918e-01
1.007119620419158812e+00,6.146110892295837402e-01
1.007502089140060786e+00,6.141666769981384277e-01
1.007883386797330694e+00,6.141111254692077637e-01
1.008263520540336522e+00,6.141111254692077637e-01
1.008642497453175357e+00,6.140555739402770996e-01
1.009020324555465642e+00,6.142222285270690918e-01
1.009397008803125662e+00,6.150000095367431641e-01
1.009772557089143374e+00,6.147778034210205078e-01
1.010146976244333361e+00,6.144444346427917480e-01
1.010520273038081340e+00,6.147222518920898438e-01
1.010892454179078692e+00,6.155555844306945801e-01
1.011263526316047434e+00,6.156111359596252441e-01
1.011633496038450097e+00,6.152222156524658203e-01
1.012002369877194274e+00,6.151666641235351562e-01
1.012370154305322956e+00,6.151666641235351562e-01
1.012736855738697539e+00,6.155555844306945801e-01
1.013102480536667294e+00,6.157777905464172363e-01
1.013467035002732830e+00,6.162777543067932129e-01
1.013830525385197578e+00,6.158888936042785645e-01
1.014192957877810386e+00,6.163333058357238770e-01
1.014554338620398122e+00,6.165555715560913086e-01
1.014914673699490955e+00,6.168888807296752930e-01
1.015273969148937194e+00,6.168333292007446289e-01
1.015632230950508585e+00,6.168888807296752930e-01
1.015989465034498496e+00,6.171110868453979492e-01
1.016345677280311222e+00,6.173889040946960449e-01
1.016700873517042192e+00,6.174444556236267090e-01
1.017055059524050176e+00,6.172222495079040527e-01
1.017408241031521943e+00,6.178888678550720215e-01
1.017760423721028262e+00,6.177222132682800293e-01
1.018111613226072354e+00,6.179999709129333496e-01
1.018461815132630344e+00,6.184999942779541016e-01
1.018811034979684838e+00,6.183888912200927734e-01
1.019159278259750057e+00,6.176666617393493652e-01
1.019506550419390756e+00,6.177222132682800293e-01
1.019852856859732926e+00,6.193333268165588379e-01
1.020198202936968057e+00,6.193888783454895020e-01
1.020542593962849853e+00,6.184444427490234375e-01
1.020886035205184728e+00,6.182222366333007812e-01
1.021228531888315416e+00,6.191666722297668457e-01
1.021570089193597486e+00,6.197222471237182617e-01
1.021910712259869847e+00,6.196110844612121582e-01
1.022250406183918603e+00,6.200000047683715820e-01
1.022589176020934687e+00,6.205000281333923340e-01
1.022927026784964610e+00,6.198333501815795898e-01
1.023263963449357883e+00,6.203333139419555664e-01
1.023599990947202887e+00,6.201111078262329102e-01
1.023935114171763194e+00,6.205000281333923340e-01
1.024269337976903893e+00,6.204444169998168945e-01
1.024602667177513693e+00,6.203888654708862305e-01
1.024935106549920372e+00,6.206111311912536621e-01
1.025266660832302446e+00,6.205555796623229980e-01
1.025597334725093734e+00,6.205000281333923340e-01
1.025927132891383931e+00,6.206111311912536621e-01
1.026256059957311839e+00,6.201111078262329102e-01
1.026584120512456400e+00,6.201111078262329102e-01
1.026911319110219489e+00,6.207777857780456543e-01
1.027237660268205621e+00,6.206666827201843262e-01
1.027563148468596310e+00,6.210555434226989746e-01
1.027887788158520443e+00,6.212777495384216309e-01
1.028211583750416880e+00,6.202777624130249023e-01
1.028534539622394828e+00,6.207777857780456543e-01
1.028856660118590449e+00,6.208333373069763184e-01
1.029177949549515914e+00,6.211666464805603027e-01
1.029498412192406454e+00,6.217222213745117188e-01
1.029818052291561425e+00,6.217777729034423828e-01
1.030136874058681817e+00,6.219999790191650391e-01
1.030454881673202649e+00,6.222777962684631348e-01
1.030772079282623599e+00,6.218888759613037109e-01
1.031088471002830964e+00,6.222222447395324707e-01
1.031404060918420074e+00,6.224444508552551270e-01
1.031718853083010812e+00,6.223888993263244629e-01
1.032032851519560035e+00,6.228333115577697754e-01
1.032346060220670436e+00,6.224444508552551270e-01
1.032658483148895190e+00,6.224444508552551270e-01
1.032970124237037934e+00,6.227777600288391113e-01
1.033280987388450978e+00,6.226666569709777832e-01
1.033591076477327064e+00,6.232777833938598633e-01
1.033900395348991808e+00,6.232222318649291992e-01
1.034208947820185909e+00,6.232777833938598633e-01
1.034516737679351817e+00,6.238333582878112793e-01
1.034823768686909951e+00,6.242777705192565918e-01
1.035130044575535369e+00,6.239444613456726074e-01
1.035435569050430216e+00,6.244444251060485840e-01
1.035740345789591732e+00,6.242222189903259277e-01
1.036044378444080039e+00,6.241666674613952637e-01
1.036347670638278151e+00,6.246111392974853516e-01
1.036650225970151995e+00,6.245555281639099121e-01
1.036952048011507754e+00,6.242777705192565918e-01
1.037253140308243005e+00,6.242222189903259277e-01
1.037553506380598067e+00,6.241111159324645996e-01
1.037853149723402479e+00,6.245555281639099121e-01
1.038152073806318132e+00,6.247222423553466797e-01
1.038450282074081743e+00,6.247777938842773438e-01
1.038747777946742890e+00,6.247777938842773438e-01
1.039044564819897820e+00,6.250555515289306641e-01
1.039340646064923934e+00,6.253888607025146484e-01
1.039636025029208488e+00,6.257222294807434082e-01
1.039930705036375524e+00,6.261110901832580566e-01
1.040224689386510804e+00,6.257777810096740723e-01
1.040517981356383848e+00,6.258333325386047363e-01
1.040810584199665767e+00,6.258888840675354004e-01
1.041102501147147308e+00,6.258333325386047363e-01
1.041393735406952459e+00,6.257777810096740723e-01
1.041684290164748949e+00,6.261110901832580566e-01
1.041974168583958527e+00,6.265555620193481445e-01
1.042263373805963678e+00,6.265000104904174805e-01
1.042551908950311468e+00,6.265555620193481445e-01
1.042839777114914490e+00,6.263333559036254883e-01
1.043126981376252482e+00,6.259999871253967285e-01
1.043413524789567948e+00,6.263889074325561523e-01
1.043699410389061999e+00,6.267777681350708008e-01
1.043984641188086426e+00,6.263889074325561523e-01
1.044269220179335544e+00,6.268333196640014648e-01
1.044553150335032710e+00,6.270555257797241211e-01
1.044836434607119058e+00,6.266111135482788086e-01
1.045119075927434471e+00,6.264444589614868164e-01
1.045401077207902540e+00,6.268888711929321289e-01
1.045682441340709312e+00,6.266111135482788086e-01
1.045963171198481589e+00,6.271111369132995605e-01
1.046243269634461681e+00,6.267222166061401367e-01
1.046522739482683484e+00,6.274444460868835449e-01
1.046801583558142790e+00,6.277777552604675293e-01
1.047079804656968705e+00,6.277777552604675293e-01
1.047357405556590848e+00,6.276111006736755371e-01
1.047634389015906331e+00,6.278889179229736328e-01
1.047910757775443624e+00,6.279444694519042969e-01
1.048186514557526205e+00,6.280555725097656250e-01
1.048461662066432876e+00,6.278889179229736328e-01
1.048736202988556965e+00,6.280555725097656250e-01
1.049010139992563539e+00,6.280555725097656250e-01
1.049283475729545279e+00,6.282222270965576172e-01
1.049556212833176128e+00,6.282222270965576172e-01
1.049828353919864510e+00,6.283333301544189453e-01
1.050099901588902540e+00,6.282222270965576172e-01
1.050370858422615683e+00,6.286666393280029297e-01
1.050641226986510190e+00,6.291666626930236816e-01
1.050911009829418985e+00,6.288333535194396973e-01
1.051180209483645323e+00,6.290000081062316895e-01
1.051448828465105123e+00,6.291666626930236816e-01
1.051716869273469523e+00,6.292222142219543457e-01
1.051984334392302989e+00,6.298333406448364258e-01
1.052251226289202091e+00,6.298888921737670898e-01
1.052517547415931842e+00,6.297777891159057617e-01
1.052783300208560480e+00,6.292777657508850098e-01
1.053048487087594687e+00,6.297777891159057617e-01
1.053313110458109714e+00,6.296666860580444336e-01
1.053577172709881715e+00,6.297777891159057617e-01
1.053840676217516759e+00,6.302222013473510742e-01
1.054103623340579610e+00,6.303333044052124023e-01
1.054366016423719188e+00,6.303889155387878418e-01
1.054627857796794688e+00,6.294999718666076660e-01
1.054889149775000590e+00,6.298333406448364258e-01
1.055149894658988119e+00,6.298888921737670898e-01
1.055410094734987370e+00,6.299999952316284180e-01
1.055669752274927431e+00,6.301110982894897461e-01
1.055928869536556070e+00,6.300555467605590820e-01
1.056187448763556525e+00,6.303889155387878418e-01
1.056445492185664747e+00,6.301110982894897461e-01
1.056703002018784421e+00,6.303889155387878418e-01
1.056959980465101312e+00,6.305555701255798340e-01
1.057216429713196293e+00,6.306666731834411621e-01
1.057472351938157029e+00,6.304444670677185059e-01
1.057727749301688780e+00,6.311110854148864746e-01
1.057982623952223866e+00,6.307222247123718262e-01
1.058236978025030472e+00,6.306666731834411621e-01
1.058490813642319672e+00,6.306111216545104980e-01
1.058744132913350899e+00,6.316666603088378906e-01
1.058996937934538973e+00,6.317222118377685547e-01
1.059249230789556462e+00,6.310555338859558105e-01
1.059501013549437154e+00,6.315555572509765625e-01
1.059752288272679310e+00,6.315000057220458984e-01
1.060003057005344473e+00,6.313333511352539062e-01
1.060253321781159608e+00,6.318888664245605469e-01
1.060503084621614134e+00,6.316666603088378906e-01
1.060752347536059403e+00,6.322222352027893066e-01
1.061001112521804846e+00,6.320555806159973145e-01
1.061249381564214112e+00,6.317222118377685547e-01
1.061497156636800554e+00,6.321666836738586426e-01
1.061744439701321152e+00,6.320000290870666504e-01
1.061991232707869548e+00,6.318333148956298828e-01
1.062237537594967751e+00,6.322777867317199707e-01
1.062483356289659175e+00,6.320555806159973145e-01
1.062728690707597679e+00,6.323888897895812988e-01
1.062973542753137046e+00,6.321666836738586426e-01
1.063217914319420920e+00,6.328333616256713867e-01
1.063461807288469396e+00,6.328889131546020508e-01
1.063705223531266730e+00,6.327777504920959473e-01
1.063948164907846827e+00,6.328889131546020508e-01
1.064190633267379393e+00,6.327221989631652832e-01
1.064432630448253869e+00,6.327777504920959473e-01
1.064674158278162253e+00,6.331666707992553711e-01
1.064915218574183475e+00,6.330000162124633789e-01
1.065155813142865338e+00,6.332777738571166992e-01
1.065395943780303334e+00,6.331111192703247070e-01
1.065635612272224364e+00,6.331666707992553711e-01
1.065874820394064226e+00,6.326666474342346191e-01
1.066113569911047776e+00,6.327221989631652832e-01
1.066351862578265752e+00,6.327777504920959473e-01
1.066589700140753827e+00,6.328333616256713867e-01
1.066827084333567877e+00,6.332222223281860352e-01
1.067064016881860367e+00,6.334444284439086914e-01
1.067300499500956290e+00,6.332777738571166992e-01
1.067536533896426443e+00,6.332222223281860352e-01
1.067772121764162252e+00,6.334444284439086914e-01
1.068007264790448385e+00,6.336110830307006836e-01
1.068241964652035358e+00,6.336110830307006836e-01
1.068476223016210591e+00,6.338333487510681152e-01
1.068710041540871236e+00,6.340555548667907715e-01
1.068943421874592792e+00,6.342222094535827637e-01
1.069176365656699046e+00,6.342777609825134277e-01
1.069408874517332464e+00,6.344444155693054199e-01
1.069640950077521024e+00,6.343888640403747559e-01
1.069872593949247497e+00,6.345000267028808594e-01
1.070103807735515389e+00,6.344444155693054199e-01
1.070334593030415560e+00,6.348333358764648438e-01
1.070564951419193944e+00,6.348333358764648438e-01
1.070794884478314613e+00,6.353889107704162598e-01
1.071024393775525718e+00,6.348333358764648438e-01
1.071253480869923003e+00,6.346111297607421875e-01
1.071482147312014410e+00,6.353333592414855957e-01
1.071710394643781816e+00,6.357777714729309082e-01
1.071938224398744088e+00,6.358888745307922363e-01
1.072165638102019036e+00,6.358333230018615723e-01
1.072392637270384030e+00,6.358888745307922363e-01
1.072619223412337064e+00,6.365000009536743164e-01
1.072845398028157371e+00,6.366666555404663086e-01
1.073071162609963825e+00,6.361666917800903320e-01
1.073296518641775998e+00,6.362222433090209961e-01
1.073521467599569901e+00,6.359999775886535645e-01
1.073746010951339036e+00,6.362222433090209961e-01
1.073970150157148806e+00,6.359444260597229004e-01
1.074193886669196019e+00,6.361111402511596680e-01
1.074417221931864619e+00,6.357777714729309082e-01
1.074640157381780758e+00,6.358888745307922363e-01
1.074862694447868749e+00,6.365555524826049805e-01
1.075084834551407020e+00,6.366666555404663086e-01
1.075306579106080740e+00,6.364444494247436523e-01
1.075527929518037107e+00,6.362777948379516602e-01
1.075748887185938862e+00,6.363888978958129883e-01
1.075969453501016249e+00,6.368888616561889648e-01
1.076189629847120743e+00,6.370000243186950684e-01
1.076409417600776575e+00,6.372222304344177246e-01
1.076628818131232679e+00,6.370000243186950684e-01
1.076847832800513105e+00,6.370555758476257324e-01
1.077066462963468751e+00,6.370000243186950684e-01
1.077284709967827547e+00,6.371111273765563965e-01
1.077502575154242859e+00,6.376110911369323730e-01
1.077720059856345225e+00,6.382777690887451172e-01
1.077937165400789432e+00,6.374999880790710449e-01
1.078153893107303585e+00,6.377778053283691406e-01
1.078370244288738400e+00,6.377221941947937012e-01
1.078586220251112948e+00,6.380000114440917969e-01
1.078801822293662838e+00,6.381666660308837891e-01
1.079017051708888619e+00,6.374444365501403809e-01
1.079231909782599308e+00,6.374999880790710449e-01
1.079446397793960788e+00,6.377221941947937012e-01
1.079660517015540888e+00,6.381666660308837891e-01
1.079874268713354013e+00,6.380000114440917969e-01
1.080087654146907106e+00,6.378333568572998047e-01
1.080300674569243391e+00,6.378333568572998047e-01
1.080513331226987006e+00,6.384999752044677734e-01
1.080725625360386521e+00,6.382777690887451172e-01
1.080937558203358018e+00,6.385555267333984375e-01
1.081149130983529050e+00,6.383333206176757812e-01
1.081360344922280614e+00,6.381111145019531250e-01
1.081571201234789337e+00,6.382222175598144531e-01
1.081781701130070106e+00,6.387777924537658691e-01
1.081991845811016706e+00,6.389444470405578613e-01
1.082201636474444006e+00,6.386666893959045410e-01
1.082411074311128374e+00,6.377778053283691406e-01
1.082620160505848084e+00,6.386666893959045410e-01
1.082828896237424177e+00,6.398888826370239258e-01
1.083037282678759761e+00,6.393333077430725098e-01
1.083245320996879313e+00,6.383888721466064453e-01
1.083453012352968647e+00,6.381666660308837891e-01
1.083660357902413329e+00,6.383888721466064453e-01
1.083867358794837754e+00,6.386111378669738770e-01
1.084074016174142230e+00,6.392777562141418457e-01
1.084280331178542278e+00,6.389999985694885254e-01
1.084486304940605716e+00,6.384999752044677734e-01
1.084691938587289073e+00,6.384999752044677734e-01
1.084897233239976222e+00,6.389999985694885254e-01
1.085102190014513912e+00,6.387777924537658691e-01
1.085306810021248403e+00,6.388888955116271973e-01
1.085511094365062323e+00,6.389444470405578613e-01
1.085715044145408648e+00,6.390555500984191895e-01
1.085918660456348217e+00,6.390555500984191895e-01
1.086121944386583493e+00,6.395555734634399414e-01
1.086324897019494973e+00,6.393333077430725098e-01
1.086527519433173827e+00,6.399444341659545898e-01
1.086729812700457876e+00,6.401110887527465820e-01
1.086931777888965334e+00,6.395000219345092773e-01
1.087133416061128344e+00,6.402222514152526855e-01
1.087334728274226281e+00,6.397777795791625977e-01
1.087535715580420170e+00,6.395555734634399414e-01
1.087736379026783551e+00,6.396666765213012695e-01
1.087936719655337336e+00,6.397777795791625977e-01
1.088136738503081569e+00,6.395555734634399414e-01
1.088336436602027391e+00,6.401666402816772461e-01
1.088535814979228800e+00,6.399999856948852539e-01
1.088734874656815066e+00,6.399999856948852539e-01
1.088933616652021374e+00,6.399444341659545898e-01
1.089132041977220577e+00,6.402222514152526855e-01
1.089330151639954281e+00,6.401110887527465820e-01
1.089527946642962819e+00,6.401666402816772461e-01
1.089725427984215900e+00,6.402222514152526855e-01
1.089922596656943909e+00,6.403333544731140137e-01
1.090119453649665893e+00,6.402778029441833496e-01
1.090315999946221304e+00,6.398333311080932617e-01
1.090512236525798206e+00,6.398333311080932617e-01
1.090708164362962806e+00,6.398888826370239258e-01
1.090903784427688983e+00,6.399444341659545898e-01
1.091099097685386488e+00,6.401666402816772461e-01
1.091294105096929812e+00,6.396666765213012695e-01
1.091488807618686607e+00,6.398888826370239258e-01
1.091683206202545886e+00,6.401110887527465820e-01
1.091877301795945554e+00,6.401666402816772461e-01
1.092071095341900167e+00,6.405000090599060059e-01
1.092264587779029572e+00,6.407777667045593262e-01
1.092457780041583781e+00,6.408333182334899902e-01
1.092650673059472943e+00,6.407222151756286621e-01
1.092843267758291548e+00,6.412777900695800781e-01
1.093035565059347070e+00,6.410555839538574219e-01
1.093227565879685281e+00,6.411111354827880859e-01
1.093419271132116899e+00,6.410555839538574219e-01
1.093610681725243783e+00,6.407777667045593262e-01
1.093801798563483807e+00,6.409444212913513184e-01
1.093992622547098170e+00,6.416110992431640625e-01
1.094183154572215377e+00,6.414444446563720703e-01
1.094373395530856774e+00,6.413888931274414062e-01
1.094563346310962526e+00,6.417222023010253906e-01
1.094753007796414934e+00,6.414999961853027344e-01
1.094942380867065301e+00,6.409999728202819824e-01
1.095131466398755693e+00,6.416110992431640625e-01
1.095320265263345583e+00,6.412777900695800781e-01
1.095508778328734278e+00,6.415555477142333984e-01
1.095697006458886680e+00,6.417222023010253906e-01
1.095884950513855038e+00,6.421666741371154785e-01
1.096072611349803605e+00,6.422222256660461426e-01
1.096259989819032610e+00,6.421111226081848145e-01
1.096447086770000023e+00,6.422777771949768066e-01
1.096633903047345537e+00,6.424999833106994629e-01
1.096820439491913657e+00,6.426666378974914551e-01
1.097006696940775239e+00,6.430555582046508789e-01
1.097192676227251917e+00,6.426110863685607910e-01
1.097378378180936531e+00,6.423888802528381348e-01
1.097563803627716661e+00,6.426110863685607910e-01
1.097748953389795501e+00,6.429444551467895508e-01
1.097933828285714952e+00,6.426110863685607910e-01
1.098118429130376716e+00,6.427222490310668945e-01
1.098302756735064056e+00,6.426110863685607910e-01
1.098486811907462668e+00,6.429444551467895508e-01
1.098670595451682885e+00,6.431666612625122070e-01
1.098854108168279220e+00,6.431111097335815430e-01
1.099037350854273232e+00,6.427778005599975586e-01
1.099220324303173069e+00,6.427778005599975586e-01
1.099403029304993673e+00,6.431666612625122070e-01
1.099585466646278986e+00,6.431666612625122070e-01
1.099767637110119933e+00,6.435555815696716309e-01
1.099949541476177073e+00,6.434999704360961914e-01
1.100131180520698582e+00,6.437222361564636230e-01
1.100312555016541127e+00,6.439444422721862793e-01
1.100493665733189186e+00,6.439999938011169434e-01
1.100674513436775248e+00,6.436111330986022949e-01
1.100855098890098471e+00,6.427222490310668945e-01
1.101035422852645329e+00,6.427778005599975586e-01
1.101215486080606043e+00,6.428333520889282227e-01
1.101395289326897009e+00,6.432222127914428711e-01
1.101574833341177451e+00,6.432222127914428711e-01
1.101754118869868959e+00,6.436666846275329590e-01
1.101933146656173257e+00,6.436111330986022949e-01
1.102111917440092403e+00,6.441666483879089355e-01
1.102290431958445227e+00,6.445000171661376953e-01
1.102468690944886864e+00,6.445000171661376953e-01
1.102646695129926746e+00,6.441666483879089355e-01
1.102824445240945028e+00,6.440555453300476074e-01
1.103001942002213465e+00,6.443889141082763672e-01
1.103179186134909617e+00,6.443333625793457031e-01
1.103356178357136397e+00,6.446111202239990234e-01
1.103532919383940492e+00,6.446111202239990234e-01
1.103709409927326801e+00,6.443333625793457031e-01
1.103885650696278198e+00,6.446666717529296875e-01
1.104061642396771292e+00,6.452777981758117676e-01
1.104237385731793752e+00,6.453889012336730957e-01
1.104412881401361846e+00,6.455000042915344238e-01
1.104588130102536203e+00,6.443889141082763672e-01
1.104763132529438030e+00,6.446111202239990234e-01
1.104937889373267312e+00,6.448333263397216797e-01
1.105112401322317472e+00,6.453889012336730957e-01
1.105286669061993132e+00,6.462222337722778320e-01
1.105460693274824768e+00,6.463333368301391602e-01
1.105634474640486031e+00,6.458333134651184082e-01
1.105808013835808623e+00,6.456666588783264160e-01
1.105981311534798950e+00,6.460000276565551758e-01
1.106154368408653443e+00,6.462222337722778320e-01
1.106327185125774104e+00,6.463888883590698242e-01
1.106499762351784488e+00,6.466110944747924805e-01
1.106672100749544141e+00,6.452777981758117676e-01
1.106844200979164583e+00,6.449999809265136719e-01
1.107016063698024411e+00,6.457777619361877441e-01
1.107187689560784616e+00,6.463888883590698242e-01
1.107359079219402354e+00,6.468333601951599121e-01
1.107530233323147817e+00,6.470555663108825684e-01
1.107701152518617116e+00,6.464444398880004883e-01
1.107871837449747376e+00,6.467221975326538086e-01
1.108042288757832061e+00,6.459444165229797363e-01
1.108212507081535181e+00,6.455000042915344238e-01
1.108382493056904616e+00,6.450555324554443359e-01
1.108552247317388106e+00,6.458888649940490723e-01
1.108721770493845682e+00,6.465555429458618164e-01
1.108891063214564987e+00,6.467221975326538086e-01
1.109060126105274602e+00,6.466110944747924805e-01
1.109228959789158031e+00,6.467221975326538086e-01
1.109397564886868137e+00,6.464999914169311523e-01
1.109565942016539797e+00,6.461666822433471680e-01
1.109734091793803668e+00,6.465555429458618164e-01
1.109902014831800399e+00,6.466666460037231445e-01
1.110069711741193732e+00,6.465555429458618164e-01
1.110237183130183380e+00,6.463888883590698242e-01
1.110404429604519017e+00,6.464999914169311523e-01
1.110571451767512707e+00,6.468889117240905762e-01
1.110738250220052459e+00,6.471111178398132324e-01
1.110904825560614650e+00,6.472222208976745605e-01
1.111071178385277802e+00,6.471111178398132324e-01
1.111237309287734343e+00,6.468333601951599121e-01
1.111403218859304376e+00,6.457777619361877441e-01
1.111568907688947228e+00,6.458333134651184082e-01
1.111734376363274990e+00,6.468889117240905762e-01
1.111899625466563846e+00,6.465555429458618164e-01
1.112064655580768058e+00,6.468889117240905762e-01
1.112229467285530404e+00,6.465555429458618164e-01
1.112394061158195946e+00,6.464999914169311523e-01
1.112558437773823350e+00,6.473333239555358887e-01
1.112722597705196881e+00,6.466666460037231445e-01
1.112886541522838835e+00,6.463333368301391602e-01
1.113050269795021308e+00,6.462777853012084961e-01
1.113213783087778186e+00,6.479444503784179688e-01
1.113377081964915583e+00,6.480555534362792969e-01
1.113540166988025604e+00,6.469444632530212402e-01
1.113703038716496341e+00,6.465555429458618164e-01
1.113865697707524527e+00,6.467221975326538086e-01
1.114028144516125529e+00,6.472222208976745605e-01
1.114190379695146005e+00,6.473333239555358887e-01
1.114352403795274782e+00,6.462777853012084961e-01
1.114514217365054183e+00,6.466110944747924805e-01
1.114675820950890239e+00,6.469444632530212402e-01
1.114837215097065348e+00,6.466110944747924805e-01
1.114998400345748486e+00,6.466110944747924805e-01
1.115159377237005423e+00,6.470000147819519043e-01
1.115320146308810934e+00,6.470000147819519043e-01
1.115480708097058349e+00,6.468889117240905762e-01
1.115641063135571542e+00,6.479444503784179688e-01
1.115801211956114036e+00,6.472777724266052246e-01
1.115961155088401213e+00,6.466666460037231445e-01
1.116120893060109642e+00,6.468889117240905762e-01
1.116280426396888181e+00,6.470555663108825684e-01
1.116439755622367525e+00,6.468889117240905762e-01
1.116598881258171749e+00,6.468333601951599121e-01
1.116757803823927642e+00,6.471111178398132324e-01
1.116916523837274910e+00,6.472222208976745605e-01
1.117075041813876846e+00,6.473888754844665527e-01
1.117233358267430088e+00,6.473888754844665527e-01
1.117391473709674399e+00,6.477222442626953125e-01
1.117549388650402875e+00,6.476666927337646484e-01
1.117707103597471496e+00,6.478333473205566406e-01
1.117864619056809561e+00,6.473333239555358887e-01
1.118021935532428790e+00,6.476666927337646484e-01
1.118179053526432876e+00,6.483888626098632812e-01
1.118335973539027917e+00,6.476666927337646484e-01
1.118492696068531078e+00,6.477222442626953125e-01
1.118649221611381028e+00,6.478888988494873047e-01
1.118805550662146375e+00,6.478888988494873047e-01
1.118961683713536104e+00,6.476666927337646484e-01
1.119117621256407125e+00,6.480000019073486328e-01
1.119273363779776043e+00,6.483888626098632812e-01
1.119428911770826263e+00,6.486111283302307129e-01
1.119584265714917981e+00,6.481111049652099609e-01
1.119739426095597512e+00,6.479444503784179688e-01
1.119894393394605503e+00,6.479444503784179688e-01
1.120049168091886926e+00,6.486666798591613770e-01
1.120203750665599296e+00,6.478888988494873047e-01
1.120358141592121104e+00,6.478888988494873047e-01
1.120512341346062257e+00,6.482777595520019531e-01
1.120666350400271183e+00,6.479444503784179688e-01
1.120820169225844154e+00,6.482777595520019531e-01
1.120973798292134171e+00,6.486666798591613770e-01
1.121127238066758958e+00,6.491666436195373535e-01
1.121280489015610504e+00,6.493889093399047852e-01
1.121433551602862178e+00,6.484444737434387207e-01
1.121586426290978267e+00,6.485000252723693848e-01
1.121739113540721977e+00,6.486111283302307129e-01
1.121891613811163868e+00,6.492778062820434570e-01
1.122043927559689624e+00,6.491110920906066895e-01
1.122196055242009161e+00,6.493333578109741211e-01
1.122347997312163947e+00,6.489444375038146973e-01
1.122499754222536339e+00,6.480000019073486328e-01
1.122651326423855789e+00,6.478333473205566406e-01
1.122802714365208399e+00,6.491666436195373535e-01
1.122953918494045134e+00,6.488333344459533691e-01
1.123104939256187595e+00,6.488888859748840332e-01
1.123255777095838681e+00,6.493889093399047852e-01
1.123406432455588799e+00,6.491110920906066895e-01
1.123556905776423642e+00,6.486666798591613770e-01
1.123707197497732624e+00,6.489999890327453613e-01
1.123857308057315763e+00,6.489444375038146973e-01
1.124007237891393007e+00,6.492778062820434570e-01
1.124156987434609123e+00,6.496111154556274414e-01
1.124306557120043681e+00,6.496666669845581055e-01
1.124455947379217724e+00,6.489444375038146973e-01
1.124605158642100422e+00,6.489999890327453613e-01
1.124754191337118181e+00,6.495000123977661133e-01
1.124903045891160414e+00,6.492221951484680176e-01
1.125051722729587755e+00,6.498333215713500977e-01
1.125200222276239170e+00,6.497222185134887695e-01
1.125348544953439500e+00,6.496666669845581055e-01
1.125496691182005682e+00,6.499444246292114258e-01
1.125644661381255407e+00,6.505555510520935059e-01
1.125792455969012673e+00,6.507222056388854980e-01
1.125940075361616000e+00,6.498333215713500977e-01
1.126087519973925311e+00,6.499999761581420898e-01
1.126234790219328152e+00,6.496666669845581055e-01
1.126381886509747243e+00,6.501111388206481934e-01
1.126528809255648023e+00,6.508888602256774902e-01
1.126675558866044202e+00,6.507777571678161621e-01
1.126822135748505316e+00,6.508333086967468262e-01
1.126968540309163824e+00,6.508333086967468262e-01
1.127114772952720445e+00,6.510555744171142578e-01
1.127260834082453478e+00,6.510555744171142578e-01
1.127406724100222579e+00,6.511111259460449219e-01
1.127552443406476979e+00,6.507777571678161621e-01
1.127697992400262583e+00,6.513333320617675781e-01
1.127843371479226642e+00,6.509444713592529297e-01
1.127988581039625959e+00,6.505555510520935059e-01
1.128133621476333115e+00,6.510000228881835938e-01
1.128278493182841569e+00,6.516110897064208984e-01
1.128423196551274321e+00,6.517778038978576660e-01
1.128567731972388133e+00,6.510000228881835938e-01
1.128712099835581073e+00,6.517221927642822266e-01
1.128856300528898515e+00,6.516110897064208984e-01
1.129000334439039355e+00,6.514999866485595703e-01
1.129144201951362225e+00,6.516666412353515625e-01
1.129287903449892161e+00,6.517778038978576660e-01
1.129431439317325703e+00,6.518333554267883301e-01
1.129574809935037560e+00,6.517778038978576660e-01
1.129718015683087273e+00,6.516110897064208984e-01
1.129861056940224540e+00,6.518889069557189941e-01
1.130003934083895656e+00,6.520555615425109863e-01
1.130146647490248402e+00,6.515555381774902344e-01
1.130289197534139811e+00,6.518889069557189941e-01
1.130431584589140614e+00,6.518889069557189941e-01
1.130573809027541676e+00,6.517221927642822266e-01
1.130715871220359769e+00,6.521111130714416504e-01
1.130857771537343348e+00,6.522222161293029785e-01
1.130999510346978765e+00,6.526111364364624023e-01
1.131141088016494933e+00,6.522222161293029785e-01
1.131282504911869990e+00,6.523333191871643066e-01
1.131423761397836847e+00,6.522777676582336426e-01
1.131564857837888294e+00,6.521666646003723145e-01
1.131705794594283665e+00,6.523333191871643066e-01
1.131846572028052611e+00,6.526111364364624023e-01
1.131987190499003093e+00,6.532777547836303711e-01
1.132127650365724714e+00,6.532777547836303711e-01
1.132267951985595378e+00,6.528333425521850586e-01
1.132408095714786178e+00,6.524999737739562988e-01
1.132548081908267612e+00,6.527222394943237305e-01
1.132687910919813801e+00,6.529444456100463867e-01
1.132827583102009150e+00,6.532222032546997070e-01
1.132967098806252793e+00,6.533333063125610352e-01
1.133106458382763693e+00,6.531666517257690430e-01
1.133245662180587088e+00,6.537222266197204590e-01
1.133384710547598484e+00,6.536666750907897949e-01
1.133523603830509874e+00,6.535555720329284668e-01
1.133662342374873955e+00,6.531111001968383789e-01
1.133800926525090125e+00,6.531666517257690430e-01
1.133939356624409367e+00,6.534444689750671387e-01
1.134077633014938691e+00,6.538333296775817871e-01
1.134215756037647571e+00,6.535000205039978027e-01
1.134353726032371279e+00,6.535000205039978027e-01
1.134491543337817543e+00,6.531666517257690430e-01
1.134629208291570546e+00,6.531666517257690430e-01
1.134766721230096254e+00,6.536111235618591309e-01
1.134904082488746857e+00,6.535000205039978027e-01
1.135041292401766766e+00,6.536666750907897949e-01
1.135178351302296162e+00,6.542222499847412109e-01
1.135315259522376774e+00,6.541110873222351074e-01
1.135452017392956314e+00,6.542778015136718750e-01
1.135588625243893368e+00,6.541110873222351074e-01
1.135725083403962055e+00,6.541666388511657715e-01
1.135861392200857356e+00,6.538888812065124512e-01
1.135997551961198893e+00,6.543333530426025391e-01
1.136133563010536252e+00,6.541110873222351074e-01
1.136269425673353428e+00,6.541110873222351074e-01
1.136405140273073711e+00,6.539999842643737793e-01
1.136540707132064121e+00,6.543333530426025391e-01
1.136676126571640078e+00,6.538888812065124512e-01
1.136811398912069615e+00,6.537777781486511230e-01
1.136946524472578490e+00,6.543889045715332031e-01
1.137081503571354402e+00,6.542778015136718750e-01
1.137216336525551430e+00,6.540555357933044434e-01
1.137351023651294701e+00,6.543333530426025391e-01
1.137485565263684828e+00,6.545000076293945312e-01
1.137619961676802127e+00,6.547222137451171875e-01
1.137754213203710618e+00,6.546666622161865234e-01
1.137888320156464017e+00,6.548888683319091797e-01
1.138022282846107958e+00,6.548888683319091797e-01
1.138156101582686208e+00,6.546111106872558594e-01
1.138289776675243337e+00,6.552777886390686035e-01
1.138423308431829817e+00,6.547777652740478516e-01
1.138556697159507358e+00,6.545000076293945312e-01
1.138689943164350460e+00,6.548888683319091797e-01
1.138823046751453516e+00,6.545555591583251953e-01
1.138956008224932370e+00,6.546666622161865234e-01
1.139088827887931199e+00,6.548888683319091797e-01
1.139221506042624066e+00,6.548888683319091797e-01
1.139354042990221139e+00,6.545000076293945312e-01
1.139486439030971576e+00,6.551111340522766113e-01
1.139618694464167525e+00,6.552777886390686035e-01
1.139750809588148783e+00,6.550555825233459473e-01
1.139882784700307239e+00,6.545555591583251953e-01
1.140014620097089315e+00,6.544444561004638672e-01
1.140146316074001742e+00,6.557777523994445801e-01
1.140277872925614222e+00,6.552222371101379395e-01
1.140409290945564091e+00,6.557777523994445801e-01
1.140540570426560096e+00,6.556110978126525879e-01
1.140671711660385723e+00,6.550555825233459473e-01
1.140802714937904527e+00,6.551666855812072754e-01
1.140933580549062354e+00,6.549999713897705078e-01
1.141064308782892223e+00,6.558333039283752441e-01
1.141194899927518103e+00,6.558889150619506836e-01
1.141325354270157799e+00,6.561111211776733398e-01
1.141455672097127838e+00,6.557777523994445801e-01
1.141585853693847241e+00,6.554999947547912598e-01
1.141715899344839746e+00,6.553888916969299316e-01
1.141845809333740025e+00,6.558333039283752441e-01
1.141975583943295014e+00,6.558333039283752441e-01
1.142105223455369023e+00,6.559444665908813477e-01
1.142234728150946621e+00,6.557222008705139160e-01
1.142364098310137521e+00,6.557777523994445801e-01
1.142493334212178357e+00,6.557777523994445801e-01
1.142622436135438013e+00,6.552777886390686035e-01
1.142751404357420064e+00,6.558333039283752441e-01
1.142880239154767441e+00,6.553333401679992676e-01
1.143008940803264428e+00,6.552777886390686035e-01
1.143137509577841771e+00,6.558333039283752441e-01
1.143265945752579560e+00,6.557222008705139160e-01
1.143394249600710566e+00,6.560000181198120117e-01
1.143522421394623789e+00,6.555555462837219238e-01
1.143650461405868235e+00,6.558333039283752441e-01
1.143778369905156467e+00,6.558333039283752441e-01
1.143906147162366826e+00,6.557222008705139160e-01
1.144033793446548986e+00,6.555555462837219238e-01
1.144161309025924833e+00,6.554999947547912598e-01
1.144288694167894249e+00,6.553888916969299316e-01
1.144415949139037103e+00,6.560555696487426758e-01
1.144543074205116140e+00,6.557222008705139160e-01
1.144670069631081866e+00,6.553888916969299316e-01
1.144796935681074990e+00,6.555555462837219238e-01
1.144923672618429089e+00,6.556110978126525879e-01
1.145050280705675494e+00,6.556110978126525879e-01
1.145176760204544841e+00,6.558333039283752441e-01
1.145303111375971516e+00,6.560000181198120117e-01
1.145429334480096761e+00,6.561111211776733398e-01
1.145555429776270451e+00,6.563888788223266602e-01
1.145681397523056866e+00,6.558333039283752441e-01
1.145807237978235138e+00,6.556666493415832520e-01
1.145932951398805022e+00,6.558333039283752441e-01
1.146058538040987562e+00,6.560555696487426758e-01
1.146183998160230200e+00,6.558333039283752441e-01
1.146309332011208548e+00,6.557222008705139160e-01
1.146434539847830614e+00,6.559444665908813477e-01
1.146559621923239014e+00,6.562777757644653320e-01
1.146684578489814088e+00,6.562222242355346680e-01
1.146809409799177670e+00,6.556666493415832520e-01
1.146934116102195311e+00,6.554999947547912598e-01
1.147058697648980052e+00,6.553888916969299316e-01
1.147183154688894646e+00,6.554999947547912598e-01
1.147307487470555110e+00,6.561666727066040039e-01
1.147431696241833610e+00,6.564999818801879883e-01
1.147555781249861573e+00,6.566110849380493164e-01
1.147679742741031683e+00,6.562777757644653320e-01
1.147803580961002323e+00,6.566110849380493164e-01
1.147927296154699350e+00,6.563888788223266602e-01
1.148050888566319427e+00,6.566110849380493164e-01
1.148174358439333353e+00,6.566110849380493164e-01
1.148297706016487618e+00,6.562777757644653320e-01
1.148420931539808842e+00,6.567222476005554199e-01
1.148544035250605111e+00,6.564444303512573242e-01
1.148667017389470635e+00,6.567222476005554199e-01
1.148789878196286418e+00,6.570000052452087402e-01
1.148912617910224920e+00,6.566666960716247559e-01
1.149035236769752277e+00,6.566666960716247559e-01
1.149157735012630077e+00,6.567777991294860840e-01
1.149280112875919357e+00,6.567777991294860840e-01
1.149402370595983713e+00,6.572777628898620605e-01
1.149524508408489742e+00,6.564444303512573242e-01
1.149646526548412595e+00,6.562777757644653320e-01
1.149768425250036863e+00,6.568889021873474121e-01
1.149890204746959910e+00,6.567222476005554199e-01
1.150011865272094536e+00,6.576666831970214844e-01
1.150133407057671198e+00,6.570000052452087402e-01
1.150254830335241785e+00,6.570000052452087402e-01
1.150376135335680727e+00,6.569444537162780762e-01
1.150497322289189217e+00,6.573333144187927246e-01
1.150618391425296538e+00,6.572777628898620605e-01
1.150739342972862955e+00,6.578888893127441406e-01
1.150860177160083264e+00,6.575555801391601562e-01
1.150980894214488126e+00,6.577222347259521484e-01
1.151101494362947175e+00,6.582221984863281250e-01
1.151221977831671683e+00,6.576666831970214844e-01
1.151342344846217225e+00,6.576111316680908203e-01
1.151462595631485231e+00,6.574444174766540527e-01
1.151582730411727207e+00,6.571111083030700684e-01
1.151702749410545623e+00,6.579444408416748047e-01
1.151822652850897466e+00,6.581110954284667969e-01
1.151942440955095792e+00,6.575000286102294922e-01
1.152062113944813282e+00,6.567222476005554199e-01
1.152181672041083571e+00,6.572222113609313965e-01
1.152301115464305248e+00,6.572222113609313965e-01
1.152420444434242519e+00,6.572222113609313965e-01
1.152539659170028319e+00,6.576666831970214844e-01
1.152658759890167861e+00,6.580555438995361328e-01
1.152777746812538862e+00,6.579444408416748047e-01
1.152896620154395535e+00,6.579999923706054688e-01
1.153015380132371259e+00,6.574444174766540527e-01
1.153134026962479020e+00,6.576666831970214844e-01
1.153252560860115850e+00,6.580555438995361328e-01
1.153370982040063497e+00,6.573888659477233887e-01
1.153489290716492865e+00,6.580555438995361328e-01
1.153607487102963569e+00,6.579444408416748047e-01
1.153725571412428597e+00,6.578888893127441406e-01
1.153843543857235421e+00,6.577777862548828125e-01
1.153961404649128886e+00,6.576111316680908203e-01
1.154079153999252538e+00,6.584444642066955566e-01
1.154196792118152404e+00,6.585000157356262207e-01
1.154314319215778095e+00,6.582777500152587891e-01
1.154431735501484813e+00,6.581666469573974609e-01
1.154549041184036895e+00,6.578333377838134766e-01
1.154666236471608931e+00,6.577222347259521484e-01
1.154783321571788424e+00,6.581666469573974609e-01
1.154900296691577566e+00,6.586666703224182129e-01
1.155017162037396572e+00,6.586666703224182129e-01
1.155133917815084343e+00,6.586666703224182129e-01
1.155250564229901356e+00,6.582221984863281250e-01
1.155367101486532322e+00,6.582221984863281250e-01
1.155483529789087305e+00,6.589444279670715332e-01
1.155599849341105045e+00,6.591666936874389648e-01
1.155716060345553853e+00,6.583889126777648926e-01
1.155832163004834934e+00,6.581110954284667969e-01
1.155948157520783282e+00,6.584444642066955566e-01
1.156064044094670784e+00,6.586111187934875488e-01
1.156179822927208001e+00,6.585555672645568848e-01
1.156295494218546160e+00,6.582777500152587891e-01
1.156411058168279382e+00,6.587777733802795410e-01
1.156526514975446007e+00,6.583889126777648926e-01
1.156641864838531930e+00,6.583333611488342285e-01
1.156757107955472152e+00,6.586111187934875488e-01
1.156872244523652116e+00,6.588333249092102051e-01
1.156987274739910365e+00,6.587777733802795410e-01
1.157102198800540993e+00,6.585000157356262207e-01
1.157217016901294526e+00,6.588888764381408691e-01
1.157331729237380813e+00,6.590555310249328613e-01
1.157446336003470799e+00,6.587777733802795410e-01
1.157560837393698527e+00,6.589999794960021973e-01
1.157675233601662690e+00,6.585555672645568848e-01
1.157789524820429516e+00,6.591666936874389648e-01
1.157903711242533440e+00,6.590555310249328613e-01
1.158017793059979983e+00,6.587222218513488770e-01
1.158131770464248200e+00,6.588333249092102051e-01
1.158245643646290901e+00,6.586666703224182129e-01
1.158359412796537757e+00,6.587777733802795410e-01
1.158473078104897747e+00,6.585555672645568848e-01
1.158586639760759374e+00,6.587222218513488770e-01
1.158700097952993557e+00,6.591110825538635254e-01
1.158813452869956295e+00,6.589444279670715332e-01
1.158926704699488885e+00,6.587777733802795410e-01
1.159039853628921035e+00,6.587777733802795410e-01
1.159152899845071971e+00,6.587222218513488770e-01
1.159265843534252882e+00,6.588333249092102051e-01
1.159378684882268251e+00,6.589444279670715332e-01
1.159491424074418298e+00,6.595000028610229492e-01
1.159604061295500310e+00,6.589444279670715332e-01
1.159716596729809979e+00,6.592222452163696289e-01
1.159829030561144947e+00,6.590555310249328613e-01
1.159941362972804590e+00,6.592777967453002930e-01
1.160053594147592904e+00,6.587777733802795410e-01
1.160165724267820275e+00,6.592222452163696289e-01
1.160277753515305044e+00,6.588333249092102051e-01
1.160389682071375272e+00,6.592777967453002930e-01
1.160501510116869861e+00,6.593333482742309570e-01
1.160613237832142319e+00,6.596111059188842773e-01
1.160724865397060324e+00,6.600000262260437012e-01
1.160836392991008159e+00,6.599444150924682617e-01
1.160947820792888718e+00,6.597222089767456055e-01
1.161059148981125499e+00,6.599444150924682617e-01
1.161170377733663273e+00,6.594444513320922852e-01
1.161281507227970966e+00,6.591666936874389648e-01
1.161392537641042999e+00,6.597222089767456055e-01
1.161503469149399503e+00,6.595555543899536133e-01
1.161614301929090987e+00,6.592777967453002930e-01
1.161725036155697222e+00,6.595555543899536133e-01
1.161835672004330577e+00,6.590555310249328613e-01
1.161946209649636463e+00,6.595555543899536133e-01
1.162056649265796437e+00,6.600555777549743652e-01
1.162166991026528651e+00,6.593888998031616211e-01
1.162277235105089623e+00,6.596666574478149414e-01
1.162387381674276687e+00,6.598333120346069336e-01
1.162497430906428875e+00,6.599444150924682617e-01
1.162607382973428471e+00,6.601111292839050293e-01
1.162717238046703461e+00,6.604999899864196777e-01
1.162826996297227966e+00,6.602222323417663574e-01
1.162936657895524251e+00,6.603333353996276855e-01
1.163046223011665603e+00,6.601666808128356934e-01
1.163155691815275894e+00,6.595555543899536133e-01
1.163265064475532240e+00,6.599444150924682617e-01
1.163374341161166114e+00,6.596111059188842773e-01
1.163483522040466012e+00,6.598888635635375977e-01
1.163592607281277225e+00,6.596666574478149414e-01
1.163701597051005177e+00,6.603333353996276855e-01
1.163810491516615642e+00,6.599444150924682617e-01
1.163919290844637189e+00,6.602777838706970215e-01
1.164027995201161403e+00,6.603888869285583496e-01
1.164136604751846216e+00,6.603888869285583496e-01
1.164245119661916572e+00,6.604999899864196777e-01
1.164353540096164874e+00,6.607221961021423340e-01
1.164461866218954755e+00,6.606666445732116699e-01
1.164570098194219749e+00,6.606110930442810059e-01
1.164678236185468174e+00,6.607221961021423340e-01
1.164786280355781578e+00,6.608333587646484375e-01
1.164894230867817182e+00,6.606666445732116699e-01
1.165002087883810544e+00,6.603888869285583496e-01
1.165109851565575338e+00,6.602222323417663574e-01
1.165217522074506018e+00,6.601111292839050293e-01
1.165325099571578038e+00,6.599444150924682617e-01
1.165432584217350742e+00,6.601111292839050293e-01
1.165539976171967806e+00,6.602222323417663574e-01
1.165647275595159016e+00,6.604444384574890137e-01
1.165754482646241597e+00,6.606110930442810059e-01
1.165861597484121548e+00,6.612222194671630859e-01
1.165968620267295419e+00,6.611111164093017578e-01
1.166075551153851420e+00,6.613333225250244141e-01
1.166182390301470750e+00,6.610555648803710938e-01
1.166289137867428938e+00,6.610000133514404297e-01
1.166395794008598052e+00,6.612777709960937500e-01
1.166502358881446932e+00,6.613333225250244141e-01
1.166608832642042959e+00,6.613333225250244141e-01
1.166715215446054055e+00,6.611111164093017578e-01
1.166821507448749129e+00,6.617222428321838379e-01
1.166927708805000075e+00,6.616111397743225098e-01
1.167033819669282657e+00,6.611111164093017578e-01
1.167139840195678513e+00,6.616111397743225098e-01
1.167245770537875371e+00,6.616111397743225098e-01
1.167351610849169941e+00,6.608333587646484375e-01
1.167457361282467909e+00,6.614444255828857422e-01
1.167563021990285721e+00,6.611111164093017578e-01
1.167668593124752130e+00,6.603888869285583496e-01
1.167774074837609311e+00,6.610555648803710938e-01
1.167879467280214190e+00,6.618333458900451660e-01
1.167984770603539335e+00,6.612222194671630859e-01
1.168089984958175176e+00,6.618888974189758301e-01
1.168195110494330891e+00,6.616666913032531738e-01
1.168300147361834851e+00,6.614999771118164062e-01
1.168405095710137065e+00,6.615555286407470703e-01
1.168509955688310065e+00,6.613333225250244141e-01
1.168614727445050017e+00,6.612222194671630859e-01
1.168719411128678054e+00,6.611111164093017578e-01
1.168824006887142053e+00,6.616111397743225098e-01
1.168928514868016411e+00,6.615555286407470703e-01
1.169032935218505376e+00,6.618333458900451660e-01
1.169137268085442605e+00,6.617222428321838379e-01
1.169241513615292938e+00,6.618333458900451660e-01
1.169345671954154176e+00,6.619444489479064941e-01
1.169449743247757301e+00,6.617777943611145020e-01
1.169553727641468699e+00,6.619444489479064941e-01
1.169657625280290825e+00,6.618888974189758301e-01
1.169761436308863534e+00,6.613888740539550781e-01
1.169865160871464527e+00,6.620555520057678223e-01
1.169968799112012015e+00,6.621666550636291504e-01
1.170072351174065606e+00,6.620555520057678223e-01
1.170175817200826085e+00,6.623333096504211426e-01
1.170279197335138521e+00,6.624444723129272461e-01
1.170382491719491602e+00,6.623333096504211426e-01
1.170485700496020520e+00,6.622777581214904785e-01
1.170588823806506751e+00,6.623333096504211426e-01
1.170691861792380273e+00,6.625555753707885742e-01
1.170794814594720457e+00,6.621111035346984863e-01
1.170897682354256286e+00,6.620000004768371582e-01
1.171000465211369246e+00,6.625555753707885742e-01
1.171103163306093098e+00,6.621111035346984863e-01
1.171205776778114771e+00,6.624444723129272461e-01
1.171308305766777469e+00,6.618333458900451660e-01
1.171410750411079116e+00,6.620555520057678223e-01
1.171513110849676575e+00,6.618888974189758301e-01
1.171615387220883209e+00,6.626111268997192383e-01
1.171717579662673314e+00,6.621666550636291504e-01
1.171819688312681018e+00,6.625000238418579102e-01
1.171921713308202273e+00,6.621666550636291504e-01
1.172023654786196412e+00,6.623333096504211426e-01
1.172125512883285925e+00,6.625555753707885742e-01
1.172227287735758905e+00,6.620555520057678223e-01
1.172328979479569266e+00,6.618888974189758301e-01
1.172430588250338301e+00,6.621666550636291504e-01
1.172532114183355123e+00,6.620000004768371582e-01
1.172633557413579108e+00,6.622222065925598145e-01
1.172734918075639676e+00,6.622777581214904785e-01
1.172836196303837175e+00,6.620000004768371582e-01
1.172937392232145548e+00,6.617777943611145020e-01
1.173038505994211667e+00,6.619444489479064941e-01
1.173139537723357551e+00,6.619444489479064941e-01
1.173240487552580591e+00,6.616666913032531738e-01
1.173341355614555548e+00,6.618333458900451660e-01
1.173442142041634328e+00,6.618333458900451660e-01
1.173542846965848652e+00,6.616666913032531738e-01
1.173643470518909604e+00,6.620000004768371582e-01
1.173744012832209194e+00,6.625000238418579102e-01
1.173844474036821683e+00,6.617777943611145020e-01
1.173944854263504034e+00,6.624444723129272461e-01
1.174045153642697903e+00,6.622777581214904785e-01
1.174145372304529422e+00,6.617222428321838379e-01
1.174245510378811197e+00,6.620555520057678223e-01
1.174345567995042749e+00,6.622222065925598145e-01
1.174445545282411407e+00,6.622222065925598145e-01
1.174545442369794523e+00,6.616111397743225098e-01
1.174645259385758589e+00,6.619444489479064941e-01
1.174744996458561230e+00,6.618333458900451660e-01
1.174844653716153209e+00,6.619444489479064941e-01
1.174944231286176866e+00,6.620000004768371582e-01
1.175043729295969896e+00,6.619444489479064941e-01
1.175143147872564242e+00,6.616666913032531738e-01
1.175242487142687864e+00,6.621111035346984863e-01
1.175341747232766521e+00,6.622222065925598145e-01
1.175440928268922658e+00,6.619444489479064941e-01
1.175540030376978518e+00,6.621666550636291504e-01
1.175639053682455915e+00,6.627777814865112305e-01
1.175737998310577348e+00,6.623888611793518066e-01
1.175836864386267555e+00,6.622222065925598145e-01
1.175935652034152845e+00,6.627222299575805664e-01
1.176034361378564652e+00,6.629444360733032227e-01
1.176132992543538203e+00,6.626666784286499023e-01
1.176231545652813848e+00,6.622222065925598145e-01
1.176330020829839285e+00,6.622222065925598145e-01
1.176428418197769110e+00,6.623888611793518066e-01
1.176526737879466156e+00,6.619444489479064941e-01
1.176624979997503040e+00,6.621666550636291504e-01
1.176723144674161281e+00,6.626666784286499023e-01
1.176821232031435072e+00,6.627777814865112305e-01
1.176919242191029058e+00,6.624444723129272461e-01
1.177017175274361893e+00,6.631666421890258789e-01
1.177115031402565570e+00,6.632778048515319824e-01
1.177212810696486534e+00,6.625000238418579102e-01
1.177310513276686788e+00,6.629444360733032227e-01
1.177408139263445674e+00,6.627222299575805664e-01
1.177505688776758319e+00,6.626666784286499023e-01
1.177603161936339848e+00,6.632778048515319824e-01
1.177700558861623170e+00,6.631666421890258789e-01
1.177797879671761638e+00,6.631110906600952148e-01
1.177895124485629497e+00,6.630555391311645508e-01
1.177992293421822767e+00,6.630555391311645508e-01
1.178089386598659694e+00,6.626111268997192383e-01
1.178186404134182741e+00,6.629444360733032227e-01
1.178283346146158150e+00,6.629999876022338867e-01
1.178380212752077272e+00,6.629999876022338867e-01
1.178477004069158118e+00,6.630555391311645508e-01
1.178573720214344700e+00,6.635000109672546387e-01
1.178670361304309022e+00,6.636111140251159668e-01
1.178766927455452862e+00,6.633333563804626465e-01
1.178863418783905326e+00,6.636666655540466309e-01
1.178959835405527512e+00,6.634444594383239746e-01
1.179056177435911179e+00,6.637777686119079590e-01
1.179152444990379411e+00,6.638888716697692871e-01
1.179248638183988618e+00,6.635000109672546387e-01
1.179344757131528976e+00,6.631666421890258789e-01
1.179440801947523987e+00,6.640555262565612793e-01
1.179536772746234030e+00,6.638888716697692871e-01
1.179632669641654141e+00,6.634444594383239746e-01
1.179728492747516899e+00,6.633889079093933105e-01
1.179824242177291982e+00,6.631110906600952148e-01
1.179919918044188387e+00,6.633333563804626465e-01
1.180015520461153766e+00,6.628888845443725586e-01
1.180111049540875756e+00,6.633333563804626465e-01
1.180206505395783312e+00,6.636111140251159668e-01
1.180301888138046706e+00,6.639999747276306152e-01
1.180397197879578863e+00,6.643333435058593750e-01
1.180492434732035800e+00,6.644444465637207031e-01
1.180587598806817518e+00,6.639999747276306152e-01
1.180682690215069108e+00,6.642777919769287109e-01
1.180777709067681203e+00,6.644444465637207031e-01
1.180872655475289967e+00,6.643888950347900391e-01
1.180967529548280437e+00,6.637222170829772949e-01
1.181062331396783627e+00,6.641111373901367188e-01
1.181157061130680530e+00,6.642222404479980469e-01
1.181251718859601230e+00,6.643333435058593750e-01
1.181346304692925786e+00,6.642777919769287109e-01
1.181440818739785126e+00,6.637777686119079590e-01
1.181535261109062596e+00,6.638333201408386230e-01
1.181629631909393074e+00,6.637222170829772949e-01
1.181723931249165416e+00,6.636111140251159668e-01
1.181818159236522003e+00,6.645555496215820312e-01
1.181912315979360306e+00,6.648333072662353516e-01
1.182006401585332656e+00,6.638888716697692871e-01
1.182100416161847800e+00,6.639999747276306152e-01
1.182194359816071794e+00,6.641111373901367188e-01
1.182288232654928217e+00,6.644999980926513672e-01
1.182382034785098401e+00,6.640555262565612793e-01
1.182475766313023646e+00,6.643888950347900391e-01
1.182569427344904556e+00,6.643333435058593750e-01
1.182663017986702370e+00,6.644999980926513672e-01
1.182756538344139852e+00,6.642777919769287109e-01
1.182849988522701068e+00,6.639999747276306152e-01
1.182943368627634273e+00,6.644444465637207031e-01
1.183036678763949245e+00,6.647777557373046875e-01
1.183129919036421063e+00,6.651666760444641113e-01
1.183223089549589657e+00,6.652222275733947754e-01
1.183316190407760038e+00,6.647222042083740234e-01
1.183409221715003623e+00,6.644444465637207031e-01
1.183502183575158906e+00,6.642777919769287109e-01
1.183595076091831677e+00,6.647222042083740234e-01
1.183687899368396357e+00,6.650555729866027832e-01
1.183780653507996217e+00,6.651666760444641113e-01
1.183873338613544712e+00,6.652222275733947754e-01
1.183965954787724595e+00,6.646111011505126953e-01
1.184058502132990576e+00,6.654999852180480957e-01
1.184150980751569326e+00,6.653888821601867676e-01
1.184243390745459035e+00,6.643333435058593750e-01
1.184335732216431625e+00,6.638333201408386230e-01
1.184428005266032757e+00,6.649444699287414551e-01
1.184520209995582052e+00,6.652222275733947754e-01
1.184612346506174863e+00,6.657778024673461914e-01
1.184704414898682057e+00,6.649444699287414551e-01
1.184796415273750902e+00,6.653888821601867676e-01
1.184888347731805958e+00,6.653888821601867676e-01
1.184980212373049069e+00,6.652777791023254395e-01
1.185072009297460927e+00,6.651666760444641113e-01
1.185163738604801509e+00,6.650000214576721191e-01
1.185255400394609637e+00,6.650000214576721191e-01
1.185346994766205420e+00,6.648333072662353516e-01
1.185438521818689139e+00,6.647777557373046875e-01
1.185529981650943920e+00,6.652777791023254395e-01
1.185621374361633729e+00,6.653888821601867676e-01
1.185712700049206481e+00,6.650000214576721191e-01
1.185803958811893155e+00,6.643888950347900391e-01
1.185895150747709570e+00,6.656666398048400879e-01
1.185986275954455493e+00,6.652777791023254395e-01
1.186077334529716643e+00,6.653888821601867676e-01
1.186168326570865128e+00,6.651666760444641113e-01
1.186259252175058787e+00,6.661111116409301758e-01
1.186350111439244071e+00,6.653333306312561035e-01
1.186440904460154488e+00,6.663333177566528320e-01
1.186531631334312165e+00,6.660000085830688477e-01
1.186622292158029168e+00,6.653333306312561035e-01
1.186712887027406627e+00,6.657778024673461914e-01
1.186803416038335834e+00,6.653333306312561035e-01
1.186893879286500031e+00,6.651666760444641113e-01
1.186984276867373733e+00,6.657222509384155273e-01
1.187074608876223403e+00,6.663888692855834961e-01
1.187164875408108333e+00,6.660555601119995117e-01
1.187255076557881761e+00,6.658889055252075195e-01
1.187345212420190643e+00,6.656666398048400879e-01
1.187435283089476101e+00,6.657222509384155273e-01
1.187525288659975642e+00,6.657222509384155273e-01
1.187615229225721603e+00,6.655555367469787598e-01
1.187705104880542928e+00,6.649444699287414551e-01
1.187794915718065614e+00,6.654444336891174316e-01
1.187884661831713817e+00,6.658333539962768555e-01
1.187974343314708747e+00,6.655555367469787598e-01
1.188063960260071106e+00,6.654999852180480957e-01
1.188153512760620423e+00,6.649444699287414551e-01
1.188243000908977276e+00,6.650555729866027832e-01
1.188332424797561071e+00,6.648889183998107910e-01
1.188421784518593594e+00,6.648333072662353516e-01
1.188511080164097677e+00,6.650555729866027832e-01
1.188600311825898093e+00,6.647222042083740234e-01
1.188689479595622656e+00,6.651111245155334473e-01
1.188778583564702895e+00,6.654444336891174316e-01
1.188867623824373831e+00,6.653333306312561035e-01
1.188956600465674640e+00,6.653888821601867676e-01
1.189045513579449986e+00,6.650555729866027832e-01
1.189134363256349580e+00,6.648333072662353516e-01
1.189223149586829731e+00,6.650000214576721191e-01
1.189311872661153568e+00,6.651666760444641113e-01
1.189400532569390601e+00,6.654444336891174316e-01
1.189489129401419154e+00,6.652777791023254395e-01
1.189577663246924599e+00,6.654999852180480957e-01
1.189666134195402458e+00,6.657778024673461914e-01
1.189754542336156851e+00,6.658333539962768555e-01
1.189842887758301826e+00,6.658889055252075195e-01
1.189931170550762474e+00,6.652222275733947754e-01
1.190019390802274479e+00,6.655555367469787598e-01
1.190107548601384790e+00,6.657222509384155273e-01
1.190195644036453393e+00,6.651111245155334473e-01
1.190283677195651757e+00,6.649444699287414551e-01
1.190371648166965279e+00,6.647777557373046875e-01
1.190459557038192617e+00,6.649444699287414551e-01
1.190547403896947243e+00,6.647777557373046875e-01
1.190635188830656110e+00,6.652222275733947754e-01
1.190722911926562544e+00,6.653333306312561035e-01
1.190810573271725570e+00,6.653333306312561035e-01
1.190898172953019696e+00,6.653888821601867676e-01
1.190985711057137131e+00,6.652777791023254395e-01
1.191073187670586675e+00,6.651666760444641113e-01
1.191160602879695496e+00,6.646111011505126953e-01
1.191247956770608907e+00,6.648889183998107910e-01
1.191335249429290588e+00,6.650555729866027832e-01
1.191422480941524364e+00,6.653333306312561035e-01
1.191509651392913538e+00,6.658333539962768555e-01
1.191596760868881777e+00,6.648889183998107910e-01
1.191683809454673559e+00,6.650555729866027832e-01
1.191770797235355062e+00,6.646111011505126953e-01
1.191857724295813936e+00,6.648889183998107910e-01
1.191944590720759978e+00,6.648889183998107910e-01
1.192031396594726678e+00,6.651111245155334473e-01
1.192118142002070114e+00,6.650000214576721191e-01
1.192204827026970726e+00,6.645555496215820312e-01
1.192291451753432652e+00,6.646666526794433594e-01
1.192378016265285501e+00,6.643888950347900391e-01
1.192464520646183912e+00,6.645555496215820312e-01
1.192550964979608441e+00,6.650000214576721191e-01
1.192637349348865561e+00,6.650000214576721191e-01
1.192723673837088993e+00,6.650555729866027832e-01
1.192809938527239044e+00,6.649444699287414551e-01
1.192896143502104600e+00,6.651666760444641113e-01
1.192982288844302019e+00,6.651666760444641113e-01
1.193068374636276685e+00,6.647222042083740234e-01
1.193154400960303008e+00,6.651666760444641113e-01
1.193240367898484866e+00,6.649444699287414551e-01
1.193326275532756719e+00,6.649444699287414551e-01
1.193412123944883163e+00,6.644444465637207031e-01
1.193497913216459816e+00,6.645555496215820312e-01
1.193583643428913765e+00,6.648333072662353516e-01
1.193669314663504011e+00,6.649444699287414551e-01
1.193754927001322796e+00,6.650555729866027832e-01
1.193840480523293612e+00,6.650000214576721191e-01
1.193925975310174525e+00,6.652222275733947754e-01
1.194011411442557291e+00,6.646666526794433594e-01
1.194096789000867576e+00,6.648889183998107910e-01
1.194182108065365622e+00,6.650000214576721191e-01
1.194267368716147137e+00,6.650555729866027832e-01
1.194352571033143739e+00,6.646666526794433594e-01
1.194437715096121844e+00,6.643888950347900391e-01
1.194522800984685995e+00,6.647777557373046875e-01
1.194607828778276204e+00,6.650555729866027832e-01
1.194692798556171276e+00,6.647777557373046875e-01
1.194777710397486592e+00,6.646111011505126953e-01
1.194862564381176551e+00,6.647777557373046875e-01
1.194947360586034124e+00,6.647777557373046875e-01
1.195032099090691524e+00,6.648333072662353516e-01
1.195116779973619980e+00,6.644999980926513672e-01
1.195201403313131294e+00,6.646111011505126953e-01
1.195285969187377617e+00,6.648333072662353516e-01
1.195370477674352117e+00,6.650555729866027832e-01
1.195454928851889198e+00,6.644999980926513672e-01
1.195539322797664950e+00,6.650000214576721191e-01
1.195623659589197585e+00,6.651666760444641113e-01
1.195707939303848333e+00,6.648889183998107910e-01
1.195792162018820770e+00,6.653333306312561035e-01
1.195876327811162154e+00,6.652222275733947754e-01
1.195960436757764311e+00,6.652777791023254395e-01
1.196044488935362748e+00,6.649444699287414551e-01
1.196128484420537763e+00,6.654444336891174316e-01
1.196212423289714666e+00,6.653333306312561035e-01
1.196296305619164668e+00,6.648889183998107910e-01
1.196380131485004883e+00,6.649444699287414551e-01
1.196463900963198546e+00,6.648889183998107910e-01
1.196547614129556125e+00,6.651666760444641113e-01
1.196631271059735102e+00,6.649444699287414551e-01
1.196714871829240190e+00,6.653333306312561035e-01
1.196798416513424668e+00,6.648889183998107910e-01
1.196881905187490380e+00,6.652222275733947754e-01
1.196965337926487294e+00,6.650555729866027832e-01
1.197048714805315717e+00,6.652222275733947754e-01
1.197132035898724300e+00,6.650000214576721191e-01
1.197215301281312705e+00,6.649444699287414551e-01
1.197298511027530932e+00,6.650000214576721191e-01
1.197381665211679769e+00,6.659444570541381836e-01
1.197464763907910790e+00,6.657222509384155273e-01
1.197547807190227909e+00,6.648889183998107910e-01
1.197630795132486714e+00,6.652222275733947754e-01
1.197713727808395578e+00,6.653333306312561035e-01
1.197796605291514993e+00,6.652777791023254395e-01
1.197879427655259565e+00,6.656110882759094238e-01
1.197962194972896910e+00,6.652777791023254395e-01
1.198044907317549201e+00,6.656666398048400879e-01
1.198127564762192288e+00,6.664444208145141602e-01
1.198210167379657243e+00,6.654444336891174316e-01
1.198292715242630146e+00,6.651111245155334473e-01
1.198375208423653193e+00,6.650000214576721191e-01
1.198457646995123582e+00,6.653888821601867676e-01
1.198540031029295738e+00,6.653888821601867676e-01
1.198622360598279757e+00,6.656110882759094238e-01
1.198704635774043847e+00,6.653888821601867676e-01
1.198786856628413000e+00,6.651666760444641113e-01
1.198869023233070319e+00,6.656110882759094238e-01
1.198951135659557243e+00,6.653888821601867676e-01
1.199033193979273104e+00,6.653888821601867676e-01
1.199115198263477122e+00,6.651111245155334473e-01
1.199197148583287298e+00,6.657778024673461914e-01
1.199279045009681077e+00,6.655555367469787598e-01
1.199360887613496685e+00,6.653333306312561035e-01
1.199442676465432012e+00,6.652777791023254395e-01
1.199524411636046617e+00,6.654999852180480957e-01
1.199606093195760170e+00,6.656110882759094238e-01
1.199687721214854896e+00,6.656666398048400879e-01
1.199769295763474020e+00,6.658333539962768555e-01
1.199850816911623541e+00,6.662777662277221680e-01
1.199932284729172238e+00,6.663333177566528320e-01
1.200013699285850999e+00,6.662222146987915039e-01
1.200095060651254819e+00,6.652222275733947754e-01
1.200176368894842582e+00,6.651111245155334473e-01
1.200257624085935948e+00,6.656666398048400879e-01
1.200338826293722683e+00,6.662222146987915039e-01
1.200419975587253774e+00,6.666111350059509277e-01
1.200501072035446093e+00,6.665555834770202637e-01
1.200582115707081954e+00,6.664444208145141602e-01
1.200663106670809555e+00,6.661666631698608398e-01
1.200744044995142312e+00,6.661111116409301758e-01
1.200824930748461528e+00,6.664444208145141602e-01
1.200905763999014386e+00,6.666666865348815918e-01
1.200986544814915513e+00,6.663333177566528320e-01
1.201067273264146973e+00,6.659444570541381836e-01
1.201147949414559157e+00,6.653888821601867676e-01
1.201228573333870120e+00,6.655555367469787598e-01
1.201309145089666686e+00,6.662222146987915039e-01
1.201389664749404895e+00,6.658889055252075195e-01
1.201470132380409339e+00,6.654999852180480957e-01
1.201550548049874934e+00,6.658889055252075195e-01
1.201630911824865366e+00,6.659444570541381836e-01
1.201711223772316428e+00,6.659444570541381836e-01
1.201791483959032680e+00,6.656110882759094238e-01
1.201871692451690787e+00,6.657222509384155273e-01
1.201951849316837961e+00,6.660000085830688477e-01
1.202031954620893073e+00,6.662222146987915039e-01
1.202112008430147094e+00,6.659444570541381836e-01
1.202192010810763545e+00,6.658889055252075195e-01
1.202271961828778046e+00,6.652222275733947754e-01
1.202351861550098988e+00,6.657778024673461914e-01
1.202431710040508639e+00,6.660000085830688477e-01
1.202511507365662036e+00,6.660000085830688477e-01
1.202591253591088982e+00,6.654444336891174316e-01
1.202670948782192495e+00,6.654999852180480957e-01
1.202750593004250579e+00,6.664999723434448242e-01
1.202830186322416006e+00,6.662222146987915039e-01
1.202909728801717204e+00,6.661111116409301758e-01
1.202989220507057144e+00,6.658889055252075195e-01
1.203068661503215342e+00,6.653333306312561035e-01
1.203148051854846967e+00,6.656666398048400879e-01
1.203227391626483733e+00,6.657778024673461914e-01
1.203306680882534563e+00,6.666111350059509277e-01
1.203385919687284700e+00,6.658889055252075195e-01
1.203465108104896819e+00,6.663888692855834961e-01
1.203544246199411916e+00,6.657222509384155273e-01
1.203623334034748638e+00,6.656110882759094238e-01
1.203702371674703731e+00,6.660000085830688477e-01
1.203781359182952260e+00,6.656666398048400879e-01
1.203860296623049386e+00,6.663888692855834961e-01
1.203939184058428147e+00,6.653888821601867676e-01
1.204018021552402340e+00,6.658333539962768555e-01
1.204096809168164084e+00,6.656110882759094238e-01
1.204175546968787147e+00,6.657222509384155273e-01
1.204254235017224506e+00,6.655555367469787598e-01
1.204332873376311230e+00,6.658889055252075195e-01
1.204411462108761821e+00,6.660555601119995117e-01
1.204490001277173761e+00,6.655555367469787598e-01
1.204568490944024850e+00,6.651666760444641113e-01
1.204646931171675428e+00,6.654444336891174316e-01
1.204725322022367928e+00,6.652777791023254395e-01
1.204803663558227544e+00,6.653888821601867676e-01
1.204881955841261787e+00,6.656666398048400879e-01
1.204960198933362037e+00,6.654999852180480957e-01
1.205038392896302435e+00,6.660555601119995117e-01
1.205116537791741216e+00,6.660000085830688477e-01
1.205194633681220262e+00,6.659444570541381836e-01
1.205272680626166215e+00,6.662222146987915039e-01
1.205350678687889809e+00,6.662777662277221680e-01
1.205428627927586982e+00,6.655555367469787598e-01
1.205506528406338651e+00,6.662777662277221680e-01
1.205584380185111604e+00,6.662222146987915039e-01
1.205662183324757386e+00,6.663333177566528320e-01
1.205739937886014523e+00,6.662777662277221680e-01
1.205817643929507410e+00,6.658889055252075195e-01
1.205895301515747198e+00,6.657778024673461914e-01
1.205972910705131795e+00,6.657778024673461914e-01
1.206050471557946313e+00,6.660000085830688477e-01
1.206127984134363285e+00,6.658889055252075195e-01
1.206205448494442667e+00,6.657222509384155273e-01
1.206282864698132951e+00,6.658889055252075195e-01
1.206360232805270494e+00,6.660000085830688477e-01
1.206437552875580410e+00,6.660000085830688477e-01
1.206514824968676347e+00,6.664444208145141602e-01
1.206592049144061596e+00,6.656110882759094238e-01
1.206669225461127759e+00,6.658333539962768555e-01
1.206746353979157638e+00,6.654444336891174316e-01
1.206823434757322566e+00,6.663888692855834961e-01
1.206900467854685077e+00,6.662222146987915039e-01
1.206977453330197125e+00,6.663888692855834961e-01
1.207054391242702529e+00,6.667222380638122559e-01
1.207131281650935195e+00,6.663888692855834961e-01
1.207208124613520672e+00,6.661666631698608398e-01
1.207284920188976374e+00,6.664999723434448242e-01
1.207361668435710911e+00,6.663888692855834961e-01
1.207438369412025203e+00,6.665555834770202637e-01
1.207515023176112701e+00,6.660555601119995117e-01
1.207591629786059384e+00,6.664999723434448242e-01
1.207668189299843986e+00,6.664999723434448242e-01
1.207744701775337992e+00,6.665555834770202637e-01
1.207821167270307638e+00,6.667222380638122559e-01
1.207897585842410804e+00,6.666111350059509277e-01
1.207973957549201449e+00,6.662222146987915039e-01
1.208050282448126067e+00,6.661666631698608398e-01
1.208126560596526122e+00,6.662222146987915039e-01
1.208202792051638053e+00,6.658333539962768555e-01
1.208278976870592603e+00,6.663333177566528320e-01
1.208355115110416600e+00,6.662777662277221680e-01
1.208431206828031845e+00,6.666111350059509277e-01
1.208507252080255556e+00,6.663888692855834961e-01
1.208583250923801478e+00,6.662222146987915039e-01
1.208659203415279437e+00,6.663333177566528320e-01
1.208735109611195790e+00,6.669999957084655762e-01
1.208810969567953197e+00,6.667777895927429199e-01
1.208886783341851734e+00,6.663333177566528320e-01
1.208962550989088669e+00,6.666666865348815918e-01
1.209038272565758465e+00,6.663333177566528320e-01
1.209113948127854110e+00,6.660000085830688477e-01
1.209189577731265564e+00,6.662222146987915039e-01
1.209265161431781310e+00,6.657778024673461914e-01
1.209340699285089027e+00,6.661666631698608398e-01
1.209416191346774028e+00,6.660000085830688477e-01
1.209491637672321929e+00,6.661111116409301758e-01
1.209567038317115761e+00,6.663333177566528320e-01
1.209642393336439525e+00,6.663888692855834961e-01
1.209717702785476634e+00,6.662222146987915039e-01
1.209792966719309915e+00,6.666111350059509277e-01
1.209868185192922940e+00,6.665555834770202637e-01
1.209943358261199364e+00,6.664444208145141602e-01
1.210018485978923586e+00,6.667222380638122559e-01
1.210093568400780750e+00,6.665555834770202637e-01
1.210168605581357859e+00,6.664444208145141602e-01
1.210243597575142438e+00,6.666666865348815918e-01
1.210318544436524091e+00,6.669444441795349121e-01
1.210393446219794056e+00,6.670555472373962402e-01
1.210468302979146094e+00,6.664444208145141602e-01
1.210543114768675599e+00,6.667222380638122559e-01
1.210617881642380933e+00,6.668333411216735840e-01
1.210692603654163868e+00,6.664999723434448242e-01
1.210767280857827810e+00,6.667777895927429199e-01
1.210841913307080908e+00,6.666666865348815918e-01
1.210916501055533390e+00,6.666666865348815918e-01
1.210991044156700447e+00,6.669444441795349121e-01
1.211065542664000461e+00,6.669444441795349121e-01
1.211139996630756333e+00,6.668333411216735840e-01
1.211214406110195485e+00,6.671666502952575684e-01
1.211288771155449417e+00,6.669999957084655762e-01
1.211363091819555038e+00,6.672777533531188965e-01
1.211437368155454442e+00,6.671110987663269043e-01
1.211511600215994244e+00,6.666111350059509277e-01
1.211585788053927804e+00,6.674444675445556641e-01
1.211659931721913219e+00,6.673333048820495605e-01
1.211734031272515333e+00,6.668888926506042480e-01
1.211808086758204395e+00,6.668333411216735840e-01
1.211882098231358063e+00,6.672222018241882324e-01
1.211956065744259847e+00,6.676111221313476562e-01
1.212029989349100667e+00,6.672777533531188965e-01
1.212103869097978182e+00,6.672777533531188965e-01
1.212177705042897902e+00,6.671110987663269043e-01
1.212251497235772080e+00,6.672222018241882324e-01
1.212325245728421708e+00,6.673889160156250000e-01
1.212398950572575185e+00,6.671666502952575684e-01
1.212472611819868762e+00,6.670555472373962402e-01
1.212546229521848096e+00,6.673333048820495605e-01
1.212619803729966472e+00,6.672777533531188965e-01
1.212693334495587250e+00,6.671666502952575684e-01
1.212766821869981193e+00,6.670555472373962402e-01
1.212840265904330028e+00,6.675555706024169922e-01
1.212913666649723776e+00,6.675000190734863281e-01
1.212987024157162752e+00,6.672777533531188965e-01
1.213060338477557343e+00,6.671666502952575684e-01
1.213133609661727341e+00,6.672777533531188965e-01
1.213206837760403722e+00,6.673333048820495605e-01
1.213280022824227311e+00,6.670555472373962402e-01
1.213353164903750336e+00,6.671110987663269043e-01
1.213426264049435765e+00,6.676666736602783203e-01
1.213499320311657304e+00,6.673889160156250000e-01
1.213572333740700504e+00,6.673333048820495605e-01
1.213645304386762991e+00,6.673889160156250000e-01
1.213718232299952904e+00,6.677777767181396484e-01
1.213791117530291785e+00,6.675000190734863281e-01
1.213863960127712804e+00,6.678333282470703125e-01
1.213936760142060756e+00,6.677777767181396484e-01
1.214009517623094947e+00,6.679444313049316406e-01
1.214082232620485424e+00,6.673333048820495605e-01
1.214154905183816968e+00,6.673889160156250000e-01
1.214227535362586652e+00,6.676666736602783203e-01
1.214300123206205173e+00,6.675000190734863281e-01
1.214372668763997076e+00,6.673333048820495605e-01
1.214445172085200753e+00,6.678333282470703125e-01
1.214517633218968218e+00,6.676111221313476562e-01
1.214590052214366445e+00,6.671110987663269043e-01
1.214662429120376030e+00,6.673889160156250000e-01
1.214734763985892974e+00,6.676111221313476562e-01
1.214807056859727785e+00,6.674444675445556641e-01
1.214879307790605489e+00,6.680555343627929688e-01
1.214951516827167621e+00,6.686111092567443848e-01
1.215023684017970229e+00,6.682222485542297363e-01
1.215095809411484984e+00,6.663333177566528320e-01
1.215167893056099402e+00,6.671666502952575684e-01
1.215239935000117510e+00,6.681666374206542969e-01
1.215311935291759404e+00,6.681110858917236328e-01
1.215383893979161245e+00,6.673889160156250000e-01
1.215455811110375484e+00,6.683889031410217285e-01
1.215527686733372859e+00,6.686111092567443848e-01
1.215599520896039509e+00,6.685555577278137207e-01
1.215671313646178975e+00,6.682222485542297363e-01
1.215743065031513526e+00,6.679999828338623047e-01
1.215814775099681277e+00,6.679444313049316406e-01
1.215886443898239078e+00,6.675555706024169922e-01
1.215958071474661173e+00,6.679444313049316406e-01
1.216029657876340764e+00,6.685000061988830566e-01
1.216101203150588228e+00,6.683333516120910645e-01
1.216172707344633785e+00,6.682778000831604004e-01
1.216244170505624833e+00,6.682778000831604004e-01
1.216315592680628832e+00,6.684444546699523926e-01
1.216386973916631975e+00,6.685555577278137207e-01
1.216458314260539408e+00,6.690000295639038086e-01
1.216529613759176343e+00,6.689444184303283691e-01
1.216600872459286498e+00,6.683889031410217285e-01
1.216672090407534323e+00,6.684444546699523926e-01
1.216743267650504778e+00,6.675555706024169922e-01
1.216814404234701108e+00,6.691666841506958008e-01
1.216885500206548842e+00,6.683889031410217285e-01
1.216956555612392910e+00,6.682222485542297363e-01
1.217027570498499411e+00,6.673333048820495605e-01
1.217098544911055402e+00,6.671666502952575684e-01
1.217169478896168222e+00,6.682222485542297363e-01
1.217240372499867718e+00,6.683333516120910645e-01
1.217311225768104022e+00,6.675000190734863281e-01
1.217382038746749773e+00,6.677222251892089844e-01
1.217452811481599007e+00,6.672222018241882324e-01
1.217523544018367154e+00,6.677777767181396484e-01
1.217594236402693042e+00,6.683889031410217285e-01
1.217664888680136892e+00,6.684444546699523926e-01
1.217735500896181655e+00,6.687222123146057129e-01
1.217806073096233010e+00,6.685555577278137207e-01
1.217876605325619366e+00,6.686111092567443848e-01
1.217947097629592523e+00,6.690000295639038086e-01
1.218017550053326792e+00,6.690555810928344727e-01
1.218087962641920763e+00,6.684444546699523926e-01
1.218158335440395756e+00,6.686111092567443848e-01
1.218228668493696931e+00,6.688333153724670410e-01
1.218298961846693951e+00,6.689444184303283691e-01
1.218369215544179651e+00,6.687222123146057129e-01
1.218439429630872262e+00,6.690000295639038086e-01
1.218509604151412962e+00,6.683333516120910645e-01
1.218579739150368768e+00,6.675555706024169922e-01
1.218649834672230758e+00,6.678888797760009766e-01
1.218719890761415403e+00,6.686666607856750488e-01
1.218789907462263677e+00,6.683889031410217285e-01
1.218859884819041950e+00,6.681110858917236328e-01
1.218929822875942426e+00,6.684444546699523926e-01
1.218999721677082482e+00,6.687777638435363770e-01
1.219069581266505331e+00,6.682778000831604004e-01
1.219139401688180468e+00,6.686111092567443848e-01
1.219209182986002782e+00,6.685555577278137207e-01
1.219278925203794106e+00,6.684444546699523926e-01
1.219348628385302113e+00,6.686111092567443848e-01
1.219418292574201645e+00,6.693333387374877930e-01
1.219487917814093603e+00,6.693333387374877930e-01
1.219557504148506499e+00,6.677777767181396484e-01
1.219627051620895353e+00,6.679444313049316406e-01
1.219696560274642794e+00,6.681666374206542969e-01
1.219766030153058400e+00,6.692777872085571289e-01
1.219835461299380031e+00,6.684444546699523926e-01
1.219904853756772711e+00,6.685555577278137207e-01
1.219974207568329305e+00,6.685555577278137207e-01
1.220043522777071177e+00,6.685000061988830566e-01
1.220112799425947303e+00,6.685555577278137207e-01
1.220182037557835386e+00,6.684444546699523926e-01
1.220251237215541851e+00,6.684444546699523926e-01
1.220320398441801402e+00,6.687777638435363770e-01
1.220389521279277689e+00,6.686666607856750488e-01
1.220458605770563532e+00,6.681110858917236328e-01
1.220527651958180471e+00,6.682778000831604004e-01
1.220596659884579882e+00,6.685000061988830566e-01
1.220665629592142531e+00,6.679444313049316406e-01
1.220734561123178130e+00,6.682778000831604004e-01
1.220803454519927334e+00,6.685555577278137207e-01
1.220872309824559965e+00,6.681666374206542969e-01
1.220941127079175459e+00,6.684444546699523926e-01
1.221009906325804861e+00,6.681666374206542969e-01
1.221078647606408385e+00,6.683333516120910645e-01
1.221147350962877631e+00,6.688333153724670410e-01
1.221216016437034257e+00,6.682778000831604004e-01
1.221284644070631309e+00,6.688333153724670410e-01
1.221353233905352331e+00,6.681666374206542969e-01
1.221421785982812480e+00,6.686666607856750488e-01
1.221490300344557856e+00,6.685555577278137207e-01
1.221558777032066390e+00,6.688333153724670410e-01
1.221627216086747403e+00,6.687222123146057129e-01
1.221695617549942048e+00,6.689444184303283691e-01
1.221763981462923310e+00,6.686111092567443848e-01
1.221832307866896228e+00,6.689444184303283691e-01
1.221900596802998340e+00,6.685555577278137207e-01
1.221968848312299238e+00,6.686666607856750488e-01
1.222037062435801014e+00,6.687777638435363770e-01
1.222105239214438921e+00,6.684444546699523926e-01
1.222173378689079826e+00,6.686666607856750488e-01
1.222241480900525090e+00,6.689444184303283691e-01
1.222309545889508131e+00,6.688888669013977051e-01
1.222377573696695752e+00,6.687222123146057129e-01
1.222445564362688808e+00,6.688888669013977051e-01
1.222513517928020654e+00,6.685000061988830566e-01
1.222581434433159142e+00,6.683333516120910645e-01
1.222649313918505509e+00,6.692777872085571289e-01
1.222717156424395046e+00,6.688333153724670410e-01
1.222784961991097763e+00,6.690555810928344727e-01
1.222852730658816611e+00,6.683889031410217285e-01
1.222920462467690150e+00,6.696666479110717773e-01
1.222988157457791214e+00,6.688333153724670410e-01
1.223055815669127133e+00,6.685555577278137207e-01
1.223123437141639736e+00,6.695555448532104492e-01
1.223191021915206234e+00,6.696110963821411133e-01
1.223258570029639225e+00,6.693888902664184570e-01
1.223326081524686249e+00,6.687777638435363770e-01
1.223393556440029561e+00,6.687222123146057129e-01
1.223460994815288361e+00,6.688888669013977051e-01
1.223528396690016562e+00,6.688888669013977051e-01
1.223595762103703688e+00,6.688888669013977051e-01
1.223663091095776201e+00,6.688888669013977051e-01
1.223730383705595726e+00,6.686666607856750488e-01
1.223797639972460383e+00,6.691666841506958008e-01
1.223864859935604787e+00,6.687777638435363770e-01
1.223932043634200051e+00,6.691666841506958008e-01
1.223999191107353779e+00,6.686111092567443848e-01
1.224066302394110517e+00,6.689444184303283691e-01
1.224133377533451528e+00,6.693333387374877930e-01
1.224200416564295457e+00,6.693333387374877930e-01
1.224267419525497447e+00,6.694999933242797852e-01
1.224334386455850909e+00,6.688333153724670410e-01
