# kappa, accuracy
0.000000000000000000e+00,5.000000000000000000e-01
2.987249091409383550e-01,5.000000000000000000e-01
3.792557678294404822e-01,5.000000000000000000e-01
4.277583498466850931e-01,6.183333396911621094e-01
4.625764868855314349e-01,6.386666893959045410e-01
4.897565571805314599e-01,6.496666669845581055e-01
5.120541293714390152e-01,6.572222113609313965e-01
5.309590714075206330e-01,6.585000157356262207e-01
5.473687352628376912e-01,6.642222404479980469e-01
5.618656794114896824e-01,6.710555553436279297e-01
5.748496126746719392e-01,6.731111407279968262e-01
5.866067196994068089e-01,6.705555319786071777e-01
5.973489575776470550e-01,6.832222342491149902e-01
6.072376953014587686e-01,6.771666407585144043e-01
6.163986326678840832e-01,6.823889017105102539e-01
6.249315951695262328e-01,6.792777776718139648e-01
6.329171816584501231e-01,6.809444427490234375e-01
6.404214053463871403e-01,6.798889040946960449e-01
6.474990138176948129e-01,6.771666407585144043e-01
6.541959150532566936e-01,6.806666851043701172e-01
6.605509836347106534e-01,6.872222423553466797e-01
6.665974279541335701e-01,6.822222471237182617e-01
6.723638405517917693e-01,6.815555691719055176e-01
6.778750158195686604e-01,6.748333573341369629e-01
6.831525942862755052e-01,6.691111326217651367e-01
6.882155758289544289e-01,6.772778034210205078e-01
6.930807325619773307e-01,6.687777638435363770e-01
6.977629440542770789e-01,6.727777719497680664e-01
7.022754717745595121e-01,6.817777752876281738e-01
7.066301855241375884e-01,6.814444661140441895e-01
7.108377515969088734e-01,6.764444708824157715e-01
7.149077901761924370e-01,6.776111125946044922e-01
7.188490078133372707e-01,6.804444193840026855e-01
7.226693095770739816e-01,6.763888597488403320e-01
7.263758945059176630e-01,6.808333396911621094e-01
7.299753372606024859e-01,6.833888888359069824e-01
7.334736583035665891e-01,6.794444322586059570e-01
7.368763844871998314e-01,6.769999861717224121e-01
7.401886015820621223e-01,6.831111311912536621e-01
7.434149999984632773e-01,6.771666407585144043e-01
7.465599147331349883e-01,6.775555610656738281e-01
7.496273603947533060e-01,6.740555763244628906e-01
7.526210620183589883e-01,6.779999732971191406e-01
7.555444822619917788e-01,6.621666550636291504e-01
7.584008454835651225e-01,6.724444627761840820e-01
7.611931591178152656e-01,6.726666688919067383e-01
7.639242327086831486e-01,6.767222285270690918e-01
7.665966948990934338e-01,6.778888702392578125e-01
7.692130086356734342e-01,6.756111383438110352e-01
7.717754848088477226e-01,6.798889040946960449e-01
7.742862945176250955e-01,6.767777800559997559e-01
7.767474801221991854e-01,6.723333597183227539e-01
7.791609652253462803e-01,6.691666841506958008e-01
7.815285637048401401e-01,6.697221994400024414e-01
7.838519879031344839e-01,6.794444322586059570e-01
7.861328560669407217e-01,6.729444265365600586e-01
7.883726991176656096e-01,6.739444732666015625e-01
7.905729668236540775e-01,6.761666536331176758e-01
7.927350334365615980e-01,6.698333621025085449e-01
7.948602028467337544e-01,6.692222356796264648e-01
7.969497133060239324e-01,6.732777953147888184e-01
7.990047417608808766e-01,6.725555658340454102e-01
8.010264078336796212e-01,6.713333129882812500e-01
8.030157774860080533e-01,6.732222437858581543e-01
8.049738663939254302e-01,6.653888821601867676e-01
8.069016430619410096e-01,6.747778058052062988e-01
8.088000316996212247e-01,6.753333210945129395e-01
8.106699148822085199e-01,6.740555763244628906e-01
8.125121360144245131e-01,6.717222332954406738e-01
8.143275016146781509e-01,6.739444732666015625e-01
8.161167834351596984e-01,6.773889064788818359e-01
8.178807204317697366e-01,6.723333597183227539e-01
8.196200205964701002e-01,6.734444499015808105e-01
8.213353626634274374e-01,6.798889040946960449e-01
8.230273976992382723e-01,6.753333210945129395e-01
8.246967505865610004e-01,6.747778058052062988e-01
8.263440214096153813e-01,6.674444675445556641e-01
8.279697867492358254e-01,6.775000095367431641e-01
8.295746008944736571e-01,6.736111044883728027e-01
8.311589969771197017e-01,6.704999804496765137e-01
8.327234880349553281e-01,6.694999933242797852e-01
8.342685680090412559e-01,6.710000038146972656e-01
8.357947126798921378e-01,6.706666946411132812e-01
8.373023805469781422e-01,6.740555763244628906e-01
8.387920136556206163e-01,6.751111149787902832e-01
8.402640383750135111e-01,6.755555272102355957e-01
8.417188661307956066e-01,6.765000224113464355e-01
8.431568940953252378e-01,6.742222309112548828e-01
8.445785058385504307e-01,6.690000295639038086e-01
8.459840719421485300e-01,6.777777671813964844e-01
8.473739505793902449e-01,6.757777929306030273e-01
8.487484880630017381e-01,6.776666641235351562e-01
8.501080193631190829e-01,6.788333058357238770e-01
8.514528685972735378e-01,6.787222027778625488e-01
8.527833494942014259e-01,6.669444441795349121e-01
8.540997658331380693e-01,6.694444417953491211e-01
8.554024118601341042e-01,6.738888621330261230e-01
8.566915726828236988e-01,6.696666479110717773e-01
8.579675246449659509e-01,6.719999909400939941e-01
8.592305356819939233e-01,6.721110939979553223e-01
8.604808656587129567e-01,6.656110882759094238e-01
8.617187666902142995e-01,6.737777590751647949e-01
8.629444834469945924e-01,6.745555400848388672e-01
8.641582534452058040e-01,6.753333210945129395e-01
8.653603073228955944e-01,6.780555844306945801e-01
8.665508691030432420e-01,6.788889169692993164e-01
8.677301564441395332e-01,6.743888854980468750e-01
8.688983808790141650e-01,6.713333129882812500e-01
8.700557480425638035e-01,6.767222285270690918e-01
8.712024578889950854e-01,6.736666560173034668e-01
8.723387048991565473e-01,6.779444217681884766e-01
8.734646782784973862e-01,6.731111407279968262e-01
8.745805621461563151e-01,6.784444451332092285e-01
8.756865357156536911e-01,6.750555634498596191e-01
8.767827734676306717e-01,6.786666512489318848e-01
8.778694453150509558e-01,6.768888831138610840e-01
8.789467167612567966e-01,6.808888912200927734e-01
8.800147490512478798e-01,6.744999885559082031e-01
8.810736993165271258e-01,6.673333048820495605e-01
8.821237207138400427e-01,6.751666665077209473e-01
8.831649625581141638e-01,6.732777953147888184e-01
8.841975704498857835e-01,6.775000095367431641e-01
8.852216863974882166e-01,6.794999837875366211e-01
8.862374489342552675e-01,6.773889064788818359e-01
8.872449932309843801e-01,6.781111359596252441e-01
8.882444512038859541e-01,6.747221946716308594e-01
8.892359516182357648e-01,6.759444475173950195e-01
8.902196201879331028e-01,6.696110963821411133e-01
8.911955796711580335e-01,6.673889160156250000e-01
8.921639499623084113e-01,6.736666560173034668e-01
8.931248481803915062e-01,6.754999756813049316e-01
8.940783887540296737e-01,6.763333082199096680e-01
8.950246835032371617e-01,6.726111173629760742e-01
8.959638417181136072e-01,6.730555295944213867e-01
8.968959702345913332e-01,6.763333082199096680e-01
8.978211735073694522e-01,6.767777800559997559e-01
8.987395536801583429e-01,6.712777614593505859e-01
8.996512106533527398e-01,6.727222204208374023e-01
9.005562421492467884e-01,6.719999909400939941e-01
9.014547437748939851e-01,6.769999861717224121e-01
9.023468090827188037e-01,6.740555763244628906e-01
9.032325296289698269e-01,6.725000143051147461e-01
9.041119950301108599e-01,6.717222332954406738e-01
9.049852930172339605e-01,6.767222285270690918e-01
9.058525094885776507e-01,6.806666851043701172e-01
9.067137285602292485e-01,6.738333106040954590e-01
9.075690326150863685e-01,6.697777509689331055e-01
9.084185023501479828e-01,6.718333363533020020e-01
9.092622168222038725e-01,6.783333420753479004e-01
9.101002534919861997e-01,6.738333106040954590e-01
9.109326882668458136e-01,6.768333315849304199e-01
9.117595955420115805e-01,6.769444346427917480e-01
9.125810482404885793e-01,6.662222146987915039e-01
9.133971178516496758e-01,6.701111197471618652e-01
9.142078744685696590e-01,6.725000143051147461e-01
9.150133868241536739e-01,6.723333597183227539e-01
9.158137223261026971e-01,6.721666455268859863e-01
9.166089470907637926e-01,6.809444427490234375e-01
9.173991259759066708e-01,6.759999990463256836e-01
9.181843226124656310e-01,6.743333339691162109e-01
9.189645994352884095e-01,6.732222437858581543e-01
9.197400177129272381e-01,6.746110916137695312e-01
9.205106375765071958e-01,6.721110939979553223e-01
9.212765180477087146e-01,6.766666769981384277e-01
9.220377170658931032e-01,6.740555763244628906e-01
9.227942915144050628e-01,6.767777800559997559e-01
9.235462972460805053e-01,6.757777929306030273e-01
9.242937891079895385e-01,6.774444580078125000e-01
9.250368209654402651e-01,6.790555715560913086e-01
9.257754457252712621e-01,6.772222518920898438e-01
9.265097153584579415e-01,6.729444265365600586e-01
9.272396809220549985e-01,6.738333106040954590e-01
9.279653925805007031e-01,6.688888669013977051e-01
9.286868996263035747e-01,6.736666560173034668e-01
9.294042505001327559e-01,6.752777695655822754e-01
9.301174928103340678e-01,6.750555634498596191e-01
9.308266733518896219e-01,6.759444475173950195e-01
9.315318381248405277e-01,6.791111230850219727e-01
9.322330323521916817e-01,6.728888750076293945e-01
9.329303004973147351e-01,6.744999885559082031e-01
9.336236862808662273e-01,6.747221946716308594e-01
9.343132326972380941e-01,6.734444499015808105e-01
9.349989820305552035e-01,6.719444394111633301e-01
9.356809758702337998e-01,6.740555763244628906e-01
9.363592551261176178e-01,6.716111302375793457e-01
9.370338600432028819e-01,6.749444603919982910e-01
9.377048302159677329e-01,6.716666817665100098e-01
9.383722046023162955e-01,6.651666760444641113e-01
9.390360215371523767e-01,6.708889007568359375e-01
9.396963187455924515e-01,6.790000200271606445e-01
9.403531333558310390e-01,6.734444499015808105e-01
9.410065019116675700e-01,6.664444208145141602e-01
9.416564603847068504e-01,6.772222518920898438e-01
9.423030441862432216e-01,6.672222018241882324e-01
9.429462881788369666e-01,6.765000224113464355e-01
9.435862266875936211e-01,6.690000295639038086e-01
9.442228935111556254e-01,6.686111092567443848e-01
9.448563219324129792e-01,6.711666584014892578e-01
9.454865447289441116e-01,6.692222356796264648e-01
9.461135941831931850e-01,6.711111068725585938e-01
9.467375020923936013e-01,6.734444499015808105e-01
9.473582997782419302e-01,6.741666793823242188e-01
9.479760180963344718e-01,6.731666922569274902e-01
9.485906874453691184e-01,6.782222390174865723e-01
9.492023377761217295e-01,6.759444475173950195e-01
9.498109986002040150e-01,6.758333444595336914e-01
9.504166989986064795e-01,6.693888902664184570e-01
9.510194676300370853e-01,6.738333106040954590e-01
9.516193327390569667e-01,6.720555424690246582e-01
9.522163221640220776e-01,6.682778000831604004e-01
9.528104633448356564e-01,6.707777976989746094e-01
9.534017833305155065e-01,6.737222075462341309e-01
9.539903087865843068e-01,6.728333234786987305e-01
9.545760660022839517e-01,6.758333444595336914e-01
9.551590808976226921e-01,6.765000224113464355e-01
9.557393790302570746e-01,6.683889031410217285e-01
9.563169856022154525e-01,6.767777800559997559e-01
9.568919254664645102e-01,6.773889064788818359e-01
9.574642231333263531e-01,6.725000143051147461e-01
9.580339027767483806e-01,6.739444732666015625e-01
9.586009882404307181e-01,6.681666374206542969e-01
9.591655030438135388e-01,6.695555448532104492e-01
9.597274703879309365e-01,6.707777976989746094e-01
9.602869131611325715e-01,6.690000295639038086e-01
9.608438539446768623e-01,6.765000224113464355e-01
9.613983150182006110e-01,6.729999780654907227e-01
9.619503183650666145e-01,6.715555787086486816e-01
9.624998856775938139e-01,6.726111173629760742e-01
9.630470383621724251e-01,6.709444522857666016e-01
9.635917975442668260e-01,6.726111173629760742e-01
9.641341840733099744e-01,6.738333106040954590e-01
9.646742185274918002e-01,6.722777485847473145e-01
9.652119212184426811e-01,6.763333082199096680e-01
9.657473121958194406e-01,6.736666560173034668e-01
9.662804112517894284e-01,6.736111044883728027e-01
9.668112379254221178e-01,6.729444265365600586e-01
9.673398115069852254e-01,6.705555319786071777e-01
9.678661510421517900e-01,6.747221946716308594e-01
9.683902753361175453e-01,6.669999957084655762e-01
9.689122029576324735e-01,6.730555295944213867e-01
9.694319522429482028e-01,6.768888831138610840e-01
9.699495412996836929e-01,6.759444475173950195e-01
9.704649880106099857e-01,6.752222180366516113e-01
9.709783100373574616e-01,6.737777590751647949e-01
9.714895248240482672e-01,6.747778058052062988e-01
9.719986496008519161e-01,6.787777543067932129e-01
9.725057013874703893e-01,6.736111044883728027e-01
9.730106969965521824e-01,6.757777929306030273e-01
9.735136530370372965e-01,6.723889112472534180e-01
9.740145859174350607e-01,6.762777566909790039e-01
9.745135118490356740e-01,6.781666874885559082e-01
9.750104468490585763e-01,6.727777719497680664e-01
9.755054067437379794e-01,6.722221970558166504e-01
9.759984071713466713e-01,6.778333187103271484e-01
9.764894635851614213e-01,6.782222390174865723e-01
9.769785912563688779e-01,6.768888831138610840e-01
9.774658052769156225e-01,6.716666817665100098e-01
9.779511205623017123e-01,6.681110858917236328e-01
9.784345518543212661e-01,6.775000095367431641e-01
9.789161137237487598e-01,6.736111044883728027e-01
9.793958205729745847e-01,6.736666560173034668e-01
9.798736866385894251e-01,6.731111407279968262e-01
9.803497259939190078e-01,6.747221946716308594e-01
9.808239525515121127e-01,6.778888702392578125e-01
9.812963800655791768e-01,6.782222390174865723e-01
9.817670221343867132e-01,6.791666746139526367e-01
9.822358922026053207e-01,6.745555400848388672e-01
9.827030035636146188e-01,6.794999837875366211e-01
9.831683693617644382e-01,6.711111068725585938e-01
9.836320025945943790e-01,6.693333387374877930e-01
9.840939161150119574e-01,6.773333549499511719e-01
9.845541226334305618e-01,6.740555763244628906e-01
9.850126347198681076e-01,6.746110916137695312e-01
9.854694648060068340e-01,6.742222309112548828e-01
9.859246251872161304e-01,6.728888750076293945e-01
9.863781280245382810e-01,6.711666584014892578e-01
9.868299853466375726e-01,6.769999861717224121e-01
9.872802090517152074e-01,6.771110892295837402e-01
9.877288109093884660e-01,6.788889169692993164e-01
9.881758025625377861e-01,6.727222204208374023e-01
9.886211955291189790e-01,6.766111254692077637e-01
9.890650012039451378e-01,6.712777614593505859e-01
9.895072308604344613e-01,6.731666922569274902e-01
9.899478956523295459e-01,6.753333210945129395e-01
9.903870066153854790e-01,6.746666431427001953e-01
9.908245746690268474e-01,6.738333106040954590e-01
9.912606106179786547e-01,6.758888959884643555e-01
9.916951251538660417e-01,6.713888645172119141e-01
9.921281288567878054e-01,6.742777824401855469e-01
9.925596321968619407e-01,6.779444217681884766e-01
9.929896455357446472e-01,6.794444322586059570e-01
9.934181791281236906e-01,6.741666793823242188e-01
9.938452431231855622e-01,6.787222027778625488e-01
9.942708475660572143e-01,6.733888983726501465e-01
9.946950023992248147e-01,6.787222027778625488e-01
9.951177174639264100e-01,6.735555529594421387e-01
9.955390025015222744e-01,6.708333492279052734e-01
9.959588671548422756e-01,6.710000038146972656e-01
9.963773209695098165e-01,6.728888750076293945e-01
9.967943733952444596e-01,6.784999966621398926e-01
9.972100337871413478e-01,6.756111383438110352e-01
9.976243114069314188e-01,6.824444532394409180e-01
9.980372154242194149e-01,6.756666898727416992e-01
9.984487549177012422e-01,6.728333234786987305e-01
9.988589388763621235e-01,6.786110997200012207e-01
9.992677762006548781e-01,6.782222390174865723e-01
9.996752757036577730e-01,6.800555586814880371e-01
1.000081446112215389e+00,6.742777824401855469e-01
1.000486296068060277e+00,6.771666407585144043e-01
1.000889834128914968e+00,6.771110892295837402e-01
1.001292068769577881e+00,6.750555634498596191e-01
1.001693008382991801e+00,6.701666712760925293e-01
1.002092661281294150e+00,6.710000038146972656e-01
1.002491035696850830e+00,6.744999885559082031e-01
1.002888139783274291e+00,6.786110997200012207e-01
1.003283981616424514e+00,6.684444546699523926e-01
1.003678569195393999e+00,6.743888854980468750e-01
1.004071910443478544e+00,6.818333268165588379e-01
1.004464013209131146e+00,6.807777881622314453e-01
1.004854885266902587e+00,6.792777776718139648e-01
1.005244534318364913e+00,6.741111278533935547e-01
1.005632967993023152e+00,6.788889169692993164e-01
1.006020193849212152e+00,6.765555739402770996e-01
1.006406219374976541e+00,6.798889040946960449e-01
1.006791051988942920e+00,6.766666769981384277e-01
1.007174699041172072e+00,6.789444684982299805e-01
1.007557167814004728e+00,6.798333525657653809e-01
1.007938465522886906e+00,6.772222518920898438e-01
1.008318599317190811e+00,6.746110916137695312e-01
1.008697576281015973e+00,6.782222390174865723e-01
1.009075403433983498e+00,6.771110892295837402e-01
1.009452087732014558e+00,6.667777895927429199e-01
1.009827636068100443e+00,6.727222204208374023e-01
1.010202055273057731e+00,6.742222309112548828e-01
1.010575352116275027e+00,6.710555553436279297e-01
1.010947533306446600e+00,6.762222051620483398e-01
1.011318605492296463e+00,6.782777905464172363e-01
1.011688575263290701e+00,6.775555610656738281e-01
1.012057449150338906e+00,6.733888983726501465e-01
1.012425233626486731e+00,6.756666898727416992e-01
1.012791935107598018e+00,6.740000247955322266e-01
1.013157559953024700e+00,6.728333234786987305e-01
1.013522114466269830e+00,6.743888854980468750e-01
1.013885604895638837e+00,6.770555377006530762e-01
1.014248037434883232e+00,6.676111221313476562e-01
1.014609418223832549e+00,6.762222051620483398e-01
1.014969753349019177e+00,6.790555715560913086e-01
1.015329048844293425e+00,6.689444184303283691e-01
1.015687310691429479e+00,6.736111044883728027e-01
1.016044544820722928e+00,6.749444603919982910e-01
1.016400757111580733e+00,6.777777671813964844e-01
1.016755953393099876e+00,6.710000038146972656e-01
1.017110139444641792e+00,6.731666922569274902e-01
1.017463320996395248e+00,6.729999780654907227e-01
1.017815503729933013e+00,6.782777905464172363e-01
1.018166693278760526e+00,6.720555424690246582e-01
1.018516895228856134e+00,6.704444289207458496e-01
1.018866115119204441e+00,6.733333468437194824e-01
1.019214358442321444e+00,6.732777953147888184e-01
1.019561630644774564e+00,6.773333549499511719e-01
1.019907937127691122e+00,6.704999804496765137e-01
1.020253283247264831e+00,6.751666665077209473e-01
1.020597674315251391e+00,6.720555424690246582e-01
1.020941115599459215e+00,6.757777929306030273e-01
1.021283612324232593e+00,6.759999990463256836e-01
1.021625169670929534e+00,6.727777719497680664e-01
1.021965792778390503e+00,6.821110844612121582e-01
1.022305486743403158e+00,6.761111021041870117e-01
1.022644256621160430e+00,6.757222414016723633e-01
1.022982107425711495e+00,6.788333058357238770e-01
1.023319044130406308e+00,6.693333387374877930e-01
1.023655071668335914e+00,6.752222180366516113e-01
1.023990194932765441e+00,6.713888645172119141e-01
1.024324418777561752e+00,6.766666769981384277e-01
1.024657748017614667e+00,6.707777976989746094e-01
1.024990187429254407e+00,6.696666479110717773e-01
1.025321741750660820e+00,6.738888621330261230e-01
1.025652415682269725e+00,6.778333187103271484e-01
1.025982213887172145e+00,6.728888750076293945e-01
1.026311140991508442e+00,6.781666874885559082e-01
1.026639201584859329e+00,6.712777614593505859e-01
1.026966400220628017e+00,6.701666712760925293e-01
1.027292741416421240e+00,6.775000095367431641e-01
1.027618229654421844e+00,6.759444475173950195e-01
1.027942869381759605e+00,6.803888678550720215e-01
1.028266665010875158e+00,6.675555706024169922e-01
1.028589620919879932e+00,6.765555739402770996e-01
1.028911741452910755e+00,6.741666793823242188e-01
1.029233030920481795e+00,6.777222156524658203e-01
1.029553493599829617e+00,6.733888983726501465e-01
1.029873133735254687e+00,6.730555295944213867e-01
1.030191955538459769e+00,6.788333058357238770e-01
1.030509963188881217e+00,6.753333210945129395e-01
1.030827160834020262e+00,6.779999732971191406e-01
1.031143552589764312e+00,6.707222461700439453e-01
1.031459142540710250e+00,6.758888959884643555e-01
1.031773934740479293e+00,6.769444346427917480e-01
1.032087933212029851e+00,6.758888959884643555e-01
1.032401141947965506e+00,6.777777671813964844e-01
1.032713564910840986e+00,6.789444684982299805e-01
1.033025206033461263e+00,6.752777695655822754e-01
1.033336069219179976e+00,6.786666512489318848e-01
1.033646158342191201e+00,6.801111102104187012e-01
1.033955477247821664e+00,6.724444627761840820e-01
1.034264029752813396e+00,6.732222437858581543e-01
1.034571819645609958e+00,6.749444603919982910e-01
1.034878850686633323e+00,6.735555529594421387e-01
1.035185126608559436e+00,6.772778034210205078e-01
1.035490651116591554e+00,6.743888854980468750e-01
1.035795427888728915e+00,6.751666665077209473e-01
1.036099460576031639e+00,6.756111383438110352e-01
1.036402752802884519e+00,6.741666793823242188e-01
1.036705308167255257e+00,6.752777695655822754e-01
1.037007130240950037e+00,6.738333106040954590e-01
1.037308222569868432e+00,6.748889088630676270e-01
1.037608588674251653e+00,6.727222204208374023e-01
1.037908232048929680e+00,6.840000152587890625e-01
1.038207156163566625e+00,6.697221994400024414e-01
1.038505364462899871e+00,6.816666722297668457e-01
1.038802860366979663e+00,6.707777976989746094e-01
1.039099647271403803e+00,6.746110916137695312e-01
1.039395728547550801e+00,6.761666536331176758e-01
1.039691107542808357e+00,6.742777824401855469e-01
1.039985787580802068e+00,6.812222003936767578e-01
1.040279771961619026e+00,6.755555272102355957e-01
1.040573063962028977e+00,6.748889088630676270e-01
1.040865666835704806e+00,6.793888807296752930e-01
1.041157583813438148e+00,6.758333444595336914e-01
1.041448818103352991e+00,6.763888597488403320e-01
1.041739372891119064e+00,6.729444265365600586e-01
1.042029251340159446e+00,6.733333468437194824e-01
1.042318456591856624e+00,6.673889160156250000e-01
1.042606991765758773e+00,6.778333187103271484e-01
1.042894859959780041e+00,6.766111254692077637e-01
1.043182064250400609e+00,6.748333573341369629e-01
1.043468607692863870e+00,6.819999814033508301e-01
1.043754493321372268e+00,6.761111021041870117e-01
1.044039724149278259e+00,6.784444451332092285e-01
1.044324303169277046e+00,6.758333444595336914e-01
1.044608233353593318e+00,6.816666722297668457e-01
1.044891517654167989e+00,6.720555424690246582e-01
1.045174159002842940e+00,6.720555424690246582e-01
1.045456160311542426e+00,6.756111383438110352e-01
1.045737524472453162e+00,6.724444627761840820e-01
1.046018254358202171e+00,6.756666898727416992e-01
1.046298352822033984e+00,6.754444241523742676e-01
1.046577822697982274e+00,6.785555481910705566e-01
1.046856666801044389e+00,6.797222495079040527e-01
1.047134887927349656e+00,6.785555481910705566e-01
1.047412488854329027e+00,6.779999732971191406e-01
1.047689472340879835e+00,6.804999709129333496e-01
1.047965841127531661e+00,6.764444708824157715e-01
1.048241597936609315e+00,6.747221946716308594e-01
1.048516745472391598e+00,6.742222309112548828e-01
1.048791286421272950e+00,6.741666793823242188e-01
1.049065223451919104e+00,6.790000200271606445e-01
1.049338559215423627e+00,6.788333058357238770e-01
1.049611296345461575e+00,6.759999990463256836e-01
1.049883437458441371e+00,6.769444346427917480e-01
1.050154985153656462e+00,6.728888750076293945e-01
1.050425942013432534e+00,6.800000071525573730e-01
1.050696310603277395e+00,6.773333549499511719e-01
1.050966093472023966e+00,6.777222156524658203e-01
1.051235293151976391e+00,6.722777485847473145e-01
1.051503912159051701e+00,6.769444346427917480e-01
1.051771952992921255e+00,6.754444241523742676e-01
1.052039418137150628e+00,6.748889088630676270e-01
1.052306310059336614e+00,6.781111359596252441e-01
1.052572631211245335e+00,6.770555377006530762e-01
1.052838384028945917e+00,6.748889088630676270e-01
1.053103570932945043e+00,6.773333549499511719e-01
1.053368194328319074e+00,6.795555353164672852e-01
1.053632256604844608e+00,6.727222204208374023e-01
1.053895760137129045e+00,6.781111359596252441e-01
1.054158707284736929e+00,6.759999990463256836e-01
1.054421100392317845e+00,6.757222414016723633e-01
1.054682941789732764e+00,6.767777800559997559e-01
1.054944233792175723e+00,6.780555844306945801e-01
1.055204978700298613e+00,6.732222437858581543e-01
1.055465178800332859e+00,6.767777800559997559e-01
1.055724836364207997e+00,6.771110892295837402e-01
1.055983953649671792e+00,6.738333106040954590e-01
1.056242532900408593e+00,6.794999837875366211e-01
1.056500576346154796e+00,6.752222180366516113e-01
1.056758086202814972e+00,6.798333525657653809e-01
1.057015064672575333e+00,6.760555505752563477e-01
1.057271513944017194e+00,6.741666793823242188e-01
1.057527436192229109e+00,6.780555844306945801e-01
1.057782833578916559e+00,6.772778034210205078e-01
1.058037708252512976e+00,6.759444475173950195e-01
1.058292062348286766e+00,6.753333210945129395e-01
1.058545897988449225e+00,6.782777905464172363e-01
1.058799217282261118e+00,6.736666560173034668e-01
1.059052022326137266e+00,6.743888854980468750e-01
1.059304315203750901e+00,6.737222075462341309e-01
1.059556097986136924e+00,6.738888621330261230e-01
1.059807372731793151e+00,6.736666560173034668e-01
1.060058141486782679e+00,6.752777695655822754e-01
1.060308406284832250e+00,6.719444394111633301e-01
1.060558169147431951e+00,6.740555763244628906e-01
1.060807432083934021e+00,6.757777929306030273e-01
1.061056197091648112e+00,6.735000014305114746e-01
1.061304466155938986e+00,6.636111140251159668e-01
1.061552241250319550e+00,6.747221946716308594e-01
1.061799524336548117e+00,6.775000095367431641e-01
1.062046317364718329e+00,6.785555481910705566e-01
1.062292622273352860e+00,6.717222332954406738e-01
1.062538440989496014e+00,6.756666898727416992e-01
1.062783775428801203e+00,6.745555400848388672e-01
1.063028627495623768e+00,6.719444394111633301e-01
1.063272999083107351e+00,6.728333234786987305e-01
1.063516892073272491e+00,6.804444193840026855e-01
1.063760308337103888e+00,6.753888726234436035e-01
1.064003249734636336e+00,6.781666874885559082e-01
1.064245718115039763e+00,6.779444217681884766e-01
1.064487715316703609e+00,6.726666688919067383e-01
1.064729243167321204e+00,6.732222437858581543e-01
1.064970303483971703e+00,6.771666407585144043e-01
1.065210898073202461e+00,6.775000095367431641e-01
1.065451028731110972e+00,6.672222018241882324e-01
1.065690697243423468e+00,6.747221946716308594e-01
1.065929905385576859e+00,6.769999861717224121e-01
1.066168654922795778e+00,6.706666946411132812e-01
1.066406947610171851e+00,6.750000119209289551e-01
1.066644785192741196e+00,6.762777566909790039e-01
1.066882169405559466e+00,6.689444184303283691e-01
1.067119101973780904e+00,6.714444160461425781e-01
1.067355584612729835e+00,6.791666746139526367e-01
1.067591619027977501e+00,6.769444346427917480e-01
1.067827206915416438e+00,6.750000119209289551e-01
1.068062349961331314e+00,6.735000014305114746e-01
1.068297049842472868e+00,6.779444217681884766e-01
1.068531308226129628e+00,6.778888702392578125e-01
1.068765126770198526e+00,6.740000247955322266e-01
1.068998507123255504e+00,6.763333082199096680e-01
1.069231450924625015e+00,6.734444499015808105e-01
1.069463959804449749e+00,6.753333210945129395e-01
1.069696035383758570e+00,6.794444322586059570e-01
1.069927679274533583e+00,6.750555634498596191e-01
1.070158893079779405e+00,6.723333597183227539e-01
1.070389678393587785e+00,6.758888959884643555e-01
1.070620036801204211e+00,6.746666431427001953e-01
1.070849969879093422e+00,6.736666560173034668e-01
1.071079479195004014e+00,6.792777776718139648e-01
1.071308566308031729e+00,6.700555682182312012e-01
1.071537232768685621e+00,6.766666769981384277e-01
1.071765480118947345e+00,6.698333621025085449e-01
1.071993309892336432e+00,6.756666898727416992e-01
1.072220723613970916e+00,6.752222180366516113e-01
1.072447722800628167e+00,6.743333339691162109e-01
1.072674308960807510e+00,6.762777566909790039e-01
1.072900483594787735e+00,6.758888959884643555e-01
1.073126248194688825e+00,6.845555305480957031e-01
1.073351604244529467e+00,6.783333420753479004e-01
1.073576553220287222e+00,6.810555458068847656e-01
1.073801096589954929e+00,6.763888597488403320e-01
1.074025235813599322e+00,6.792777776718139648e-01
1.074248972343417208e+00,6.766666769981384277e-01
1.074472307623792755e+00,6.725000143051147461e-01
1.074695243091352337e+00,6.738888621330261230e-01
1.074917780175020932e+00,6.679999828338623047e-01
1.075139920296076967e+00,6.775555610656738281e-01
1.075361664868206280e+00,6.710000038146972656e-01
1.075583015297556289e+00,6.786110997200012207e-01
1.075803972982789736e+00,6.757777929306030273e-01
1.076024539315137751e+00,6.721110939979553223e-01
1.076244715678451813e+00,6.756666898727416992e-01
1.076464503449256593e+00,6.759444475173950195e-01
1.076683903996800806e+00,6.752222180366516113e-01
1.076902918683109833e+00,6.742777824401855469e-01
1.077121548863034128e+00,6.754999756813049316e-01
1.077339795884302065e+00,6.679999828338623047e-01
1.077557661087567675e+00,6.661666631698608398e-01
1.077775145806461277e+00,6.729999780654907227e-01
1.077992251367638099e+00,6.784999966621398926e-01
1.078208979090827135e+00,6.740555763244628906e-01
1.078425330288878659e+00,6.714444160461425781e-01
1.078641306267812183e+00,6.744444370269775391e-01
1.078856908326864206e+00,6.756111383438110352e-01
1.079072137758534833e+00,6.778333187103271484e-01
1.079286995848633746e+00,6.747221946716308594e-01
1.079501483876327050e+00,6.781111359596252441e-01
1.079715603114182576e+00,6.751111149787902832e-01
1.079929354828215837e+00,6.778888702392578125e-01
1.080142740277933111e+00,6.753888726234436035e-01
1.080355760716378510e+00,6.697777509689331055e-01
1.080568417390176172e+00,6.743888854980468750e-01
1.080780711539574890e+00,6.775000095367431641e-01
1.080992644398491409e+00,6.752222180366516113e-01
1.081204217194553285e+00,6.801111102104187012e-01
1.081415431149141959e+00,6.793888807296752930e-01
1.081626287477434056e+00,6.751666665077209473e-01
1.081836787388444909e+00,6.706110835075378418e-01
1.082046932085068525e+00,6.778333187103271484e-01
1.082256722764119994e+00,6.794999837875366211e-01
1.082466160616376127e+00,6.748333573341369629e-01
1.082675246826615645e+00,6.760555505752563477e-01
1.082883982573659143e+00,6.753888726234436035e-01
1.083092369030410618e+00,6.781111359596252441e-01
1.083300407363894324e+00,6.756111383438110352e-01
1.083508098735296743e+00,6.735555529594421387e-01
1.083715444300003883e+00,6.752777695655822754e-01
1.083922445207639695e+00,6.728333234786987305e-01
1.084129102602105377e+00,6.723889112472534180e-01
1.084335417621616227e+00,6.728333234786987305e-01
1.084541391398740284e+00,6.758333444595336914e-01
1.084747025060434966e+00,6.789444684982299805e-01
1.084952319728083925e+00,6.752777695655822754e-01
1.085157276517534131e+00,6.745555400848388672e-01
1.085361896539132509e+00,6.781666874885559082e-01
1.085566180897760802e+00,6.707777976989746094e-01
1.085770130692873536e+00,6.746666431427001953e-01
1.085973747018531332e+00,6.719444394111633301e-01
1.086177030963436874e+00,6.753888726234436035e-01
1.086379983610970434e+00,6.779999732971191406e-01
1.086582606039224075e+00,6.769999861717224121e-01
1.086784899321035835e+00,6.787777543067932129e-01
1.086986864524023710e+00,6.723333597183227539e-01
1.087188502710620286e+00,6.766666769981384277e-01
1.087389814938105159e+00,6.717222332954406738e-01
1.087590802258639355e+00,6.773889064788818359e-01
1.087791465719296857e+00,6.712222099304199219e-01
1.087991806362099245e+00,6.784999966621398926e-01
1.088191825224046116e+00,6.699444651603698730e-01
1.088391523337149280e+00,6.743888854980468750e-01
1.088590901728462290e+00,6.740555763244628906e-01
1.088789961420115304e+00,6.742777824401855469e-01
1.088988703429343730e+00,6.690555810928344727e-01
1.089187128768520196e+00,6.766666769981384277e-01
1.089385238445186532e+00,6.761666536331176758e-01
1.089583033462083739e+00,6.742777824401855469e-01
1.089780514817181301e+00,6.761666536331176758e-01
1.089977683503710049e+00,6.761666536331176758e-01
1.090174540510189471e+00,6.716666817665100098e-01
1.090371086820458357e+00,6.777777671813964844e-01
1.090567323413706102e+00,6.723889112472534180e-01
1.090763251264498246e+00,6.765000224113464355e-01
1.090958871342809111e+00,6.729444265365600586e-01
1.091154184614048672e+00,6.700000166893005371e-01
1.091349192039092086e+00,6.751666665077209473e-01
1.091543894574306783e+00,6.722777485847473145e-01
1.091738293171581553e+00,6.697221994400024414e-01
1.091932388778354968e+00,6.725555658340454102e-01
1.092126182337642248e+00,6.765000224113464355e-01
1.092319674788062356e+00,6.719444394111633301e-01
1.092512867063866411e+00,6.716111302375793457e-01
1.092705760094964118e+00,6.669999957084655762e-01
1.092898354806950634e+00,6.703888773918151855e-01
1.093090652121133433e+00,6.715555787086486816e-01
1.093282652954558731e+00,6.704999804496765137e-01
1.093474358220036802e+00,6.771110892295837402e-01
1.093665768826169948e+00,6.740000247955322266e-01
1.093856885677376933e+00,6.778888702392578125e-01
1.094047709673917845e+00,6.666666865348815918e-01
1.094238241711922299e+00,6.733888983726501465e-01
1.094428482683411863e+00,6.694444417953491211e-01
1.094618433476326036e+00,6.752777695655822754e-01
1.094808094974548673e+00,6.723889112472534180e-01
1.094997468057929968e+00,6.788889169692993164e-01
1.095186553602312873e+00,6.803888678550720215e-01
1.095375352479556419e+00,6.677222251892089844e-01
1.095563865557561245e+00,6.704444289207458496e-01
1.095752093700291141e+00,6.737777590751647949e-01
1.095940037767799025e+00,6.750000119209289551e-01
1.096127698616249591e+00,6.772222518920898438e-01
1.096315077097942847e+00,6.787777543067932129e-01
1.096502174061336987e+00,6.783888936042785645e-01
1.096688990351071924e+00,6.758888959884643555e-01
1.096875526807992607e+00,6.774444580078125000e-01
1.097061784269169893e+00,6.793888807296752930e-01
1.097247763567925416e+00,6.753888726234436035e-01
1.097433465533852459e+00,6.744444370269775391e-01
1.097618890992837937e+00,6.738888621330261230e-01
1.097804040767086375e+00,6.775000095367431641e-01
1.097988915675139232e+00,6.806666851043701172e-01
1.098173516531898652e+00,6.763333082199096680e-01
1.098357844148647677e+00,6.790555715560913086e-01
1.098541899333072447e+00,6.795555353164672852e-01
1.098725682889282851e+00,6.752222180366516113e-01
1.098909195617834733e+00,6.711111068725585938e-01
1.099092438315748987e+00,6.752222180366516113e-01
1.099275411776533762e+00,6.792777776718139648e-01
1.099458116790204887e+00,6.708333492279052734e-01
1.099640554143305415e+00,6.719999909400939941e-01
1.099822724618927827e+00,6.768333315849304199e-01
1.100004628996731348e+00,6.786110997200012207e-01
1.100186268052965266e+00,6.778333187103271484e-01
1.100367642560485804e+00,6.717222332954406738e-01
1.100548753288778325e+00,6.764444708824157715e-01
1.100729601003974878e+00,6.772778034210205078e-01
1.100910186468875507e+00,6.723889112472534180e-01
1.101090510442965353e+00,6.793888807296752930e-01
1.101270573682436416e+00,6.782222390174865723e-01
1.101450376940204201e+00,6.761666536331176758e-01
1.101629920965928600e+00,6.729444265365600586e-01
1.101809206506030536e+00,6.794999837875366211e-01
1.101988234303713288e+00,6.802222132682800293e-01
1.102167005098977581e+00,6.786666512489318848e-01
1.102345519628643356e+00,6.735000014305114746e-01
1.102523778626365525e+00,6.738333106040954590e-01
1.102701782822653520e+00,6.683333516120910645e-01
1.102879532944888386e+00,6.698333621025085449e-01
1.103057029717340987e+00,6.744999885559082031e-01
1.103234273861189330e+00,6.758888959884643555e-01
1.103411266094537213e+00,6.758333444595336914e-01
1.103588007132430437e+00,6.738333106040954590e-01
1.103764497686874568e+00,6.746666431427001953e-01
1.103940738466852478e+00,6.771110892295837402e-01
1.104116730178340777e+00,6.792222261428833008e-01
1.104292473524328022e+00,6.762222051620483398e-01
1.104467969204829814e+00,6.708333492279052734e-01
1.104643217916906783e+00,6.773333549499511719e-01
1.104818220354680580e+00,6.816111207008361816e-01
1.104992977209351634e+00,6.788889169692993164e-01
1.105167489169213368e+00,6.804999709129333496e-01
1.105341756919669960e+00,6.769999861717224121e-01
1.105515781143252552e+00,6.806111335754394531e-01
1.105689562519634572e+00,6.746666431427001953e-01
1.105863101725648390e+00,6.781666874885559082e-01
1.106036399435299966e+00,6.793888807296752930e-01
1.106209456319786177e+00,6.755555272102355957e-01
1.106382273047509246e+00,6.761111021041870117e-01
1.106554850284092506e+00,6.744999885559082031e-01
1.106727188692395725e+00,6.741111278533935547e-01
1.106899288932530645e+00,6.775000095367431641e-01
1.107071151661876085e+00,6.753888726234436035e-01
1.107242777535092815e+00,6.756111383438110352e-01
1.107414167204138655e+00,6.771666407585144043e-01
1.107585321318283356e+00,6.809999942779541016e-01
1.107756240524123248e+00,6.765000224113464355e-01
1.107926925465595902e+00,6.767777800559997559e-01
1.108097376783994781e+00,6.702777743339538574e-01
1.108267595117983451e+00,6.794999837875366211e-01
1.108437581103610903e+00,6.754999756813049316e-01
1.108607335374323988e+00,6.812222003936767578e-01
1.108776858560983625e+00,6.742777824401855469e-01
1.108946151291877236e+00,6.737222075462341309e-01
1.109115214192733623e+00,6.748889088630676270e-01
1.109284047886736291e+00,6.736666560173034668e-01
1.109452652994538324e+00,6.764444708824157715e-01
1.109621030134274156e+00,6.746666431427001953e-01
1.109789179921575331e+00,6.764444708824157715e-01
1.109957102969582721e+00,6.766111254692077637e-01
1.110124799888959179e+00,6.801666617393493652e-01
1.110292271287905530e+00,6.786110997200012207e-01
1.110459517772171001e+00,6.758333444595336914e-01
1.110626539945067881e+00,6.738888621330261230e-01
1.110793338407484176e+00,6.772222518920898438e-01
1.110959913757896711e+00,6.756666898727416992e-01
1.111126266592384004e+00,6.777777671813964844e-01
1.111292397504638263e+00,6.754444241523742676e-01
1.111458307085980035e+00,6.803333163261413574e-01
1.111623995925368646e+00,6.810555458068847656e-01
1.111789464609416189e+00,6.729999780654907227e-01
1.111954713722399068e+00,6.773333549499511719e-01
1.112119743846271769e+00,6.814444661140441895e-01
1.112284555560676846e+00,6.754999756813049316e-01
1.112449149442959806e+00,6.795555353164672852e-01
1.112613526068178871e+00,6.726666688919067383e-01
1.112777686009119416e+00,6.798333525657653809e-01
1.112941629836302848e+00,6.778888702392578125e-01
1.113105358118001931e+00,6.757777929306030273e-01
1.113268871420249884e+00,6.761666536331176758e-01
1.113432170306853930e+00,6.780555844306945801e-01
1.113595255339405732e+00,6.754444241523742676e-01
1.113758127077294047e+00,6.778888702392578125e-01
1.113920786077714498e+00,6.735000014305114746e-01
1.114083232895683562e+00,6.770555377006530762e-01
1.114245468084047674e+00,6.782222390174865723e-01
1.114407492193495886e+00,6.785555481910705566e-01
1.114569305772570296e+00,6.756111383438110352e-01
1.114730909367677603e+00,6.732222437858581543e-01
1.114892303523099759e+00,6.721110939979553223e-01
1.115053488781005742e+00,6.727222204208374023e-01
1.115214465681461986e+00,6.784444451332092285e-01
1.115375234762443268e+00,6.757777929306030273e-01
1.115535796559842474e+00,6.799444556236267090e-01
1.115696151607483921e+00,6.817222237586975098e-01
1.115856300437131576e+00,6.817777752876281738e-01
1.116016243578500156e+00,6.781111359596252441e-01
1.116175981559266894e+00,6.783888936042785645e-01
1.116335514905080428e+00,6.775000095367431641e-01
1.116494844139571674e+00,6.791111230850219727e-01
1.116653969784364930e+00,6.744999885559082031e-01
1.116812892359086762e+00,6.735000014305114746e-01
1.116971612381377099e+00,6.750555634498596191e-01
1.117130130366899676e+00,6.787222027778625488e-01
1.117288446829350468e+00,6.793333292007446289e-01
1.117446562280469902e+00,6.768888831138610840e-01
1.117604477230051074e+00,6.742222309112548828e-01
1.117762192185949965e+00,6.765000224113464355e-01
1.117919707654096095e+00,6.752777695655822754e-01
1.118077024138500741e+00,6.801111102104187012e-01
1.118234142141268483e+00,6.777777671813964844e-01
1.118391062162604754e+00,6.791666746139526367e-01
1.118547784700827608e+00,6.777222156524658203e-01
1.118704310252375267e+00,6.799444556236267090e-01
1.118860639311816341e+00,6.804999709129333496e-01
1.119016772371859814e+00,6.736666560173034668e-01
1.119172709923363485e+00,6.737777590751647949e-01
1.119328452455343070e+00,6.747221946716308594e-01
1.119484000454982420e+00,6.803333163261413574e-01
1.119639354407642173e+00,6.757777929306030273e-01
1.119794514796867979e+00,6.784444451332092285e-01
1.119949482104401373e+00,6.797778010368347168e-01
1.120104256810186882e+00,6.791111230850219727e-01
1.120258839392382022e+00,6.781111359596252441e-01
1.120413230327365950e+00,6.819999814033508301e-01
1.120567430089748129e+00,6.747221946716308594e-01
1.120721439152377208e+00,6.814444661140441895e-01
1.120875257986349682e+00,6.748889088630676270e-01
1.121028887061018331e+00,6.779444217681884766e-01
1.121182326844001098e+00,6.697777509689331055e-01
1.121335577801189975e+00,6.747221946716308594e-01
1.121488640396758552e+00,6.761666536331176758e-01
1.121641515093171337e+00,6.778888702392578125e-01
1.121794202351191316e+00,6.758333444595336914e-01
1.121946702629889048e+00,6.743333339691162109e-01
1.122099016386650661e+00,6.742777824401855469e-01
1.122251144077185847e+00,6.713888645172119141e-01
1.122403086155536522e+00,6.777222156524658203e-01
1.122554843074084374e+00,6.745555400848388672e-01
1.122706415283559744e+00,6.792777776718139648e-01
1.122857803233048291e+00,6.812222003936767578e-01
1.123009007370001200e+00,6.767777800559997559e-01
1.123160028140240074e+00,6.805555820465087891e-01
1.123310865987968477e+00,6.716666817665100098e-01
1.123461521355775927e+00,6.712222099304199219e-01
1.123611994684648563e+00,6.696666479110717773e-01
1.123762286413976019e+00,6.680555343627929688e-01
1.123912396981558759e+00,6.717777848243713379e-01
1.124062326823616065e+00,6.754444241523742676e-01
1.124212076374792924e+00,6.697777509689331055e-01
1.124361646068169351e+00,6.713888645172119141e-01
1.124511036335265945e+00,6.746110916137695312e-01
1.124660247606052321e+00,6.762222051620483398e-01
1.124809280308954884e+00,6.768888831138610840e-01
1.124958134870862825e+00,6.762222051620483398e-01
1.125106811717137445e+00,6.742777824401855469e-01
1.125255311271617487e+00,6.768333315849304199e-01
1.125403633956627347e+00,6.765000224113464355e-01
1.125551780192985074e+00,6.735000014305114746e-01
1.125699750400007471e+00,6.764444708824157715e-01
1.125847544995518978e+00,6.790555715560913086e-01
1.125995164395858561e+00,6.738888621330261230e-01
1.126142609015885254e+00,6.760555505752563477e-01
1.126289879268987493e+00,6.737222075462341309e-01
1.126436975567087995e+00,6.740000247955322266e-01
1.126583898320651977e+00,6.743333339691162109e-01
1.126730647938693153e+00,6.750000119209289551e-01
1.126877224828781276e+00,6.733333468437194824e-01
1.127023629397048810e+00,6.759999990463256836e-01
1.127169862048196913e+00,6.792777776718139648e-01
1.127315923185503221e+00,6.703333258628845215e-01
1.127461813210828279e+00,6.743333339691162109e-01
1.127607532524620870e+00,6.698333621025085449e-01
1.127753081525926682e+00,6.777777671813964844e-01
1.127898460612393627e+00,6.729999780654907227e-01
1.128043670180278735e+00,6.731666922569274902e-01
1.128188710624453694e+00,6.771666407585144043e-01
1.128333582338412855e+00,6.707777976989746094e-01
1.128478285714278995e+00,6.817777752876281738e-01
1.128622821142808652e+00,6.809999942779541016e-01
1.128767189013400785e+00,6.754999756813049316e-01
1.128911389714099878e+00,6.797222495079040527e-01
1.129055423631605493e+00,6.731111407279968262e-01
1.129199291151276263e+00,6.765000224113464355e-01
1.129342992657136779e+00,6.782777905464172363e-01
1.129486528531884248e+00,6.776666641235351562e-01
1.129629899156893158e+00,6.736666560173034668e-01
1.129773104912223269e+00,6.802222132682800293e-01
1.129916146176624059e+00,6.758333444595336914e-01
1.130059023327542045e+00,6.832222342491149902e-01
1.130201736741125229e+00,6.778888702392578125e-01
1.130344286792230202e+00,6.791666746139526367e-01
1.130486673854428359e+00,6.776666641235351562e-01
1.130628898300010121e+00,6.773889064788818359e-01
1.130770960499992928e+00,6.719999909400939941e-01
1.130912860824124788e+00,6.738888621330261230e-01
1.131054599640891833e+00,6.766111254692077637e-01
1.131196177317523865e+00,6.828333139419555664e-01
1.131337594219998355e+00,6.793333292007446289e-01
1.131478850713048656e+00,6.784444451332092285e-01
1.131619947160167561e+00,6.831111311912536621e-01
1.131760883923614180e+00,6.831666827201843262e-01
1.131901661364418832e+00,6.741111278533935547e-01
1.132042279842388810e+00,6.791111230850219727e-01
1.132182739716114162e+00,6.763333082199096680e-01
1.132323041342972791e+00,6.764444708824157715e-01
1.132463185079135792e+00,6.754444241523742676e-01
1.132603171279573884e+00,6.747778058052062988e-01
1.132743000298061187e+00,6.736111044883728027e-01
1.132882672487181885e+00,6.758333444595336914e-01
1.133022188198335334e+00,6.777777671813964844e-01
1.133161547781740719e+00,6.736111044883728027e-01
1.133300751586443278e+00,6.727777719497680664e-01
1.133439799960318517e+00,6.738333106040954590e-01
1.133578693250078206e+00,6.742222309112548828e-01
1.133717431801275488e+00,6.769999861717224121e-01
1.133856015958309760e+00,6.771666407585144043e-01
1.133994446064431560e+00,6.709444522857666016e-01
1.134132722461748788e+00,6.742777824401855469e-01
1.134270845491230251e+00,6.654999852180480957e-01
1.134408815492711442e+00,6.713333129882812500e-01
1.134546632804900534e+00,6.783888936042785645e-01
1.134684297765381267e+00,6.757777929306030273e-01
1.134821810710619827e+00,6.724444627761840820e-01
1.134959171975968850e+00,6.740000247955322266e-01
1.135096381895672302e+00,6.763333082199096680e-01
1.135233440802870364e+00,6.764444708824157715e-01
1.135370349029604986e+00,6.738888621330261230e-01
1.135507106906823882e+00,6.766111254692077637e-01
1.135643714764385859e+00,6.701666712760925293e-01
1.135780172931065035e+00,6.750000119209289551e-01
1.135916481734556172e+00,6.736111044883728027e-01
1.136052641501479110e+00,6.770555377006530762e-01
1.136188652557383438e+00,6.723889112472534180e-01
1.136324515226753595e+00,6.729999780654907227e-01
1.136460229833012425e+00,6.786666512489318848e-01
1.136595796698527172e+00,6.741666793823242188e-01
1.136731216144613255e+00,6.691666841506958008e-01
1.136866488491538929e+00,6.759444475173950195e-01
1.137001614058529508e+00,6.757777929306030273e-01
1.137136593163773357e+00,6.793888807296752930e-01
1.137271426124424334e+00,6.746110916137695312e-01
1.137406113256607565e+00,6.753333210945129395e-01
1.137540654875423440e+00,6.766666769981384277e-01
1.137675051294952722e+00,6.703333258628845215e-01
1.137809302828259872e+00,6.753888726234436035e-01
1.137943409787397719e+00,6.782222390174865723e-01
1.138077372483412564e+00,6.735555529594421387e-01
1.138211191226347951e+00,6.768333315849304199e-01
1.138344866325248450e+00,6.747778058052062988e-01
1.138478398088164978e+00,6.773333549499511719e-01
1.138611786822158800e+00,6.797222495079040527e-01
1.138745032833304638e+00,6.783888936042785645e-01
1.138878136426696885e+00,6.757777929306030273e-01
1.139011097906452052e+00,6.743333339691162109e-01
1.139143917575713205e+00,6.773333549499511719e-01
1.139276595736655517e+00,6.759999990463256836e-01
1.139409132690488491e+00,6.767777800559997559e-01
1.139541528737461507e+00,6.792777776718139648e-01
1.139673784176866711e+00,6.771666407585144043e-01
1.139805899307044568e+00,6.794444322586059570e-01
1.139937874425386077e+00,6.748333573341369629e-01
1.140069709828338107e+00,6.757222414016723633e-01
1.140201405811407831e+00,6.761111021041870117e-01
1.140332962669164285e+00,6.766666769981384277e-01
1.140464380695245028e+00,6.737777590751647949e-01
1.140595660182359250e+00,6.795555353164672852e-01
1.140726801422290215e+00,6.746110916137695312e-01
1.140857804705901701e+00,6.743888854980468750e-01
1.140988670323139109e+00,6.725555658340454102e-01
1.141119398563035903e+00,6.765000224113464355e-01
1.141249989713715829e+00,6.761666536331176758e-01
1.141380444062396915e+00,6.733333468437194824e-01
1.141510761895396131e+00,6.721110939979553223e-01
1.141640943498131389e+00,6.731111407279968262e-01
1.141770989155127758e+00,6.723889112472534180e-01
1.141900899150019022e+00,6.710555553436279297e-01
1.142030673765553006e+00,6.743888854980468750e-01
1.142160313283593132e+00,6.745555400848388672e-01
1.142289817985124856e+00,6.759999990463256836e-01
1.142419188150257003e+00,6.697221994400024414e-01
1.142548424058227097e+00,6.717777848243713379e-01
1.142677525987403575e+00,6.787222027778625488e-01
1.142806494215290236e+00,6.737222075462341309e-01
1.142935329018530011e+00,6.765000224113464355e-01
1.143064030672907183e+00,6.747221946716308594e-01
1.143192599453352720e+00,6.728888750076293945e-01
1.143321035633946492e+00,6.755555272102355957e-01
1.143449339487921490e+00,6.772778034210205078e-01
1.143577511287666493e+00,6.779444217681884766e-01
1.143705551304731172e+00,6.792777776718139648e-01
1.143833459809827202e+00,6.779999732971191406e-01
1.143961237072834036e+00,6.767777800559997559e-01
1.144088883362800013e+00,6.751111149787902832e-01
1.144216398947948576e+00,6.791111230850219727e-01
1.144343784095678274e+00,6.778888702392578125e-01
1.144471039072569862e+00,6.802222132682800293e-01
1.144598164144386088e+00,6.742777824401855469e-01
1.144725159576077234e+00,6.760555505752563477e-01
1.144852025631783787e+00,6.786110997200012207e-01
1.144978762574840214e+00,6.761111021041870117e-01
1.145105370667776956e+00,6.752222180366516113e-01
1.145231850172325316e+00,6.801111102104187012e-01
1.145358201349419680e+00,6.787222027778625488e-01
1.145484424459200401e+00,6.761666536331176758e-01
1.145610519761018686e+00,6.758888959884643555e-01
1.145736487513438151e+00,6.782222390174865723e-01
1.145862327974238370e+00,6.776111125946044922e-01
1.145988041400418433e+00,6.757222414016723633e-01
1.146113628048200050e+00,6.810555458068847656e-01
1.146239088173030440e+00,6.713333129882812500e-01
1.146364422029585217e+00,6.762777566909790039e-01
1.146489629871772831e+00,6.772222518920898438e-01
1.146614711952735233e+00,6.762777566909790039e-01
1.146739668524853428e+00,6.743888854980468750e-01
1.146864499839748808e+00,6.740000247955322266e-01
1.146989206148287366e+00,6.781666874885559082e-01
1.147113787700581922e+00,6.820555329322814941e-01
1.147238244745995228e+00,6.677777767181396484e-01
1.147362577533143524e+00,6.725000143051147461e-01
1.147486786309898976e+00,6.781111359596252441e-01
1.147610871323392567e+00,6.790555715560913086e-01
1.147734832820017870e+00,6.811666488647460938e-01
1.147858671045432821e+00,6.802222132682800293e-01
1.147982386244563280e+00,6.852777600288391113e-01
1.148105978661606130e+00,6.809444427490234375e-01
1.148229448540031727e+00,6.795555353164672852e-01
1.148352796122587449e+00,6.738888621330261230e-01
1.148476021651298806e+00,6.738888621330261230e-01
1.148599125367474993e+00,6.752777695655822754e-01
1.148722107511709556e+00,6.757777929306030273e-01
1.148844968323884386e+00,6.767222285270690918e-01
1.148967708043171054e+00,6.723889112472534180e-01
1.149090326908035919e+00,6.801666617393493652e-01
1.149212825156240569e+00,6.761111021041870117e-01
1.149335203024846708e+00,6.783888936042785645e-01
1.149457460750217042e+00,6.828333139419555664e-01
1.149579598568018834e+00,6.793888807296752930e-01
