# kappa, training_loss
0.000000000000000000e+00,2.506988942623138428e-01
3.460087604470611367e-01,2.345388233661651611e-01
4.393004638594020239e-01,2.339062541723251343e-01
4.954894607646131988e-01,2.302217036485671997e-01
5.358255977705936868e-01,2.239977121353149414e-01
5.673132765061897897e-01,2.243043780326843262e-01
5.931447079502824016e-01,2.221727818250656128e-01
6.150458527094804229e-01,2.165718823671340942e-01
6.340562664852009700e-01,2.186369448900222778e-01
6.508508280855277439e-01,2.145879119634628296e-01
6.658925908297250729e-01,2.148371785879135132e-01
6.795130935362699853e-01,2.119162827730178833e-01
6.919578843395901568e-01,2.144930809736251831e-01
7.034139062765984995e-01,2.105654627084732056e-01
7.140267804180223665e-01,2.085491716861724854e-01
7.239121529930457877e-01,2.079802900552749634e-01
7.331633965453948631e-01,2.054288834333419800e-01
7.418569864253405921e-01,2.013554424047470093e-01
7.500563469525460825e-01,2.062478661537170410e-01
7.578146619146984841e-01,2.050643414258956909e-01
7.651769670196039153e-01,1.988755017518997192e-01
7.721817337819164573e-01,2.056282907724380493e-01
7.788620863205062417e-01,2.001684606075286865e-01
7.852467486537241248e-01,1.989877820014953613e-01
7.913607910931920175e-01,1.989707648754119873e-01
7.972262247908332711e-01,1.946185678243637085e-01
8.028624800644678094e-01,1.970166862010955811e-01
8.082867947419158927e-01,1.976634413003921509e-01
8.135145321017589470e-01,1.932828873395919800e-01
8.185594431925570236e-01,1.968277096748352051e-01
8.234338848135772659e-01,1.928521841764450073e-01
8.281490018569067635e-01,1.924534887075424194e-01
8.327148807821762588e-01,1.965925842523574829e-01
8.371406795401445944e-01,1.926361471414566040e-01
8.414347381531067649e-01,1.963042169809341431e-01
8.456046733082374089e-01,1.913017183542251587e-01
8.496574596596789819e-01,1.900920718908309937e-01
8.535995000193126181e-01,1.880925893783569336e-01
8.574366862100908371e-01,1.899402886629104614e-01
8.611744520339701392e-01,1.901477575302124023e-01
8.648178195496830645e-01,1.875749081373214722e-01
8.683714396494245369e-01,1.896222829818725586e-01
8.718396277570242825e-01,1.870903223752975464e-01
8.752263953349598280e-01,1.893996149301528931e-01
8.785354777771650081e-01,1.856289356946945190e-01
8.817703591740051472e-01,1.894615590572357178e-01
8.849342943610988277e-01,1.856404840946197510e-01
8.880303286018079723e-01,1.849293410778045654e-01
8.910613152017544669e-01,1.856800913810729980e-01
8.940299313107366030e-01,1.850818991661071777e-01
8.969386921313683425e-01,1.832954585552215576e-01
8.997899637234116899e-01,1.851657480001449585e-01
9.025859745671332979e-01,1.836387813091278076e-01
9.053288260272730481e-01,1.811011582612991333e-01
9.080205018407159212e-01,1.799815446138381958e-01
9.106628767351770959e-01,1.808618605136871338e-01
9.132577242726921396e-01,1.833094954490661621e-01
9.158067240001058762e-01,1.770005822181701660e-01
9.183114679787615087e-01,1.808939725160598755e-01
9.207734667569620335e-01,1.778613030910491943e-01
9.231941548413140630e-01,1.790605783462524414e-01
9.255748957165744750e-01,1.800239384174346924e-01
9.279169864579864813e-01,1.775004416704177856e-01
9.302216619751688675e-01,1.720389276742935181e-01
9.324900989223231518e-01,1.771881282329559326e-01
9.347234193057537555e-01,1.789605319499969482e-01
9.369226938163938145e-01,1.751813590526580811e-01
9.390889449121090360e-01,1.779168695211410522e-01
9.412231496719969392e-01,1.764373183250427246e-01
9.433262424426215320e-01,1.772188842296600342e-01
9.453991172941261789e-01,1.762848943471908569e-01
9.474426303023814055e-01,1.753590255975723267e-01
9.494576016717489741e-01,1.723065227270126343e-01
9.514448177116359151e-01,1.742412298917770386e-01
9.534050326787582019e-01,1.761170625686645508e-01
9.553389704959178719e-01,1.751483976840972900e-01
9.572473263570921986e-01,1.768513023853302002e-01
9.591307682277451230e-01,1.717335730791091919e-01
9.609899382484581309e-01,1.724372804164886475e-01
9.628254540492666713e-01,1.739220172166824341e-01
9.646379099814290647e-01,1.730664372444152832e-01
9.664278782727777628e-01,1.698109358549118042e-01
9.681959101122710187e-01,1.670179665088653564e-01
9.699425366688896322e-01,1.731921732425689697e-01
9.716682700495886671e-01,1.707297116518020630e-01
9.733736042006306821e-01,1.675794571638107300e-01
9.750590157562651905e-01,1.682078540325164795e-01
9.767249648384065397e-01,1.696165353059768677e-01
9.783718958106631947e-01,1.707010269165039062e-01
9.800002379898135052e-01,1.652694344520568848e-01
9.816104063175752348e-01,1.679076552391052246e-01
9.832028019952986364e-01,1.707922518253326416e-01
9.847778130840142419e-01,1.696317046880722046e-01
9.863358150720769046e-01,1.674251407384872437e-01
9.878771714124866543e-01,1.709758937358856201e-01
9.894022340318076036e-01,1.676696538925170898e-01
9.909113438124680373e-01,1.656158268451690674e-01
9.924048310500953596e-01,1.632501333951950073e-01
9.938830158874222276e-01,1.631323695182800293e-01
9.953462087261852886e-01,1.686033904552459717e-01
9.967947106183480122e-01,1.633876413106918335e-01
9.982288136378762999e-01,1.601895689964294434e-01
9.996488012342179541e-01,1.668951064348220825e-01
1.001054948568554481e+00,1.652665287256240845e-01
1.002447522833824989e+00,1.614657342433929443e-01
1.003826783559450320e+00,1.615193337202072144e-01
1.005192982901629284e+00,1.650552004575729370e-01
1.006546365920018005e+00,1.581084579229354858e-01
1.007887170841551550e+00,1.627998352050781250e-01
1.009215629312119056e+00,1.595818549394607544e-01
1.010531966636755596e+00,1.675488650798797607e-01
1.011836402008977398e+00,1.625820100307464600e-01
1.013129148729838391e+00,1.613125354051589966e-01
1.014410414417262540e+00,1.612445414066314697e-01
1.015680401206159988e+00,1.571535319089889526e-01
1.016939305939812632e+00,1.594808995723724365e-01
1.018187320352981651e+00,1.579339504241943359e-01
1.019424631247161761e+00,1.539976745843887329e-01
1.020651420658385433e+00,1.539758294820785522e-01
1.021867866017950988e+00,1.596879810094833374e-01
1.023074140306432067e+00,1.578279882669448853e-01
1.024270412201301550e+00,1.576695740222930908e-01
1.025456846218484541e+00,1.542948484420776367e-01
1.026633602848139093e+00,1.562442332506179810e-01
1.027800838684943319e+00,1.600505411624908447e-01
1.028958706553154245e+00,1.559650301933288574e-01
1.030107355626689314e+00,1.572853624820709229e-01
1.031246931544462342e+00,1.570830643177032471e-01
1.032377576521202878e+00,1.582673192024230957e-01
1.033499429453965224e+00,1.541182100772857666e-01
1.034612626024527859e+00,1.537236720323562622e-01
1.035717298797873553e+00,1.558136492967605591e-01
1.036813577316927137e+00,1.581179797649383545e-01
1.037901588193720803e+00,1.552671343088150024e-01
1.038981455197147019e+00,1.562877446413040161e-01
1.040053299337452941e+00,1.520382016897201538e-01
1.041117238947617540e+00,1.541254371404647827e-01
1.042173389761750668e+00,1.485752463340759277e-01
1.043221864990644399e+00,1.544428169727325439e-01
1.044262775394596110e+00,1.536859869956970215e-01
1.045296229353626094e+00,1.545316427946090698e-01
1.046322332935195609e+00,1.533086001873016357e-01
1.047341189959536178e+00,1.532706469297409058e-01
1.048352902062685388e+00,1.518679112195968628e-01
1.049357568757329773e+00,1.549782305955886841e-01
1.050355287491544054e+00,1.487565338611602783e-01
1.051346153705511099e+00,1.502823084592819214e-01
1.052330260886309210e+00,1.553952693939208984e-01
1.053307700620842891e+00,1.507463306188583374e-01
1.054278562646992379e+00,1.517507284879684448e-01
1.055242934903054319e+00,1.508827209472656250e-01
1.056200903575539085e+00,1.516066193580627441e-01
1.057152553145394247e+00,1.544355601072311401e-01
1.058097966432711035e+00,1.486776769161224365e-01
1.059037224639978181e+00,1.473541259765625000e-01
1.059970407393933112e+00,1.493384093046188354e-01
1.060897592786072430e+00,1.499172151088714600e-01
1.061818857411865213e+00,1.514145582914352417e-01
1.062734276408725531e+00,1.463430821895599365e-01
1.063643923492785026e+00,1.464081853628158569e-01
1.064547870994515089e+00,1.490538567304611206e-01
1.065446189893239470e+00,1.495460569858551025e-01
1.066338949850579310e+00,1.468075960874557495e-01
1.067226219242868313e+00,1.475191563367843628e-01
1.068108065192580725e+00,1.441419571638107300e-01
1.068984553598799625e+00,1.468056887388229370e-01
1.069855749166769732e+00,1.521802097558975220e-01
1.070721715436560695e+00,1.493586599826812744e-01
1.071582514810876408e+00,1.484211236238479614e-01
1.072438208582037866e+00,1.469421833753585815e-01
1.073288856958174220e+00,1.438767910003662109e-01
1.074134519088641770e+00,1.413571685552597046e-01
1.074975253088704896e+00,1.433920562267303467e-01
1.075811116063501771e+00,1.461421102285385132e-01
1.076642164131319968e+00,1.422924548387527466e-01
1.077468452446203262e+00,1.488241255283355713e-01
1.078290035219918508e+00,1.500692069530487061e-01
1.079106965743297231e+00,1.411703675985336304e-01
1.079919296406978146e+00,1.431858688592910767e-01
1.080727078721569034e+00,1.439356505870819092e-01
1.081530363337245726e+00,1.467700302600860596e-01
1.082329200062810193e+00,1.411270648241043091e-01
1.083123637884223500e+00,1.444706469774246216e-01
1.083913724982630056e+00,1.441458612680435181e-01
1.084699508751893360e+00,1.433039307594299316e-01
1.085481035815654138e+00,1.392890959978103638e-01
1.086258352043930842e+00,1.390848457813262939e-01
1.087031502569274499e+00,1.416102945804595947e-01
1.087800531802493031e+00,1.405394673347473145e-01
1.088565483447959226e+00,1.388153731822967529e-01
1.089326400518514149e+00,1.448161453008651733e-01
1.090083325349980203e+00,1.419436782598495483e-01
1.090836299615295601e+00,1.386313140392303467e-01
1.091585364338280906e+00,1.405715346336364746e-01
1.092330559907051191e+00,1.394647657871246338e-01
1.093071926087083590e+00,1.433849483728408813e-01
1.093809502033948888e+00,1.435763090848922729e-01
1.094543326305722708e+00,1.415313780307769775e-01
1.095273436875078277e+00,1.389553397893905640e-01
1.095999871141079662e+00,1.388175189495086670e-01
1.096722665940675023e+00,1.410817950963973999e-01
1.097441857559906975e+00,1.396708041429519653e-01
1.098157481744842068e+00,1.360397040843963623e-01
1.098869573712232928e+00,1.406859308481216431e-01
1.099578168159916158e+00,1.353618800640106201e-01
1.100283299276959115e+00,1.377558410167694092e-01
1.100985000753556875e+00,1.371787488460540771e-01
1.101683305790691847e+00,1.364014595746994019e-01
1.102378247109559117e+00,1.346944570541381836e-01
1.103069856960767536e+00,1.375017017126083374e-01
1.103758167133320089e+00,1.385912746191024780e-01
1.104443208963381107e+00,1.409725993871688843e-01
1.105125013342837637e+00,1.373448818922042847e-01
1.105803610727656761e+00,1.357557028532028198e-01
1.106479031146050618e+00,1.336493641138076782e-01
1.107151304206449138e+00,1.350549757480621338e-01
1.107820459105287370e+00,1.338647603988647461e-01
1.108486524634614945e+00,1.337834596633911133e-01
1.109149529189529249e+00,1.348188817501068115e-01
1.109809500775439606e+00,1.307100206613540649e-01
1.110466467015164271e+00,1.356934010982513428e-01
1.111120455155869324e+00,1.379985064268112183e-01
1.111771492075848133e+00,1.334470063447952271e-01
1.112419604291150499e+00,1.331806629896163940e-01
1.113064817962062802e+00,1.327188462018966675e-01
1.113707158899444050e+00,1.323599964380264282e-01
1.114346652570921359e+00,1.333426982164382935e-01
1.114983324106949114e+00,1.336058527231216431e-01
1.115617198306734004e+00,1.348099261522293091e-01
1.116248299644032160e+00,1.304677128791809082e-01
1.116876652272817960e+00,1.307553946971893311e-01
1.117502280032832251e+00,1.339476257562637329e-01
1.118125206455008458e+00,1.332608610391616821e-01
1.118745454766784109e+00,1.322183012962341309e-01
1.119363047897296903e+00,1.302372813224792480e-01
1.119978008482471088e+00,1.287643462419509888e-01
1.120590358869996361e+00,1.316819936037063599e-01
1.121200121124199756e+00,1.313085108995437622e-01
1.121807317030816709e+00,1.314088106155395508e-01
1.122411968101661772e+00,1.335939615964889526e-01
1.123014095579200511e+00,1.302548646926879883e-01
1.123613720441029251e+00,1.281442791223526001e-01
1.124210863404258243e+00,1.289704889059066772e-01
1.124805544929808887e+00,1.284729987382888794e-01
1.125397785226618597e+00,1.332789510488510132e-01
1.125987604255762164e+00,1.268292814493179321e-01
1.126575021734489424e+00,1.306079328060150146e-01
1.127160057140179195e+00,1.315655410289764404e-01
1.127742729714214853e+00,1.255788058042526245e-01
1.128323058465781514e+00,1.289567947387695312e-01
1.128901062175587500e+00,1.262914538383483887e-01
1.129476759399510977e+00,1.300446987152099609e-01
1.130050168472174210e+00,1.292150616645812988e-01
1.130621307510447204e+00,1.255315840244293213e-01
1.131190194416882955e+00,1.247299537062644958e-01
1.131756846883084089e+00,1.275371462106704712e-01
1.132321282393004003e+00,1.304616928100585938e-01
1.132883518226184050e+00,1.267303526401519775e-01
1.133443571460927668e+00,1.289218515157699585e-01
1.134001458977413224e+00,1.277844905853271484e-01
1.134557197460746680e+00,1.301893889904022217e-01
1.135110803403955426e+00,1.275493204593658447e-01
1.135662293110926147e+00,1.263405531644821167e-01
1.136211682699285186e+00,1.270951032638549805e-01
1.136758988103225176e+00,1.253563463687896729e-01
1.137304225076278152e+00,1.231266483664512634e-01
1.137847409194036263e+00,1.289226859807968140e-01
1.138388555856821416e+00,1.235241591930389404e-01
1.138927680292305844e+00,1.289537250995635986e-01
1.139464797558081832e+00,1.230821236968040466e-01
1.139999922544186806e+00,1.268936544656753540e-01
1.140533069975578906e+00,1.232479363679885864e-01
1.141064254414569268e+00,1.247427538037300110e-01
1.141593490263207444e+00,1.257448792457580566e-01
1.142120791765625532e+00,1.234138011932373047e-01
1.142646173010337662e+00,1.215085536241531372e-01
1.143169647932499089e+00,1.240598261356353760e-01
1.143691230316123963e+00,1.269989907741546631e-01
1.144210933796262930e+00,1.254909187555313110e-01
1.144728771861142080e+00,1.224825233221054077e-01
1.145244757854263273e+00,1.255471706390380859e-01
1.145758904976468040e+00,1.233123615384101868e-01
1.146271226287962186e+00,1.267724186182022095e-01
1.146781734710308642e+00,1.213106736540794373e-01
1.147290443028380791e+00,1.254818290472030640e-01
1.147797363892285594e+00,1.252729445695877075e-01
1.148302509819249639e+00,1.211247518658638000e-01
1.148805893195474326e+00,1.220428496599197388e-01
1.149307526277958402e+00,1.230363771319389343e-01
1.149807421196288093e+00,1.225775480270385742e-01
1.150305589954397689e+00,1.224633455276489258e-01
1.150802044432298388e+00,1.231294646859169006e-01
1.151296796387778487e+00,1.232608333230018616e-01
1.151789857458074717e+00,1.187238618731498718e-01
1.152281239161514037e+00,1.204999014735221863e-01
1.152770952899128121e+00,1.207913458347320557e-01
1.153259009956241199e+00,1.224344596266746521e-01
1.153745421504029922e+00,1.215838342905044556e-01
1.154230198601057689e+00,1.195577532052993774e-01
1.154713352194783882e+00,1.191388443112373352e-01
1.155194893123046018e+00,1.214308515191078186e-01
1.155674832115519690e+00,1.186449304223060608e-01
1.156153179795152308e+00,1.159447580575942993e-01
1.156629946679573973e+00,1.179604604840278625e-01
1.157105143182485696e+00,1.209371536970138550e-01
1.157578779615023423e+00,1.170705556869506836e-01
1.158050866187100514e+00,1.239648461341857910e-01
1.158521413008729350e+00,1.210338398814201355e-01
1.158990430091319634e+00,1.174540296196937561e-01
1.159457927348956030e+00,1.170848608016967773e-01
1.159923914599656714e+00,1.196502447128295898e-01
1.160388401566609495e+00,1.188260391354560852e-01
1.160851397879389957e+00,1.185972765088081360e-01
1.161312913075158937e+00,1.197710260748863220e-01
1.161772956599841145e+00,1.235508844256401062e-01
1.162231537809286230e+00,1.156336292624473572e-01
1.162688665970408319e+00,1.145272403955459595e-01
1.163144350262311777e+00,1.141227856278419495e-01
1.163598599777396103e+00,1.207867264747619629e-01
1.164051423522444839e+00,1.170060113072395325e-01
1.164502830419696267e+00,1.181977242231369019e-01
1.164952829307899895e+00,1.182524040341377258e-01
1.165401428943353190e+00,1.140323430299758911e-01
1.165848638000925419e+00,1.179737746715545654e-01
1.166294465075062625e+00,1.170538365840911865e-01
1.166738918680779724e+00,1.104408651590347290e-01
1.167182007254636389e+00,1.174152120947837830e-01
1.167623739155697393e+00,1.164521127939224243e-01
1.168064122666478966e+00,1.172656565904617310e-01
1.168503165993880932e+00,1.141073703765869141e-01
1.168940877270103762e+00,1.167276054620742798e-01
1.169377264553552953e+00,1.165222451090812683e-01
1.169812335829729655e+00,1.122527569532394409e-01
1.170246099012105523e+00,1.137211993336677551e-01
1.170678561942988694e+00,1.177428513765335083e-01
1.171109732394373326e+00,1.140401139855384827e-01
1.171539618068777155e+00,1.120103001594543457e-01
1.171968226600069052e+00,1.163032874464988708e-01
1.172395565554280150e+00,1.162917241454124451e-01
1.172821642430406541e+00,1.136837378144264221e-01
1.173246464661198640e+00,1.129975765943527222e-01
1.173670039613939009e+00,1.120867878198623657e-01
1.174092374591209298e+00,1.152691841125488281e-01
1.174513476831645198e+00,1.155959069728851318e-01
1.174933353510680956e+00,1.160795763134956360e-01
1.175352011741283453e+00,1.164989247918128967e-01
1.175769458574674520e+00,1.156437024474143982e-01
1.176185701001044359e+00,1.112444251775741577e-01
1.176600745950252991e+00,1.127969250082969666e-01
1.177014600292522806e+00,1.118244081735610962e-01
1.177427270839121798e+00,1.119711175560951233e-01
1.177838764343034139e+00,1.158320307731628418e-01
1.178249087499626091e+00,1.146433055400848389e-01
1.178658246947296595e+00,1.132513284683227539e-01
1.179066249268124089e+00,1.108255311846733093e-01
1.179473100988500445e+00,1.150682121515274048e-01
1.179878808579758465e+00,1.118706092238426208e-01
1.180283378458787835e+00,1.105166599154472351e-01
1.180686816988646415e+00,1.083552762866020203e-01
1.181089130479157756e+00,1.138885542750358582e-01
1.181490325187506629e+00,1.139046251773834229e-01
1.181890407318820335e+00,1.118523404002189636e-01
1.182289383026745355e+00,1.077484488487243652e-01
1.182687258414015563e+00,1.140206903219223022e-01
1.183084039533012444e+00,1.092429608106613159e-01
1.183479732386316430e+00,1.109022274613380432e-01
1.183874342927253132e+00,1.080015003681182861e-01
1.184267877060429797e+00,1.081702187657356262e-01
1.184660340642266219e+00,1.134044826030731201e-01
1.185051739481516542e+00,1.091879755258560181e-01
1.185442079339786181e+00,1.153563112020492554e-01
1.185831365932041193e+00,1.088039502501487732e-01
1.186219604927107429e+00,1.080006211996078491e-01
1.186606801948169920e+00,1.113138124346733093e-01
1.186992962573258703e+00,1.110448241233825684e-01
1.187378092335731328e+00,1.078221425414085388e-01
1.187762196724750030e+00,1.098601147532463074e-01
1.188145281185749358e+00,1.068145111203193665e-01
1.188527351120901354e+00,1.062535792589187622e-01
1.188908411889570305e+00,1.080945208668708801e-01
1.189288468808765264e+00,1.099169999361038208e-01
1.189667527153585702e+00,1.080256178975105286e-01
1.190045592157659815e+00,1.071207225322723389e-01
1.190422669013577739e+00,1.102187857031822205e-01
1.190798762873320538e+00,1.071871817111968994e-01
1.191173878848682532e+00,1.073318645358085632e-01
1.191548022011686969e+00,1.075934097170829773e-01
1.191921197394998577e+00,1.066056191921234131e-01
1.192293409992330133e+00,1.082825213670730591e-01
1.192664664758841697e+00,1.048823967576026917e-01
1.193034966611538517e+00,1.026401072740554810e-01
1.193404320429659826e+00,1.098473668098449707e-01
1.193772731055066094e+00,1.036293134093284607e-01
1.194140203292618940e+00,1.081748306751251221e-01
1.194506741910557945e+00,1.056776940822601318e-01
1.194872351640871022e+00,1.101619973778724670e-01
1.195237037179661232e+00,1.091956421732902527e-01
1.195600803187509165e+00,1.068672090768814087e-01
1.195963654289829980e+00,1.081966534256935120e-01
1.196325595077226245e+00,1.045660004019737244e-01
1.196686630105836313e+00,1.064438223838806152e-01
1.197046763897678945e+00,1.061489880084991455e-01
1.197406000940992365e+00,1.067385077476501465e-01
1.197764345690570442e+00,1.052216514945030212e-01
1.198121802568094640e+00,1.046385243535041809e-01
1.198478375962459763e+00,1.069956645369529724e-01
1.198834070230099025e+00,1.053659394383430481e-01
1.199188889695302462e+00,1.039373949170112610e-01
1.199542838650532683e+00,1.055432632565498352e-01
1.199895921356736173e+00,1.073932945728302002e-01
1.200248142043651267e+00,1.016311720013618469e-01
1.200599504910112358e+00,1.057810261845588684e-01
1.200950014124349652e+00,1.014300659298896790e-01
1.201299673824286929e+00,1.053927093744277954e-01
1.201648488117833313e+00,1.006495207548141479e-01
1.201996461083173484e+00,1.035007238388061523e-01
1.202343596769054113e+00,1.016033142805099487e-01
1.202689899195065859e+00,1.004561409354209900e-01
1.203035372351923593e+00,1.032634675502777100e-01
1.203380020201741063e+00,1.048169657588005066e-01
1.203723846678303788e+00,1.036438494920730591e-01
1.204066855687339732e+00,1.020719632506370544e-01
1.204409051106784645e+00,9.995285421609878540e-02
1.204750436787044299e+00,1.034220233559608459e-01
1.205091016551255612e+00,9.916536509990692139e-02
1.205430794195543331e+00,1.012817844748497009e-01
1.205769773489273611e+00,1.009553372859954834e-01
1.206107958175305361e+00,1.048588901758193970e-01
1.206445351970237390e+00,1.017530933022499084e-01
1.206781958564654422e+00,1.006576642394065857e-01
1.207117781623368469e+00,1.105852946639060974e-01
1.207452824785659296e+00,1.019490435719490051e-01
1.207787091665509571e+00,1.032486185431480408e-01
1.208120585851840678e+00,1.009340882301330566e-01
1.208453310908741862e+00,1.023397594690322876e-01
1.208785270375700271e+00,9.954160451889038086e-02
1.209116467767826331e+00,1.031804829835891724e-01
1.209446906576077119e+00,1.049793437123298645e-01
1.209776590267476859e+00,1.016113087534904480e-01
1.210105522285335855e+00,9.814260900020599365e-02
1.210433706049466096e+00,9.962100535631179810e-02
1.210761144956393531e+00,1.001098006963729858e-01
1.211087842379570789e+00,1.009012237191200256e-01
1.211413801669584123e+00,1.017637327313423157e-01
1.211739026154360133e+00,9.879184514284133911e-02
1.212063519139370493e+00,9.988240897655487061e-02
1.212387283907832236e+00,9.808710217475891113e-02
1.212710323720907590e+00,9.906967729330062866e-02
1.213032641817901158e+00,1.018256172537803650e-01
1.213354241416454871e+00,9.871149808168411255e-02
1.213675125712740055e+00,1.003289446234703064e-01
1.213995297881649504e+00,1.002951264381408691e-01
1.214314761076984439e+00,9.984496980905532837e-02
1.214633518431641246e+00,9.852464497089385986e-02
1.214951573057796663e+00,1.005363315343856812e-01
1.215268928047089192e+00,9.810422360897064209e-02
1.215585586470799395e+00,1.003339290618896484e-01
1.215901551380029089e+00,1.026260703802108765e-01
1.216216825805877200e+00,9.957755357027053833e-02
1.216531412759613406e+00,1.003624349832534790e-01
1.216845315232852887e+00,9.742413461208343506e-02
1.217158536197724406e+00,9.686259925365447998e-02
1.217471078607041068e+00,9.756284952163696289e-02
1.217782945394467076e+00,9.772767871618270874e-02
1.218094139474681370e+00,9.522656351327896118e-02
1.218404663743543948e+00,9.694423526525497437e-02
1.218714521078254176e+00,9.693980216979980469e-02
1.219023714337513331e+00,9.683734923601150513e-02
1.219332246361682248e+00,9.589224308729171753e-02
1.219640119972937198e+00,9.745460003614425659e-02
1.219947337975425095e+00,9.738405793905258179e-02
1.220253903155417152e+00,9.473681449890136719e-02
1.220559818281460096e+00,9.409692138433456421e-02
1.220865086104525821e+00,9.749548882246017456e-02
1.221169709358161048e+00,9.852191060781478882e-02
1.221473690758632547e+00,9.677187353372573853e-02
1.221777033005074342e+00,9.197723865509033203e-02
1.222079738779629610e+00,1.008876264095306396e-01
1.222381810747594111e+00,9.774731099605560303e-02
1.222683251557557416e+00,9.889890998601913452e-02
1.222984063841540348e+00,9.699480235576629639e-02
1.223284250215135316e+00,9.495261311531066895e-02
1.223583813277640653e+00,9.585192054510116577e-02
1.223882755612197171e+00,9.490687400102615356e-02
1.224181079785920945e+00,9.312545508146286011e-02
1.224478788350035652e+00,9.411992877721786499e-02
1.224775883840004465e+00,9.569098800420761108e-02
1.225072368775657949e+00,9.329468011856079102e-02
1.225368245661323297e+00,9.492857754230499268e-02
1.225663516985951551e+00,9.542603790760040283e-02
1.225958185223242625e+00,9.378279745578765869e-02
1.226252252831769862e+00,9.283776581287384033e-02
1.226545722255103055e+00,9.877859055995941162e-02
1.226838595921929898e+00,9.237708151340484619e-02
1.227130876246177671e+00,9.406840056180953979e-02
1.227422565627131812e+00,9.089788049459457397e-02
1.227713666449553820e+00,9.773413836956024170e-02
1.228004181083798718e+00,9.094050526618957520e-02
1.228294111885931184e+00,9.825487434864044189e-02
1.228583461197839455e+00,9.949885308742523193e-02
1.228872231347349242e+00,9.737328439950942993e-02
1.229160424648336303e+00,9.377607703208923340e-02
1.229448043400836577e+00,9.643159806728363037e-02
1.229735089891158317e+00,9.634509682655334473e-02
1.230021566391988896e+00,9.163621813058853149e-02
1.230307475162504494e+00,9.273491054773330688e-02
1.230592818448476233e+00,9.504699707031250000e-02
1.230877598482376323e+00,9.250982105731964111e-02
1.231161817483481746e+00,9.318853914737701416e-02
1.231445477657980625e+00,9.143070131540298462e-02
1.231728581199071471e+00,9.450890123844146729e-02
1.232011130287068212e+00,8.864968270063400269e-02
1.232293127089498119e+00,9.054530411958694458e-02
1.232574573761204828e+00,9.329798817634582520e-02
1.232855472444443601e+00,9.345945715904235840e-02
1.233135825268981467e+00,9.089191257953643799e-02
1.233415634352192924e+00,8.842779695987701416e-02
1.233694901799157861e+00,9.491095691919326782e-02
1.233973629702753705e+00,8.953784406185150146e-02
1.234251820143751122e+00,9.624486416578292847e-02
1.234529475190908165e+00,9.114273637533187866e-02
1.234806596901059983e+00,9.131620824337005615e-02
1.235083187319212961e+00,9.084353595972061157e-02
1.235359248478633543e+00,9.128818660974502563e-02
1.235634782400938603e+00,9.251181781291961670e-02
1.235909791096183596e+00,9.059621393680572510e-02
1.236184276562951823e+00,9.061296284198760986e-02
1.236458240788439911e+00,9.224919229745864868e-02
1.236731685748546195e+00,9.107168018817901611e-02
1.237004613407953757e+00,9.040308743715286255e-02
1.237277025720217249e+00,9.184904396533966064e-02
1.237548924627845714e+00,9.082706272602081299e-02
1.237820312062385852e+00,9.494717419147491455e-02
1.238091189944504844e+00,9.324538707733154297e-02
1.238361560184070731e+00,9.060765802860260010e-02
1.238631424680235016e+00,8.937762677669525146e-02
1.238900785321510600e+00,9.230684489011764526e-02
1.239169643985852831e+00,9.537529945373535156e-02
1.239438002540736994e+00,9.233498573303222656e-02
1.239705862843237139e+00,8.870530873537063599e-02
1.239973226740102019e+00,8.870431780815124512e-02
1.240240096067832143e+00,9.170019626617431641e-02
1.240506472652755710e+00,9.229926764965057373e-02
1.240772358311102552e+00,8.971890062093734741e-02
1.241037754849080077e+00,8.774533122777938843e-02
1.241302664062944761e+00,8.878665417432785034e-02
1.241567087739077868e+00,8.550949394702911377e-02
1.241831027654054509e+00,8.773618191480636597e-02
1.242094485574718021e+00,8.518590778112411499e-02
1.242357463258249473e+00,8.850015699863433838e-02
1.242619962452238047e+00,9.041699022054672241e-02
1.242881984894751435e+00,8.965963125228881836e-02
1.243143532314404442e+00,8.724670857191085815e-02
1.243404606430426496e+00,8.776282519102096558e-02
1.243665208952731804e+00,8.678164333105087280e-02
1.243925341581984201e+00,8.918994665145874023e-02
1.244185006009665084e+00,9.009858220815658569e-02
1.244444203918138259e+00,8.886732161045074463e-02
1.244702936980716990e+00,9.005755931138992310e-02
1.244961206861727510e+00,8.679492026567459106e-02
1.245219015216573410e+00,8.912211656570434570e-02
1.245476363691800037e+00,8.617007732391357422e-02
1.245733253925156436e+00,8.574288338422775269e-02
1.245989687545658864e+00,8.985003083944320679e-02
1.246245666173652511e+00,8.747210353612899780e-02
1.246501191420873234e+00,8.679834008216857910e-02
1.246756264890506838e+00,8.764699846506118774e-02
1.247010888177251919e+00,8.795852959156036377e-02
1.247265062867378038e+00,8.605955541133880615e-02
1.247518790538785005e+00,8.616631478071212769e-02
1.247772072761062612e+00,8.450280874967575073e-02
1.248024911095547695e+00,8.382438123226165771e-02
1.248277307095383648e+00,8.617293089628219604e-02
1.248529262305575038e+00,8.536547422409057617e-02
1.248780778263047342e+00,8.576850593090057373e-02
1.249031856496700010e+00,8.662214875221252441e-02
1.249282498527465979e+00,8.689790964126586914e-02
1.249532705868362958e+00,8.615541458129882812e-02
1.249782480024551612e+00,8.541365712881088257e-02
1.250031822493387512e+00,8.491326123476028442e-02
1.250280734764476431e+00,8.454933017492294312e-02
1.250529218319727187e+00,8.416499942541122437e-02
1.250777274633404268e+00,8.823091536760330200e-02
1.251024905172181345e+00,8.374081552028656006e-02
1.251272111395191677e+00,8.233010023832321167e-02
1.251518894754081845e+00,8.177413791418075562e-02
1.251765256693060824e+00,8.433946967124938965e-02
1.252011198648951718e+00,8.815075457096099854e-02
1.252256722051241944e+00,8.593232929706573486e-02
1.252501828322133415e+00,8.335461467504501343e-02
1.252746518876591386e+00,8.142266422510147095e-02
1.252990795122393308e+00,8.465493470430374146e-02
1.253234658460178341e+00,8.562961220741271973e-02
1.253478110283494429e+00,8.619306236505508423e-02
1.253721151978847370e+00,8.713735640048980713e-02
1.253963784925746561e+00,8.489957451820373535e-02
1.254206010496753620e+00,8.342417329549789429e-02
1.254447830057528135e+00,8.117416501045227051e-02
1.254689244966873396e+00,8.174607902765274048e-02
1.254930256576783698e+00,8.720745891332626343e-02
1.255170866232488081e+00,8.488512784242630005e-02
1.255411075272496513e+00,8.500166237354278564e-02
1.255650885028644081e+00,8.219067007303237915e-02
1.255890296826135621e+00,8.251830190420150757e-02
1.256129311983589014e+00,8.217105269432067871e-02
1.256367931813079819e+00,8.045649528503417969e-02
1.256606157620183017e+00,7.997156679630279541e-02
1.256843990704017866e+00,7.881918549537658691e-02
1.257081432357288309e+00,8.419319987297058105e-02
1.257318483866326497e+00,7.992234826087951660e-02
1.257555146511134536e+00,8.172474801540374756e-02
1.257791421565424672e+00,8.055038750171661377e-02
1.258027310296662371e+00,8.462239801883697510e-02
1.258262813966105398e+00,8.164710551500320435e-02
1.258497933828845561e+00,8.191062510013580322e-02
1.258732671133847569e+00,8.366083353757858276e-02
1.258967027123990556e+00,8.022874593734741211e-02
1.259201003036105604e+00,8.103276789188385010e-02
1.259434600101016377e+00,8.126133680343627930e-02
1.259667819543577094e+00,8.329044282436370850e-02
1.259900662582712050e+00,8.066081255674362183e-02
1.260133130431452919e+00,8.237523585557937622e-02
1.260365224296976283e+00,7.998169213533401489e-02
1.260596945380642708e+00,8.204090595245361328e-02
1.260828294878033384e+00,8.242661505937576294e-02
1.261059273978986761e+00,8.148531615734100342e-02
1.261289883867635409e+00,7.903813570737838745e-02
1.261520125722442431e+00,8.179965615272521973e-02
1.261750000716238329e+00,8.068381249904632568e-02
1.261979510016255857e+00,7.969478517770767212e-02
1.262208654784165995e+00,7.898163795471191406e-02
1.262437436176113259e+00,8.078840374946594238e-02
1.262665855342750554e+00,8.000691980123519897e-02
1.262893913429274262e+00,8.180435746908187866e-02
1.263121611575458214e+00,8.200487494468688965e-02
1.263348950915687885e+00,8.310061693191528320e-02
1.263575932578995253e+00,7.998050749301910400e-02
1.263802557689090778e+00,8.344970643520355225e-02
1.264028827364398255e+00,7.751952111721038818e-02
1.264254742718087687e+00,7.845947146415710449e-02
1.264480304858106363e+00,7.974831759929656982e-02
1.264705514887214832e+00,8.089169114828109741e-02
1.264930373903015992e+00,7.873744517564773560e-02
1.265154882997988839e+00,8.006887137889862061e-02
1.265379043259520664e+00,8.042580634355545044e-02
1.265602855769937030e+00,7.913833856582641602e-02
1.265826321606534854e+00,7.869103550910949707e-02
1.266049441841612389e+00,7.864668965339660645e-02
1.266272217542500522e+00,7.934591919183731079e-02
1.266494649771593428e+00,8.012712746858596802e-02
1.266716739586378759e+00,7.838755846023559570e-02
1.266938488039468069e+00,7.902423292398452759e-02
1.267159896178627010e+00,7.860682159662246704e-02
1.267380965046803976e+00,7.948412001132965088e-02
1.267601695682160301e+00,7.727319002151489258e-02
1.267822089118100237e+00,7.662206143140792847e-02
1.268042146383298263e+00,8.008289337158203125e-02
1.268261868501729506e+00,7.700295746326446533e-02
1.268481256492697273e+00,7.830742746591567993e-02
1.268700311370862366e+00,7.666648924350738525e-02
1.268919034146269942e+00,7.781373709440231323e-02
1.269137425824379051e+00,7.930791378021240234e-02
1.269355487406088390e+00,7.962457090616226196e-02
1.269573219887766502e+00,7.804236561059951782e-02
1.269790624261275980e+00,7.936895638704299927e-02
1.270007701514002996e+00,7.711569964885711670e-02
1.270224452628883283e+00,7.592656463384628296e-02
1.270440878584429001e+00,7.581478357315063477e-02
1.270656980354754939e+00,7.735097408294677734e-02
1.270872758909604938e+00,7.595358043909072876e-02
1.271088215214378314e+00,7.697781175374984741e-02
1.271303350230155838e+00,7.992327213287353516e-02
1.271518164913724824e+00,7.586865127086639404e-02
1.271732660217604671e+00,7.469844073057174683e-02
1.271946837090073501e+00,7.999075949192047119e-02
1.272160696475191033e+00,7.432568073272705078e-02
1.272374239312826782e+00,7.550006359815597534e-02
1.272587466538680934e+00,7.907109707593917847e-02
1.272800379084312095e+00,7.856918871402740479e-02
1.273012977877160612e+00,7.633519917726516724e-02
1.273225263840572108e+00,7.642268389463424683e-02
1.273437237893823015e+00,7.833480834960937500e-02
1.273648900952143004e+00,7.672073692083358765e-02
1.273860253926739627e+00,7.603135704994201660e-02
1.274071297724821195e+00,7.683642953634262085e-02
1.274282033249621415e+00,7.664690911769866943e-02
1.274492461400420718e+00,7.450062036514282227e-02
1.274702583072570894e+00,7.540152221918106079e-02
1.274912399157516862e+00,7.788205891847610474e-02
1.275121910542819981e+00,7.541927695274353027e-02
1.275331118112180695e+00,7.684605568647384644e-02
1.275540022745460300e+00,7.832293957471847534e-02
1.275748625318703144e+00,7.287158071994781494e-02
1.275956926704159944e+00,7.716897130012512207e-02
1.276164927770307544e+00,7.516638934612274170e-02
1.276372629381872903e+00,7.554581016302108765e-02
1.276580032399852405e+00,7.656312733888626099e-02
1.276787137681535622e+00,7.233008742332458496e-02
1.276993946080524411e+00,7.439662516117095947e-02
1.277200458446755560e+00,7.366687804460525513e-02
1.277406675626521215e+00,7.332831621170043945e-02
1.277612598462489313e+00,7.257127761840820312e-02
1.277818227793724892e+00,7.540005445480346680e-02
1.278023564455710082e+00,7.116594910621643066e-02
1.278228609280364525e+00,7.268793880939483643e-02
1.278433363096066255e+00,7.229126244783401489e-02
1.278637826727671012e+00,7.389227300882339478e-02
1.278842000996532668e+00,7.362211495637893677e-02
1.279045886720522551e+00,7.459995895624160767e-02
1.279249484714049201e+00,7.587756961584091187e-02
1.279452795788078578e+00,7.352798432111740112e-02
1.279655820750152717e+00,7.358213514089584351e-02
1.279858560404408818e+00,7.495382428169250488e-02
1.280061015551599235e+00,7.085783034563064575e-02
1.280263186989109681e+00,7.236911356449127197e-02
1.280465075510978101e+00,7.293136417865753174e-02
1.280666681907913773e+00,7.577193528413772583e-02
1.280868006967316397e+00,7.468698173761367798e-02
1.281069051473292308e+00,7.067401707172393799e-02
1.281269816206676238e+00,7.248014211654663086e-02
1.281470301945046186e+00,7.399165630340576172e-02
1.281670509462743635e+00,7.236286252737045288e-02
1.281870439530890415e+00,7.454620301723480225e-02
1.282070092917407145e+00,7.167244702577590942e-02
1.282269470387030763e+00,7.593481987714767456e-02
1.282468572701331855e+00,7.117985188961029053e-02
1.282667400618732190e+00,7.053104043006896973e-02
1.282865954894522487e+00,7.489661872386932373e-02
1.283064236280879067e+00,7.310270518064498901e-02
1.283262245526880951e+00,7.405181229114532471e-02
1.283459983378528069e+00,7.212688028812408447e-02
1.283657450578755466e+00,7.024314254522323608e-02
1.283854647867453069e+00,7.070494443178176880e-02
1.284051575981480564e+00,7.247407734394073486e-02
1.284248235654683823e+00,7.107303291559219360e-02
1.284444627617912671e+00,7.051847875118255615e-02
1.284640752599035318e+00,7.127027958631515503e-02
1.284836611322956568e+00,6.943555176258087158e-02
1.285032204511632248e+00,7.042280584573745728e-02
1.285227532884085422e+00,6.971853971481323242e-02
1.285422597156423485e+00,6.940513849258422852e-02
1.285617398041852599e+00,7.169671356678009033e-02
1.285811936250693677e+00,7.226745039224624634e-02
1.286006212490398148e+00,7.098619639873504639e-02
1.286200227465563506e+00,6.948281079530715942e-02
1.286393981877948178e+00,6.937526166439056396e-02
1.286587476426486853e+00,7.002882659435272217e-02
1.286780711807306021e+00,6.827924400568008423e-02
1.286973688713738406e+00,7.005659490823745728e-02
1.287166407836338733e+00,6.953478604555130005e-02
1.287358869862897937e+00,7.138312608003616333e-02
1.287551075478457152e+00,7.120682299137115479e-02
1.287743025365324145e+00,6.802545487880706787e-02
1.287934720203086636e+00,7.109407335519790649e-02
1.288126160668626952e+00,6.967364996671676636e-02
1.288317347436135796e+00,6.855227798223495483e-02
1.288508281177128012e+00,6.936709582805633545e-02
1.288698962560455463e+00,6.957212835550308228e-02
1.288889392252321020e+00,6.780160218477249146e-02
1.289079570916294104e+00,7.155855000019073486e-02
1.289269499213321568e+00,6.841829419136047363e-02
1.289459177801745238e+00,6.929665803909301758e-02
1.289648607337312791e+00,6.716381013393402100e-02
1.289837788473191527e+00,7.022650539875030518e-02
1.290026721859984127e+00,6.893760710954666138e-02
1.290215408145739540e+00,7.032224535942077637e-02
1.290403847975967411e+00,7.210254669189453125e-02
1.290592041993651851e+00,6.986805796623229980e-02
1.290779990839263203e+00,6.876346468925476074e-02
1.290967695150772476e+00,7.146050035953521729e-02
1.291155155563663337e+00,7.381724566221237183e-02
1.291342372710946096e+00,7.097646594047546387e-02
1.291529347223169255e+00,6.972779333591461182e-02
1.291716079728433497e+00,6.850769370794296265e-02
1.291902570852403453e+00,6.881285458803176880e-02
1.292088821218320360e+00,6.724233180284500122e-02
1.292274831447014938e+00,7.232776284217834473e-02
1.292460602156919824e+00,6.737796217203140259e-02
1.292646133964081567e+00,6.823115795850753784e-02
1.292831427482173057e+00,6.778316199779510498e-02
1.293016483322505739e+00,6.864339858293533325e-02
1.293201302094041383e+00,6.738468259572982788e-02
1.293385884403404962e+00,6.696179509162902832e-02
1.293570230854895531e+00,6.649258732795715332e-02
1.293754342050498440e+00,6.561752408742904663e-02
1.293938218589898215e+00,7.063034921884536743e-02
1.294121861070488322e+00,6.940413266420364380e-02
1.294305270087384274e+00,6.702401489019393921e-02
1.294488446233434953e+00,6.752713769674301147e-02
1.294671390099233266e+00,7.043836265802383423e-02
1.294854102273129248e+00,6.924349069595336914e-02
1.295036583341239611e+00,7.011517882347106934e-02
1.295218833887459731e+00,6.978543847799301147e-02
1.295400854493475196e+00,6.598907709121704102e-02
1.295582645738773131e+00,6.447353214025497437e-02
1.295764208200651524e+00,6.714357435703277588e-02
1.295945542454233435e+00,6.804198026657104492e-02
1.296126649072473880e+00,6.699506938457489014e-02
1.296307528626174710e+00,6.762606650590896606e-02
1.296488181683992158e+00,6.608118861913681030e-02
1.296668608812449719e+00,6.338551640510559082e-02
1.296848810575947697e+00,6.562161445617675781e-02
1.297028787536774086e+00,6.703914701938629150e-02
1.297208540255115228e+00,6.645454466342926025e-02
1.297388069289066248e+00,6.672753393650054932e-02
1.297567375194641048e+00,6.636182963848114014e-02
1.297746458525783630e+00,6.647342443466186523e-02
1.297925319834376978e+00,6.757323443889617920e-02
1.298103959670254381e+00,6.710536777973175049e-02
1.298282378581208985e+00,6.752073764801025391e-02
1.298460577113004444e+00,6.705127656459808350e-02
1.298638555809384254e+00,6.562545150518417358e-02
1.298816315212081740e+00,6.554019451141357422e-02
1.298993855860830715e+00,6.845217198133468628e-02
1.299171178293374807e+00,6.534945219755172729e-02
1.299348283045477004e+00,6.500536948442459106e-02
1.299525170650929429e+00,6.620072573423385620e-02
1.299701841641563993e+00,6.596776843070983887e-02
1.299878296547260170e+00,6.368052959442138672e-02
1.300054535895955876e+00,6.370358169078826904e-02
1.300230560213657238e+00,6.398954242467880249e-02
1.300406370024446590e+00,6.432997435331344604e-02
1.300581965850492905e+00,6.595895439386367798e-02
1.300757348212060460e+00,6.340210884809494019e-02
1.300932517627519269e+00,6.206038221716880798e-02
1.301107474613352633e+00,6.322933733463287354e-02
1.301282219684167574e+00,6.493577361106872559e-02
1.301456753352703277e+00,6.472341716289520264e-02
1.301631076129840192e+00,6.426910310983657837e-02
1.301805188524609136e+00,6.716678291559219360e-02
1.301979091044200842e+00,6.457061320543289185e-02
1.302152784193972623e+00,6.587187945842742920e-02
1.302326268477460136e+00,6.314247846603393555e-02
1.302499544396383824e+00,6.351132690906524658e-02
1.302672612450659573e+00,6.656057387590408325e-02
1.302845473138404708e+00,6.508342921733856201e-02
1.303018126955949763e+00,6.577288359403610229e-02
1.303190574397844470e+00,6.182496249675750732e-02
1.303362815956867982e+00,6.422605365514755249e-02
1.303534852124035526e+00,6.408181041479110718e-02
1.303706683388608845e+00,6.295377761125564575e-02
1.303878310238103300e+00,6.378492712974548340e-02
1.304049733158296087e+00,6.615908443927764893e-02
1.304220952633235786e+00,6.266319751739501953e-02
1.304391969145248353e+00,6.247787550091743469e-02
1.304562783174946894e+00,6.532057374715805054e-02
1.304733395201240320e+00,6.532827019691467285e-02
1.304903805701339570e+00,6.284277141094207764e-02
1.305074015150766487e+00,6.309251487255096436e-02
1.305244024023362259e+00,6.299813091754913330e-02
1.305413832791294970e+00,6.355462968349456787e-02
1.305583441925066923e+00,6.359220296144485474e-02
1.305752851893523303e+00,6.170043349266052246e-02
1.305922063163859503e+00,6.055975332856178284e-02
1.306091076201629120e+00,6.258660554885864258e-02
1.306259891470751056e+00,6.331422924995422363e-02
1.306428509433517737e+00,6.133277341723442078e-02
1.306596930550602886e+00,6.254167854785919189e-02
1.306765155281068180e+00,6.148596107959747314e-02
1.306933184082371469e+00,6.334513425827026367e-02
1.307101017410374988e+00,6.318305432796478271e-02
1.307268655719350026e+00,6.210824102163314819e-02
1.307436099461987578e+00,6.218205764889717102e-02
1.307603349089404121e+00,6.038728728890419006e-02
1.307770405051148277e+00,6.468860059976577759e-02
1.307937267795209468e+00,6.238223612308502197e-02
1.308103937768024361e+00,6.023997068405151367e-02
1.308270415414483967e+00,6.188085675239562988e-02
1.308436701177941197e+00,6.320109963417053223e-02
1.308602795500217297e+00,6.296712160110473633e-02
1.308768698821609844e+00,6.297893077135086060e-02
1.308934411580898960e+00,6.084604933857917786e-02
1.309099934215353978e+00,6.220521032810211182e-02
1.309265267160741653e+00,6.124725565314292908e-02
1.309430410851331938e+00,6.200137734413146973e-02
1.309595365719905313e+00,6.413867324590682983e-02
1.309760132197759219e+00,6.116129830479621887e-02
1.309924710714715612e+00,6.031620502471923828e-02
1.310089101699126068e+00,6.254711002111434937e-02
1.310253305577881111e+00,6.002572551369667053e-02
1.310417322776413540e+00,6.077707931399345398e-02
1.310581153718707981e+00,6.540399789810180664e-02
1.310744798827306434e+00,5.962140858173370361e-02
1.310908258523313608e+00,6.157305091619491577e-02
1.311071533226404906e+00,5.803399160504341125e-02
1.311234623354833317e+00,6.333290040493011475e-02
1.311397529325433631e+00,5.893874913454055786e-02
1.311560251553631540e+00,5.860165879130363464e-02
1.311722790453447196e+00,6.038720905780792236e-02
1.311885146437504090e+00,6.160463392734527588e-02
1.312047319917033716e+00,6.136229634284973145e-02
1.312209311301882675e+00,6.377341598272323608e-02
1.312371121000518226e+00,6.153333559632301331e-02
1.312532749420034728e+00,6.094757094979286194e-02
1.312694196966160076e+00,5.993891507387161255e-02
1.312855464043261478e+00,5.829479917883872986e-02
1.313016551054351666e+00,6.128165870904922485e-02
1.313177458401094899e+00,5.876289680600166321e-02
1.313338186483813175e+00,6.029493734240531921e-02
1.313498735701491560e+00,6.086406484246253967e-02
1.313659106451784631e+00,6.020128726959228516e-02
1.313819299131022467e+00,5.904091149568557739e-02
1.313979314134216869e+00,6.117934733629226685e-02
1.314139151855065801e+00,6.121160462498664856e-02
1.314298812685960938e+00,5.955870077013969421e-02
1.314458297017992328e+00,5.943708494305610657e-02
1.314617605240954390e+00,5.882883816957473755e-02
1.314776737743351465e+00,6.177457794547080994e-02
1.314935694912404252e+00,6.051458790898323059e-02
1.315094477134054252e+00,5.975201353430747986e-02
1.315253084792970872e+00,5.788827687501907349e-02
1.315411518272555647e+00,5.825372785329818726e-02
1.315569777954948893e+00,6.110795587301254272e-02
1.315727864221033938e+00,5.881629139184951782e-02
1.315885777450443772e+00,5.803046375513076782e-02
1.316043518021566605e+00,5.847141146659851074e-02
1.316201086311550084e+00,5.934007465839385986e-02
1.316358482696307508e+00,5.768030136823654175e-02
1.316515707550524494e+00,5.621242150664329529e-02
1.316672761247660750e+00,5.837489664554595947e-02
1.316829644159959622e+00,5.751307308673858643e-02
1.316986356658450541e+00,5.876635387539863586e-02
1.317142899112955234e+00,6.095549836754798889e-02
1.317299271892092838e+00,5.880465358495712280e-02
1.317455475363285000e+00,6.110122427344322205e-02
1.317611509892761879e+00,5.774859338998794556e-02
1.317767375845565914e+00,5.582770705223083496e-02
1.317923073585558269e+00,5.662507191300392151e-02
1.318078603475422605e+00,5.916116759181022644e-02
1.318233965876671743e+00,5.924930423498153687e-02
1.318389161149650990e+00,6.060095131397247314e-02
1.318544189653544363e+00,5.839767307043075562e-02
1.318699051746379469e+00,5.871576070785522461e-02
1.318853747785031727e+00,5.813985317945480347e-02
1.319008278125230138e+00,5.760989710688591003e-02
1.319162643121561507e+00,5.896083638072013855e-02
1.319316843127476435e+00,5.573603510856628418e-02
1.319470878495292210e+00,5.806140229105949402e-02
1.319624749576199685e+00,5.823461711406707764e-02
1.319778456720267057e+00,5.513538420200347900e-02
1.319932000276444306e+00,5.909033864736557007e-02
1.320085380592569413e+00,5.802207067608833313e-02
1.320238598015371245e+00,5.926273390650749207e-02
1.320391652890475553e+00,5.709344521164894104e-02
1.320544545562408967e+00,5.813135579228401184e-02
1.320697276374604545e+00,5.548045039176940918e-02
1.320849845669405109e+00,5.550213530659675598e-02
1.321002253788068570e+00,5.588785931468009949e-02
1.321154501070772813e+00,5.630337446928024292e-02
1.321306587856619918e+00,5.268054828047752380e-02
1.321458514483639712e+00,5.635256692767143250e-02
1.321610281288796651e+00,5.531631037592887878e-02
1.321761888607992041e+00,5.571659281849861145e-02
1.321913336776069148e+00,5.872026830911636353e-02
1.322064626126818521e+00,5.815313383936882019e-02
1.322215756992981328e+00,5.714067444205284119e-02
1.322366729706254240e+00,5.819444730877876282e-02
1.322517544597293648e+00,5.627372488379478455e-02
1.322668201995719883e+00,5.596110969781875610e-02
1.322818702230121657e+00,5.778571218252182007e-02
1.322969045628060947e+00,5.786264687776565552e-02
1.323119232516076327e+00,5.529605597257614136e-02
1.323269263219687630e+00,5.774816125631332397e-02
1.323419138063400391e+00,5.777983367443084717e-02
1.323568857370709839e+00,5.544953420758247375e-02
1.323718421464104456e+00,5.248455330729484558e-02
1.323867830665071743e+00,5.706243589520454407e-02
1.324017085294101115e+00,5.800443887710571289e-02
1.324166185670687890e+00,5.563842877745628357e-02
1.324315132113338400e+00,5.484532937407493591e-02
1.324463924939573101e+00,5.452640354633331299e-02
1.324612564465931008e+00,5.756670609116554260e-02
1.324761051007974366e+00,5.626834183931350708e-02
1.324909384880291086e+00,5.343700945377349854e-02
1.325057566396500963e+00,5.551236495375633240e-02
1.325205595869256792e+00,5.326408892869949341e-02
1.325353473610251687e+00,5.683477595448493958e-02
1.325501199930220197e+00,5.626879259943962097e-02
1.325648775138943192e+00,5.703245848417282104e-02
1.325796199545252740e+00,5.532837286591529846e-02
1.325943473457034782e+00,5.592230334877967834e-02
1.326090597181232233e+00,5.555297806859016418e-02
1.326237571023852091e+00,5.273173004388809204e-02
1.326384395289964768e+00,5.575977638363838196e-02
1.326531070283712088e+00,5.416645482182502747e-02
1.326677596308307949e+00,5.562083795666694641e-02
1.326823973666043877e+00,5.479864403605461121e-02
1.326970202658292131e+00,5.230936780571937561e-02
1.327116283585509038e+00,5.558944121003150940e-02
1.327262216747240098e+00,5.445827543735504150e-02
1.327408002442121981e+00,5.633203312754631042e-02
1.327553640967886972e+00,5.656115710735321045e-02
1.327699132621367184e+00,5.470272526144981384e-02
1.327844477698497005e+00,5.612254887819290161e-02
1.327989676494317317e+00,5.431667715311050415e-02
1.328134729302979267e+00,5.362159013748168945e-02
1.328279636417748044e+00,5.382294952869415283e-02
1.328424398131005102e+00,5.205791071057319641e-02
1.328569014734253262e+00,5.441615730524063110e-02
1.328713486518119824e+00,5.567901581525802612e-02
1.328857813772359453e+00,5.480519682168960571e-02
1.329001996785857731e+00,5.363780260086059570e-02
1.329146035846635820e+00,5.267757549881935120e-02
1.329289931241852463e+00,5.552190169692039490e-02
1.329433683257808196e+00,5.415636673569679260e-02
1.329577292179948689e+00,5.519573017954826355e-02
1.329720758292867844e+00,5.305779725313186646e-02
1.329864081880311577e+00,5.264785513281822205e-02
1.330007263225180703e+00,5.437111482024192810e-02
1.330150302609534929e+00,5.292075499892234802e-02
1.330293200314595303e+00,5.322770029306411743e-02
1.330435956620748872e+00,5.321044474840164185e-02
1.330578571807550459e+00,5.496345832943916321e-02
1.330721046153726661e+00,5.113442987203598022e-02
1.330863379937179625e+00,5.375792831182479858e-02
1.331005573434989708e+00,5.620697140693664551e-02
1.331147626923418148e+00,5.266255885362625122e-02
1.331289540677911276e+00,5.297493189573287964e-02
1.331431314973104296e+00,5.297004431486129761e-02
1.331572950082821949e+00,5.192338675260543823e-02
1.331714446280084285e+00,5.453145503997802734e-02
1.331855803837108887e+00,5.175982043147087097e-02
1.331997023025313531e+00,5.253993347287178040e-02
1.332138104115319521e+00,5.061807483434677124e-02
1.332279047376955683e+00,5.158553272485733032e-02
1.332419853079260808e+00,5.225421115756034851e-02
1.332560521490485872e+00,5.245240405201911926e-02
1.332701052878098702e+00,5.307164788246154785e-02
1.332841447508786192e+00,4.986318945884704590e-02
1.332981705648456972e+00,5.347751826047897339e-02
1.333121827562245398e+00,5.389332026243209839e-02
1.333261813514513561e+00,5.214773863554000854e-02
1.333401663768855272e+00,5.386368930339813232e-02
1.333541378588098514e+00,5.160320922732353210e-02
1.333680958234307656e+00,5.347947403788566589e-02
1.333820402968787899e+00,4.973950237035751343e-02
1.333959713052087270e+00,5.198945477604866028e-02
1.334098888743999733e+00,5.420392379164695740e-02
1.334237930303568298e+00,5.297632142901420593e-02
1.334376837989087461e+00,5.387309193611145020e-02
1.334515612058106315e+00,5.088172852993011475e-02
1.334654252767431659e+00,5.184252560138702393e-02
1.334792760373130438e+00,5.105690285563468933e-02
1.334931135130533297e+00,5.048708245158195496e-02
1.335069377294235915e+00,5.148824304342269897e-02
1.335207487118104108e+00,5.234464630484580994e-02
1.335345464855273834e+00,5.029359832406044006e-02
1.335483310758156739e+00,5.055247247219085693e-02
1.335621025078441049e+00,5.473820120096206665e-02
1.335758608067094899e+00,5.143824219703674316e-02
1.335896059974368999e+00,5.290326476097106934e-02
1.336033381049799740e+00,4.787799343466758728e-02
1.336170571542211638e+00,5.223210901021957397e-02
1.336307631699720000e+00,5.144064873456954956e-02
1.336444561769733363e+00,5.084573104977607727e-02
1.336581361998956829e+00,5.144846811890602112e-02
1.336718032633394282e+00,5.176387727260589600e-02
1.336854573918351052e+00,4.938697442412376404e-02
1.336990986098436363e+00,5.042393878102302551e-02
1.337127269417567099e+00,5.284272134304046631e-02
1.337263424118968480e+00,5.182672291994094849e-02
1.337399450445178717e+00,5.127462744712829590e-02
1.337535348638049904e+00,5.428361892700195312e-02
1.337671118938751347e+00,5.005959048867225647e-02
1.337806761587772675e+00,4.989141970872879028e-02
1.337942276824925392e+00,5.425647273659706116e-02
1.338077664889345764e+00,5.112716928124427795e-02
1.338212926019497928e+00,5.202613770961761475e-02
1.338348060453175226e+00,5.212132632732391357e-02
1.338483068427504419e+00,5.151462554931640625e-02
1.338617950178946137e+00,4.764106869697570801e-02
1.338752705943299093e+00,5.254595726728439331e-02
1.338887335955701419e+00,4.783005639910697937e-02
1.339021840450633771e+00,5.175064876675605774e-02
1.339156219661921998e+00,4.972578957676887512e-02
1.339290473822738248e+00,4.877416789531707764e-02
1.339424603165605188e+00,5.125211924314498901e-02
1.339558607922396671e+00,5.000940337777137756e-02
1.339692488324342401e+00,4.999715462327003479e-02
1.339826244602027483e+00,4.870413988828659058e-02
1.339959876985397091e+00,4.974889382719993591e-02
1.340093385703758022e+00,5.008509010076522827e-02
1.340226770985780247e+00,4.691937938332557678e-02
1.340360033059501133e+00,5.033390596508979797e-02
1.340493172152326107e+00,4.953513666987419128e-02
1.340626188491031545e+00,4.948779940605163574e-02
1.340759082301768101e+00,4.949494823813438416e-02
1.340891853810060041e+00,5.049367249011993408e-02
1.341024503240811683e+00,5.099762231111526489e-02
1.341157030818306728e+00,5.002281442284584045e-02
1.341289436766210486e+00,4.764834791421890259e-02
1.341421721307574089e+00,5.059884116053581238e-02
1.341553884664836049e+00,4.782316461205482483e-02
1.341685927059822481e+00,4.963749647140502930e-02
1.341817848713752648e+00,4.935961589217185974e-02
1.341949649847238302e+00,4.884138330817222595e-02
1.342081330680288120e+00,4.950034245848655701e-02
1.342212891432307709e+00,4.589701071381568909e-02
1.342344332322104261e+00,4.906176403164863586e-02
1.342475653567886784e+00,4.651724919676780701e-02
1.342606855387268983e+00,4.879016429185867310e-02
1.342737937997271258e+00,4.890828579664230347e-02
1.342868901614323374e+00,4.860829189419746399e-02
1.342999746454265564e+00,4.840899631381034851e-02
1.343130472732352754e+00,5.047275498509407043e-02
1.343261080663253448e+00,4.868384078145027161e-02
1.343391570461054840e+00,4.821408167481422424e-02
1.343521942339263475e+00,4.777612164616584778e-02
1.343652196510807473e+00,4.767613485455513000e-02
1.343782333188038525e+00,4.711543396115303040e-02
1.343912352582734560e+00,4.848942160606384277e-02
1.344042254906101963e+00,5.002461001276969910e-02
1.344172040368775356e+00,4.688553884625434875e-02
1.344301709180823812e+00,4.772665724158287048e-02
1.344431261551748191e+00,4.821447283029556274e-02
1.344560697690487139e+00,4.906047508120536804e-02
1.344690017805416637e+00,4.855576530098915100e-02
1.344819222104352896e+00,4.949903860688209534e-02
1.344948310794554347e+00,4.961987957358360291e-02
1.345077284082723645e+00,4.613759368658065796e-02
1.345206142175009223e+00,4.711628332734107971e-02
1.345334885277008841e+00,4.523510485887527466e-02
1.345463513593768257e+00,4.584942385554313660e-02
1.345592027329787221e+00,4.832676425576210022e-02
1.345720426689018367e+00,4.657075926661491394e-02
1.345848711874870762e+00,4.888563230633735657e-02
1.345976883090210796e+00,4.669032990932464600e-02
1.346104940537365513e+00,4.645438492298126221e-02
1.346232884418122833e+00,4.872445389628410339e-02
1.346360714933734437e+00,4.709766805171966553e-02
1.346488432284918213e+00,4.638932645320892334e-02
1.346616036671858696e+00,4.762876033782958984e-02
1.346743528294209957e+00,4.772234708070755005e-02
1.346870907351096935e+00,4.893551021814346313e-02
1.346998174041118546e+00,4.823852330446243286e-02
1.347125328562347235e+00,5.051782354712486267e-02
1.347252371112333202e+00,4.578422755002975464e-02
1.347379301888105063e+00,4.563405364751815796e-02
1.347506121086170960e+00,4.583500325679779053e-02
1.347632828902523006e+00,4.712428152561187744e-02
1.347759425532635946e+00,4.652431234717369080e-02
1.347885911171470275e+00,4.664667695760726929e-02
1.348012286013475336e+00,4.576529189944267273e-02
1.348138550252589107e+00,4.644063487648963928e-02
1.348264704082240861e+00,4.698680713772773743e-02
1.348390747695352943e+00,4.612280055880546570e-02
1.348516681284342544e+00,4.490758851170539856e-02
1.348642505041123485e+00,4.810214787721633911e-02
1.348768219157107984e+00,4.557568952441215515e-02
1.348893823823207994e+00,4.498710483312606812e-02
1.349019319229837199e+00,4.512612521648406982e-02
1.349144705566913460e+00,4.982063546776771545e-02
1.349269983023858810e+00,4.663948342204093933e-02
1.349395151789603675e+00,4.574446752667427063e-02
1.349520212052585988e+00,4.525079205632209778e-02
1.349645164000754516e+00,4.616443067789077759e-02
1.349770007821569751e+00,4.636339470744132996e-02
1.349894743702006794e+00,4.572849348187446594e-02
1.350019371828555137e+00,4.620080068707466125e-02
1.350143892387221989e+00,4.544438049197196960e-02
1.350268305563533389e+00,4.466212168335914612e-02
1.350392611542535537e+00,4.426133632659912109e-02
1.350516810508797017e+00,4.529559612274169922e-02
1.350640902646409902e+00,4.757436364889144897e-02
1.350764888138991315e+00,4.465102776885032654e-02
1.350888767169686311e+00,4.635457322001457214e-02
1.351012539921167876e+00,4.611946269869804382e-02
1.351136206575639376e+00,4.536220803856849670e-02
1.351259767314836102e+00,4.523270577192306519e-02
1.351383222320026389e+00,4.573627561330795288e-02
1.351506571772014720e+00,4.447429254651069641e-02
1.351629815851140615e+00,4.282239824533462524e-02
1.351752954737283297e+00,4.417379945516586304e-02
1.351875988609861245e+00,4.539056494832038879e-02
1.351998917647833531e+00,4.486634582281112671e-02
1.352121742029703588e+00,4.523786157369613647e-02
1.352244461933517883e+00,4.554028064012527466e-02
1.352367077536870354e+00,4.461636394262313843e-02
1.352489589016901306e+00,4.671899601817131042e-02
1.352611996550300510e+00,4.374134168028831482e-02
1.352734300313308768e+00,4.550376906991004944e-02
1.352856500481718793e+00,4.373722895979881287e-02
1.352978597230876767e+00,4.403423145413398743e-02
1.353100590735684339e+00,4.501040279865264893e-02
1.353222481170599290e+00,4.553904384374618530e-02
1.353344268709638865e+00,4.413489624857902527e-02
1.353465953526378440e+00,4.428004845976829529e-02
1.353587535793955299e+00,4.154733195900917053e-02
1.353709015685069961e+00,4.436853155493736267e-02
1.353830393371985519e+00,4.378392174839973450e-02
1.353951669026531857e+00,4.400480911135673523e-02
1.354072842820106093e+00,4.471044987440109253e-02
1.354193914923672581e+00,4.344447329640388489e-02
1.354314885507766686e+00,4.163139313459396362e-02
1.354435754742494558e+00,4.416653886437416077e-02
1.354556522797535800e+00,4.436800256371498108e-02
1.354677189842143692e+00,4.316531121730804443e-02
1.354797756045147183e+00,4.431493952870368958e-02
1.354918221574952675e+00,4.437327012419700623e-02
1.355038586599544459e+00,4.326586052775382996e-02
1.355158851286487831e+00,4.323459044098854065e-02
1.355279015802927756e+00,4.389616474509239197e-02
1.355399080315593530e+00,4.344595596194267273e-02
1.355519044990797672e+00,4.523980617523193359e-02
1.355638909994437924e+00,4.285125806927680969e-02
1.355758675491999687e+00,4.483192041516304016e-02
1.355878341648555585e+00,4.148266464471817017e-02
1.355997908628769233e+00,4.319231957197189331e-02
1.356117376596893243e+00,4.088266566395759583e-02
1.356236745716774328e+00,4.500978812575340271e-02
1.356356016151851751e+00,4.201858118176460266e-02
1.356475188065160209e+00,4.251973703503608704e-02
1.356594261619330499e+00,4.458501189947128296e-02
1.356713236976591297e+00,4.352516308426856995e-02
1.356832114298769820e+00,4.269242286682128906e-02
1.356950893747294051e+00,4.301034286618232727e-02
1.357069575483193624e+00,4.359763488173484802e-02
1.357188159667100269e+00,4.389759898185729980e-02
1.357306646459251365e+00,4.472630098462104797e-02
1.357425036019488163e+00,4.283143207430839539e-02
1.357543328507260005e+00,4.281112924218177795e-02
1.357661524081623883e+00,4.360606893897056580e-02
1.357779622901246208e+00,4.092686995863914490e-02
1.357897625124403485e+00,4.307256266474723816e-02
1.358015530908985635e+00,4.405338317155838013e-02
1.358133340412494006e+00,4.238826036453247070e-02
1.358251053792045804e+00,4.317071661353111267e-02
1.358368671204373435e+00,4.325575008988380432e-02
1.358486192805825832e+00,4.327749460935592651e-02
1.358603618752371123e+00,4.289741441607475281e-02
1.358720949199595740e+00,4.424907267093658447e-02
1.358838184302707752e+00,4.246433079242706299e-02
1.358955324216537308e+00,4.406958818435668945e-02
1.359072369095536414e+00,4.232332110404968262e-02
1.359189319093783155e+00,4.443837702274322510e-02
1.359306174364980135e+00,4.330122470855712891e-02
1.359422935062456483e+00,4.255744069814682007e-02
1.359539601339170511e+00,4.124314337968826294e-02
1.359656173347708830e+00,4.151893034577369690e-02
1.359772651240289010e+00,4.209665581583976746e-02
1.359889035168760030e+00,4.344714805483818054e-02
1.360005325284603162e+00,4.182633012533187866e-02
1.360121521738934636e+00,4.222128167748451233e-02
1.360237624682504975e+00,3.857376053929328918e-02
1.360353634265701661e+00,4.174357280135154724e-02
1.360469550638549574e+00,4.274381697177886963e-02
1.360585373950711885e+00,4.243419319391250610e-02
1.360701104351491608e+00,4.157553985714912415e-02
1.360816741989833156e+00,4.153062775731086731e-02
1.360932287014323006e+00,4.075121507048606873e-02
1.361047739573190807e+00,4.119063913822174072e-02
1.361163099814310495e+00,4.115423560142517090e-02
1.361278367885201623e+00,4.006259888410568237e-02
1.361393543933030692e+00,4.261440038681030273e-02
1.361508628104611374e+00,4.189373552799224854e-02
1.361623620546407176e+00,3.889992460608482361e-02
1.361738521404530999e+00,4.320725426077842712e-02
1.361853330824746910e+00,4.361607134342193604e-02
1.361968048952471699e+00,4.245485365390777588e-02
1.362082675932775544e+00,4.087264835834503174e-02
1.362197211910382233e+00,4.035992920398712158e-02
1.362311657029672274e+00,4.173789545893669128e-02
1.362426011434682227e+00,4.164148122072219849e-02
1.362540275269106482e+00,4.142904654145240784e-02
1.362654448676297925e+00,4.257439449429512024e-02
1.362768531799270599e+00,4.197941347956657410e-02
1.362882524780698157e+00,4.233051463961601257e-02
1.362996427762917184e+00,3.961011394858360291e-02
1.363110240887926539e+00,4.096763581037521362e-02
1.363223964297390456e+00,3.977177292108535767e-02
1.363337598132637218e+00,4.120757803320884705e-02
1.363451142534662486e+00,4.046381264925003052e-02
1.363564597644128629e+00,3.890325129032135010e-02
1.363677963601366505e+00,4.116541519761085510e-02
1.363791240546376793e+00,4.045107588171958923e-02
1.363904428618829989e+00,4.075300693511962891e-02
1.364017527958068632e+00,4.056147485971450806e-02
1.364130538703107742e+00,4.054902866482734680e-02
1.364243460992635493e+00,4.158410802483558655e-02
1.364356294965015426e+00,4.160667210817337036e-02
1.364469040758286011e+00,4.091954603791236877e-02
1.364581698510162644e+00,3.975052759051322937e-02
1.364694268358038309e+00,4.038947820663452148e-02
1.364806750438984251e+00,4.088382422924041748e-02
1.364919144889752189e+00,4.180775955319404602e-02
1.365031451846773880e+00,4.001954942941665649e-02
1.365143671446162887e+00,3.872836008667945862e-02
1.365255803823715031e+00,4.054339602589607239e-02
1.365367849114910381e+00,3.884546831250190735e-02
1.365479807454913042e+00,4.132957383990287781e-02
1.365591678978572920e+00,4.054221510887145996e-02
1.365703463820426622e+00,4.165318608283996582e-02
1.365815162114697889e+00,3.891566023230552673e-02
1.365926773995299159e+00,3.955065086483955383e-02
1.366038299595832450e+00,3.991853445768356323e-02
1.366149739049590250e+00,4.031167924404144287e-02
1.366261092489555740e+00,3.859839588403701782e-02
1.366372360048404566e+00,4.081806540489196777e-02
1.366483541858506845e+00,4.048673436045646667e-02
1.366594638051925381e+00,3.888071700930595398e-02
1.366705648760418779e+00,3.784596174955368042e-02
1.366816574115441441e+00,3.900573030114173889e-02
1.366927414248145789e+00,3.931523859500885010e-02
1.367038169289380711e+00,4.080408811569213867e-02
1.367148839369694446e+00,3.941642493009567261e-02
1.367259424619336139e+00,4.039333760738372803e-02
1.367369925168253841e+00,3.983657062053680420e-02
1.367480341146098954e+00,3.890430182218551636e-02
1.367590672682224007e+00,4.021381214261054993e-02
1.367700919905685764e+00,3.927181661128997803e-02
1.367811082945245449e+00,3.828028962016105652e-02
1.367921161929369189e+00,3.947350382804870605e-02
1.368031156986229124e+00,4.119777306914329529e-02
1.368141068243704739e+00,4.130579903721809387e-02
1.368250895829383973e+00,3.910838440060615540e-02
1.368360639870562556e+00,4.013506695628166199e-02
1.368470300494246228e+00,3.906909748911857605e-02
1.368579877827151847e+00,3.742927312850952148e-02
1.368689371995707615e+00,3.967089578509330750e-02
1.368798783126053742e+00,3.829911351203918457e-02
1.368908111344043999e+00,3.687589243054389954e-02
1.369017356775245498e+00,3.980990871787071228e-02
1.369126519544942022e+00,3.924538567662239075e-02
1.369235599778130918e+00,3.757048398256301880e-02
1.369344597599528424e+00,3.777765482664108276e-02
1.369453513133566780e+00,3.919929638504981995e-02
1.369562346504397121e+00,4.038709029555320740e-02
1.369671097835889695e+00,3.867441415786743164e-02
1.369779767251635416e+00,3.792799264192581177e-02
1.369888354874945202e+00,3.875738382339477539e-02
1.369996860828852414e+00,3.974302113056182861e-02
1.370105285236113080e+00,3.747004270553588867e-02
1.370213628219206115e+00,3.990715369582176208e-02
1.370321889900334877e+00,3.780950605869293213e-02
1.370430070401428280e+00,3.894817829132080078e-02
1.370538169844140564e+00,3.903494030237197876e-02
1.370646188349853523e+00,3.914948925375938416e-02
1.370754126039675169e+00,3.932249546051025391e-02
1.370861983034443066e+00,4.003569111227989197e-02
1.370969759454723436e+00,3.811487182974815369e-02
1.371077455420812941e+00,3.778241574764251709e-02
1.371185071052738680e+00,3.818523138761520386e-02
1.371292606470259301e+00,3.737580403685569763e-02
1.371400061792865666e+00,3.915866464376449585e-02
1.371507437139782848e+00,3.749270737171173096e-02
1.371614732629968358e+00,3.655801340937614441e-02
1.371721948382116141e+00,3.788553178310394287e-02
1.371829084514654351e+00,3.911336511373519897e-02
1.371936141145748245e+00,3.813776001334190369e-02
1.372043118393300176e+00,3.744369000196456909e-02
1.372150016374950043e+00,3.644138947129249573e-02
1.372256835208076842e+00,3.718569129705429077e-02
1.372363575009798664e+00,3.892971575260162354e-02
1.372470235896974033e+00,3.700815886259078979e-02
1.372576817986202791e+00,3.764047473669052124e-02
1.372683321393826095e+00,3.855089843273162842e-02
1.372789746235927533e+00,3.902046382427215576e-02
1.372896092628334452e+00,3.795580193400382996e-02
1.373002360686617740e+00,3.658281266689300537e-02
1.373108550526093818e+00,3.737405687570571899e-02
1.373214662261823982e+00,3.705263882875442505e-02
1.373320696008615949e+00,3.583581745624542236e-02
1.373426651881024751e+00,3.848353028297424316e-02
1.373532529993352735e+00,3.633687272667884827e-02
1.373638330459651558e+00,3.901026397943496704e-02
1.373744053393721298e+00,3.788960725069046021e-02
1.373849698909112682e+00,3.794629126787185669e-02
1.373955267119126633e+00,3.575545176863670349e-02
1.374060758136815608e+00,3.678224608302116394e-02
1.374166172074985148e+00,3.668553382158279419e-02
1.374271509046192108e+00,3.696118667721748352e-02
1.374376769162748202e+00,3.760427609086036682e-02
1.374481952536719565e+00,3.728457540273666382e-02
1.374587059279926526e+00,3.792992606759071350e-02
1.374692089503945613e+00,3.642902150750160217e-02
1.374797043320109990e+00,3.763490170240402222e-02
1.374901920839509906e+00,3.670716285705566406e-02
1.375006722172993356e+00,3.747560828924179077e-02
1.375111447431167422e+00,3.648380190134048462e-02
1.375216096724397818e+00,3.607186675071716309e-02
1.375320670162810677e+00,3.606152907013893127e-02
1.375425167856292985e+00,3.766931593418121338e-02
1.375529589914492590e+00,3.715308010578155518e-02
1.375633936446819972e+00,3.680823370814323425e-02
1.375738207562448245e+00,3.701455518603324890e-02
1.375842403370313383e+00,3.433868661522865295e-02
1.375946523979116209e+00,3.730949386954307556e-02
1.376050569497322185e+00,3.516070917248725891e-02
1.376154540033162288e+00,3.703004866838455200e-02
1.376258435694633464e+00,3.493552654981613159e-02
1.376362256589499955e+00,3.482163697481155396e-02
1.376466002825292634e+00,3.613664954900741577e-02
1.376569674509311891e+00,3.870440274477005005e-02
1.376673271748625638e+00,3.706698864698410034e-02
1.376776794650072189e+00,3.588254377245903015e-02
1.376880243320259378e+00,3.670550882816314697e-02
1.376983617865566334e+00,3.399663418531417847e-02
1.377086918392143700e+00,3.647410124540328979e-02
1.377190145005914079e+00,3.653075546026229858e-02
1.377293297812572925e+00,3.646499663591384888e-02
1.377396376917588983e+00,3.627648204565048218e-02
1.377499382426205399e+00,3.479585051536560059e-02
1.377602314443439946e+00,3.492624685168266296e-02
1.377705173074085465e+00,3.639458492398262024e-02
1.377807958422710755e+00,3.427270799875259399e-02
1.377910670593662568e+00,3.658953681588172913e-02
1.378013309691062949e+00,3.633372113108634949e-02
1.378115875818813674e+00,3.624773398041725159e-02
1.378218369080593808e+00,3.760475292801856995e-02
1.378320789579862371e+00,3.329752758145332336e-02
1.378423137419857447e+00,3.542669117450714111e-02
1.378525412703598407e+00,3.492774441838264465e-02
1.378627615533885020e+00,3.640148788690567017e-02
1.378729746013299451e+00,3.486736118793487549e-02
1.378831804244205372e+00,3.547542169690132141e-02
1.378933790328749742e+00,3.448085114359855652e-02
1.379035704368862802e+00,3.458015993237495422e-02
1.379137546466259856e+00,3.578165173530578613e-02
1.379239316722439268e+00,3.470886498689651489e-02
1.379341015238686463e+00,3.705218434333801270e-02
1.379442642116071926e+00,3.472437337040901184e-02
1.379544197455452759e+00,3.379498794674873352e-02
1.379645681357472897e+00,3.556107357144355774e-02
1.379747093922565337e+00,3.523263335227966309e-02
1.379848435250949912e+00,3.411727771162986755e-02
1.379949705442636398e+00,3.577112779021263123e-02
1.380050904597423855e+00,3.327857702970504761e-02
1.380152032814900842e+00,3.479048237204551697e-02
1.380253090194447640e+00,3.649025037884712219e-02
1.380354076835235366e+00,3.552017360925674438e-02
1.380454992836226857e+00,3.677426651120185852e-02
1.380555838296178006e+00,3.455176576972007751e-02
1.380656613313636871e+00,3.515341132879257202e-02
1.380757317986945676e+00,3.432337194681167603e-02
1.380857952414241030e+00,3.513148799538612366e-02
1.380958516693453930e+00,3.392910584807395935e-02
1.381059010922311314e+00,3.377003222703933716e-02
1.381159435198334950e+00,3.546417877078056335e-02
1.381259789618844325e+00,3.422055765986442566e-02
1.381360074280954864e+00,3.605895116925239563e-02
1.381460289281580822e+00,3.585426881909370422e-02
1.381560434717433727e+00,3.352761641144752502e-02
1.381660510685023713e+00,3.349581733345985413e-02
1.381760517280661293e+00,3.603045642375946045e-02
1.381860454600455368e+00,3.466751053929328918e-02
1.381960322740316771e+00,3.426204621791839600e-02
1.382060121795956054e+00,3.484163433313369751e-02
1.382159851862885702e+00,3.469862788915634155e-02
1.382259513036421028e+00,3.413804993033409119e-02
1.382359105411678613e+00,3.392198681831359863e-02
1.382458629083578749e+00,3.506973013281822205e-02
1.382558084146846111e+00,3.653912246227264404e-02
1.382657470696008417e+00,3.140711039304733276e-02
1.382756788825398875e+00,3.525682911276817322e-02
1.382856038629156181e+00,3.532021865248680115e-02
1.382955220201224300e+00,3.472116217017173767e-02
1.383054333635354016e+00,3.408217802643775940e-02
1.383153379025102492e+00,3.476521745324134827e-02
1.383252356463835264e+00,3.357910737395286560e-02
1.383351266044724914e+00,3.416228666901588440e-02
1.383450107860753064e+00,3.505055978894233704e-02
1.383548882004709712e+00,3.507219627499580383e-02
1.383647588569195452e+00,3.242015466094017029e-02
1.383746227646620142e+00,3.379306197166442871e-02
1.383844799329204012e+00,3.517963737249374390e-02
1.383943303708979444e+00,3.351106122136116028e-02
1.384041740877789861e+00,3.481701388955116272e-02
1.384140110927290168e+00,3.322695568203926086e-02
1.384238413948948754e+00,3.304850310087203979e-02
1.384336650034046823e+00,3.249723836779594421e-02
1.384434819273679507e+00,3.332865238189697266e-02
1.384532921758756085e+00,3.453920409083366394e-02
1.384630957579999988e+00,3.356520086526870728e-02
1.384728926827950124e+00,3.334403783082962036e-02
1.384826829592961550e+00,3.414433449506759644e-02
1.384924665965205026e+00,3.323035314679145813e-02
1.385022436034667459e+00,3.369358927011489868e-02
1.385120139891154345e+00,3.344901278614997864e-02
1.385217777624287550e+00,3.188319876790046692e-02
1.385315349323507750e+00,3.380883857607841492e-02
1.385412855078073990e+00,3.234899416565895081e-02
1.385510294977064349e+00,3.462462499737739563e-02
1.385607669109377271e+00,3.506038337945938110e-02
1.385704977563730456e+00,3.318178281188011169e-02
1.385802220428662634e+00,3.297802060842514038e-02
1.385899397792533572e+00,3.306707739830017090e-02
1.385996509743524507e+00,3.361275047063827515e-02
1.386093556369639046e+00,3.290747478604316711e-02
1.386190537758702490e+00,3.306850790977478027e-02
1.386287453998364283e+00,3.302087634801864624e-02
1.386384305176096454e+00,3.367323428392410278e-02
1.386481091379195618e+00,3.490870073437690735e-02
1.386577812694782086e+00,3.188128769397735596e-02
1.386674469209801863e+00,3.087866120040416718e-02
1.386771061011025541e+00,3.478834033012390137e-02
1.386867588185050515e+00,3.321415185928344727e-02
1.386964050818299432e+00,3.235146775841712952e-02
1.387060448997022410e+00,3.198172897100448608e-02
1.387156782807296374e+00,3.214091807603836060e-02
1.387253052335026160e+00,3.201087191700935364e-02
1.387349257665944746e+00,3.064222633838653564e-02
1.387445398885613912e+00,3.324041515588760376e-02
1.387541476079423575e+00,3.264309093356132507e-02
1.387637489332594676e+00,3.252089396119117737e-02
1.387733438730176738e+00,3.367833420634269714e-02
1.387829324357050309e+00,3.204030543565750122e-02
1.387925146297927181e+00,3.343936055898666382e-02
1.388020904637349284e+00,3.069318272173404694e-02
1.388116599459691791e+00,3.236876800656318665e-02
1.388212230849160900e+00,3.074495680630207062e-02
1.388307798889796496e+00,3.297976031899452209e-02
1.388403303665470379e+00,3.364113718271255493e-02
1.388498745259888700e+00,3.102907165884971619e-02
1.388594123756591525e+00,3.315925598144531250e-02
1.388689439238953272e+00,3.182012215256690979e-02
1.388784691790182935e+00,3.102286159992218018e-02
1.388879881493325419e+00,3.185630589723587036e-02
1.388975008431260427e+00,3.188850358128547668e-02
1.389070072686704904e+00,3.331783041357994080e-02
1.389165074342211703e+00,3.320867940783500671e-02
1.389260013480170697e+00,3.161000460386276245e-02
1.389354890182809443e+00,2.986234799027442932e-02
1.389449704532193186e+00,3.076273761689662933e-02
1.389544456610225964e+00,3.179130703210830688e-02
1.389639146498649946e+00,3.133513033390045166e-02
1.389733774279046763e+00,3.075503930449485779e-02
1.389828340032837284e+00,3.290950506925582886e-02
1.389922843841282951e+00,3.090579994022846222e-02
1.390017285785485113e+00,3.174710646271705627e-02
1.390111665946386355e+00,3.215161710977554321e-02
1.390205984404769834e+00,3.310108557343482971e-02
1.390300241241261281e+00,3.164006769657135010e-02
1.390394436536327882e+00,3.178744763135910034e-02
1.390488570370279620e+00,3.085724823176860809e-02
1.390582642823268822e+00,3.119806386530399323e-02
1.390676653975292165e+00,3.157174959778785706e-02
1.390770603906188896e+00,3.084134124219417572e-02
1.390864492695643273e+00,3.350825235247612000e-02
1.390958320423183237e+00,3.194507956504821777e-02
1.391052087168182627e+00,3.327722847461700439e-02
1.391145793009860077e+00,3.221893683075904846e-02
1.391239438027279673e+00,3.129363059997558594e-02
1.391333022299352296e+00,3.093977458775043488e-02
1.391426545904834944e+00,3.194988891482353210e-02
1.391520008922331852e+00,3.110966272652149200e-02
1.391613411430294045e+00,3.299148753285408020e-02
1.391706753507020888e+00,3.066290169954299927e-02
1.391800035230659427e+00,3.040926717221736908e-02
1.391893256679205493e+00,3.064121492207050323e-02
1.391986417930503706e+00,3.024569712579250336e-02
1.392079519062248139e+00,3.025923669338226318e-02
1.392172560151982097e+00,3.107115067541599274e-02
1.392265541277099228e+00,3.139419853687286377e-02
1.392358462514844186e+00,3.009494766592979431e-02
1.392451323942311525e+00,3.140630945563316345e-02
1.392544125636447472e+00,3.149358928203582764e-02
1.392636867674049928e+00,3.140623122453689575e-02
1.392729550131768690e+00,3.052855841815471649e-02
1.392822173086106119e+00,3.125108778476715088e-02
1.392914736613416693e+00,3.192957118153572083e-02
1.393007240789908563e+00,3.149258345365524292e-02
1.393099685691643774e+00,2.936217561364173889e-02
1.393192071394537379e+00,3.050422109663486481e-02
1.393284397974358990e+00,3.017874434590339661e-02
1.393376665506733003e+00,3.008843585848808289e-02
1.393468874067138596e+00,3.107026405632495880e-02
1.393561023730910842e+00,3.080415725708007812e-02
1.393653114573239593e+00,3.040283918380737305e-02
1.393745146669171930e+00,3.136494755744934082e-02
1.393837120093609938e+00,2.964642085134983063e-02
1.393929034921314480e+00,2.963239885866641998e-02
1.394020891226902092e+00,3.026991523802280426e-02
1.394112689084846979e+00,2.928331680595874786e-02
1.394204428569482346e+00,3.202792629599571228e-02
1.394296109754998625e+00,3.019383363425731659e-02
1.394387732715445471e+00,2.876690961420536041e-02
1.394479297524730876e+00,2.865829132497310638e-02
1.394570804256622942e+00,2.952362969517707825e-02
1.394662252984749218e+00,3.000358678400516510e-02
1.394753643782597585e+00,2.986268512904644012e-02
1.394844976723515595e+00,2.992850542068481445e-02
1.394936251880712463e+00,3.038900718092918396e-02
1.395027469327257741e+00,3.061905317008495331e-02
1.395118629136083310e+00,3.154233843088150024e-02
1.395209731379982276e+00,3.020681254565715790e-02
1.395300776131610077e+00,3.071317262947559357e-02
1.395391763463484480e+00,2.946762926876544952e-02
1.395482693447987144e+00,2.996806800365447998e-02
1.395573566157361611e+00,2.986392751336097717e-02
1.395664381663715314e+00,2.832895144820213318e-02
1.395755140039020459e+00,3.055670671164989471e-02
1.395845841355112693e+00,3.111620992422103882e-02
1.395936485683691997e+00,3.024181351065635681e-02
1.396027073096324678e+00,3.145952895283699036e-02
1.396117603664440932e+00,3.171963989734649658e-02
1.396208077459336616e+00,2.985468134284019470e-02
1.396298494552174585e+00,3.048708476126194000e-02
1.396388855013983132e+00,3.101572766900062561e-02
1.396479158915657326e+00,2.779833041131496429e-02
1.396569406327959451e+00,2.973896078765392303e-02
1.396659597321518564e+00,2.785418182611465454e-02
1.396749731966832053e+00,3.047627769410610199e-02
1.396839810334264520e+00,2.780855633318424225e-02
1.396929832494049561e+00,2.773903869092464447e-02
1.397019798516288658e+00,2.890060655772686005e-02
1.397109708470952727e+00,2.948563359677791595e-02
1.397199562427881903e+00,2.855368331074714661e-02
1.397289360456785534e+00,2.919721044600009918e-02
1.397379102627243519e+00,2.911864034831523895e-02
1.397468789008705414e+00,2.930236421525478363e-02
1.397558419670491769e+00,3.090587072074413300e-02
1.397647994681793460e+00,2.951322495937347412e-02
1.397737514111673018e+00,3.082241117954254150e-02
1.397826978029064637e+00,2.850850857794284821e-02
1.397916386502773722e+00,2.856490388512611389e-02
1.398005739601478226e+00,2.892347984015941620e-02
1.398095037393728868e+00,2.836427837610244751e-02
1.398184279947948694e+00,2.948137000203132629e-02
1.398273467332433739e+00,3.026223741471767426e-02
1.398362599615354140e+00,2.875735051929950714e-02
1.398451676864752802e+00,2.939952164888381958e-02
1.398540699148547617e+00,2.915165945887565613e-02
1.398629666534530136e+00,3.014416620135307312e-02
1.398718579090367342e+00,3.066827170550823212e-02
1.398807436883600097e+00,2.846981585025787354e-02
1.398896239981645584e+00,2.722067199647426605e-02
1.398984988451795530e+00,2.797609008848667145e-02
1.399073682361218873e+00,2.840604260563850403e-02
1.399162321776959317e+00,2.869192138314247131e-02
1.399250906765938440e+00,2.741882391273975372e-02
1.399339437394953478e+00,3.052941896021366119e-02
1.399427913730679318e+00,2.840087749063968658e-02
1.399516335839668280e+00,2.845411933958530426e-02
1.399604703788350335e+00,2.690210193395614624e-02
1.399693017643033111e+00,2.830897271633148193e-02
1.399781277469902996e+00,2.825453504920005798e-02
1.399869483335024922e+00,2.946370095014572144e-02
1.399957635304342807e+00,2.847377397119998932e-02
1.400045733443678886e+00,2.825935184955596924e-02
1.400133777818736380e+00,2.765088528394699097e-02
1.400221768495097052e+00,2.668715268373489380e-02
1.400309705538222982e+00,2.673616260290145874e-02
1.400397589013457456e+00,2.838364616036415100e-02
1.400485418986022967e+00,2.855584956705570221e-02
1.400573195521024550e+00,2.778344042599201202e-02
1.400660918683447331e+00,2.894907258450984955e-02
1.400748588538158090e+00,2.799545228481292725e-02
1.400836205149905922e+00,2.932286635041236877e-02
1.400923768583322016e+00,2.758765779435634613e-02
1.401011278902919432e+00,2.755160629749298096e-02
1.401098736173093995e+00,2.824019454419612885e-02
1.401186140458124729e+00,2.901588939130306244e-02
1.401273491822174533e+00,2.751115523278713226e-02
1.401360790329288175e+00,2.848677150905132294e-02
1.401448036043395629e+00,2.626981027424335480e-02
1.401535229028310514e+00,2.781052887439727783e-02
1.401622369347730768e+00,2.745472639799118042e-02
1.401709457065239306e+00,2.901001088321208954e-02
1.401796492244303360e+00,2.893188595771789551e-02
1.401883474948275587e+00,2.664969116449356079e-02
1.401970405240394735e+00,3.010476008057594299e-02
1.402057283183784309e+00,2.755456976592540741e-02
1.402144108841454573e+00,2.815400250256061554e-02
1.402230882276301660e+00,2.685209922492504120e-02
1.402317603551109126e+00,2.835131809115409851e-02
1.402404272728545953e+00,2.805546298623085022e-02
1.402490889871169433e+00,2.676493860781192780e-02
1.402577455041423615e+00,2.803215570747852325e-02
1.402663968301640640e+00,2.672946080565452576e-02
1.402750429714040514e+00,2.684253267943859100e-02
1.402836839340731112e+00,2.768759056925773621e-02
1.402923197243708842e+00,2.703753858804702759e-02
1.403009503484859311e+00,2.920562401413917542e-02
1.403095758125956438e+00,2.559306100010871887e-02
1.403181961228664232e+00,2.689053304493427277e-02
1.403268112854535232e+00,2.825807034969329834e-02
1.403354213065012956e+00,2.685342356562614441e-02
1.403440261921429899e+00,2.749442867934703827e-02
1.403526259485009309e+00,2.643479034304618835e-02
1.403612205816865188e+00,2.616189606487751007e-02
1.403698100978002072e+00,2.683509700000286102e-02
1.403783945029315916e+00,2.655395120382308960e-02
1.403869738031593650e+00,2.878874540328979492e-02
1.403955480045514070e+00,2.759356610476970673e-02
1.404041171131648280e+00,2.529941499233245850e-02
1.404126811350458137e+00,2.860799990594387054e-02
1.404212400762299806e+00,2.722391486167907715e-02
1.404297939427420427e+00,2.759218215942382812e-02
1.404383427405961005e+00,2.674807794392108917e-02
1.404468864757955071e+00,2.742352709174156189e-02
1.404554251543330246e+00,2.815247513353824615e-02
1.404639587821907343e+00,2.764301188290119171e-02
1.404724873653401040e+00,2.690174244344234467e-02
1.404810109097420545e+00,2.742501161992549896e-02
1.404895294213469148e+00,2.682311274111270905e-02
1.404980429060945113e+00,2.657170966267585754e-02
1.405065513699140789e+00,2.688127942383289337e-02
1.405150548187245052e+00,2.636170387268066406e-02
1.405235532584341085e+00,2.733073756098747253e-02
1.405320466949408154e+00,2.589684911072254181e-02
1.405405351341320941e+00,2.610988914966583252e-02
1.405490185818851323e+00,2.743493951857089996e-02
1.405574970440666371e+00,2.577681466937065125e-02
1.405659705265330572e+00,2.726399526000022888e-02
1.405744390351304718e+00,2.718333899974822998e-02
1.405829025756947459e+00,2.779118902981281281e-02
1.405913611540513974e+00,2.680813707411289215e-02
1.405998147760157968e+00,2.757478505373001099e-02
1.406082634473929227e+00,2.732409909367561340e-02
1.406167071739778285e+00,2.478333376348018646e-02
1.406251459615551536e+00,2.694464661180973053e-02
1.406335798158995010e+00,2.675279974937438965e-02
1.406420087427753707e+00,2.648259885609149933e-02
1.406504327479371375e+00,2.470143511891365051e-02
1.406588518371290730e+00,2.532104589045047760e-02
1.406672660160854127e+00,2.687042765319347382e-02
1.406756752905304220e+00,2.582327648997306824e-02
1.406840796661783077e+00,2.696356549859046936e-02
1.406924791487332627e+00,2.617710642516613007e-02
1.407008737438895984e+00,2.693192102015018463e-02
1.407092634573316792e+00,2.705952897667884827e-02
1.407176482947338769e+00,2.671714685857295990e-02
1.407260282617607938e+00,2.778116799890995026e-02
1.407344033640670844e+00,2.483473904430866241e-02
1.407427736072976110e+00,2.538040280342102051e-02
1.407511389970873550e+00,2.772338688373565674e-02
1.407594995390615722e+00,2.629205398261547089e-02
1.407678552388356819e+00,2.582927606999874115e-02
1.407762061020153999e+00,2.597548253834247589e-02
1.407845521341966721e+00,2.731297537684440613e-02
1.407928933409657857e+00,2.491623349487781525e-02
1.408012297278993019e+00,2.547097951173782349e-02
1.408095613005641455e+00,2.651423215866088867e-02
1.408178880645176045e+00,2.500172704458236694e-02
1.408262100253073301e+00,2.589666470885276794e-02
1.408345271884713368e+00,2.585680224001407623e-02
1.408428395595382021e+00,2.492864616215229034e-02
1.408511471440268226e+00,2.542420476675033569e-02
1.408594499474466577e+00,2.767070755362510681e-02
1.408677479752975303e+00,2.658383175730705261e-02
1.408760412330699152e+00,2.713616378605365753e-02
1.408843297262447836e+00,2.597556635737419128e-02
1.408926134602936253e+00,2.617657557129859924e-02
1.409008924406785379e+00,2.709122188389301300e-02
1.409091666728522485e+00,2.536659315228462219e-02
1.409174361622580918e+00,2.703854069113731384e-02
1.409257009143299655e+00,2.563017606735229492e-02
1.409339609344925748e+00,2.680026739835739136e-02
1.409422162281612101e+00,2.536947466433048248e-02
1.409504668007419248e+00,2.637656778097152710e-02
1.409587126576314908e+00,2.608776837587356567e-02
1.409669538042173986e+00,2.619237825274467468e-02
1.409751902458779238e+00,2.678286284208297729e-02
1.409834219879821715e+00,2.560254558920860291e-02
1.409916490358900099e+00,2.604136243462562561e-02
1.409998713949522253e+00,2.623383142054080963e-02
1.410080890705103673e+00,2.594267204403877258e-02
1.410163020678969037e+00,2.414353191852569580e-02
1.410245103924351984e+00,2.556134574115276337e-02
1.410327140494395337e+00,2.553231455385684967e-02
1.410409130442151548e+00,2.447384409606456757e-02
1.410491073820582031e+00,2.511392161250114441e-02
1.410572970682558713e+00,2.577621117234230042e-02
1.410654821080863153e+00,2.286248281598091125e-02
1.410736625068187422e+00,2.395117841660976410e-02
1.410818382697133222e+00,2.491915039718151093e-02
1.410900094020214102e+00,2.572177350521087646e-02
1.410981759089853238e+00,2.388970926403999329e-02
1.411063377958385434e+00,2.656896039843559265e-02
1.411144950678057342e+00,2.569554746150970459e-02
1.411226477301025461e+00,2.661428973078727722e-02
1.411307957879359476e+00,2.497383952140808105e-02
1.411389392465040027e+00,2.497119456529617310e-02
1.411470781109959827e+00,2.524713799357414246e-02
1.411552123865923880e+00,2.499877847731113434e-02
1.411633420784650150e+00,2.686214447021484375e-02
1.411714671917768449e+00,2.427993901073932648e-02
1.411795877316821990e+00,2.550082653760910034e-02
1.411877037033266502e+00,2.767009101808071136e-02
1.411958151118471338e+00,2.501556463539600372e-02
1.412039219623719033e+00,2.387535572052001953e-02
1.412120242600205966e+00,2.356127835810184479e-02
1.412201220099041477e+00,2.472686581313610077e-02
1.412282152171250083e+00,2.510004118084907532e-02
1.412363038867769927e+00,2.513576485216617584e-02
1.412443880239453442e+00,2.531856670975685120e-02
1.412524676337067353e+00,2.728812210261821747e-02
1.412605427211294007e+00,2.339447103440761566e-02
1.412686132912729597e+00,2.550764381885528564e-02
1.412766793491886830e+00,2.653028815984725952e-02
1.412847408999192034e+00,2.473491244018077850e-02
1.412927979484988716e+00,2.472103014588356018e-02
1.413008504999534676e+00,2.326757274568080902e-02
1.413088985593004887e+00,2.514656074345111847e-02
1.413169421315489505e+00,2.622305601835250854e-02
1.413249812216994972e+00,2.546454593539237976e-02
1.413330158347444243e+00,2.435120940208435059e-02
1.413410459756677895e+00,2.301213704049587250e-02
1.413490716494451904e+00,2.427795901894569397e-02
1.413570928610440092e+00,2.413490973412990570e-02
