# kappa, accuracy
0.000000000000000000e+00,5.985000133514404297e-01
3.461007129376915681e-01,6.804999709129333496e-01
4.393967914940115072e-01,7.277500033378601074e-01
4.955873407922452012e-01,7.522500157356262207e-01
5.359242729106545866e-01,7.592499852180480957e-01
5.674124349446855176e-01,7.649999856948852539e-01
5.932441912265010719e-01,7.724999785423278809e-01
6.151455693187420914e-01,7.782499790191650391e-01
6.341561588138040495e-01,7.749999761581420898e-01
6.509508575134758113e-01,7.875000238418579102e-01
6.659927302084045486e-01,7.875000238418579102e-01
6.796133230545864379e-01,7.907500267028808594e-01
6.920581890983253937e-01,7.952499985694885254e-01
7.035142747885909653e-01,7.954999804496765137e-01
7.141272036402024348e-01,7.940000295639038086e-01
7.240126236789903302e-01,8.000000119209289551e-01
7.332639087989526461e-01,7.969999909400939941e-01
7.419575353847783772e-01,7.954999804496765137e-01
7.501569285619464900e-01,7.979999780654907227e-01
7.579152727552022073e-01,7.987499833106994629e-01
7.652776041826310216e-01,8.015000224113464355e-01
7.722823947724311022e-01,8.034999966621398926e-01
7.789627689821662093e-01,8.037499785423278809e-01
7.853474511102330746e-01,8.017500042915344238e-01
7.914615117018178880e-01,8.040000200271606445e-01
7.973269621051873868e-01,8.042500019073486328e-01
8.029632328044138401e-01,8.034999966621398926e-01
8.083875617690298165e-01,8.090000152587890625e-01
8.136153123991576308e-01,8.040000200271606445e-01
8.186602358481906982e-01,8.059999942779541016e-01
8.235346890062983372e-01,8.069999814033508301e-01
8.282498168447782749e-01,8.019999861717224121e-01
8.328157058926015655e-01,8.042500019073486328e-01
8.372415141614873990e-01,8.067499995231628418e-01
8.415355817275407269e-01,8.062499761581420898e-01
8.457055253256134941e-01,8.109999895095825195e-01
8.497583196522431326e-01,8.000000119209289551e-01
8.537003675571346317e-01,8.102499842643737793e-01
8.575375608970930985e-01,8.119999766349792480e-01
8.612753335044649461e-01,8.087499737739562988e-01
8.649187074653410523e-01,8.100000023841857910e-01
8.684723336966115870e-01,8.109999895095825195e-01
8.719405276444559538e-01,8.117499947547912598e-01
8.753273007916263504e-01,8.115000128746032715e-01
8.786363885504929749e-01,8.117499947547912598e-01
8.818712750282220458e-01,8.092499971389770508e-01
8.850352150757753167e-01,8.112499713897705078e-01
8.881312539705547016e-01,8.130000233650207520e-01
8.911622450310545673e-01,8.137500286102294922e-01
8.941308654188970806e-01,8.134999871253967285e-01
8.970396303475761668e-01,8.065000176429748535e-01
8.998909058868819200e-01,8.102499842643737793e-01
9.026869205263395868e-01,8.109999895095825195e-01
9.054297756392493124e-01,8.132500052452087402e-01
9.081214549704244021e-01,8.140000104904174805e-01
9.107638332549321536e-01,8.117499947547912598e-01
9.133586840616362279e-01,8.147500157356262207e-01
9.159076869437314805e-01,8.152499794960021973e-01
9.184124339684734961e-01,8.127499818801879883e-01
9.208744356896778616e-01,8.087499737739562988e-01
9.232951266190966289e-01,8.140000104904174805e-01
9.256758702462953847e-01,8.125000000000000000e-01
9.280179636510164087e-01,8.130000233650207520e-01
9.303226417470923382e-01,8.117499947547912598e-01
9.325910811926750865e-01,8.125000000000000000e-01
9.348244039977776643e-01,8.084999918937683105e-01
9.370236808568164211e-01,8.169999718666076660e-01
9.391899342309334431e-01,8.119999766349792480e-01
9.413241412023096721e-01,8.105000257492065430e-01
9.434272361204141255e-01,8.140000104904174805e-01
9.455001130581294211e-01,8.165000081062316895e-01
9.475436280939113498e-01,8.115000128746032715e-01
9.495586014345636094e-01,8.184999823570251465e-01
9.515458193918011620e-01,8.102499842643737793e-01
9.535060362245237897e-01,8.165000081062316895e-01
9.554399758576005430e-01,8.152499794960021973e-01
9.573483334869674621e-01,8.147500157356262207e-01
9.592317770799452248e-01,8.144999742507934570e-01
9.610909487788776850e-01,8.159999847412109375e-01
9.629264662154727317e-01,8.134999871253967285e-01
9.647389237425777475e-01,8.165000081062316895e-01
9.665288935895364197e-01,8.155000209808349609e-01
9.682969269467441853e-01,8.102499842643737793e-01
9.700435549845497496e-01,8.044999837875366211e-01
9.717692898112112454e-01,8.132500052452087402e-01
9.734746253742331268e-01,8.162500262260437012e-01
9.751600383090490709e-01,8.167499899864196777e-01
9.768259887387024110e-01,8.182500004768371582e-01
9.784729210278808598e-01,8.167499899864196777e-01
9.801012644943922769e-01,8.187500238418579102e-01
9.817114340809388606e-01,8.197500109672546387e-01
9.833038309898117779e-01,8.187500238418579102e-01
9.848788432829418404e-01,8.172500133514404297e-01
9.864368464495454347e-01,8.165000081062316895e-01
9.879782039434474861e-01,8.105000257492065430e-01
9.895032676920021419e-01,8.157500028610229492e-01
9.910123785783947481e-01,8.177499771118164062e-01
9.925058668989795718e-01,8.174999952316284180e-01
9.939840527971849360e-01,8.162500262260437012e-01
9.954472466754162863e-01,8.142499923706054688e-01
9.968957495862788010e-01,8.142499923706054688e-01
9.983298536043545557e-01,8.167499899864196777e-01
9.997498421796833235e-01,8.127499818801879883e-01
1.001155990474015933e+00,8.167499899864196777e-01
1.002548565680838832e+00,8.199999928474426270e-01
1.003927827330099332e+00,8.187500238418579102e-01
1.005294027578502503e+00,8.130000233650207520e-01
1.006647411486192967e+00,8.209999799728393555e-01
1.007988217280574750e+00,8.182500004768371582e-01
1.009316676607989294e+00,8.159999847412109375e-01
1.010633014773908434e+00,8.174999952316284180e-01
1.011937450972267838e+00,8.184999823570251465e-01
1.013230198504527335e+00,8.152499794960021973e-01
1.014511464989001466e+00,8.192499876022338867e-01
1.015781452560977849e+00,8.190000057220458984e-01
1.017040358064102756e+00,8.144999742507934570e-01
1.018288373233488420e+00,8.195000290870666504e-01
1.019525684870969506e+00,8.187500238418579102e-01
1.020752475012906446e+00,8.192499876022338867e-01
1.021968921090914639e+00,8.217499852180480957e-01
1.023175196085874372e+00,8.180000185966491699e-01
1.024371468675554953e+00,8.184999823570251465e-01
1.025557903376167701e+00,8.187500238418579102e-01
1.026734660678148447e+00,8.142499923706054688e-01
1.027901897176443535e+00,8.165000081062316895e-01
1.029059765695570228e+00,8.184999823570251465e-01
1.030208415409696876e+00,8.187500238418579102e-01
1.031347991957981769e+00,8.197500109672546387e-01
1.032478637555389822e+00,8.197500109672546387e-01
1.033600491099204488e+00,8.195000290870666504e-01
1.034713688271425847e+00,8.192499876022338867e-01
1.035818361637251606e+00,8.192499876022338867e-01
1.036914640739815097e+00,8.212500214576721191e-01
1.038002652191350572e+00,8.207499980926513672e-01
1.039082519760947010e+00,8.209999799728393555e-01
1.040154364459041414e+00,8.167499899864196777e-01
1.041218304618797719e+00,8.199999928474426270e-01
1.042274455974505409e+00,8.172500133514404297e-01
1.043322931737130199e+00,8.212500214576721191e-01
1.044363842667139108e+00,8.162500262260437012e-01
1.045397297144716298e+00,8.195000290870666504e-01
1.046423401237483342e+00,8.202499747276306152e-01
1.047442258765826306e+00,8.212500214576721191e-01
1.048453971365933768e+00,8.172500133514404297e-01
1.049458638550639034e+00,8.197500109672546387e-01
1.050456357768159599e+00,8.224999904632568359e-01
1.051447224458816443e+00,8.177499771118164062e-01
1.052431332109823536e+00,8.195000290870666504e-01
1.053408772308216168e+00,8.177499771118164062e-01
1.054379634792002696e+00,8.212500214576721191e-01
1.055344007499603443e+00,8.182500004768371582e-01
1.056301976617650684e+00,8.180000185966491699e-01
1.057253626627209231e+00,8.207499980926513672e-01
1.058199040348485775e+00,8.212500214576721191e-01
1.059138298984080295e+00,8.182500004768371582e-01
1.060071482160839240e+00,8.184999823570251465e-01
1.060998667970365350e+00,8.205000162124633789e-01
1.061919933008231620e+00,8.159999847412109375e-01
1.062835352411952483e+00,8.134999871253967285e-01
1.063744999897758170e+00,8.180000185966491699e-01
1.064648947796215550e+00,8.197500109672546387e-01
1.065547267086742078e+00,8.167499899864196777e-01
1.066440027431049709e+00,8.177499771118164062e-01
1.067327297205561853e+00,8.190000057220458984e-01
1.068209143532838468e+00,8.212500214576721191e-01
1.069085632312048117e+00,8.195000290870666504e-01
1.069956828248517899e+00,8.187500238418579102e-01
1.070822794882397844e+00,8.217499852180480957e-01
1.071683594616470447e+00,8.205000162124633789e-01
1.072539288743134200e+00,8.190000057220458984e-01
1.073389937470592859e+00,8.167499899864196777e-01
1.074235599948275999e+00,8.195000290870666504e-01
1.075076334291519720e+00,8.232499957084655762e-01
1.075912197605532139e+00,8.207499980926513672e-01
1.076743246008668997e+00,8.192499876022338867e-01
1.077569534655040906e+00,8.195000290870666504e-01
1.078391117756480000e+00,8.205000162124633789e-01
1.079208048603881531e+00,8.199999928474426270e-01
1.080020379587947055e+00,8.190000057220458984e-01
1.080828162219344302e+00,8.222500085830688477e-01
1.081631447148309277e+00,8.197500109672546387e-01
1.082430284183702351e+00,8.187500238418579102e-01
1.083224722311541210e+00,8.205000162124633789e-01
1.084014809713026439e+00,8.199999928474426270e-01
1.084800593782075939e+00,8.202499747276306152e-01
1.085582121142383505e+00,8.195000290870666504e-01
1.086359437664019989e+00,8.195000290870666504e-01
1.087132588479587936e+00,8.199999928474426270e-01
1.087901617999944559e+00,8.199999928474426270e-01
1.088666569929512162e+00,8.197500109672546387e-01
1.089427487281179330e+00,8.197500109672546387e-01
1.090184412390815760e+00,8.202499747276306152e-01
1.090937386931405406e+00,8.197500109672546387e-01
1.091686451926813461e+00,8.207499980926513672e-01
1.092431647765200076e+00,8.220000267028808594e-01
1.093173014212084571e+00,8.195000290870666504e-01
1.093910590423080587e+00,8.190000057220458984e-01
1.094644414956304601e+00,8.215000033378601074e-01
1.095374525784471142e+00,8.222500085830688477e-01
1.096100960306683580e+00,8.192499876022338867e-01
1.096823755359929153e+00,8.209999799728393555e-01
1.097542947230288668e+00,8.190000057220458984e-01
1.098258571663866201e+00,8.202499747276306152e-01
1.098970663877450571e+00,8.220000267028808594e-01
1.099679258568915463e+00,8.184999823570251465e-01
1.100384389927362649e+00,8.209999799728393555e-01
1.101086091643022069e+00,8.212500214576721191e-01
1.101784396916909881e+00,8.232499957084655762e-01
1.102479338470254921e+00,8.224999904632568359e-01
1.103170948553698238e+00,8.205000162124633789e-01
1.103859258956275013e+00,8.202499747276306152e-01
1.104544301014180885e+00,8.212500214576721191e-01
1.105226105619333543e+00,8.220000267028808594e-01
1.105904703227730934e+00,8.215000033378601074e-01
1.106580123867614729e+00,8.217499852180480957e-01
1.107252397147443279e+00,8.230000138282775879e-01
1.107921552263680720e+00,8.205000162124633789e-01
1.108587618008404885e+00,8.227499723434448242e-01
1.109250622776740913e+00,8.232499957084655762e-01
1.109910594574124332e+00,8.249999880790710449e-01
1.110567561023400707e+00,8.220000267028808594e-01
1.111221549371761874e+00,8.230000138282775879e-01
1.111872586497526960e+00,8.247500061988830566e-01
1.112520698916770634e+00,8.242499828338623047e-01
1.113165912789804146e+00,8.237500190734863281e-01
1.113808253927510927e+00,8.234999775886535645e-01
1.114447747797541854e+00,8.245000243186950684e-01
1.115084419530374404e+00,8.237500190734863281e-01
1.115718293925238580e+00,8.240000009536743164e-01
1.116349395455912941e+00,8.245000243186950684e-01
1.116977748276394067e+00,8.224999904632568359e-01
1.117603376226445011e+00,8.234999775886535645e-01
1.118226302837020070e+00,8.249999880790710449e-01
1.118846551335578088e+00,8.230000138282775879e-01
1.119464144651277637e+00,8.224999904632568359e-01
1.120079105420063170e+00,8.237500190734863281e-01
1.120691455989644369e+00,8.232499957084655762e-01
1.121301218424368029e+00,8.234999775886535645e-01
1.121908414509988905e+00,8.232499957084655762e-01
1.122513065758340423e+00,8.237500190734863281e-01
1.123115193411907242e+00,8.197500109672546387e-01
1.123714818448303676e+00,8.242499828338623047e-01
1.124311961584658404e+00,8.230000138282775879e-01
1.124906643281910590e+00,8.237500190734863281e-01
1.125498883749014523e+00,8.249999880790710449e-01
1.126088702947063203e+00,8.245000243186950684e-01
1.126676120593322672e+00,8.230000138282775879e-01
1.127261156165188849e+00,8.232499957084655762e-01
1.127843828904061096e+00,8.237500190734863281e-01
1.128424157819141183e+00,8.249999880790710449e-01
1.129002161691152972e+00,8.220000267028808594e-01
1.129577859075989954e+00,8.245000243186950684e-01
1.130151268308290380e+00,8.234999775886535645e-01
1.130722407504939131e+00,8.234999775886535645e-01
1.131291294568504080e+00,8.217499852180480957e-01
1.131857947190602287e+00,8.230000138282775879e-01
1.132422382855202025e+00,8.220000267028808594e-01
1.132984618841858415e+00,8.212500214576721191e-01
1.133544672228889327e+00,8.234999775886535645e-01
1.134102559896486673e+00,8.240000009536743164e-01
1.134658298529769738e+00,8.227499723434448242e-01
1.135211904621779677e+00,8.220000267028808594e-01
1.135763394476416055e+00,8.234999775886535645e-01
1.136312784211318316e+00,8.242499828338623047e-01
1.136860089760691528e+00,8.255000114440917969e-01
1.137405326878080825e+00,8.212500214576721191e-01
1.137948511139090346e+00,8.202499747276306152e-01
1.138489657944054212e+00,8.255000114440917969e-01
1.139028782520656646e+00,8.270000219345092773e-01
1.139565899926501924e+00,8.262500166893005371e-01
1.140101025051639017e+00,8.234999775886535645e-01
1.140634172621037612e+00,8.220000267028808594e-01
1.141165357197020169e+00,8.234999775886535645e-01
1.141694593181647344e+00,8.245000243186950684e-01
1.142221894819061889e+00,8.245000243186950684e-01
1.142747276197789041e+00,8.227499723434448242e-01
1.143270751252994710e+00,8.220000267028808594e-01
1.143792333768703484e+00,8.230000138282775879e-01
1.144312037379976665e+00,8.272500038146972656e-01
1.144829875575050560e+00,8.224999904632568359e-01
1.145345861697436796e+00,8.232499957084655762e-01
1.145860008947986453e+00,8.252500295639038086e-01
1.146372330386915994e+00,8.237500190734863281e-01
1.146882838935797011e+00,8.245000243186950684e-01
1.147391547379513543e+00,8.237500190734863281e-01
1.147898468368180991e+00,8.252500295639038086e-01
1.148403614419035712e+00,8.232499957084655762e-01
1.148906997918287987e+00,8.240000009536743164e-01
1.149408631122945668e+00,8.247500061988830566e-01
1.149908526162603639e+00,8.220000267028808594e-01
1.150406695041204852e+00,8.257499933242797852e-01
1.150903149638769607e+00,8.259999752044677734e-01
1.151397901713094418e+00,8.237500190734863281e-01
1.151890962901424453e+00,8.267499804496765137e-01
1.152382344722094665e+00,8.249999880790710449e-01
1.152872058576145387e+00,8.245000243186950684e-01
1.153360115748908399e+00,8.234999775886535645e-01
1.153846527411568568e+00,8.255000114440917969e-01
1.154331304622697285e+00,8.257499933242797852e-01
1.154814458329761262e+00,8.220000267028808594e-01
1.155295999370606008e+00,8.252500295639038086e-01
1.155775938474914444e+00,8.259999752044677734e-01
1.156254286265641529e+00,8.245000243186950684e-01
1.156731053260424469e+00,8.242499828338623047e-01
1.157206249872971604e+00,8.247500061988830566e-01
1.157679886414425985e+00,8.249999880790710449e-01
1.158151973094708298e+00,8.257499933242797852e-01
1.158622520023837588e+00,8.252500295639038086e-01
1.159091537213230438e+00,8.259999752044677734e-01
1.159559034576978398e+00,8.262500166893005371e-01
1.160025021933106304e+00,8.249999880790710449e-01
1.160489509004808406e+00,8.237500190734863281e-01
1.160952505421666947e+00,8.270000219345092773e-01
1.161414020720849427e+00,8.232499957084655762e-01
1.161874064348286550e+00,8.255000114440917969e-01
1.162332645659834185e+00,8.224999904632568359e-01
1.162789773922413117e+00,8.270000219345092773e-01
1.163245458315133263e+00,8.245000243186950684e-01
1.163699707930400340e+00,8.237500190734863281e-01
1.164152531775003885e+00,8.247500061988830566e-01
1.164603938771188618e+00,8.272500038146972656e-01
1.165053937757708935e+00,8.267499804496765137e-01
1.165502537490868518e+00,8.277500271797180176e-01
1.165949746645541962e+00,8.257499933242797852e-01
1.166395573816181308e+00,8.252500295639038086e-01
1.166840027517807243e+00,8.267499804496765137e-01
1.167283116186984326e+00,8.227499723434448242e-01
1.167724848182782660e+00,8.267499804496765137e-01
1.168165231787724467e+00,8.217499852180480957e-01
1.168604275208714238e+00,8.264999985694885254e-01
1.169041986577957770e+00,8.264999985694885254e-01
1.169478373953866113e+00,8.247500061988830566e-01
1.169913445321944412e+00,8.255000114440917969e-01
1.170347208595670763e+00,8.252500295639038086e-01
1.170779671617357298e+00,8.277500271797180176e-01
1.171210842159003285e+00,8.264999985694885254e-01
1.171640727923131786e+00,8.257499933242797852e-01
1.172069336543615670e+00,8.270000219345092773e-01
1.172496675586491177e+00,8.267499804496765137e-01
1.172922752550759062e+00,8.252500295639038086e-01
1.173347574869174181e+00,8.249999880790710449e-01
1.173771149909024203e+00,8.270000219345092773e-01
1.174193484972894552e+00,8.242499828338623047e-01
1.174614587299425805e+00,8.287500143051147461e-01
1.175034464064056428e+00,8.255000114440917969e-01
1.175453122379757520e+00,8.262500166893005371e-01
1.175870569297756019e+00,8.277500271797180176e-01
1.176286811808245236e+00,8.287500143051147461e-01
1.176701856841090299e+00,8.280000090599060059e-01
1.177115711266517373e+00,8.259999752044677734e-01
1.177528381895798226e+00,8.259999752044677734e-01
1.177939875481921916e+00,8.264999985694885254e-01
1.178350198720257813e+00,8.267499804496765137e-01
1.178759358249209521e+00,8.262500166893005371e-01
1.179167360650859031e+00,8.292499780654907227e-01
1.179574212451602433e+00,8.259999752044677734e-01
1.179979920122775638e+00,8.267499804496765137e-01
1.180384490081272997e+00,8.245000243186950684e-01
1.180787928690155253e+00,8.257499933242797852e-01
1.181190242259250622e+00,8.255000114440917969e-01
1.181591437045747206e+00,8.282499909400939941e-01
1.181991519254775413e+00,8.237500190734863281e-01
1.182390495039985723e+00,8.247500061988830566e-01
1.182788370504115782e+00,8.259999752044677734e-01
1.183185151699549964e+00,8.252500295639038086e-01
1.183580844628872697e+00,8.262500166893005371e-01
1.183975455245412922e+00,8.257499933242797852e-01
1.184368989453781218e+00,8.274999856948852539e-01
1.184761453110400486e+00,8.264999985694885254e-01
1.185152852024028869e+00,8.240000009536743164e-01
1.185543191956274667e+00,8.274999856948852539e-01
1.185932478622106601e+00,8.247500061988830566e-01
1.186320717690354742e+00,8.282499909400939941e-01
1.186707914784206785e+00,8.267499804496765137e-01
1.187094075481695654e+00,8.240000009536743164e-01
1.187479205316182451e+00,8.262500166893005371e-01
1.187863309776832521e+00,8.242499828338623047e-01
1.188246394309083520e+00,8.267499804496765137e-01
1.188628464315109712e+00,8.249999880790710449e-01
1.189009525154279379e+00,8.274999856948852539e-01
1.189389582143604018e+00,8.267499804496765137e-01
1.189768640558186208e+00,8.277500271797180176e-01
1.190146705631656587e+00,8.270000219345092773e-01
1.190523782556608623e+00,8.262500166893005371e-01
1.190899876485026265e+00,8.274999856948852539e-01
1.191274992528706278e+00,8.274999856948852539e-01
1.191649135759675016e+00,8.242499828338623047e-01
1.192022311210599650e+00,8.274999856948852539e-01
1.192394523875195844e+00,8.277500271797180176e-01
1.192765778708626323e+00,8.274999856948852539e-01
1.193136080627898554e+00,8.274999856948852539e-01
1.193505434512255325e+00,8.277500271797180176e-01
1.193873845203559103e+00,8.267499804496765137e-01
1.194241317506674172e+00,8.255000114440917969e-01
1.194607856189842776e+00,8.289999961853027344e-01
1.194973465985054828e+00,8.280000090599060059e-01
1.195338151588416720e+00,8.297500014305114746e-01
1.195701917660511038e+00,8.309999704360961914e-01
1.196064768826755609e+00,8.274999856948852539e-01
1.196426709677755218e+00,8.287500143051147461e-01
1.196787744769650441e+00,8.267499804496765137e-01
1.197147878624462924e+00,8.212500214576721191e-01
1.197507115730432892e+00,8.289999961853027344e-01
1.197865460542356875e+00,8.274999856948852539e-01
1.198222917481918115e+00,8.232499957084655762e-01
1.198579490938013858e+00,8.292499780654907227e-01
1.198935185267079984e+00,8.240000009536743164e-01
1.199290004793408526e+00,8.289999961853027344e-01
1.199643953809464314e+00,8.259999752044677734e-01
1.199997036576195830e+00,8.284999728202819824e-01
1.200349257323343855e+00,8.277500271797180176e-01
1.200700620249744999e+00,8.314999938011169434e-01
1.201051129523631245e+00,8.272500038146972656e-01
1.201400789282928594e+00,8.289999961853027344e-01
1.201749603635548391e+00,8.292499780654907227e-01
1.202097576659677536e+00,8.257499933242797852e-01
1.202444712404064697e+00,8.302500247955322266e-01
1.202791014888302534e+00,8.305000066757202148e-01
1.203136488103107249e+00,8.274999856948852539e-01
1.203481136010595254e+00,8.305000066757202148e-01
1.203824962544554289e+00,8.287500143051147461e-01
1.204167971610714094e+00,8.289999961853027344e-01
1.204510167087011530e+00,8.299999833106994629e-01
1.204851552823855476e+00,8.289999961853027344e-01
1.205192132644383962e+00,8.277500271797180176e-01
1.205531910344724178e+00,8.302500247955322266e-01
1.205870889694244052e+00,8.322499990463256836e-01
1.206209074435803608e+00,8.284999728202819824e-01
1.206546468286004314e+00,8.305000066757202148e-01
1.206883074935432454e+00,8.289999961853027344e-01
1.207218898048901812e+00,8.267499804496765137e-01
1.207553941265693487e+00,8.302500247955322266e-01
1.207888208199793034e+00,8.272500038146972656e-01
1.208221702440122280e+00,8.289999961853027344e-01
1.208554427550772914e+00,8.262500166893005371e-01
1.208886387071233859e+00,8.317499756813049316e-01
1.209217584516617316e+00,8.289999961853027344e-01
1.209548023377881254e+00,8.305000066757202148e-01
1.209877707122052781e+00,8.317499756813049316e-01
1.210206639192442868e+00,8.284999728202819824e-01
1.210534823008865501e+00,8.320000171661376953e-01
1.210862261967848186e+00,8.320000171661376953e-01
1.211188959442845325e+00,8.320000171661376953e-01
1.211514918784444506e+00,8.320000171661376953e-01
1.211840143320574104e+00,8.305000066757202148e-01
1.212164636356707570e+00,8.320000171661376953e-01
1.212488401176062602e+00,8.307499885559082031e-01
1.212811441039804095e+00,8.327500224113464355e-01
1.213133759187237537e+00,8.280000090599060059e-01
1.213455358836006415e+00,8.299999833106994629e-01
1.213776243182283832e+00,8.342499732971191406e-01
1.214096415400963691e+00,8.345000147819519043e-01
1.214415878645848768e+00,8.330000042915344238e-01
1.214734636049837224e+00,8.284999728202819824e-01
1.215052690725106910e+00,8.320000171661376953e-01
1.215370045763297657e+00,8.299999833106994629e-01
1.215686704235692028e+00,8.270000219345092773e-01
1.216002669193392727e+00,8.314999938011169434e-01
1.216317943667500012e+00,8.335000276565551758e-01
1.216632530669285783e+00,8.299999833106994629e-01
1.216946433190365218e+00,8.299999833106994629e-01
1.217259654202869523e+00,8.302500247955322266e-01
1.217572196659613137e+00,8.320000171661376953e-01
1.217884063494260705e+00,8.297500014305114746e-01
1.218195257621493610e+00,8.289999961853027344e-01
1.218505781937171850e+00,8.314999938011169434e-01
1.218815639318497457e+00,8.314999938011169434e-01
1.219124832624172372e+00,8.284999728202819824e-01
1.219433364694558541e+00,8.324999809265136719e-01
1.219741238351833790e+00,8.287500143051147461e-01
1.220048456400146364e+00,8.307499885559082031e-01
1.220355021625768144e+00,8.332499861717224121e-01
1.220660936797247853e+00,8.314999938011169434e-01
1.220966204665558275e+00,8.314999938011169434e-01
1.221270827964246797e+00,8.305000066757202148e-01
1.221574809409582407e+00,8.309999704360961914e-01
1.221878151700699799e+00,8.295000195503234863e-01
1.222180857519743258e+00,8.322499990463256836e-01
1.222482929532010099e+00,8.324999809265136719e-01
1.222784370386090780e+00,8.322499990463256836e-01
1.223085182714007013e+00,8.292499780654907227e-01
1.223385369131352984e+00,8.309999704360961914e-01
1.223684932237427470e+00,8.324999809265136719e-01
1.223983874615373058e+00,8.307499885559082031e-01
1.224282198832306490e+00,8.327500224113464355e-01
1.224579907439452997e+00,8.327500224113464355e-01
1.224877002972276197e+00,8.320000171661376953e-01
1.225173487950607987e+00,8.312500119209289551e-01
1.225469364878776890e+00,8.312500119209289551e-01
1.225764636245735284e+00,8.320000171661376953e-01
1.226059304525183524e+00,8.322499990463256836e-01
1.226353372175696066e+00,8.317499756813049316e-01
1.226646841640843810e+00,8.320000171661376953e-01
1.226939715349316007e+00,8.317499756813049316e-01
1.227231995715040602e+00,8.309999704360961914e-01
1.227523685137303699e+00,8.287500143051147461e-01
1.227814786000868352e+00,8.317499756813049316e-01
1.228105300676090250e+00,8.307499885559082031e-01
1.228395231519035180e+00,8.314999938011169434e-01
1.228684580871592269e+00,8.272500038146972656e-01
1.228973351061588559e+00,8.317499756813049316e-01
1.229261544402900252e+00,8.297500014305114746e-01
1.229549163195564843e+00,8.309999704360961914e-01
1.229836209725891027e+00,8.322499990463256836e-01
1.230122686266567289e+00,8.322499990463256836e-01
1.230408595076770917e+00,8.302500247955322266e-01
1.230693938402273924e+00,8.345000147819519043e-01
1.230978718475549183e+00,8.314999938011169434e-01
1.231262937515875011e+00,8.302500247955322266e-01
1.231546597729439751e+00,8.305000066757202148e-01
1.231829701309443914e+00,8.322499990463256836e-01
1.232112250436201206e+00,8.302500247955322266e-01
1.232394247277240673e+00,8.345000147819519043e-01
1.232675693987406174e+00,8.322499990463256836e-01
1.232956592708954302e+00,8.295000195503234863e-01
1.233236945571652310e+00,8.297500014305114746e-01
1.233516754692876916e+00,8.320000171661376953e-01
1.233796022177707341e+00,8.295000195503234863e-01
1.234074750119022346e+00,8.314999938011169434e-01
1.234352940597594150e+00,8.280000090599060059e-01
1.234630595682180587e+00,8.324999809265136719e-01
1.234907717429618579e+00,8.320000171661376953e-01
1.235184307884914512e+00,8.314999938011169434e-01
1.235460369081336385e+00,8.277500271797180176e-01
1.235735903040501071e+00,8.327500224113464355e-01
1.236010911772465803e+00,8.314999938011169434e-01
1.236285397275813880e+00,8.280000090599060059e-01
1.236559361537743262e+00,8.317499756813049316e-01
1.236832806534152507e+00,8.299999833106994629e-01
1.237105734229726250e+00,8.305000066757202148e-01
1.237378146578019145e+00,8.299999833106994629e-01
1.237650045521541342e+00,8.295000195503234863e-01
1.237921432991840431e+00,8.322499990463256836e-01
1.238192310909584037e+00,8.302500247955322266e-01
1.238462681184641312e+00,8.305000066757202148e-01
1.238732545716164202e+00,8.312500119209289551e-01
1.239001906392666275e+00,8.295000195503234863e-01
1.239270765092103987e+00,8.314999938011169434e-01
1.239539123681953514e+00,8.335000276565551758e-01
1.239806984019289127e+00,8.305000066757202148e-01
1.240074347950860467e+00,8.309999704360961914e-01
1.240341217313168709e+00,8.305000066757202148e-01
1.240607593932542718e+00,8.295000195503234863e-01
1.240873479625213438e+00,8.295000195503234863e-01
1.241138876197388274e+00,8.312500119209289551e-01
1.241403785445325259e+00,8.307499885559082031e-01
1.241668209155405656e+00,8.297500014305114746e-01
1.241932149104205463e+00,8.312500119209289551e-01
1.242195607058568685e+00,8.297500014305114746e-01
1.242458584775677277e+00,8.297500014305114746e-01
1.242721084003120646e+00,8.305000066757202148e-01
1.242983106478967592e+00,8.284999728202819824e-01
1.243244653931833144e+00,8.305000066757202148e-01
1.243505728080948058e+00,8.302500247955322266e-01
1.243766330636226547e+00,8.297500014305114746e-01
1.244026463298333551e+00,8.320000171661376953e-01
1.244286127758750471e+00,8.314999938011169434e-01
1.244545325699842442e+00,8.312500119209289551e-01
1.244804058794922952e+00,8.302500247955322266e-01
1.245062328708319122e+00,8.309999704360961914e-01
1.245320137095435209e+00,8.307499885559082031e-01
1.245577485602816559e+00,8.314999938011169434e-01
1.245834375868213328e+00,8.312500119209289551e-01
1.246090809520642440e+00,8.330000042915344238e-01
1.246346788180449972e+00,8.299999833106994629e-01
1.246602313459371336e+00,8.309999704360961914e-01
1.246857386960593894e+00,8.299999833106994629e-01
1.247112010278816685e+00,8.277500271797180176e-01
1.247366185000309491e+00,8.309999704360961914e-01
1.247619912702972789e+00,8.309999704360961914e-01
1.247873194956397258e+00,8.320000171661376953e-01
1.248126033321920181e+00,8.314999938011169434e-01
1.248378429352685171e+00,8.307499885559082031e-01
1.248630384593698128e+00,8.322499990463256836e-01
1.248881900581883864e+00,8.314999938011169434e-01
1.249132978846144049e+00,8.299999833106994629e-01
1.249383620907410508e+00,8.312500119209289551e-01
1.249633828278702952e+00,8.309999704360961914e-01
1.249883602465181598e+00,8.302500247955322266e-01
1.250132944964202686e+00,8.307499885559082031e-01
1.250381857265373098e+00,8.295000195503234863e-01
1.250630340850601652e+00,8.314999938011169434e-01
1.250878397194153502e+00,8.314999938011169434e-01
1.251126027762702764e+00,8.312500119209289551e-01
1.251373234015383806e+00,8.305000066757202148e-01
1.251620017403842766e+00,8.307499885559082031e-01
1.251866379372289506e+00,8.270000219345092773e-01
1.252112321357548241e+00,8.299999833106994629e-01
1.252357844789106389e+00,8.307499885559082031e-01
1.252602951089166528e+00,8.309999704360961914e-01
1.252847641672693912e+00,8.320000171661376953e-01
1.253091917947466882e+00,8.309999704360961914e-01
1.253335781314125263e+00,8.299999833106994629e-01
1.253579233166217444e+00,8.312500119209289551e-01
1.253822274890249444e+00,8.320000171661376953e-01
1.254064907865731326e+00,8.309999704360961914e-01
1.254307133465225377e+00,8.307499885559082031e-01
1.254548953054391180e+00,8.314999938011169434e-01
1.254790367992033140e+00,8.327500224113464355e-01
1.255031379630145327e+00,8.297500014305114746e-01
1.255271989313957670e+00,8.317499756813049316e-01
1.255512198381980582e+00,8.309999704360961914e-01
1.255752008166049594e+00,8.297500014305114746e-01
1.255991419991369984e+00,8.309999704360961914e-01
1.256230435176560301e+00,8.295000195503234863e-01
1.256469055033695881e+00,8.312500119209289551e-01
1.256707280868353038e+00,8.305000066757202148e-01
1.256945113979650808e+00,8.305000066757202148e-01
1.257182555660294021e+00,8.317499756813049316e-01
1.257419607196615274e+00,8.309999704360961914e-01
1.257656269868616672e+00,8.309999704360961914e-01
1.257892544950011127e+00,8.302500247955322266e-01
1.258128433708264771e+00,8.317499756813049316e-01
1.258363937404635591e+00,8.307499885559082031e-01
1.258599057294215395e+00,8.312500119209289551e-01
1.258833794625970448e+00,8.320000171661376953e-01
1.259068150642779216e+00,8.302500247955322266e-01
1.259302126581473891e+00,8.305000066757202148e-01
1.259535723672877916e+00,8.302500247955322266e-01
1.259768943141846842e+00,8.307499885559082031e-01
1.260001786207304297e+00,8.297500014305114746e-01
1.260234254082283067e+00,8.305000066757202148e-01
1.260466347973960177e+00,8.305000066757202148e-01
1.260698069083696415e+00,8.299999833106994629e-01
1.260929418607073194e+00,8.299999833106994629e-01
1.261160397733929628e+00,8.299999833106994629e-01
1.261391007648398288e+00,8.297500014305114746e-01
1.261621249528943167e+00,8.302500247955322266e-01
1.261851124548394987e+00,8.309999704360961914e-01
1.262080633873986946e+00,8.297500014305114746e-01
1.262309778667390248e+00,8.305000066757202148e-01
1.262538560084750072e+00,8.292499780654907227e-01
1.262766979276719104e+00,8.312500119209289551e-01
1.262995037388494834e+00,8.287500143051147461e-01
1.263222735559851095e+00,8.292499780654907227e-01
1.263450074925174027e+00,8.302500247955322266e-01
1.263677056613495386e+00,8.307499885559082031e-01
1.263903681748526520e+00,8.299999833106994629e-01
1.264129951448691447e+00,8.299999833106994629e-01
1.264355866827160391e+00,8.312500119209289551e-01
1.264581428991881529e+00,8.302500247955322266e-01
1.264806639045615189e+00,8.322499990463256836e-01
1.265031498085964712e+00,8.295000195503234863e-01
1.265256007205409983e+00,8.302500247955322266e-01
1.265480167491337848e+00,8.302500247955322266e-01
1.265703980026074538e+00,8.305000066757202148e-01
1.265927445886917635e+00,8.305000066757202148e-01
1.266150566146165390e+00,8.302500247955322266e-01
1.266373341871149361e+00,8.302500247955322266e-01
1.266595774124263718e+00,8.299999833106994629e-01
1.266817863962996560e+00,8.299999833106994629e-01
1.267039612439960328e+00,8.297500014305114746e-01
1.267261020602919785e+00,8.305000066757202148e-01
1.267482089494824438e+00,8.299999833106994629e-01
1.267702820153836285e+00,8.297500014305114746e-01
1.267923213613359357e+00,8.307499885559082031e-01
1.268143270902068576e+00,8.320000171661376953e-01
1.268362993043939513e+00,8.305000066757202148e-01
1.268582381058275921e+00,8.292499780654907227e-01
1.268801435959738599e+00,8.305000066757202148e-01
1.269020158758373151e+00,8.307499885559082031e-01
1.269238550459638848e+00,8.307499885559082031e-01
1.269456612064434831e+00,8.295000195503234863e-01
1.269674344569129865e+00,8.305000066757202148e-01
1.269891748965587208e+00,8.305000066757202148e-01
1.270108826241192812e+00,8.305000066757202148e-01
1.270325577378883519e+00,8.322499990463256836e-01
1.270542003357170824e+00,8.295000195503234863e-01
1.270758105150170181e+00,8.320000171661376953e-01
1.270973883727626319e+00,8.297500014305114746e-01
1.271189340054938333e+00,8.307499885559082031e-01
1.271404475093186992e+00,8.305000066757202148e-01
1.271619289799160057e+00,8.295000195503234863e-01
1.271833785125377592e+00,8.322499990463256836e-01
1.272047962020117939e+00,8.312500119209289551e-01
1.272261821427441486e+00,8.302500247955322266e-01
1.272475364287216637e+00,8.289999961853027344e-01
1.272688591535145131e+00,8.295000195503234863e-01
1.272901504102785797e+00,8.302500247955322266e-01
1.273114102917578760e+00,8.332499861717224121e-01
1.273326388902870310e+00,8.280000090599060059e-01
1.273538362977936877e+00,8.289999961853027344e-01
1.273750026058008578e+00,8.312500119209289551e-01
1.273961379054293186e+00,8.289999961853027344e-01
1.274172422873999455e+00,8.302500247955322266e-01
1.274383158420361317e+00,8.295000195503234863e-01
1.274593586592659200e+00,8.292499780654907227e-01
1.274803708286245563e+00,8.307499885559082031e-01
1.275013524392565101e+00,8.299999833106994629e-01
1.275223035799180282e+00,8.307499885559082031e-01
1.275432243389790887e+00,8.307499885559082031e-01
1.275641148044259099e+00,8.309999704360961914e-01
1.275849750638629265e+00,8.307499885559082031e-01
1.276058052045152102e+00,8.299999833106994629e-01
1.276266053132305567e+00,8.309999704360961914e-01
1.276473754764815949e+00,8.314999938011169434e-01
1.276681157803680522e+00,8.295000195503234863e-01
1.276888263106188859e+00,8.307499885559082031e-01
1.277095071525943037e+00,8.299999833106994629e-01
1.277301583912880512e+00,8.305000066757202148e-01
1.277507801113292762e+00,8.312500119209289551e-01
1.277713723969848836e+00,8.297500014305114746e-01
1.277919353321613549e+00,8.314999938011169434e-01
1.278124690004069475e+00,8.320000171661376953e-01
1.278329734849136701e+00,8.309999704360961914e-01
1.278534488685193482e+00,8.307499885559082031e-01
1.278738952337095558e+00,8.297500014305114746e-01
1.278943126626197024e+00,8.302500247955322266e-01
1.279147012370369429e+00,8.299999833106994629e-01
1.279350610384021758e+00,8.295000195503234863e-01
1.279553921478120193e+00,8.312500119209289551e-01
1.279756946460206768e+00,8.302500247955322266e-01
1.279959686134419350e+00,8.302500247955322266e-01
1.280162141301510070e+00,8.317499756813049316e-01
1.280364312758865086e+00,8.292499780654907227e-01
1.280566201300522788e+00,8.307499885559082031e-01
1.280767807717192674e+00,8.305000066757202148e-01
1.280969132796274002e+00,8.297500014305114746e-01
1.281170177321874215e+00,8.309999704360961914e-01
1.281370942074827601e+00,8.305000066757202148e-01
1.281571427832712606e+00,8.302500247955322266e-01
1.281771635369870932e+00,8.314999938011169434e-01
1.281971565457424855e+00,8.305000066757202148e-01
1.282171218863294992e+00,8.317499756813049316e-01
1.282370596352218506e+00,8.320000171661376953e-01
1.282569698685766202e+00,8.330000042915344238e-01
1.282768526622360294e+00,8.312500119209289551e-01
1.282967080917291502e+00,8.305000066757202148e-01
1.283165362322736369e+00,8.309999704360961914e-01
1.283363371587774582e+00,8.324999809265136719e-01
1.283561109458405181e+00,8.320000171661376953e-01
1.283758576677564545e+00,8.324999809265136719e-01
1.283955773985142379e+00,8.299999833106994629e-01
1.284152702117998368e+00,8.295000195503234863e-01
1.284349361809979051e+00,8.312500119209289551e-01
1.284545753791934253e+00,8.299999833106994629e-01
1.284741878791732406e+00,8.305000066757202148e-01
1.284937737534278313e+00,8.320000171661376953e-01
1.285133330741528246e+00,8.314999938011169434e-01
1.285328659132505491e+00,8.322499990463256836e-01
1.285523723423317444e+00,8.312500119209289551e-01
1.285718524327170487e+00,8.312500119209289551e-01
1.285913062554385977e+00,8.302500247955322266e-01
1.286107338812415568e+00,8.289999961853027344e-01
1.286301353805856751e+00,8.322499990463256836e-01
1.286495108236467955e+00,8.317499756813049316e-01
1.286688602803184311e+00,8.317499756813049316e-01
1.286881838202132755e+00,8.309999704360961914e-01
1.287074815126646010e+00,8.307499885559082031e-01
1.287267534267278801e+00,8.312500119209289551e-01
1.287459996311822286e+00,8.309999704360961914e-01
1.287652201945317820e+00,8.307499885559082031e-01
1.287844151850073837e+00,8.305000066757202148e-01
1.288035846705677390e+00,8.314999938011169434e-01
1.288227287189011250e+00,8.284999728202819824e-01
1.288418473974267231e+00,8.287500143051147461e-01
1.288609407732959289e+00,8.295000195503234863e-01
1.288800089133939730e+00,8.295000195503234863e-01
1.288990518843412092e+00,8.297500014305114746e-01
1.289180697524944907e+00,8.299999833106994629e-01
1.289370625839486584e+00,8.299999833106994629e-01
1.289560304445378280e+00,8.314999938011169434e-01
1.289749733998367676e+00,8.287500143051147461e-01
1.289938915151622956e+00,8.299999833106994629e-01
1.290127848555746359e+00,8.289999961853027344e-01
1.290316534858787278e+00,8.295000195503234863e-01
1.290504974706255803e+00,8.289999961853027344e-01
1.290693168741135821e+00,8.295000195503234863e-01
1.290881117603897899e+00,8.305000066757202148e-01
1.291068821932513266e+00,8.284999728202819824e-01
1.291256282362465813e+00,8.295000195503234863e-01
1.291443499526766070e+00,8.289999961853027344e-01
1.291630474055962763e+00,8.299999833106994629e-01
1.291817206578156796e+00,8.297500014305114746e-01
1.292003697719012134e+00,8.295000195503234863e-01
1.292189948101771346e+00,8.299999833106994629e-01
1.292375958347264486e+00,8.299999833106994629e-01
1.292561729073925081e+00,8.312500119209289551e-01
1.292747260897799233e+00,8.295000195503234863e-01
1.292932554432560277e+00,8.299999833106994629e-01
1.293117610289519659e+00,8.295000195503234863e-01
1.293302429077639593e+00,8.302500247955322266e-01
1.293487011403545051e+00,8.280000090599060059e-01
1.293671357871535310e+00,8.302500247955322266e-01
1.293855469083595944e+00,8.292499780654907227e-01
1.294039345639411032e+00,8.320000171661376953e-01
1.294222988136375152e+00,8.302500247955322266e-01
1.294406397169603151e+00,8.297500014305114746e-01
1.294589573331944798e+00,8.297500014305114746e-01
1.294772517213992780e+00,8.297500014305114746e-01
1.294955229404097130e+00,8.309999704360961914e-01
1.295137710488374561e+00,8.299999833106994629e-01
1.295319961050721114e+00,8.287500143051147461e-01
1.295501981672822600e+00,8.324999809265136719e-01
1.295683772934165923e+00,8.280000090599060059e-01
1.295865335412049735e+00,8.322499990463256836e-01
1.296046669681595986e+00,8.307499885559082031e-01
1.296227776315761471e+00,8.320000171661376953e-01
1.296408655885347150e+00,8.302500247955322266e-01
1.296589308959009701e+00,8.289999961853027344e-01
1.296769736103272619e+00,8.312500119209289551e-01
1.296949937882536430e+00,8.312500119209289551e-01
1.297129914859089794e+00,8.299999833106994629e-01
1.297309667593118387e+00,8.314999938011169434e-01
1.297489196642718001e+00,8.305000066757202148e-01
1.297668502563902537e+00,8.312500119209289551e-01
1.297847585910615997e+00,8.312500119209289551e-01
1.298026447234741809e+00,8.312500119209289551e-01
1.298205087086113041e+00,8.297500014305114746e-01
1.298383506012523503e+00,8.295000195503234863e-01
1.298561704559736185e+00,8.302500247955322266e-01
1.298739683271495249e+00,8.324999809265136719e-01
1.298917442689534463e+00,8.305000066757202148e-01
1.299094983353587196e+00,8.302500247955322266e-01
1.299272305801397520e+00,8.335000276565551758e-01
1.299449410568728425e+00,8.307499885559082031e-01
1.299626298189372475e+00,8.317499756813049316e-01
1.299802969195161140e+00,8.297500014305114746e-01
1.299979424115974336e+00,8.317499756813049316e-01
1.300155663479750645e+00,8.324999809265136719e-01
1.300331687812495529e+00,8.317499756813049316e-01
1.300507497638291543e+00,8.330000042915344238e-01
1.300683093479308328e+00,8.327500224113464355e-01
1.300858475855809715e+00,8.327500224113464355e-01
1.301033645286166385e+00,8.309999704360961914e-01
1.301208602286861638e+00,8.309999704360961914e-01
1.301383347372502053e+00,8.322499990463256836e-01
1.301557881055827481e+00,8.317499756813049316e-01
1.301732203847718594e+00,8.307499885559082031e-01
1.301906316257206209e+00,8.327500224113464355e-01
1.302080218791480615e+00,8.324999809265136719e-01
1.302253911955900234e+00,8.317499756813049316e-01
1.302427396254000058e+00,8.324999809265136719e-01
