# kappa, accuracy
0.000000000000000000e+00,5.150000452995300293e-01
3.460297062598996498e-01,6.155000329017639160e-01
4.393224065410885615e-01,6.540000438690185547e-01
4.955117571619259143e-01,6.750000119209289551e-01
5.358480753368844995e-01,6.910000443458557129e-01
5.673358641939927338e-01,7.030000090599060059e-01
5.931673696538406482e-01,7.045000195503234863e-01
6.150685675791150997e-01,7.120000123977661133e-01
6.340790213933917840e-01,7.135000228881835938e-01
6.508736142325358687e-01,7.150000333786010742e-01
6.659154020296108589e-01,7.185000181198120117e-01
6.795359252749776369e-01,7.230000495910644531e-01
6.919807332222568386e-01,7.260000109672546387e-01
7.034367696858142560e-01,7.255000472068786621e-01
7.140496562932753255e-01,7.290000319480895996e-01
7.239350396831990553e-01,7.330000400543212891e-01
7.331862927069775493e-01,7.355000376701354980e-01
7.418798909505793793e-01,7.380000352859497070e-01
7.500792589172772251e-01,7.415000200271606445e-01
7.578375805399152343e-01,7.420000433921813965e-01
7.651998916425692965e-01,7.445000410079956055e-01
7.722046638341220071e-01,7.450000643730163574e-01
7.788850213106167653e-01,7.440000176429748535e-01
7.852696881542142737e-01,7.450000643730163574e-01
7.913837347297554281e-01,7.445000410079956055e-01
7.972491722339016818e-01,7.460000514984130859e-01
8.028854310223544344e-01,7.450000643730163574e-01
8.083097489552238946e-01,7.485000491142272949e-01
8.135374893387852246e-01,7.490000128746032715e-01
8.185824032454857013e-01,7.500000596046447754e-01
8.234568474953045669e-01,7.515000104904174805e-01
8.281719669983778065e-01,7.480000257492065430e-01
8.327378482301358575e-01,7.480000257492065430e-01
8.371636491552274517e-01,7.485000491142272949e-01
8.414577098082088868e-01,7.510000467300415039e-01
8.456276468871180008e-01,7.530000209808349609e-01
8.496804350557575214e-01,7.560000419616699219e-01
8.536224771346268003e-01,7.585000395774841309e-01
8.574596649543919646e-01,7.570000290870666504e-01
8.611974323239337537e-01,7.605000138282775879e-01
8.648408013082187207e-01,7.590000629425048828e-01
8.683944228050687331e-01,7.600000500679016113e-01
8.718626122434061099e-01,7.610000371932983398e-01
8.752493810903279048e-01,7.595000267028808594e-01
8.785584647439689254e-01,7.625000476837158203e-01
8.817933472985225452e-01,7.630000114440917969e-01
8.849572835931035497e-01,7.635000348091125488e-01
8.880533188942730805e-01,7.650000452995300293e-01
8.910843065105855665e-01,7.650000452995300293e-01
8.940529235945340325e-01,7.640000581741333008e-01
8.969616853512111243e-01,7.665000557899475098e-01
8.998129578426639075e-01,7.660000324249267578e-01
9.026089695512687916e-01,7.670000195503234863e-01
9.053518218437159870e-01,7.670000195503234863e-01
9.080434984586973624e-01,7.675000429153442383e-01
9.106858741256028678e-01,7.680000066757202148e-01
9.132807224080239372e-01,7.685000300407409668e-01
9.158297228542525703e-01,7.695000171661376953e-01
9.183344675269790036e-01,7.685000300407409668e-01
9.207964669757623399e-01,7.700000405311584473e-01
9.232171557083814761e-01,7.710000276565551758e-01
9.255978972106890801e-01,7.680000066757202148e-01
9.279399885589535435e-01,7.685000300407409668e-01
9.302446646637537730e-01,7.730000615119934082e-01
9.325131021801914555e-01,7.730000615119934082e-01
9.347464231154160030e-01,7.705000638961791992e-01
9.369456981611540280e-01,7.720000147819519043e-01
9.391119497760183066e-01,7.735000252723693848e-01
9.412461550398082410e-01,7.715000510215759277e-01
9.433492482997503092e-01,7.745000123977661133e-01
9.454221236266118211e-01,7.715000510215759277e-01
9.474656370968524977e-01,7.745000123977661133e-01
9.494806089153902118e-01,7.745000123977661133e-01
9.514678253921581286e-01,7.725000381469726562e-01
9.534280407843698235e-01,7.750000357627868652e-01
9.553619790152981794e-01,7.775000333786010742e-01
9.572703352793670017e-01,7.770000100135803223e-01
9.591537775424628931e-01,7.775000333786010742e-01
9.610129479455693513e-01,7.770000100135803223e-01
9.628484641191026316e-01,7.785000205039978027e-01
9.646609204146832095e-01,7.785000205039978027e-01
9.664508890604879277e-01,7.775000333786010742e-01
9.682189212458025551e-01,7.800000309944152832e-01
9.699655481399194201e-01,7.800000309944152832e-01
9.716912818500905713e-01,7.800000309944152832e-01
9.733966163228616741e-01,7.790000438690185547e-01
9.750820281927518041e-01,7.805000543594360352e-01
9.767479775819326582e-01,7.805000543594360352e-01
9.783949088542586159e-01,7.805000543594360352e-01
9.800232513267428391e-01,7.810000181198120117e-01
9.816334199413269124e-01,7.820000648498535156e-01
9.832258158995760278e-01,7.795000076293945312e-01
9.848008272627253312e-01,7.800000309944152832e-01
9.863588295193265187e-01,7.795000076293945312e-01
9.879001861225671366e-01,7.790000438690185547e-01
9.894252489991914867e-01,7.810000181198120117e-01
9.909343590318002715e-01,7.800000309944152832e-01
9.924278465161866514e-01,7.795000076293945312e-01
9.939060315952418234e-01,7.780000567436218262e-01
9.953692246708545355e-01,7.795000076293945312e-01
9.968177267951349174e-01,7.805000543594360352e-01
9.982518300421887592e-01,7.815000414848327637e-01
9.996718178615990880e-01,7.780000567436218262e-01
1.001077965414677085e+00,7.770000100135803223e-01
1.002470539894486645e+00,7.795000076293945312e-01
1.003849800830568517e+00,7.810000181198120117e-01
1.005216000379236529e+00,7.780000567436218262e-01
1.006569383600258494e+00,7.780000567436218262e-01
1.007910188720676503e+00,7.790000438690185547e-01
1.009238647386482279e+00,7.810000181198120117e-01
1.010554984902810816e+00,7.800000309944152832e-01
1.011859420463273374e+00,7.785000205039978027e-01
1.013152167369016921e+00,7.795000076293945312e-01
1.014433433238054461e+00,7.780000567436218262e-01
1.015703420205381624e+00,7.785000205039978027e-01
1.016962325114363574e+00,7.785000205039978027e-01
1.018210339699841649e+00,7.785000205039978027e-01
1.019447650763387836e+00,7.770000100135803223e-01
1.020674440341109435e+00,7.790000438690185547e-01
1.021890885864376930e+00,7.775000333786010742e-01
1.023097160313833909e+00,7.785000205039978027e-01
1.024293432367020751e+00,7.780000567436218262e-01
1.025479866539927620e+00,7.790000438690185547e-01
1.026656623322776074e+00,7.775000333786010742e-01
1.027823859310305288e+00,7.785000205039978027e-01
1.028981727326832019e+00,7.790000438690185547e-01
1.030130376546330107e+00,7.775000333786010742e-01
1.031269952607769325e+00,7.770000100135803223e-01
1.032400597725933400e+00,7.810000181198120117e-01
1.033522450797927927e+00,7.810000181198120117e-01
1.034635647505582456e+00,7.785000205039978027e-01
1.035740320413928828e+00,7.770000100135803223e-01
1.036836599065938946e+00,7.765000462532043457e-01
1.037924610073691412e+00,7.810000181198120117e-01
1.039004477206123322e+00,7.805000543594360352e-01
1.040076321473525134e+00,7.780000567436218262e-01
1.041140261208917783e+00,7.795000076293945312e-01
1.042196412146452422e+00,7.800000309944152832e-01
1.043244887496960205e+00,7.825000286102294922e-01
1.044285798020777589e+00,7.820000648498535156e-01
1.045319252097961948e+00,7.775000333786010742e-01
1.046345355796011400e+00,7.795000076293945312e-01
1.047364212935192329e+00,7.805000543594360352e-01
1.048375925151576515e+00,7.830000519752502441e-01
1.049380591957884690e+00,7.815000414848327637e-01
1.050378310802223547e+00,7.785000205039978027e-01
1.051369177124807486e+00,7.775000333786010742e-01
1.052353284412745893e+00,7.795000076293945312e-01
1.053330724252972805e+00,7.845000624656677246e-01
1.054301586383398215e+00,7.790000438690185547e-01
1.055265958742346299e+00,7.780000567436218262e-01
1.056223927516355410e+00,7.790000438690185547e-01
1.057175577186399984e+00,7.840000391006469727e-01
1.058120990572597453e+00,7.825000286102294922e-01
1.059060248877461641e+00,7.785000205039978027e-01
1.059993431727755508e+00,7.790000438690185547e-01
1.060920617214998973e+00,7.800000309944152832e-01
1.061841881934685539e+00,7.835000157356262207e-01
1.062757301024251921e+00,7.820000648498535156e-01
1.063666948199851747e+00,7.810000181198120117e-01
1.064570895791978833e+00,7.800000309944152832e-01
1.065469214779978024e+00,7.810000181198120117e-01
1.066361974825490888e+00,7.845000624656677246e-01
1.067249244304872224e+00,7.815000414848327637e-01
1.068131090340615152e+00,7.810000181198120117e-01
1.069007578831822292e+00,7.815000414848327637e-01
1.069878774483757677e+00,7.820000648498535156e-01
1.070744740836508724e+00,7.845000624656677246e-01
1.071605540292797309e+00,7.835000157356262207e-01
1.072461234144962638e+00,7.825000286102294922e-01
1.073311882601150069e+00,7.835000157356262207e-01
1.074157544810732778e+00,7.840000391006469727e-01
1.074998278888992020e+00,7.840000391006469727e-01
1.075834141941081512e+00,7.845000624656677246e-01
1.076665190085304147e+00,7.830000519752502441e-01
1.077491478475719466e+00,7.845000624656677246e-01
1.078313061324108757e+00,7.850000262260437012e-01
1.079129991921318199e+00,7.845000624656677246e-01
1.079942322658000942e+00,7.850000262260437012e-01
1.080750105044778309e+00,7.840000391006469727e-01
1.081553389731839898e+00,7.855000495910644531e-01
1.082352226528000783e+00,7.835000157356262207e-01
1.083146664419235128e+00,7.840000391006469727e-01
1.083936751586700220e+00,7.855000495910644531e-01
1.084722535424271994e+00,7.845000624656677246e-01
1.085504062555602722e+00,7.860000133514404297e-01
1.086281378850723511e+00,7.815000414848327637e-01
1.087054529442196715e+00,7.860000133514404297e-01
1.087823558740841579e+00,7.860000133514404297e-01
1.088588510451042213e+00,7.870000600814819336e-01
1.089349427585650565e+00,7.845000624656677246e-01
1.090106352480499696e+00,7.835000157356262207e-01
1.090859326808538032e+00,7.870000600814819336e-01
1.091608391593596572e+00,7.875000238418579102e-01
1.092353587223800826e+00,7.875000238418579102e-01
1.093094953464637253e+00,7.855000495910644531e-01
1.093832529471686632e+00,7.845000624656677246e-01
1.094566353803033465e+00,7.865000367164611816e-01
1.095296464431360972e+00,7.880000472068786621e-01
1.096022898755741659e+00,7.870000600814819336e-01
1.096745693613133232e+00,7.865000367164611816e-01
1.097464885289586078e+00,7.850000262260437012e-01
1.098180509531176074e+00,7.875000238418579102e-01
1.098892601554663617e+00,7.860000133514404297e-01
1.099601196057894192e+00,7.870000600814819336e-01
1.100306327229942704e+00,7.865000367164611816e-01
1.101008028761012225e+00,7.870000600814819336e-01
1.101706333852092934e+00,7.875000238418579102e-01
1.102401275224387467e+00,7.865000367164611816e-01
1.103092885128512446e+00,7.865000367164611816e-01
1.103781195353477518e+00,7.845000624656677246e-01
1.104466237235454562e+00,7.860000133514404297e-01
1.105148041666337289e+00,7.870000600814819336e-01
1.105826639102100328e+00,7.855000495910644531e-01
1.106502059570962260e+00,7.855000495910644531e-01
1.107174332681359230e+00,7.845000624656677246e-01
1.107843487629733170e+00,7.845000624656677246e-01
1.108509553208140375e+00,7.840000391006469727e-01
1.109172557811684223e+00,7.840000391006469727e-01
1.109832529445780258e+00,7.835000157356262207e-01
1.110489495733252729e+00,7.855000495910644531e-01
1.111143483921273711e+00,7.835000157356262207e-01
1.111794520888142124e+00,7.825000286102294922e-01
1.112442633149913762e+00,7.820000648498535156e-01
1.113087846866880781e+00,7.840000391006469727e-01
1.113730187849907738e+00,7.850000262260437012e-01
1.114369681566626857e+00,7.840000391006469727e-01
1.115006353147497853e+00,7.820000648498535156e-01
1.115640227391732964e+00,7.820000648498535156e-01
1.116271328773092986e+00,7.850000262260437012e-01
1.116899681445558068e+00,7.845000624656677246e-01
1.117525309248873278e+00,7.840000391006469727e-01
1.118148235713977590e+00,7.830000519752502441e-01
1.118768484068312752e+00,7.830000519752502441e-01
1.119386077241021571e+00,7.840000391006469727e-01
1.120001037868032956e+00,7.855000495910644531e-01
1.120613388297040824e+00,7.825000286102294922e-01
1.121223150592377094e+00,7.820000648498535156e-01
1.121830346539781198e+00,7.825000286102294922e-01
1.122434997651072353e+00,7.835000157356262207e-01
1.123037125168720118e+00,7.845000624656677246e-01
1.123636750070325263e+00,7.845000624656677246e-01
1.124233893073002255e+00,7.840000391006469727e-01
1.124828574637676049e+00,7.835000157356262207e-01
1.125420814973288497e+00,7.830000519752502441e-01
1.126010634040918168e+00,7.825000286102294922e-01
1.126598051557818891e+00,7.860000133514404297e-01
1.127183087001373041e+00,7.855000495910644531e-01
1.127765759612967766e+00,7.855000495910644531e-01
1.128346088401792180e+00,7.860000133514404297e-01
1.128924092148557934e+00,7.865000367164611816e-01
1.129499789409146526e+00,7.840000391006469727e-01
1.130073198518183997e+00,7.825000286102294922e-01
1.130644337592544124e+00,7.835000157356262207e-01
1.131213224534782791e+00,7.835000157356262207e-01
1.131779877036506177e+00,7.835000157356262207e-01
1.132344312581670787e+00,7.845000624656677246e-01
1.132906548449821527e+00,7.855000495910644531e-01
1.133466601719264943e+00,7.845000624656677246e-01
1.134024489270182290e+00,7.860000133514404297e-01
1.134580227787682638e+00,7.840000391006469727e-01
1.135133833764796929e+00,7.840000391006469727e-01
1.135685323505414290e+00,7.855000495910644531e-01
1.136234713127164175e+00,7.850000262260437012e-01
1.136782018564242103e+00,7.845000624656677246e-01
1.137327255570182993e+00,7.845000624656677246e-01
1.137870439720581883e+00,7.850000262260437012e-01
1.138411586415763566e+00,7.855000495910644531e-01
1.138950710883402495e+00,7.845000624656677246e-01
1.139487828181094287e+00,7.845000624656677246e-01
1.140022953198878586e+00,7.845000624656677246e-01
1.140556100661716643e+00,7.840000391006469727e-01
1.141087285131921591e+00,7.840000391006469727e-01
1.141616521011545649e+00,7.845000624656677246e-01
1.142143822544723575e+00,7.870000600814819336e-01
1.142669203819971946e+00,7.865000367164611816e-01
1.143192678772448456e+00,7.855000495910644531e-01
1.143714261186169479e+00,7.850000262260437012e-01
1.144233964696188099e+00,7.860000133514404297e-01
1.144751802790733075e+00,7.860000133514404297e-01
1.145267788813308263e+00,7.865000367164611816e-01
1.145781935964757192e+00,7.865000367164611816e-01
1.146294257305288555e+00,7.865000367164611816e-01
1.146804765756466615e+00,7.870000600814819336e-01
1.147313474103167641e+00,7.860000133514404297e-01
1.147820394995500370e+00,7.870000600814819336e-01
1.148325540950693835e+00,7.870000600814819336e-01
1.148828924354951209e+00,7.870000600814819336e-01
1.149330557465273239e+00,7.865000367164611816e-01
1.149830452411248594e+00,7.865000367164611816e-01
1.150328621196812895e+00,7.865000367164611816e-01
1.150825075701979783e+00,7.875000238418579102e-01
1.151319827684539554e+00,7.875000238418579102e-01
1.151812888781730715e+00,7.860000133514404297e-01
1.152304270511881779e+00,7.860000133514404297e-01
1.152793984276026640e+00,7.870000600814819336e-01
1.153282041359491528e+00,7.860000133514404297e-01
1.153768452933454203e+00,7.865000367164611816e-01
1.154253230056480950e+00,7.865000367164611816e-01
1.154736383676031597e+00,7.860000133514404297e-01
1.155217924629946769e+00,7.860000133514404297e-01
1.155697863647902501e+00,7.855000495910644531e-01
1.156176211352848648e+00,7.860000133514404297e-01
1.156652978262417086e+00,7.865000367164611816e-01
1.157128174790309938e+00,7.870000600814819336e-01
1.157601811247664925e+00,7.865000367164611816e-01
1.158073897844397626e+00,7.855000495910644531e-01
1.158544444690521091e+00,7.855000495910644531e-01
1.159013461797446798e+00,7.870000600814819336e-01
1.159480959079261631e+00,7.865000367164611816e-01
1.159946946353984432e+00,7.870000600814819336e-01
1.160411433344805010e+00,7.875000238418579102e-01
1.160874429681300501e+00,7.870000600814819336e-01
1.161335944900632855e+00,7.870000600814819336e-01
1.161795988448728778e+00,7.865000367164611816e-01
1.162254569681438365e+00,7.865000367164611816e-01
1.162711697865678184e+00,7.865000367164611816e-01
1.163167382180553489e+00,7.865000367164611816e-01
1.163621631718465110e+00,7.865000367164611816e-01
1.164074455486197923e+00,7.865000367164611816e-01
1.164525862405991985e+00,7.865000367164611816e-01
1.164975861316597694e+00,7.865000367164611816e-01
1.165424460974314291e+00,7.865000367164611816e-01
1.165871670054011489e+00,7.865000367164611816e-01
1.166317497150137328e+00,7.860000133514404297e-01
1.166761950777708057e+00,7.865000367164611816e-01
1.167205039373284237e+00,7.870000600814819336e-01
1.167646771295931529e+00,7.855000495910644531e-01
1.168087154828168162e+00,7.860000133514404297e-01
1.168526198176894626e+00,7.865000367164611816e-01
1.168963909474312723e+00,7.865000367164611816e-01
1.169400296778829507e+00,7.870000600814819336e-01
1.169835368075946791e+00,7.860000133514404297e-01
1.170269131279137564e+00,7.845000624656677246e-01
1.170701594230710851e+00,7.855000495910644531e-01
1.171132764702661921e+00,7.850000262260437012e-01
1.171562650397510508e+00,7.845000624656677246e-01
1.171991258949125037e+00,7.840000391006469727e-01
1.172418597923538863e+00,7.840000391006469727e-01
1.172844674819748967e+00,7.835000157356262207e-01
1.173269497070506651e+00,7.845000624656677246e-01
1.173693072043095587e+00,7.845000624656677246e-01
1.174115407040098313e+00,7.845000624656677246e-01
1.174536509300151410e+00,7.845000624656677246e-01
1.174956385998690678e+00,7.840000391006469727e-01
1.175375044248683443e+00,7.845000624656677246e-01
1.175792491101352866e+00,7.855000495910644531e-01
1.176208733546889817e+00,7.850000262260437012e-01
1.176623778515155427e+00,7.850000262260437012e-01
1.177037632876373197e+00,7.845000624656677246e-01
1.177450303441812007e+00,7.845000624656677246e-01
1.177861796964456698e+00,7.845000624656677246e-01
1.178272120139674639e+00,7.845000624656677246e-01
1.178681279605865662e+00,7.840000391006469727e-01
1.179089281945108869e+00,7.840000391006469727e-01
1.179496133683797465e+00,7.840000391006469727e-01
1.179901841293264697e+00,7.840000391006469727e-01
1.180306411190401361e+00,7.840000391006469727e-01
1.180709849738265982e+00,7.835000157356262207e-01
1.181112163246683444e+00,7.835000157356262207e-01
1.181513357972838740e+00,7.840000391006469727e-01
1.181913440121860059e+00,7.840000391006469727e-01
1.182312415847395215e+00,7.840000391006469727e-01
1.182710291252178303e+00,7.840000391006469727e-01
1.183107072388591918e+00,7.840000391006469727e-01
1.183502765259217160e+00,7.835000157356262207e-01
1.183897375817380748e+00,7.840000391006469727e-01
1.184290909967690375e+00,7.845000624656677246e-01
1.184683373566566500e+00,7.845000624656677246e-01
1.185074772422764378e+00,7.850000262260437012e-01
1.185465112297890311e+00,7.860000133514404297e-01
1.185854398906910134e+00,7.860000133514404297e-01
1.186242637918651255e+00,7.855000495910644531e-01
1.186629834956299367e+00,7.855000495910644531e-01
1.187015995597884954e+00,7.850000262260437012e-01
1.187401125376766675e+00,7.850000262260437012e-01
1.187785229782106766e+00,7.850000262260437012e-01
1.188168314259341551e+00,7.845000624656677246e-01
1.188550384210642630e+00,7.850000262260437012e-01
1.188931444995375397e+00,7.850000262260437012e-01
1.189311501930550241e+00,7.850000262260437012e-01
1.189690560291266408e+00,7.850000262260437012e-01
1.190068625311152761e+00,7.845000624656677246e-01
1.190445702182800547e+00,7.845000624656677246e-01
1.190821796058191495e+00,7.845000624656677246e-01
1.191196912049119927e+00,7.845000624656677246e-01
1.191571055227610421e+00,7.845000624656677246e-01
1.191944230626328372e+00,7.845000624656677246e-01
1.192316443238986556e+00,7.840000391006469727e-01
1.192687698020746145e+00,7.840000391006469727e-01
1.193057999888612608e+00,7.845000624656677246e-01
1.193427353721826067e+00,7.845000624656677246e-01
1.193795764362247658e+00,7.845000624656677246e-01
1.194163236614739221e+00,7.845000624656677246e-01
1.194529775247541226e+00,7.840000391006469727e-01
1.194895384992641807e+00,7.835000157356262207e-01
1.195260070546145137e+00,7.835000157356262207e-01
1.195623836568632248e+00,7.835000157356262207e-01
1.195986687685518302e+00,7.835000157356262207e-01
1.196348628487407195e+00,7.840000391006469727e-01
1.196709663530437062e+00,7.840000391006469727e-01
1.197069797336627772e+00,7.840000391006469727e-01
1.197429034394217995e+00,7.840000391006469727e-01
1.197787379158002041e+00,7.840000391006469727e-01
1.198144836049661821e+00,7.840000391006469727e-01
1.198501409458092803e+00,7.840000391006469727e-01
1.198857103739728425e+00,7.840000391006469727e-01
1.199211923218859610e+00,7.840000391006469727e-01
1.199565872187949411e+00,7.840000391006469727e-01
1.199918954907944535e+00,7.855000495910644531e-01
1.200271175608584207e+00,7.855000495910644531e-01
1.200622538488702817e+00,7.855000495910644531e-01
1.200973047716531905e+00,7.855000495910644531e-01
1.201322707429994585e+00,7.860000133514404297e-01
1.201671521737001092e+00,7.855000495910644531e-01
1.202019494715736769e+00,7.860000133514404297e-01
1.202366630414948512e+00,7.855000495910644531e-01
1.202712932854227645e+00,7.855000495910644531e-01
1.203058406024288818e+00,7.855000495910644531e-01
1.203403053887246887e+00,7.855000495910644531e-01
1.203746880376888040e+00,7.860000133514404297e-01
1.204089889398939794e+00,7.860000133514404297e-01
1.204432084831339012e+00,7.860000133514404297e-01
1.204773470524491685e+00,7.860000133514404297e-01
1.205114050301535400e+00,7.865000367164611816e-01
1.205453827958594903e+00,7.865000367164611816e-01
1.205792807265037458e+00,7.860000133514404297e-01
1.206130991963721533e+00,7.860000133514404297e-01
1.206468385771246821e+00,7.860000133514404297e-01
1.206804992378198271e+00,7.860000133514404297e-01
1.207140815449388782e+00,7.860000133514404297e-01
1.207475858624098120e+00,7.860000133514404297e-01
1.207810125516309618e+00,7.860000133514404297e-01
1.208143619714944439e+00,7.860000133514404297e-01
1.208476344784092937e+00,7.860000133514404297e-01
1.208808304263242039e+00,7.860000133514404297e-01
1.209139501667503280e+00,7.860000133514404297e-01
1.209469940487833295e+00,7.860000133514404297e-01
1.209799624191257417e+00,7.860000133514404297e-01
1.210128556221086171e+00,7.860000133514404297e-01
1.210456739997131548e+00,7.865000367164611816e-01
1.210784178915920162e+00,7.855000495910644531e-01
1.211110876350904864e+00,7.855000495910644531e-01
1.211436835652672350e+00,7.855000495910644531e-01
1.211762060149149889e+00,7.860000133514404297e-01
1.212086553145808931e+00,7.860000133514404297e-01
1.212410317925866954e+00,7.865000367164611816e-01
1.212733357750486629e+00,7.865000367164611816e-01
1.213055675858973226e+00,7.860000133514404297e-01
1.213377275468968897e+00,7.860000133514404297e-01
1.213698159776645413e+00,7.860000133514404297e-01
1.214018331956895347e+00,7.855000495910644531e-01
1.214337795163520362e+00,7.850000262260437012e-01
1.214656552529417954e+00,7.850000262260437012e-01
1.214974607166764420e+00,7.845000624656677246e-01
1.215291962167198703e+00,7.840000391006469727e-01
1.215608620602002032e+00,7.845000624656677246e-01
1.215924585522276002e+00,7.845000624656677246e-01
1.216239859959120206e+00,7.850000262260437012e-01
1.216554446923804989e+00,7.855000495910644531e-01
1.216868349407944860e+00,7.855000495910644531e-01
1.217181570383669920e+00,7.860000133514404297e-01
1.217494112803793271e+00,7.860000133514404297e-01
1.217805979601978894e+00,7.865000367164611816e-01
1.218117173692907063e+00,7.860000133514404297e-01
1.218427697972436663e+00,7.855000495910644531e-01
1.218737555317768395e+00,7.850000262260437012e-01
1.219046748587603757e+00,7.850000262260437012e-01
1.219355280622303805e+00,7.850000262260437012e-01
1.219663154244044811e+00,7.850000262260437012e-01
1.219970372256974134e+00,7.855000495910644531e-01
1.220276937447363208e+00,7.855000495910644531e-01
1.220582852583758982e+00,7.855000495910644531e-01
1.220888120417134015e+00,7.855000495910644531e-01
1.221192743681034809e+00,7.855000495910644531e-01
1.221496725091729241e+00,7.855000495910644531e-01
1.221800067348350449e+00,7.845000624656677246e-01
1.222102773133042719e+00,7.845000624656677246e-01
1.222404845111102034e+00,7.850000262260437012e-01
1.222706285931117742e+00,7.850000262260437012e-01
1.223007098225111333e+00,7.850000262260437012e-01
1.223307284608674994e+00,7.850000262260437012e-01
1.223606847681107723e+00,7.850000262260437012e-01
1.223905790025550777e+00,7.840000391006469727e-01
1.224204114209120231e+00,7.840000391006469727e-01
1.224501822783040206e+00,7.850000262260437012e-01
1.224798918282773430e+00,7.860000133514404297e-01
1.225095403228151358e+00,7.855000495910644531e-01
1.225391280123501625e+00,7.855000495910644531e-01
1.225686551457775053e+00,7.855000495910644531e-01
1.225981219704671998e+00,7.860000133514404297e-01
1.226275287322765806e+00,7.860000133514404297e-01
1.226568756755626710e+00,7.860000133514404297e-01
1.226861630431942851e+00,7.865000367164611816e-01
1.227153910765641509e+00,7.865000367164611816e-01
1.227445600156007899e+00,7.865000367164611816e-01
1.227736700987804408e+00,7.860000133514404297e-01
1.228027215631386504e+00,7.860000133514404297e-01
1.228317146442818197e+00,7.860000133514404297e-01
1.228606495763988615e+00,7.855000495910644531e-01
1.228895265922723690e+00,7.855000495910644531e-01
1.229183459232898734e+00,7.855000495910644531e-01
1.229471077994550798e+00,7.855000495910644531e-01
1.229758124493987692e+00,7.855000495910644531e-01
1.230044601003897453e+00,7.855000495910644531e-01
1.230330509783456261e+00,7.855000495910644531e-01
1.230615853078435462e+00,7.855000495910644531e-01
1.230900633121307264e+00,7.855000495910644531e-01
1.231184852131349539e+00,7.855000495910644531e-01
1.231468512314749963e+00,7.855000495910644531e-01
1.231751615864707272e+00,7.855000495910644531e-01
1.232034164961535616e+00,7.855000495910644531e-01
1.232316161772763374e+00,7.860000133514404297e-01
1.232597608453233073e+00,7.860000133514404297e-01
1.232878507145200864e+00,7.860000133514404297e-01
1.233158859978433775e+00,7.860000133514404297e-01
1.233438669070306748e+00,7.855000495910644531e-01
1.233717936525899672e+00,7.855000495910644531e-01
1.233996664438089974e+00,7.855000495910644531e-01
1.234274854887649209e+00,7.855000495910644531e-01
1.234552509943334542e+00,7.855000495910644531e-01
1.234829631661982230e+00,7.855000495910644531e-01
1.235106222088598660e+00,7.855000495910644531e-01
1.235382283256450275e+00,7.855000495910644531e-01
1.235657817187153951e+00,7.855000495910644531e-01
1.235932825890766029e+00,7.855000495910644531e-01
1.236207311365868922e+00,7.860000133514404297e-01
1.236481275599660590e+00,7.860000133514404297e-01
1.236754720568038701e+00,7.860000133514404297e-01
1.237027648235687005e+00,7.860000133514404297e-01
1.237300060556159931e+00,7.855000495910644531e-01
1.237571959471967187e+00,7.860000133514404297e-01
1.237843346914655029e+00,7.860000133514404297e-01
1.238114224804891306e+00,7.860000133514404297e-01
1.238384595052544501e+00,7.855000495910644531e-01
1.238654459556765230e+00,7.860000133514404297e-01
1.238923820206067283e+00,7.860000133514404297e-01
1.239192678878406229e+00,7.860000133514404297e-01
1.239461037441257796e+00,7.860000133514404297e-01
1.239728897751695369e+00,7.860000133514404297e-01
1.239996261656468368e+00,7.860000133514404297e-01
1.240263130992077301e+00,7.860000133514404297e-01
1.240529507584850588e+00,7.860000133514404297e-01
1.240795393251018286e+00,7.860000133514404297e-01
1.241060789796787800e+00,7.860000133514404297e-01
1.241325699018416495e+00,7.855000495910644531e-01
1.241590122702284527e+00,7.855000495910644531e-01
1.241854062624967892e+00,7.855000495910644531e-01
1.242117520553310150e+00,7.855000495910644531e-01
1.242380498244492371e+00,7.855000495910644531e-01
1.242642997446103958e+00,7.850000262260437012e-01
1.242905019896212604e+00,7.850000262260437012e-01
1.243166567323433114e+00,7.850000262260437012e-01
1.243427641446995802e+00,7.855000495910644531e-01
1.243688243976814212e+00,7.850000262260437012e-01
1.243948376613552842e+00,7.850000262260437012e-01
1.244208041048692648e+00,7.850000262260437012e-01
1.244467238964598321e+00,7.855000495910644531e-01
1.244725972034582906e+00,7.855000495910644531e-01
1.244984241922972634e+00,7.850000262260437012e-01
1.245242050285171764e+00,7.850000262260437012e-01
1.245499398767724974e+00,7.850000262260437012e-01
1.245756289008381978e+00,7.850000262260437012e-01
1.246012722636159031e+00,7.850000262260437012e-01
1.246268701271401769e+00,7.850000262260437012e-01
1.246524226525845380e+00,7.850000262260437012e-01
1.246779300002677004e+00,7.850000262260437012e-01
1.247033923296594571e+00,7.855000495910644531e-01
1.247288097993867639e+00,7.855000495910644531e-01
1.247541825672396687e+00,7.855000495910644531e-01
1.247795107901771283e+00,7.850000262260437012e-01
1.248047946243328488e+00,7.850000262260437012e-01
1.248300342250211692e+00,7.850000262260437012e-01
1.248552297467426131e+00,7.850000262260437012e-01
1.248803813431896614e+00,7.850000262260437012e-01
1.249054891672523704e+00,7.850000262260437012e-01
1.249305533710239002e+00,7.850000262260437012e-01
1.249555741058061997e+00,7.855000495910644531e-01
1.249805515221152241e+00,7.855000495910644531e-01
1.250054857696866195e+00,7.855000495910644531e-01
1.250303769974809409e+00,7.855000495910644531e-01
1.250552253536890701e+00,7.850000262260437012e-01
1.250800309857375003e+00,7.850000262260437012e-01
1.251047940402935765e+00,7.850000262260437012e-01
1.251295146632706912e+00,7.850000262260437012e-01
1.251541929998334357e+00,7.850000262260437012e-01
1.251788291944027964e+00,7.850000262260437012e-01
1.252034233906610394e+00,7.850000262260437012e-01
1.252279757315569508e+00,7.850000262260437012e-01
1.252524863593107440e+00,7.850000262260437012e-01
1.252769554154189002e+00,7.850000262260437012e-01
1.253013830406592088e+00,7.850000262260437012e-01
1.253257693750956081e+00,7.850000262260437012e-01
1.253501145580829368e+00,7.850000262260437012e-01
1.253744187282716638e+00,7.850000262260437012e-01
1.253986820236128841e+00,7.850000262260437012e-01
1.254229045813626708e+00,7.850000262260437012e-01
1.254470865380870492e+00,7.850000262260437012e-01
1.254712280296663263e+00,7.850000262260437012e-01
1.254953291912999536e+00,7.850000262260437012e-01
1.255193901575108573e+00,7.855000495910644531e-01
1.255434110621500121e+00,7.855000495910644531e-01
1.255673920384009934e+00,7.850000262260437012e-01
1.255913332187842402e+00,7.850000262260437012e-01
1.256152347351615850e+00,7.850000262260437012e-01
1.256390967187405394e+00,7.850000262260437012e-01
1.256629193000787348e+00,7.850000262260437012e-01
1.256867026090879857e+00,7.850000262260437012e-01
1.257104467750387311e+00,7.850000262260437012e-01
1.257341519265642082e+00,7.850000262260437012e-01
1.257578181916646276e+00,7.850000262260437012e-01
1.257814456977112361e+00,7.850000262260437012e-01
1.258050345714505580e+00,7.850000262260437012e-01
1.258285849390084588e+00,7.850000262260437012e-01
1.258520969258940081e+00,7.850000262260437012e-01
1.258755706570038102e+00,7.850000262260437012e-01
1.258990062566257118e+00,7.850000262260437012e-01
1.259224038484428432e+00,7.850000262260437012e-01
1.259457635555375710e+00,7.850000262260437012e-01
1.259690855003953835e+00,7.850000262260437012e-01
1.259923698049086660e+00,7.855000495910644531e-01
1.260156165903805858e+00,7.855000495910644531e-01
1.260388259775288455e+00,7.855000495910644531e-01
1.260619980864895240e+00,7.855000495910644531e-01
1.260851330368207179e+00,7.855000495910644531e-01
1.261082309475062502e+00,7.850000262260437012e-01
1.261312919369594443e+00,7.850000262260437012e-01
1.261543161230266330e+00,7.850000262260437012e-01
1.261773036229907996e+00,7.850000262260437012e-01
1.262002545535752862e+00,7.850000262260437012e-01
1.262231690309471466e+00,7.850000262260437012e-01
1.262460471707209431e+00,7.850000262260437012e-01
1.262688890879618553e+00,7.850000262260437012e-01
1.262916948971896103e+00,7.850000262260437012e-01
1.263144647123815911e+00,7.850000262260437012e-01
1.263371986469763009e+00,7.850000262260437012e-01
1.263598968138770040e+00,7.855000495910644531e-01
1.263825593254547464e+00,7.855000495910644531e-01
1.264051862935519077e+00,7.855000495910644531e-01
1.264277778294854215e+00,7.860000133514404297e-01
1.264503340440501944e+00,7.860000133514404297e-01
1.264728550475221258e+00,7.860000133514404297e-01
1.264953409496615722e+00,7.865000367164611816e-01
1.265177918597164997e+00,7.870000600814819336e-01
1.265402078864255264e+00,7.870000600814819336e-01
1.265625891380213641e+00,7.870000600814819336e-01
1.265849357222335936e+00,7.870000600814819336e-01
1.266072477462920620e+00,7.870000600814819336e-01
1.266295253169299029e+00,7.870000600814819336e-01
1.266517685403865556e+00,7.875000238418579102e-01
1.266739775224107412e+00,7.875000238418579102e-01
1.266961523682636592e+00,7.870000600814819336e-01
1.267182931827218750e+00,7.870000600814819336e-01
1.267404000700802280e+00,7.875000238418579102e-01
1.267624731341548516e+00,7.875000238418579102e-01
1.267845124782861932e+00,7.875000238418579102e-01
1.268065182053417228e+00,7.870000600814819336e-01
1.268284904177189532e+00,7.870000600814819336e-01
1.268504292173482151e+00,7.865000367164611816e-01
1.268723347056955664e+00,7.860000133514404297e-01
1.268942069837655673e+00,7.860000133514404297e-01
1.269160461521041006e+00,7.880000472068786621e-01
1.269378523108011025e+00,7.885000109672546387e-01
1.269596255594933387e+00,7.890000343322753906e-01
1.269813659973671793e+00,7.880000472068786621e-01
1.270030737231611750e+00,7.880000472068786621e-01
1.270247488351689658e+00,7.880000472068786621e-01
1.270463914312417009e+00,7.870000600814819336e-01
1.270680016087909481e+00,7.870000600814819336e-01
1.270895794647910471e+00,7.875000238418579102e-01
1.271111250957819294e+00,7.865000367164611816e-01
1.271326385978716944e+00,7.865000367164611816e-01
1.271541200667390736e+00,7.870000600814819336e-01
1.271755695976360734e+00,7.870000600814819336e-01
1.271969872853904171e+00,7.870000600814819336e-01
1.272183732244081655e+00,7.860000133514404297e-01
1.272397275086761814e+00,7.865000367164611816e-01
1.272610502317645942e+00,7.860000133514404297e-01
1.272823414868292202e+00,7.860000133514404297e-01
1.273036013666140720e+00,7.850000262260437012e-01
1.273248299634537783e+00,7.850000262260437012e-01
1.273460273692759381e+00,7.845000624656677246e-01
1.273671936756035628e+00,7.845000624656677246e-01
1.273883289735574076e+00,7.850000262260437012e-01
1.274094333538583035e+00,7.850000262260437012e-01
1.274305069068296214e+00,7.845000624656677246e-01
1.274515497223994043e+00,7.845000624656677246e-01
1.274725618901028756e+00,7.845000624656677246e-01
1.274935434990844829e+00,7.840000391006469727e-01
1.275144946381004063e+00,7.845000624656677246e-01
1.275354153955206682e+00,7.845000624656677246e-01
1.275563058593313981e+00,7.845000624656677246e-01
1.275771661171370974e+00,7.845000624656677246e-01
1.275979962561627712e+00,7.845000624656677246e-01
1.276187963632561928e+00,7.845000624656677246e-01
1.276395665248899469e+00,7.840000391006469727e-01
1.276603068271638053e+00,7.840000391006469727e-01
1.276810173558066142e+00,7.840000391006469727e-01
1.277016981961786701e+00,7.840000391006469727e-01
1.277223494332735854e+00,7.845000624656677246e-01
1.277429711517206190e+00,7.845000624656677246e-01
1.277635634357865424e+00,7.845000624656677246e-01
1.277841263693778373e+00,7.845000624656677246e-01
1.278046600360427831e+00,7.845000624656677246e-01
1.278251645189733665e+00,7.850000262260437012e-01
1.278456399010073241e+00,7.850000262260437012e-01
1.278660862646302965e+00,7.850000262260437012e-01
1.278865036919776488e+00,7.855000495910644531e-01
1.279068922648364914e+00,7.855000495910644531e-01
1.279272520646477451e+00,7.855000495910644531e-01
1.279475831725079837e+00,7.850000262260437012e-01
1.279678856691713884e+00,7.850000262260437012e-01
1.279881596350517015e+00,7.850000262260437012e-01
1.280084051502242026e+00,7.850000262260437012e-01
1.280286222944273966e+00,7.850000262260437012e-01
1.280488111470651669e+00,7.850000262260437012e-01
1.280689717872083966e+00,7.850000262260437012e-01
1.280891042935970559e+00,7.850000262260437012e-01
1.281092087446418004e+00,7.850000262260437012e-01
1.281292852184261033e+00,7.850000262260437012e-01
1.281493337927077647e+00,7.860000133514404297e-01
1.281693545449209326e+00,7.855000495910644531e-01
1.281893475521777903e+00,7.860000133514404297e-01
1.282093128912704660e+00,7.860000133514404297e-01
1.282292506386725872e+00,7.860000133514404297e-01
1.282491608705412345e+00,7.860000133514404297e-01
1.282690436627186070e+00,7.860000133514404297e-01
1.282888990907337767e+00,7.855000495910644531e-01
1.283087272298043757e+00,7.855000495910644531e-01
1.283285281548383505e+00,7.855000495910644531e-01
1.283483019404355829e+00,7.855000495910644531e-01
1.283680486608897109e+00,7.855000495910644531e-01
1.283877683901896605e+00,7.855000495910644531e-01
1.284074612020214223e+00,7.855000495910644531e-01
1.284271271697696504e+00,7.860000133514404297e-01
1.284467663665191939e+00,7.865000367164611816e-01
1.284663788650570071e+00,7.865000367164611816e-01
1.284859647378735037e+00,7.865000367164611816e-01
1.285055240571642665e+00,7.865000367164611816e-01
1.285250568948316907e+00,7.865000367164611816e-01
1.285445633224864270e+00,7.865000367164611816e-01
1.285640434114491359e+00,7.865000367164611816e-01
1.285834972327519310e+00,7.870000600814819336e-01
1.286029248571399330e+00,7.870000600814819336e-01
1.286223263550728912e+00,7.870000600814819336e-01
1.286417017967266485e+00,7.870000600814819336e-01
1.286610512519946958e+00,7.865000367164611816e-01
1.286803747904897044e+00,7.865000367164611816e-01
1.286996724815449689e+00,7.865000367164611816e-01
1.287189443942158729e+00,7.865000367164611816e-01
1.287381905972815543e+00,7.865000367164611816e-01
1.287574111592461934e+00,7.870000600814819336e-01
1.287766061483404778e+00,7.870000600814819336e-01
1.287957756325232683e+00,7.870000600814819336e-01
1.288149196794827311e+00,7.870000600814819336e-01
1.288340383566379810e+00,7.870000600814819336e-01
1.288531317311405244e+00,7.870000600814819336e-01
1.288721998698754811e+00,7.865000367164611816e-01
1.288912428394632492e+00,7.865000367164611816e-01
1.289102607062606376e+00,7.865000367164611816e-01
1.289292535363624870e+00,7.865000367164611816e-01
1.289482213956028911e+00,7.875000238418579102e-01
1.289671643495565956e+00,7.870000600814819336e-01
1.289860824635403969e+00,7.870000600814819336e-01
1.290049758026145410e+00,7.875000238418579102e-01
1.290238444315839672e+00,7.875000238418579102e-01
1.290426884149995956e+00,7.875000238418579102e-01
1.290615078171598595e+00,7.875000238418579102e-01
1.290803027021117710e+00,7.875000238418579102e-01
1.290990731336524533e+00,7.875000238418579102e-01
1.291178191753303173e+00,7.875000238418579102e-01
1.291365408904463496e+00,7.875000238418579102e-01
1.291552383420554229e+00,7.880000472068786621e-01
1.291739115929676052e+00,7.880000472068786621e-01
1.291925607057493597e+00,7.880000472068786621e-01
1.292111857427247879e+00,7.875000238418579102e-01
1.292297867659770283e+00,7.880000472068786621e-01
1.292483638373493005e+00,7.885000109672546387e-01
1.292669170184462812e+00,7.885000109672546387e-01
1.292854463706352597e+00,7.885000109672546387e-01
1.293039519550473804e+00,7.885000109672546387e-01
1.293224338325788203e+00,7.885000109672546387e-01
1.293408920638920989e+00,7.885000109672546387e-01
1.293593267094170995e+00,7.885000109672546387e-01
1.293777378293524016e+00,7.885000109672546387e-01
1.293961254836664132e+00,7.880000472068786621e-01
1.294144897320985033e+00,7.880000472068786621e-01
1.294328306341602453e+00,7.880000472068786621e-01
1.294511482491365051e+00,7.880000472068786621e-01
1.294694426360866180e+00,7.880000472068786621e-01
1.294877138538455430e+00,7.880000472068786621e-01
1.295059619610249291e+00,7.880000472068786621e-01
1.295241870160144027e+00,7.875000238418579102e-01
1.295423890769824782e+00,7.880000472068786621e-01
1.295605682018778460e+00,7.875000238418579102e-01
1.295787244484304157e+00,7.875000238418579102e-01
1.295968578741523380e+00,7.875000238418579102e-01
1.296149685363392701e+00,7.870000600814819336e-01
1.296330564920713080e+00,7.870000600814819336e-01
1.296511217982140751e+00,7.870000600814819336e-01
1.296691645114199876e+00,7.875000238418579102e-01
1.296871846881290091e+00,7.875000238418579102e-01
1.297051823845699836e+00,7.875000238418579102e-01
1.297231576567615452e+00,7.870000600814819336e-01
1.297411105605132287e+00,7.870000600814819336e-01
1.297590411514263797e+00,7.870000600814819336e-01
1.297769494848954208e+00,7.865000367164611816e-01
1.297948356161086947e+00,7.865000367164611816e-01
1.298126996000494637e+00,7.865000367164611816e-01
1.298305414914971090e+00,7.865000367164611816e-01
1.298483613450279517e+00,7.865000367164611816e-01
1.298661592150163191e+00,7.865000367164611816e-01
1.298839351556356547e+00,7.865000367164611816e-01
1.299016892208592733e+00,7.865000367164611816e-01
1.299194214644615153e+00,7.865000367164611816e-01
1.299371319400187241e+00,7.865000367164611816e-01
1.299548207009101342e+00,7.865000367164611816e-01
1.299724878003188921e+00,7.870000600814819336e-01
1.299901332912329677e+00,7.870000600814819336e-01
1.300077572264461523e+00,7.870000600814819336e-01
1.300253596585590810e+00,7.870000600814819336e-01
1.300429406399799426e+00,7.870000600814819336e-01
1.300605002229256568e+00,7.875000238418579102e-01
1.300780384594227179e+00,7.875000238418579102e-01
1.300955554013080384e+00,7.870000600814819336e-01
1.301130511002300372e+00,7.870000600814819336e-01
1.301305256076493277e+00,7.865000367164611816e-01
1.301479789748398730e+00,7.865000367164611816e-01
1.301654112528897844e+00,7.865000367164611816e-01
1.301828224927020772e+00,7.865000367164611816e-01
1.302002127449957580e+00,7.865000367164611816e-01
1.302175820603067136e+00,7.865000367164611816e-01
1.302349304889883985e+00,7.865000367164611816e-01
1.302522580812129460e+00,7.865000367164611816e-01
1.302695648869718559e+00,7.865000367164611816e-01
1.302868509560769716e+00,7.865000367164611816e-01
1.303041163381612355e+00,7.865000367164611816e-01
1.303213610826797098e+00,7.865000367164611816e-01
1.303385852389102206e+00,7.865000367164611816e-01
1.303557888559544242e+00,7.865000367164611816e-01
1.303729719827383837e+00,7.870000600814819336e-01
1.303901346680136797e+00,7.870000600814819336e-01
1.304072769603580983e+00,7.870000600814819336e-01
1.304243989081763422e+00,7.870000600814819336e-01
1.304415005597011401e+00,7.870000600814819336e-01
1.304585819629938248e+00,7.870000600814819336e-01
1.304756431659451765e+00,7.870000600814819336e-01
1.304926842162763556e+00,7.870000600814819336e-01
1.305097051615395465e+00,7.865000367164611816e-01
1.305267060491188902e+00,7.865000367164611816e-01
1.305436869262311506e+00,7.865000367164611816e-01
1.305606478399266024e+00,7.865000367164611816e-01
1.305775888370897420e+00,7.865000367164611816e-01
1.305945099644401308e+00,7.865000367164611816e-01
1.306114112685330841e+00,7.870000600814819336e-01
1.306282927957605366e+00,7.875000238418579102e-01
1.306451545923517532e+00,7.870000600814819336e-01
1.306619967043740838e+00,7.870000600814819336e-01
1.306788191777336738e+00,7.870000600814819336e-01
1.306956220581763750e+00,7.870000600814819336e-01
1.307124053912882999e+00,7.870000600814819336e-01
1.307291692224967106e+00,7.870000600814819336e-01
1.307459135970706399e+00,7.870000600814819336e-01
1.307626385601217356e+00,7.870000600814819336e-01
1.307793441566048820e+00,7.870000600814819336e-01
1.307960304313190214e+00,7.875000238418579102e-01
1.308126974289078426e+00,7.875000238418579102e-01
1.308293451938604024e+00,7.875000238418579102e-01
1.308459737705120363e+00,7.875000238418579102e-01
1.308625832030448466e+00,7.880000472068786621e-01
1.308791735354885910e+00,7.880000472068786621e-01
1.308957448117212818e+00,7.880000472068786621e-01
1.309122970754698745e+00,7.880000472068786621e-01
1.309288303703110445e+00,7.880000472068786621e-01
1.309453447396718095e+00,7.880000472068786621e-01
1.309618402268301507e+00,7.880000472068786621e-01
1.309783168749159010e+00,7.885000109672546387e-01
1.309947747269111673e+00,7.880000472068786621e-01
1.310112138256511960e+00,7.880000472068786621e-01
1.310276342138249728e+00,7.880000472068786621e-01
1.310440359339758221e+00,7.885000109672546387e-01
1.310604190285022286e+00,7.885000109672546387e-01
1.310767835396583036e+00,7.885000109672546387e-01
1.310931295095545845e+00,7.885000109672546387e-01
1.311094569801586562e+00,7.885000109672546387e-01
1.311257659932957509e+00,7.885000109672546387e-01
1.311420565906493918e+00,7.885000109672546387e-01
1.311583288137620817e+00,7.885000109672546387e-01
1.311745827040359247e+00,7.885000109672546387e-01
1.311908183027332253e+00,7.885000109672546387e-01
1.312070356509771552e+00,7.885000109672546387e-01
1.312232347897523521e+00,7.885000109672546387e-01
1.312394157599055422e+00,7.885000109672546387e-01
1.312555786021462056e+00,7.885000109672546387e-01
1.312717233570470876e+00,7.885000109672546387e-01
1.312878500650449531e+00,7.885000109672546387e-01
1.313039587664410535e+00,7.885000109672546387e-01
1.313200495014017921e+00,7.890000343322753906e-01
1.313361223099593911e+00,7.890000343322753906e-01
1.313521772320123793e+00,7.890000343322753906e-01
1.313682143073262143e+00,7.890000343322753906e-01
1.313842335755338819e+00,7.890000343322753906e-01
1.314002350761365845e+00,7.890000343322753906e-01
1.314162188485041183e+00,7.890000343322753906e-01
1.314321849318756730e+00,7.890000343322753906e-01
1.314481333653601647e+00,7.890000343322753906e-01
1.314640641879371463e+00,7.890000343322753906e-01
1.314799774384569853e+00,7.890000343322753906e-01
1.314958731556417737e+00,7.890000343322753906e-01
1.315117513780857283e+00,7.890000343322753906e-01
1.315276121442556789e+00,7.890000343322753906e-01
1.315434554924918675e+00,7.890000343322753906e-01
1.315592814610082595e+00,7.890000343322753906e-01
1.315750900878932317e+00,7.890000343322753906e-01
1.315908814111101055e+00,7.890000343322753906e-01
1.316066554684976353e+00,7.890000343322753906e-01
1.316224122977706523e+00,7.890000343322753906e-01
1.316381519365204866e+00,7.895000576972961426e-01
1.316538744222156110e+00,7.895000576972961426e-01
1.316695797922021294e+00,7.895000576972961426e-01
1.316852680837043099e+00,7.895000576972961426e-01
1.317009393338250733e+00,7.895000576972961426e-01
1.317165935795466369e+00,7.895000576972961426e-01
1.317322308577309142e+00,7.895000576972961426e-01
1.317478512051200701e+00,7.895000576972961426e-01
1.317634546583370980e+00,7.895000576972961426e-01
1.317790412538862865e+00,7.895000576972961426e-01
1.317946110281536853e+00,7.895000576972961426e-01
1.318101640174077271e+00,7.895000576972961426e-01
1.318257002577996717e+00,7.895000576972961426e-01
1.318412197853640278e+00,7.895000576972961426e-01
1.318567226360192413e+00,7.895000576972961426e-01
1.318722088455680730e+00,7.895000576972961426e-01
1.318876784496980425e+00,7.895000576972961426e-01
1.319031314839820723e+00,7.895000576972961426e-01
1.319185679838788205e+00,7.895000576972961426e-01
1.319339879847333474e+00,7.895000576972961426e-01
1.319493915217774260e+00,7.895000576972961426e-01
1.319647786301300973e+00,7.895000576972961426e-01
1.319801493447981811e+00,7.895000576972961426e-01
1.319955037006767418e+00,7.895000576972961426e-01
1.320108417325495109e+00,7.895000576972961426e-01
1.320261634750894197e+00,7.895000576972961426e-01
1.320414689628589988e+00,7.895000576972961426e-01
1.320567582303109555e+00,7.895000576972961426e-01
1.320720313117885736e+00,7.895000576972961426e-01
1.320872882415261351e+00,7.895000576972961426e-01
1.321025290536494534e+00,7.890000343322753906e-01
1.321177537821762948e+00,7.880000472068786621e-01
1.321329624610168674e+00,7.885000109672546387e-01
1.321481551239742203e+00,7.885000109672546387e-01
1.321633318047447325e+00,7.885000109672546387e-01
1.321784925369185126e+00,7.885000109672546387e-01
1.321936373539799980e+00,7.885000109672546387e-01
1.322087662893081328e+00,7.885000109672546387e-01
1.322238793761771003e+00,7.885000109672546387e-01
1.322389766477565676e+00,7.885000109672546387e-01
1.322540581371121071e+00,7.885000109672546387e-01
1.322691238772058187e+00,7.885000109672546387e-01
1.322841739008965956e+00,7.885000109672546387e-01
1.322992082409405690e+00,7.885000109672546387e-01
1.323142269299916407e+00,7.885000109672546387e-01
1.323292300006017941e+00,7.880000472068786621e-01
1.323442174852215825e+00,7.880000472068786621e-01
1.323591894162004623e+00,7.880000472068786621e-01
1.323741458257874148e+00,7.880000472068786621e-01
1.323890867461311238e+00,7.880000472068786621e-01
1.324040122092804861e+00,7.880000472068786621e-01
1.324189222471851002e+00,7.880000472068786621e-01
1.324338168916955993e+00,7.880000472068786621e-01
1.324486961745639624e+00,7.880000472068786621e-01
1.324635601274441798e+00,7.880000472068786621e-01
1.324784087818924316e+00,7.880000472068786621e-01
1.324932421693675533e+00,7.880000472068786621e-01
1.325080603212314134e+00,7.880000472068786621e-01
1.325228632687494468e+00,7.880000472068786621e-01
1.325376510430908539e+00,7.880000472068786621e-01
1.325524236753290896e+00,7.885000109672546387e-01
1.325671811964423519e+00,7.885000109672546387e-01
1.325819236373137366e+00,7.885000109672546387e-01
1.325966510287318822e+00,7.885000109672546387e-01
1.326113634013911025e+00,7.885000109672546387e-01
1.326260607858920526e+00,7.885000109672546387e-01
1.326407432127418184e+00,7.880000472068786621e-01
1.326554107123545378e+00,7.880000472068786621e-01
1.326700633150516451e+00,7.880000472068786621e-01
1.326847010510622704e+00,7.880000472068786621e-01
1.326993239505236399e+00,7.880000472068786621e-01
1.327139320434814307e+00,7.875000238418579102e-01
1.327285253598901260e+00,7.875000238418579102e-01
1.327431039296134374e+00,7.875000238418579102e-01
1.327576677824246154e+00,7.875000238418579102e-01
1.327722169480067826e+00,7.875000238418579102e-01
1.327867514559534667e+00,7.875000238418579102e-01
1.328012713357687113e+00,7.880000472068786621e-01
1.328157766168677201e+00,7.880000472068786621e-01
1.328302673285768565e+00,7.880000472068786621e-01
1.328447435001343990e+00,7.880000472068786621e-01
1.328592051606905855e+00,7.880000472068786621e-01
1.328736523393081459e+00,7.880000472068786621e-01
1.328880850649625467e+00,7.880000472068786621e-01
1.329025033665423683e+00,7.880000472068786621e-01
1.329169072728497047e+00,7.880000472068786621e-01
1.329312968126004302e+00,7.880000472068786621e-01
1.329456720144246207e+00,7.880000472068786621e-01
1.329600329068668207e+00,7.880000472068786621e-01
1.329743795183864430e+00,7.880000472068786621e-01
1.329887118773580568e+00,7.880000472068786621e-01
1.330030300120717657e+00,7.880000472068786621e-01
1.330173339507335406e+00,7.880000472068786621e-01
1.330316237214654862e+00,7.880000472068786621e-01
1.330458993523062849e+00,7.880000472068786621e-01
1.330601608712114414e+00,7.880000472068786621e-01
1.330744083060536376e+00,7.880000472068786621e-01
1.330886416846230658e+00,7.880000472068786621e-01
1.331028610346277175e+00,7.880000472068786621e-01
1.331170663836938051e+00,7.880000472068786621e-01
1.331312577593659618e+00,7.880000472068786621e-01
1.331454351891075971e+00,7.885000109672546387e-01
1.331595987003012960e+00,7.885000109672546387e-01
1.331737483202490191e+00,7.885000109672546387e-01
1.331878840761725247e+00,7.885000109672546387e-01
1.332020059952136126e+00,7.885000109672546387e-01
1.332161141044344133e+00,7.885000109672546387e-01
1.332302084308178092e+00,7.885000109672546387e-01
1.332442890012676351e+00,7.885000109672546387e-01
1.332583558426090553e+00,7.885000109672546387e-01
1.332724089815888302e+00,7.885000109672546387e-01
1.332864484448756270e+00,7.885000109672546387e-01
1.333004742590603087e+00,7.885000109672546387e-01
1.333144864506563554e+00,7.885000109672546387e-01
1.333284850460999760e+00,7.885000109672546387e-01
1.333424700717505296e+00,7.885000109672546387e-01
1.333564415538907699e+00,7.885000109672546387e-01
1.333703995187272229e+00,7.885000109672546387e-01
1.333843439923903640e+00,7.885000109672546387e-01
1.333982750009350182e+00,7.885000109672546387e-01
1.334121925703405598e+00,7.885000109672546387e-01
1.334260967265112674e+00,7.885000109672546387e-01
1.334399874952766574e+00,7.885000109672546387e-01
1.334538649023915946e+00,7.885000109672546387e-01
1.334677289735367589e+00,7.885000109672546387e-01
1.334815797343188892e+00,7.885000109672546387e-01
1.334954172102709613e+00,7.885000109672546387e-01
1.335092414268526761e+00,7.885000109672546387e-01
1.335230524094505045e+00,7.885000109672546387e-01
1.335368501833781085e+00,7.885000109672546387e-01
1.335506347738766308e+00,7.885000109672546387e-01
1.335644062061148496e+00,7.885000109672546387e-01
1.335781645051896227e+00,7.885000109672546387e-01
1.335919096961260433e+00,7.885000109672546387e-01
1.336056418038777283e+00,7.885000109672546387e-01
1.336193608533271293e+00,7.885000109672546387e-01
1.336330668692857992e+00,7.885000109672546387e-01
1.336467598764945475e+00,7.890000343322753906e-01
1.336604398996239507e+00,7.890000343322753906e-01
1.336741069632743084e+00,7.890000343322753906e-01
1.336877610919762427e+00,7.890000343322753906e-01
1.337014023101906535e+00,7.890000343322753906e-01
1.337150306423091850e+00,7.890000343322753906e-01
1.337286461126544257e+00,7.890000343322753906e-01
1.337422487454801301e+00,7.890000343322753906e-01
1.337558385649715520e+00,7.890000343322753906e-01
1.337694155952456221e+00,7.890000343322753906e-01
1.337829798603513032e+00,7.890000343322753906e-01
1.337965313842697235e+00,7.890000343322753906e-01
1.338100701909145540e+00,7.890000343322753906e-01
1.338235963041321641e+00,7.890000343322753906e-01
1.338371097477019545e+00,7.890000343322753906e-01
1.338506105453365125e+00,7.890000343322753906e-01
1.338640987206819455e+00,7.890000343322753906e-01
1.338775742973181471e+00,7.890000343322753906e-01
1.338910372987588637e+00,7.890000343322753906e-01
1.339044877484522722e+00,7.890000343322753906e-01
1.339179256697808240e+00,7.890000343322753906e-01
1.339313510860618450e+00,7.890000343322753906e-01
1.339447640205475576e+00,7.890000343322753906e-01
1.339581644964254137e+00,7.890000343322753906e-01
1.339715525368182503e+00,7.890000343322753906e-01
1.339849281647846890e+00,7.890000343322753906e-01
1.339982914033192252e+00,7.890000343322753906e-01
1.340116422753524716e+00,7.890000343322753906e-01
1.340249808037515145e+00,7.890000343322753906e-01
1.340383070113200903e+00,7.890000343322753906e-01
1.340516209207986975e+00,7.890000343322753906e-01
1.340649225548649959e+00,7.890000343322753906e-01
1.340782119361339841e+00,7.890000343322753906e-01
1.340914890871582221e+00,7.890000343322753906e-01
1.341047540304280528e+00,7.890000343322753906e-01
1.341180067883718241e+00,7.890000343322753906e-01
1.341312473833561558e+00,7.890000343322753906e-01
1.341444758376861390e+00,7.890000343322753906e-01
1.341576921736055139e+00,7.890000343322753906e-01
1.341708964132970694e+00,7.890000343322753906e-01
1.341840885788826210e+00,7.890000343322753906e-01
1.341972686924233660e+00,7.890000343322753906e-01
1.342104367759201722e+00,7.895000576972961426e-01
1.342235928513136223e+00,7.895000576972961426e-01
1.342367369404844135e+00,7.895000576972961426e-01
1.342498690652534243e+00,7.895000576972961426e-01
1.342629892473820696e+00,7.895000576972961426e-01
1.342760975085723896e+00,7.895000576972961426e-01
1.342891938704673382e+00,7.895000576972961426e-01
1.343022783546509835e+00,7.895000576972961426e-01
1.343153509826487513e+00,7.895000576972961426e-01
1.343284117759275365e+00,7.895000576972961426e-01
1.343414607558960361e+00,7.895000576972961426e-01
1.343544979439049269e+00,7.895000576972961426e-01
1.343675233612470210e+00,7.890000343322753906e-01
1.343805370291574874e+00,7.890000343322753906e-01
1.343935389688141413e+00,7.890000343322753906e-01
1.344065292013375323e+00,7.890000343322753906e-01
1.344195077477912559e+00,7.890000343322753906e-01
1.344324746291820638e+00,7.890000343322753906e-01
1.344454298664601977e+00,7.890000343322753906e-01
1.344583734805194331e+00,7.890000343322753906e-01
1.344713054921973905e+00,7.890000343322753906e-01
1.344842259222756908e+00,7.890000343322753906e-01
1.344971347914801996e+00,7.890000343322753906e-01
1.345100321204811156e+00,7.890000343322753906e-01
1.345229179298934152e+00,7.890000343322753906e-01
1.345357922402766970e+00,7.890000343322753906e-01
1.345486550721357144e+00,7.885000109672546387e-01
1.345615064459203092e+00,7.885000109672546387e-01
1.345743463820258112e+00,7.890000343322753906e-01
1.345871749007930829e+00,7.890000343322753906e-01
1.345999920225088520e+00,7.890000343322753906e-01
1.346127977674057341e+00,7.890000343322753906e-01
1.346255921556625434e+00,7.890000343322753906e-01
1.346383752074044926e+00,7.890000343322753906e-01
1.346511469427033481e+00,7.890000343322753906e-01
1.346639073815775189e+00,7.890000343322753906e-01
1.346766565439924568e+00,7.890000343322753906e-01
1.346893944498606777e+00,7.890000343322753906e-01
1.347021211190419843e+00,7.890000343322753906e-01
1.347148365713437324e+00,7.890000343322753906e-01
1.347275408265208752e+00,7.890000343322753906e-01
1.347402339042762742e+00,7.890000343322753906e-01
1.347529158242608327e+00,7.890000343322753906e-01
1.347655866060736285e+00,7.890000343322753906e-01
1.347782462692622030e+00,7.890000343322753906e-01
1.347908948333226720e+00,7.890000343322753906e-01
1.348035323176998368e+00,7.890000343322753906e-01
1.348161587417875840e+00,7.890000343322753906e-01
1.348287741249288185e+00,7.890000343322753906e-01
1.348413784864157750e+00,7.890000343322753906e-01
1.348539718454901948e+00,7.890000343322753906e-01
1.348665542213434376e+00,7.890000343322753906e-01
1.348791256331167254e+00,7.890000343322753906e-01
1.348916860999012535e+00,7.890000343322753906e-01
1.349042356407384124e+00,7.890000343322753906e-01
1.349167742746199439e+00,7.890000343322753906e-01
1.349293020204881399e+00,7.885000109672546387e-01
1.349418188972359323e+00,7.890000343322753906e-01
1.349543249237071807e+00,7.885000109672546387e-01
1.349668201186967620e+00,7.885000109672546387e-01
1.349793045009507253e+00,7.885000109672546387e-01
1.349917780891665142e+00,7.885000109672546387e-01
1.350042409019931666e+00,7.885000109672546387e-01
1.350166929580314257e+00,7.885000109672546387e-01
1.350291342758338065e+00,7.885000109672546387e-01
1.350415648739049512e+00,7.885000109672546387e-01
1.350539847707017627e+00,7.885000109672546387e-01
1.350663939846333816e+00,7.885000109672546387e-01
1.350787925340616091e+00,7.885000109672546387e-01
1.350911804373008840e+00,7.885000109672546387e-01
1.351035577126185050e+00,7.885000109672546387e-01
1.351159243782348307e+00,7.885000109672546387e-01
1.351282804523234127e+00,7.885000109672546387e-01
1.351406259530110621e+00,7.885000109672546387e-01
1.351529608983781827e+00,7.885000109672546387e-01
1.351652853064588378e+00,7.885000109672546387e-01
1.351775991952408384e+00,7.885000109672546387e-01
1.351899025826660772e+00,7.885000109672546387e-01
1.352021954866305053e+00,7.885000109672546387e-01
1.352144779249843998e+00,7.885000109672546387e-01
1.352267499155324515e+00,7.885000109672546387e-01
1.352390114760339879e+00,7.885000109672546387e-01
1.352512626242031279e+00,7.885000109672546387e-01
1.352635033777088491e+00,7.885000109672546387e-01
1.352757337541751426e+00,7.885000109672546387e-01
1.352879537711813240e+00,7.885000109672546387e-01
1.353001634462620784e+00,7.885000109672546387e-01
1.353123627969074372e+00,7.885000109672546387e-01
1.353245518405633341e+00,7.885000109672546387e-01
1.353367305946313603e+00,7.885000109672546387e-01
1.353488990764691202e+00,7.885000109672546387e-01
1.353610573033903641e+00,7.885000109672546387e-01
1.353732052926650553e+00,7.885000109672546387e-01
1.353853430615195919e+00,7.885000109672546387e-01
1.353974706271369621e+00,7.885000109672546387e-01
1.354095880066568114e+00,7.890000343322753906e-01
1.354216952171756194e+00,7.890000343322753906e-01
1.354337922757469448e+00,7.890000343322753906e-01
1.354458791993813582e+00,7.895000576972961426e-01
1.354579560050467979e+00,7.895000576972961426e-01
1.354700227096686804e+00,7.895000576972961426e-01
1.354820793301298343e+00,7.895000576972961426e-01
1.354941258832709217e+00,7.895000576972961426e-01
1.355061623858904163e+00,7.895000576972961426e-01
1.355181888547447144e+00,7.895000576972961426e-01
1.355302053065484902e+00,7.895000576972961426e-01
1.355422117579745178e+00,7.895000576972961426e-01
1.355542082256541381e+00,7.890000343322753906e-01
1.355661947261771028e+00,7.890000343322753906e-01
1.355781712760919522e+00,7.890000343322753906e-01
1.355901378919060152e+00,7.890000343322753906e-01
1.356020945900854979e+00,7.890000343322753906e-01
1.356140413870558170e+00,7.890000343322753906e-01
1.356259782992015328e+00,7.890000343322753906e-01
1.356379053428666603e+00,7.890000343322753906e-01
1.356498225343546249e+00,7.890000343322753906e-01
1.356617298899285062e+00,7.890000343322753906e-01
1.356736274258111941e+00,7.890000343322753906e-01
1.356855151581853658e+00,7.890000343322753906e-01
1.356973931031938863e+00,7.890000343322753906e-01
1.357092612769396522e+00,7.890000343322753906e-01
1.357211196954859034e+00,7.890000343322753906e-01
1.357329683748562887e+00,7.885000109672546387e-01
1.357448073310350445e+00,7.885000109672546387e-01
1.357566365799670605e+00,7.885000109672546387e-01
1.357684561375579912e+00,7.885000109672546387e-01
1.357802660196745004e+00,7.885000109672546387e-01
1.357920662421442826e+00,7.885000109672546387e-01
1.358038568207562857e+00,7.885000109672546387e-01
1.358156377712606888e+00,7.885000109672546387e-01
1.358274091093691460e+00,7.885000109672546387e-01
1.358391708507549422e+00,7.885000109672546387e-01
1.358509230110529709e+00,7.885000109672546387e-01
1.358626656058600446e+00,7.885000109672546387e-01
1.358743986507347845e+00,7.885000109672546387e-01
1.358861221611980641e+00,7.885000109672546387e-01
1.358978361527328094e+00,7.885000109672546387e-01
1.359095406407842876e+00,7.885000109672546387e-01
1.359212356407602407e+00,7.885000109672546387e-01
1.359329211680310179e+00,7.880000472068786621e-01
1.359445972379294654e+00,7.880000472068786621e-01
1.359562638657514588e+00,7.880000472068786621e-01
1.359679210667556370e+00,7.880000472068786621e-01
1.359795688561637350e+00,7.880000472068786621e-01
1.359912072491606505e+00,7.880000472068786621e-01
1.360028362608945773e+00,7.880000472068786621e-01
1.360144559064771164e+00,7.880000472068786621e-01
1.360260662009832755e+00,7.880000472068786621e-01
1.360376671594518472e+00,7.880000472068786621e-01
1.360492587968852529e+00,7.875000238418579102e-01
1.360608411282498764e+00,7.875000238418579102e-01
1.360724141684760413e+00,7.875000238418579102e-01
1.360839779324581444e+00,7.875000238418579102e-01
1.360955324350548334e+00,7.875000238418579102e-01
1.361070776910890512e+00,7.875000238418579102e-01
1.361186137153482578e+00,7.875000238418579102e-01
1.361301405225843419e+00,7.875000238418579102e-01
1.361416581275139981e+00,7.875000238418579102e-01
1.361531665448185935e+00,7.875000238418579102e-01
1.361646657891444567e+00,7.870000600814819336e-01
1.361761558751028778e+00,7.870000600814819336e-01
1.361876368172703078e+00,7.875000238418579102e-01
1.361991086301883813e+00,7.870000600814819336e-01
1.362105713283640940e+00,7.875000238418579102e-01
1.362220249262699134e+00,7.870000600814819336e-01
1.362334694383438016e+00,7.875000238418579102e-01
1.362449048789894590e+00,7.875000238418579102e-01
1.362563312625763245e+00,7.875000238418579102e-01
1.362677486034397090e+00,7.875000238418579102e-01
1.362791569158809502e+00,7.875000238418579102e-01
1.362905562141674576e+00,7.875000238418579102e-01
1.363019465125328900e+00,7.875000238418579102e-01
1.363133278251771330e+00,7.875000238418579102e-01
1.363247001662665880e+00,7.875000238418579102e-01
1.363360635499341278e+00,7.870000600814819336e-01
1.363474179902792738e+00,7.870000600814819336e-01
1.363587635013683075e+00,7.870000600814819336e-01
1.363701000972342703e+00,7.870000600814819336e-01
1.363814277918772522e+00,7.870000600814819336e-01
1.363927465992643029e+00,7.875000238418579102e-01
1.364040565333296762e+00,7.875000238418579102e-01
1.364153576079748742e+00,7.870000600814819336e-01
1.364266498370687142e+00,7.870000600814819336e-01
1.364379332344475504e+00,7.875000238418579102e-01
1.364492078139152298e+00,7.875000238418579102e-01
1.364604735892432918e+00,7.875000238418579102e-01
1.364717305741710573e+00,7.875000238418579102e-01
1.364829787824056284e+00,7.875000238418579102e-01
1.364942182276221772e+00,7.880000472068786621e-01
1.365054489234638790e+00,7.875000238418579102e-01
1.365166708835420684e+00,7.875000238418579102e-01
1.365278841214363936e+00,7.875000238418579102e-01
1.365390886506948176e+00,7.875000238418579102e-01
1.365502844848337505e+00,7.875000238418579102e-01
1.365614716373381832e+00,7.875000238418579102e-01
1.365726501216617983e+00,7.875000238418579102e-01
1.365838199512269702e+00,7.880000472068786621e-01
1.365949811394248981e+00,7.880000472068786621e-01
1.366061336996158504e+00,7.880000472068786621e-01
1.366172776451289872e+00,7.880000472068786621e-01
1.366284129892626931e+00,7.880000472068786621e-01
1.366395397452845772e+00,7.880000472068786621e-01
1.366506579264315402e+00,7.880000472068786621e-01
1.366617675459099290e+00,7.880000472068786621e-01
1.366728686168956042e+00,7.880000472068786621e-01
1.366839611525340059e+00,7.880000472068786621e-01
1.366950451659403321e+00,7.880000472068786621e-01
1.367061206701995157e+00,7.880000472068786621e-01
1.367171876783664253e+00,7.880000472068786621e-01
1.367282462034658419e+00,7.880000472068786621e-01
1.367392962584927263e+00,7.880000472068786621e-01
1.367503378564120853e+00,7.880000472068786621e-01
1.367613710101592828e+00,7.880000472068786621e-01
1.367723957326399287e+00,7.880000472068786621e-01
1.367834120367301454e+00,7.880000472068786621e-01
1.367944199352765455e+00,7.880000472068786621e-01
1.368054194410964097e+00,7.875000238418579102e-01
1.368164105669776420e+00,7.875000238418579102e-01
1.368273933256789920e+00,7.875000238418579102e-01
1.368383677299300549e+00,7.875000238418579102e-01
1.368493337924314712e+00,7.875000238418579102e-01
1.368602915258548602e+00,7.875000238418579102e-01
1.368712409428430865e+00,7.875000238418579102e-01
1.368821820560101266e+00,7.875000238418579102e-01
1.368931148779413576e+00,7.875000238418579102e-01
1.369040394211935796e+00,7.875000238418579102e-01
1.369149556982950156e+00,7.875000238418579102e-01
1.369258637217455776e+00,7.875000238418579102e-01
1.369367635040167563e+00,7.875000238418579102e-01
1.369476550575517981e+00,7.875000238418579102e-01
1.369585383947658830e+00,7.875000238418579102e-01
1.369694135280459690e+00,7.875000238418579102e-01
1.369802804697511922e+00,7.875000238418579102e-01
1.369911392322125998e+00,7.880000472068786621e-01
1.370019898277335946e+00,7.880000472068786621e-01
1.370128322685896904e+00,7.880000472068786621e-01
1.370236665670288678e+00,7.880000472068786621e-01
1.370344927352714182e+00,7.880000472068786621e-01
1.370453107855102326e+00,7.880000472068786621e-01
1.370561207299107354e+00,7.880000472068786621e-01
1.370669225806110614e+00,7.880000472068786621e-01
1.370777163497221451e+00,7.880000472068786621e-01
1.370885020493276096e+00,7.880000472068786621e-01
1.370992796914841882e+00,7.880000472068786621e-01
1.371100492882214583e+00,7.880000472068786621e-01
1.371208108515421298e+00,7.880000472068786621e-01
1.371315643934221118e+00,7.880000472068786621e-01
1.371423099258104905e+00,7.880000472068786621e-01
1.371530474606297512e+00,7.880000472068786621e-01
1.371637770097756670e+00,7.880000472068786621e-01
1.371744985851176324e+00,7.880000472068786621e-01
1.371852121984984407e+00,7.880000472068786621e-01
1.371959178617346176e+00,7.880000472068786621e-01
1.372066155866164205e+00,7.880000472068786621e-01
1.372173053849078173e+00,7.880000472068786621e-01
1.372279872683467294e+00,7.880000472068786621e-01
1.372386612486449442e+00,7.885000109672546387e-01
1.372493273374883582e+00,7.885000109672546387e-01
1.372599855465368668e+00,7.885000109672546387e-01
1.372706358874246968e+00,7.885000109672546387e-01
1.372812783717601404e+00,7.885000109672546387e-01
1.372919130111259323e+00,7.885000109672546387e-01
1.373025398170792055e+00,7.885000109672546387e-01
1.373131588011515802e+00,7.885000109672546387e-01
1.373237699748491414e+00,7.885000109672546387e-01
1.373343733496527053e+00,7.885000109672546387e-01
1.373449689370177973e+00,7.885000109672546387e-01
1.373555567483746298e+00,7.885000109672546387e-01
1.373661367951283241e+00,7.885000109672546387e-01
1.373767090886589548e+00,7.885000109672546387e-01
1.373872736403215722e+00,7.885000109672546387e-01
1.373978304614462242e+00,7.885000109672546387e-01
1.374083795633382676e+00,7.885000109672546387e-01
1.374189209572781234e+00,7.885000109672546387e-01
1.374294546545215878e+00,7.885000109672546387e-01
1.374399806662998103e+00,7.885000109672546387e-01
1.374504990038192931e+00,7.885000109672546387e-01
1.374610096782622026e+00,7.885000109672546387e-01
1.374715127007861692e+00,7.885000109672546387e-01
1.374820080825244650e+00,7.885000109672546387e-01
1.374924958345861370e+00,7.885000109672546387e-01
1.375029759680560071e+00,7.885000109672546387e-01
1.375134484939947388e+00,7.885000109672546387e-01
1.375239134234389260e+00,7.885000109672546387e-01
1.375343707674011817e+00,7.885000109672546387e-01
1.375448205368702270e+00,7.885000109672546387e-01
1.375552627428108021e+00,7.885000109672546387e-01
1.375656973961639995e+00,7.885000109672546387e-01
1.375761245078470862e+00,7.885000109672546387e-01
1.375865440887537261e+00,7.885000109672546387e-01
1.375969561497539573e+00,7.880000472068786621e-01
1.376073607016943257e+00,7.880000472068786621e-01
1.376177577553978848e+00,7.880000472068786621e-01
1.376281473216644402e+00,7.880000472068786621e-01
1.376385294112703050e+00,7.880000472068786621e-01
1.376489040349686999e+00,7.880000472068786621e-01
1.376592712034895083e+00,7.880000472068786621e-01
1.376696309275395880e+00,7.880000472068786621e-01
1.376799832178027927e+00,7.880000472068786621e-01
1.376903280849399058e+00,7.880000472068786621e-01
1.377006655395888401e+00,7.880000472068786621e-01
1.377109955923646378e+00,7.880000472068786621e-01
1.377213182538595593e+00,7.880000472068786621e-01
1.377316335346431497e+00,7.880000472068786621e-01
1.377419414452623281e+00,7.880000472068786621e-01
1.377522419962413425e+00,7.880000472068786621e-01
1.377625351980819701e+00,7.880000472068786621e-01
1.377728210612635618e+00,7.880000472068786621e-01
1.377830995962429972e+00,7.880000472068786621e-01
1.377933708134548629e+00,7.880000472068786621e-01
1.378036347233114745e+00,7.880000472068786621e-01
1.378138913362029205e+00,7.880000472068786621e-01
1.378241406624971299e+00,7.880000472068786621e-01
1.378343827125400267e+00,7.880000472068786621e-01
1.378446174966554416e+00,7.880000472068786621e-01
1.378548450251452451e+00,7.880000472068786621e-01
1.378650653082894806e+00,7.880000472068786621e-01
1.378752783563462980e+00,7.885000109672546387e-01
1.378854841795521313e+00,7.885000109672546387e-01
1.378956827881216096e+00,7.880000472068786621e-01
1.379058741922478459e+00,7.880000472068786621e-01
1.379160584021022817e+00,7.880000472068786621e-01
1.379262354278348202e+00,7.880000472068786621e-01
1.379364052795739370e+00,7.880000472068786621e-01
1.379465679674267253e+00,7.880000472068786621e-01
1.379567235014788951e+00,7.880000472068786621e-01
1.379668718917949066e+00,7.880000472068786621e-01
1.379770131484178819e+00,7.880000472068786621e-01
1.379871472813699818e+00,7.880000472068786621e-01
1.379972743006520952e+00,7.880000472068786621e-01
1.380073942162441281e+00,7.880000472068786621e-01
1.380175070381049807e+00,7.880000472068786621e-01
1.380276127761726146e+00,7.880000472068786621e-01
1.380377114403642080e+00,7.880000472068786621e-01
1.380478030405760448e+00,7.880000472068786621e-01
1.380578875866836475e+00,7.880000472068786621e-01
1.380679650885418663e+00,7.880000472068786621e-01
1.380780355559849459e+00,7.880000472068786621e-01
1.380880989988265251e+00,7.880000472068786621e-01
1.380981554268597034e+00,7.880000472068786621e-01
1.381082048498571524e+00,7.880000472068786621e-01
1.381182472775710934e+00,7.885000109672546387e-01
1.381282827197334306e+00,7.880000472068786621e-01
1.381383111860557733e+00,7.885000109672546387e-01
1.381483326862294581e+00,7.885000109672546387e-01
1.381583472299256821e+00,7.885000109672546387e-01
1.381683548267955031e+00,7.885000109672546387e-01
1.381783554864698838e+00,7.885000109672546387e-01
1.381883492185598028e+00,7.885000109672546387e-01
1.381983360326562549e+00,7.885000109672546387e-01
1.382083159383303839e+00,7.885000109672546387e-01
1.382182889451333940e+00,7.885000109672546387e-01
1.382282550625967721e+00,7.885000109672546387e-01
1.382382143002322650e+00,7.885000109672546387e-01
1.382481666675318799e+00,7.880000472068786621e-01
1.382581121739679952e+00,7.875000238418579102e-01
1.382680508289935162e+00,7.875000238418579102e-01
1.382779826420416969e+00,7.880000472068786621e-01
1.382879076225264070e+00,7.880000472068786621e-01
1.382978257798420652e+00,7.880000472068786621e-01
1.383077371233636832e+00,7.880000472068786621e-01
1.383176416624470662e+00,7.880000472068786621e-01
1.383275394064287234e+00,7.880000472068786621e-01
1.383374303646259129e+00,7.880000472068786621e-01
1.383473145463367970e+00,7.880000472068786621e-01
1.383571919608404199e+00,7.880000472068786621e-01
1.383670626173967744e+00,7.880000472068786621e-01
1.383769265252468683e+00,7.880000472068786621e-01
1.383867836936127693e+00,7.880000472068786621e-01
1.383966341316976711e+00,7.880000472068786621e-01
1.384064778486858716e+00,7.880000472068786621e-01
1.384163148537429500e+00,7.880000472068786621e-01
1.384261451560157008e+00,7.880000472068786621e-01
1.384359687646322890e+00,7.880000472068786621e-01
1.384457856887021832e+00,7.880000472068786621e-01
1.384555959373162892e+00,7.880000472068786621e-01
1.384653995195470166e+00,7.880000472068786621e-01
1.384751964444482342e+00,7.880000472068786621e-01
1.384849867210554031e+00,7.880000472068786621e-01
1.384947703583856216e+00,7.880000472068786621e-01
1.385045473654376469e+00,7.880000472068786621e-01
1.385143177511919399e+00,7.880000472068786621e-01
1.385240815246107093e+00,7.880000472068786621e-01
1.385338386946380451e+00,7.880000472068786621e-01
1.385435892701998295e+00,7.880000472068786621e-01
1.385533332602039369e+00,7.880000472068786621e-01
1.385630706735401008e+00,7.880000472068786621e-01
1.385728015190802020e+00,7.880000472068786621e-01
1.385825258056780251e+00,7.880000472068786621e-01
1.385922435421695686e+00,7.880000472068786621e-01
1.386019547373730010e+00,7.880000472068786621e-01
1.386116594000886160e+00,7.880000472068786621e-01
1.386213575390990549e+00,7.880000472068786621e-01
1.386310491631691066e+00,7.880000472068786621e-01
1.386407342810461296e+00,7.875000238418579102e-01
1.386504129014596520e+00,7.880000472068786621e-01
1.386600850331217938e+00,7.880000472068786621e-01
1.386697506847271333e+00,7.880000472068786621e-01
1.386794098649527296e+00,7.880000472068786621e-01
1.386890625824582779e+00,7.880000472068786621e-01
1.386987088458861095e+00,7.880000472068786621e-01
1.387083486638611918e+00,7.880000472068786621e-01
1.387179820449912837e+00,7.880000472068786621e-01
1.387276089978667803e+00,7.880000472068786621e-01
1.387372295310610459e+00,7.880000472068786621e-01
1.387468436531301919e+00,7.880000472068786621e-01
1.387564513726132986e+00,7.880000472068786621e-01
1.387660526980323938e+00,7.880000472068786621e-01
1.387756476378924297e+00,7.880000472068786621e-01
1.387852362006815055e+00,7.880000472068786621e-01
1.387948183948707559e+00,7.880000472068786621e-01
1.388043942289144184e+00,7.880000472068786621e-01
1.388139637112499880e+00,7.880000472068786621e-01
1.388235268502980846e+00,7.880000472068786621e-01
1.388330836544626745e+00,7.880000472068786621e-01
1.388426341321309598e+00,7.880000472068786621e-01
1.388521782916735559e+00,7.880000472068786621e-01
1.388617161414444912e+00,7.880000472068786621e-01
1.388712476897811632e+00,7.880000472068786621e-01
1.388807729450045159e+00,7.885000109672546387e-01
