# n,accuracy
0.000000000000000000e+00,4.655000269412994385e-01
1.000899280575539585e+01,7.875000238418579102e-01
2.001798561151079170e+01,8.115000128746032715e-01
3.002697841726618577e+01,8.195000290870666504e-01
4.003597122302158340e+01,8.290000557899475098e-01
5.004496402877698102e+01,8.375000357627868652e-01
6.005395683453237154e+01,8.440000414848327637e-01
7.006294964028776917e+01,8.395000696182250977e-01
8.007194244604316680e+01,8.410000205039978027e-01
9.008093525179856442e+01,8.550000190734863281e-01
1.000899280575539620e+02,8.530000448226928711e-01
1.100989208633093597e+02,8.530000448226928711e-01
1.201079136690647431e+02,8.475000262260437012e-01
1.301169064748201549e+02,8.525000214576721191e-01
1.401258992805755383e+02,8.450000286102294922e-01
1.501348920863309502e+02,8.490000367164611816e-01
1.601438848920863336e+02,8.430000543594360352e-01
1.701528776978417170e+02,8.380000591278076172e-01
1.801618705035971288e+02,8.520000576972961426e-01
1.901708633093525123e+02,8.485000133514404297e-01
2.001798561151079241e+02,8.535000681877136230e-01
2.101888489208633075e+02,8.535000681877136230e-01
2.201978417266187193e+02,8.540000319480895996e-01
2.302068345323741028e+02,8.555000424385070801e-01
2.402158273381294862e+02,8.530000448226928711e-01
2.502248201438848980e+02,8.535000681877136230e-01
2.602338129496403099e+02,8.520000576972961426e-01
2.702428057553956933e+02,8.520000576972961426e-01
2.802517985611510767e+02,8.550000190734863281e-01
2.902607913669064601e+02,8.515000343322753906e-01
3.002697841726619004e+02,8.585000634193420410e-01
3.102787769784172838e+02,8.545000553131103516e-01
3.202877697841726672e+02,8.540000319480895996e-01
3.302967625899280506e+02,8.545000553131103516e-01
3.403057553956834340e+02,8.545000553131103516e-01
3.503147482014388743e+02,8.540000319480895996e-01
3.603237410071942577e+02,8.565000295639038086e-01
3.703327338129496411e+02,8.530000448226928711e-01
3.803417266187050245e+02,8.530000448226928711e-01
3.903507194244604648e+02,8.525000214576721191e-01
4.003597122302158482e+02,8.545000553131103516e-01
4.103687050359712316e+02,8.535000681877136230e-01
4.203776978417266150e+02,8.550000190734863281e-01
4.303866906474819984e+02,8.545000553131103516e-01
4.403956834532374387e+02,8.555000424385070801e-01
4.504046762589928221e+02,8.560000658035278320e-01
4.604136690647482055e+02,8.555000424385070801e-01
4.704226618705035889e+02,8.555000424385070801e-01
4.804316546762589724e+02,8.555000424385070801e-01
4.904406474820144126e+02,8.565000295639038086e-01
5.004496402877697960e+02,8.560000658035278320e-01
5.104586330935251794e+02,8.575000166893005371e-01
5.204676258992806197e+02,8.580000400543212891e-01
5.304766187050360031e+02,8.590000271797180176e-01
5.404856115107913865e+02,8.600000143051147461e-01
5.504946043165467700e+02,8.605000376701354980e-01
5.605035971223021534e+02,8.605000376701354980e-01
5.705125899280575368e+02,8.620000481605529785e-01
5.805215827338129202e+02,8.625000119209289551e-01
5.905305755395683036e+02,8.615000247955322266e-01
6.005395683453238007e+02,8.615000247955322266e-01
6.105485611510791841e+02,8.625000119209289551e-01
6.205575539568345675e+02,8.635000586509704590e-01
6.305665467625899510e+02,8.620000481605529785e-01
6.405755395683453344e+02,8.640000224113464355e-01
6.505845323741007178e+02,8.640000224113464355e-01
6.605935251798561012e+02,8.635000586509704590e-01
6.706025179856114846e+02,8.640000224113464355e-01
6.806115107913668680e+02,8.645000457763671875e-01
6.906205035971223651e+02,8.625000119209289551e-01
7.006294964028777486e+02,8.635000586509704590e-01
7.106384892086331320e+02,8.630000352859497070e-01
7.206474820143885154e+02,8.630000352859497070e-01
7.306564748201438988e+02,8.635000586509704590e-01
7.406654676258992822e+02,8.650000691413879395e-01
7.506744604316546656e+02,8.660000562667846680e-01
7.606834532374100490e+02,8.640000224113464355e-01
7.706924460431654325e+02,8.650000691413879395e-01
7.807014388489209296e+02,8.660000562667846680e-01
7.907104316546763130e+02,8.675000667572021484e-01
8.007194244604316964e+02,8.690000176429748535e-01
8.107284172661870798e+02,8.690000176429748535e-01
8.207374100719424632e+02,8.685000538825988770e-01
8.307464028776978466e+02,8.675000667572021484e-01
8.407553956834532300e+02,8.675000667572021484e-01
8.507643884892086135e+02,8.680000305175781250e-01
8.607733812949639969e+02,8.665000200271606445e-01
8.707823741007194940e+02,8.670000433921813965e-01
8.807913669064748774e+02,8.670000433921813965e-01
8.908003597122302608e+02,8.685000538825988770e-01
9.008093525179856442e+02,8.690000176429748535e-01
9.108183453237410276e+02,8.685000538825988770e-01
9.208273381294964111e+02,8.695000410079956055e-01
9.308363309352517945e+02,8.715000152587890625e-01
9.408453237410071779e+02,8.705000281333923340e-01
9.508543165467625613e+02,8.700000643730163574e-01
9.608633093525179447e+02,8.705000281333923340e-01
9.708723021582734418e+02,8.700000643730163574e-01
9.808812949640288252e+02,8.700000643730163574e-01
9.908902877697842086e+02,8.700000643730163574e-01
1.000899280575539592e+03,8.695000410079956055e-01
1.010908273381294975e+03,8.700000643730163574e-01
1.020917266187050359e+03,8.700000643730163574e-01
1.030926258992805742e+03,8.695000410079956055e-01
1.040935251798561239e+03,8.685000538825988770e-01
1.050944244604316509e+03,8.680000305175781250e-01
1.060953237410072006e+03,8.705000281333923340e-01
1.070962230215827276e+03,8.700000643730163574e-01
1.080971223021582773e+03,8.690000176429748535e-01
1.090980215827338043e+03,8.690000176429748535e-01
1.100989208633093540e+03,8.695000410079956055e-01
1.110998201438849037e+03,8.690000176429748535e-01
1.121007194244604307e+03,8.705000281333923340e-01
1.131016187050359804e+03,8.720000386238098145e-01
1.141025179856115074e+03,8.720000386238098145e-01
1.151034172661870571e+03,8.715000152587890625e-01
1.161043165467625840e+03,8.710000514984130859e-01
1.171052158273381337e+03,8.720000386238098145e-01
1.181061151079136607e+03,8.710000514984130859e-01
1.191070143884892104e+03,8.715000152587890625e-01
1.201079136690647601e+03,8.720000386238098145e-01
1.211088129496402871e+03,8.735000491142272949e-01
1.221097122302158368e+03,8.730000257492065430e-01
1.231106115107913638e+03,8.740000128746032715e-01
1.241115107913669135e+03,8.735000491142272949e-01
1.251124100719424405e+03,8.740000128746032715e-01
1.261133093525179902e+03,8.735000491142272949e-01
1.271142086330935172e+03,8.740000128746032715e-01
1.281151079136690669e+03,8.735000491142272949e-01
1.291160071942446166e+03,8.740000128746032715e-01
1.301169064748201436e+03,8.740000128746032715e-01
1.311178057553956933e+03,8.745000362396240234e-01
1.321187050359712202e+03,8.745000362396240234e-01
1.331196043165467700e+03,8.750000596046447754e-01
1.341205035971222969e+03,8.750000596046447754e-01
1.351214028776978466e+03,8.750000596046447754e-01
1.361223021582733736e+03,8.745000362396240234e-01
1.371232014388489233e+03,8.745000362396240234e-01
1.381241007194244730e+03,8.745000362396240234e-01
1.391250000000000000e+03,8.745000362396240234e-01
1.401258992805755497e+03,8.745000362396240234e-01
1.411267985611510767e+03,8.745000362396240234e-01
1.421276978417266264e+03,8.745000362396240234e-01
1.431285971223021534e+03,8.740000128746032715e-01
1.441294964028777031e+03,8.740000128746032715e-01
1.451303956834532300e+03,8.745000362396240234e-01
1.461312949640287798e+03,8.745000362396240234e-01
1.471321942446043295e+03,8.745000362396240234e-01
1.481330935251798564e+03,8.745000362396240234e-01
1.491339928057554062e+03,8.745000362396240234e-01
1.501348920863309331e+03,8.740000128746032715e-01
1.511357913669064828e+03,8.740000128746032715e-01
1.521366906474820098e+03,8.735000491142272949e-01
1.531375899280575595e+03,8.750000596046447754e-01
1.541384892086330865e+03,8.755000233650207520e-01
1.551393884892086362e+03,8.730000257492065430e-01
1.561402877697841859e+03,8.745000362396240234e-01
1.571411870503597129e+03,8.740000128746032715e-01
1.581420863309352626e+03,8.750000596046447754e-01
1.591429856115107896e+03,8.755000233650207520e-01
1.601438848920863393e+03,8.740000128746032715e-01
1.611447841726618663e+03,8.735000491142272949e-01
1.621456834532374160e+03,8.745000362396240234e-01
1.631465827338129429e+03,8.745000362396240234e-01
1.641474820143884926e+03,8.760000467300415039e-01
1.651483812949640424e+03,8.765000700950622559e-01
1.661492805755395693e+03,8.755000233650207520e-01
1.671501798561151190e+03,8.760000467300415039e-01
1.681510791366906460e+03,8.755000233650207520e-01
1.691519784172661957e+03,8.760000467300415039e-01
1.701528776978417227e+03,8.765000700950622559e-01
1.711537769784172724e+03,8.765000700950622559e-01
1.721546762589927994e+03,8.765000700950622559e-01
1.731555755395683491e+03,8.765000700950622559e-01
1.741564748201438988e+03,8.765000700950622559e-01
1.751573741007194258e+03,8.765000700950622559e-01
1.761582733812949755e+03,8.765000700950622559e-01
1.771591726618705025e+03,8.760000467300415039e-01
1.781600719424460522e+03,8.760000467300415039e-01
1.791609712230215791e+03,8.760000467300415039e-01
1.801618705035971288e+03,8.760000467300415039e-01
1.811627697841726558e+03,8.760000467300415039e-01
1.821636690647482055e+03,8.755000233650207520e-01
1.831645683453237552e+03,8.760000467300415039e-01
1.841654676258992822e+03,8.760000467300415039e-01
1.851663669064748319e+03,8.760000467300415039e-01
1.861672661870503589e+03,8.760000467300415039e-01
1.871681654676259086e+03,8.755000233650207520e-01
1.881690647482014356e+03,8.755000233650207520e-01
1.891699640287769853e+03,8.760000467300415039e-01
1.901708633093525123e+03,8.765000700950622559e-01
1.911717625899280620e+03,8.760000467300415039e-01
1.921726618705035889e+03,8.750000596046447754e-01
1.931735611510791387e+03,8.760000467300415039e-01
1.941744604316546884e+03,8.755000233650207520e-01
1.951753597122302153e+03,8.755000233650207520e-01
1.961762589928057650e+03,8.750000596046447754e-01
1.971771582733812920e+03,8.740000128746032715e-01
1.981780575539568417e+03,8.740000128746032715e-01
1.991789568345323687e+03,8.735000491142272949e-01
2.001798561151079184e+03,8.735000491142272949e-01
2.011807553956834454e+03,8.735000491142272949e-01
2.021816546762589951e+03,8.735000491142272949e-01
2.031825539568345448e+03,8.735000491142272949e-01
2.041834532374100718e+03,8.735000491142272949e-01
2.051843525179855988e+03,8.750000596046447754e-01
2.061852517985611485e+03,8.760000467300415039e-01
2.071861510791366982e+03,8.790000677108764648e-01
2.081870503597122479e+03,8.765000700950622559e-01
2.091879496402877521e+03,8.765000700950622559e-01
2.101888489208633018e+03,8.755000233650207520e-01
2.111897482014388515e+03,8.770000338554382324e-01
2.121906474820144012e+03,8.775000572204589844e-01
2.131915467625899510e+03,8.775000572204589844e-01
2.141924460431654552e+03,8.765000700950622559e-01
2.151933453237410049e+03,8.760000467300415039e-01
2.161942446043165546e+03,8.765000700950622559e-01
2.171951438848921043e+03,8.760000467300415039e-01
2.181960431654676086e+03,8.760000467300415039e-01
2.191969424460431583e+03,8.765000700950622559e-01
2.201978417266187080e+03,8.765000700950622559e-01
2.211987410071942577e+03,8.770000338554382324e-01
2.221996402877698074e+03,8.775000572204589844e-01
2.232005395683453116e+03,8.775000572204589844e-01
2.242014388489208613e+03,8.775000572204589844e-01
2.252023381294964111e+03,8.775000572204589844e-01
2.262032374100719608e+03,8.775000572204589844e-01
2.272041366906474650e+03,8.775000572204589844e-01
2.282050359712230147e+03,8.775000572204589844e-01
2.292059352517985644e+03,8.775000572204589844e-01
2.302068345323741141e+03,8.780000209808349609e-01
2.312077338129496638e+03,8.780000209808349609e-01
2.322086330935251681e+03,8.780000209808349609e-01
2.332095323741007178e+03,8.775000572204589844e-01
2.342104316546762675e+03,8.775000572204589844e-01
2.352113309352518172e+03,8.775000572204589844e-01
2.362122302158273214e+03,8.775000572204589844e-01
2.372131294964028712e+03,8.770000338554382324e-01
2.382140287769784209e+03,8.770000338554382324e-01
2.392149280575539706e+03,8.770000338554382324e-01
2.402158273381295203e+03,8.770000338554382324e-01
2.412167266187050245e+03,8.780000209808349609e-01
2.422176258992805742e+03,8.780000209808349609e-01
2.432185251798561239e+03,8.770000338554382324e-01
2.442194244604316737e+03,8.770000338554382324e-01
2.452203237410071779e+03,8.765000700950622559e-01
2.462212230215827276e+03,8.775000572204589844e-01
2.472221223021582773e+03,8.775000572204589844e-01
2.482230215827338270e+03,8.780000209808349609e-01
2.492239208633093767e+03,8.765000700950622559e-01
2.502248201438848810e+03,8.780000209808349609e-01
2.512257194244604307e+03,8.790000677108764648e-01
2.522266187050359804e+03,8.775000572204589844e-01
2.532275179856115301e+03,8.780000209808349609e-01
2.542284172661870343e+03,8.785000443458557129e-01
2.552293165467625840e+03,8.780000209808349609e-01
2.562302158273381337e+03,8.790000677108764648e-01
2.572311151079136835e+03,8.790000677108764648e-01
2.582320143884892332e+03,8.795000314712524414e-01
2.592329136690647374e+03,8.800000548362731934e-01
2.602338129496402871e+03,8.805000185966491699e-01
2.612347122302158368e+03,8.805000185966491699e-01
2.622356115107913865e+03,8.800000548362731934e-01
2.632365107913668908e+03,8.800000548362731934e-01
2.642374100719424405e+03,8.800000548362731934e-01
2.652383093525179902e+03,8.800000548362731934e-01
2.662392086330935399e+03,8.800000548362731934e-01
2.672401079136690896e+03,8.795000314712524414e-01
2.682410071942445938e+03,8.795000314712524414e-01
2.692419064748201436e+03,8.795000314712524414e-01
2.702428057553956933e+03,8.795000314712524414e-01
2.712437050359712430e+03,8.795000314712524414e-01
2.722446043165467472e+03,8.795000314712524414e-01
2.732455035971222969e+03,8.795000314712524414e-01
2.742464028776978466e+03,8.795000314712524414e-01
2.752473021582733963e+03,8.795000314712524414e-01
2.762482014388489461e+03,8.795000314712524414e-01
2.772491007194244503e+03,8.795000314712524414e-01
2.782500000000000000e+03,8.795000314712524414e-01
2.792508992805755497e+03,8.795000314712524414e-01
2.802517985611510994e+03,8.795000314712524414e-01
2.812526978417266037e+03,8.800000548362731934e-01
2.822535971223021534e+03,8.800000548362731934e-01
2.832544964028777031e+03,8.800000548362731934e-01
2.842553956834532528e+03,8.800000548362731934e-01
2.852562949640288025e+03,8.800000548362731934e-01
2.862571942446043067e+03,8.800000548362731934e-01
2.872580935251798564e+03,8.800000548362731934e-01
2.882589928057554062e+03,8.800000548362731934e-01
2.892598920863309559e+03,8.800000548362731934e-01
2.902607913669064601e+03,8.800000548362731934e-01
2.912616906474820098e+03,8.800000548362731934e-01
2.922625899280575595e+03,8.800000548362731934e-01
2.932634892086331092e+03,8.800000548362731934e-01
2.942643884892086589e+03,8.800000548362731934e-01
2.952652877697841632e+03,8.800000548362731934e-01
2.962661870503597129e+03,8.800000548362731934e-01
2.972670863309352626e+03,8.800000548362731934e-01
2.982679856115108123e+03,8.800000548362731934e-01
2.992688848920863165e+03,8.800000548362731934e-01
3.002697841726618663e+03,8.800000548362731934e-01
3.012706834532374160e+03,8.800000548362731934e-01
3.022715827338129657e+03,8.800000548362731934e-01
3.032724820143885154e+03,8.800000548362731934e-01
3.042733812949640196e+03,8.805000185966491699e-01
3.052742805755395693e+03,8.805000185966491699e-01
3.062751798561151190e+03,8.805000185966491699e-01
3.072760791366906687e+03,8.805000185966491699e-01
3.082769784172661730e+03,8.805000185966491699e-01
3.092778776978417227e+03,8.805000185966491699e-01
3.102787769784172724e+03,8.805000185966491699e-01
3.112796762589928221e+03,8.805000185966491699e-01
3.122805755395683718e+03,8.805000185966491699e-01
3.132814748201438761e+03,8.805000185966491699e-01
3.142823741007194258e+03,8.810000419616699219e-01
3.152832733812949755e+03,8.810000419616699219e-01
3.162841726618705252e+03,8.810000419616699219e-01
3.172850719424460294e+03,8.810000419616699219e-01
3.182859712230215791e+03,8.810000419616699219e-01
3.192868705035971288e+03,8.810000419616699219e-01
3.202877697841726786e+03,8.810000419616699219e-01
3.212886690647482283e+03,8.810000419616699219e-01
3.222895683453237325e+03,8.810000419616699219e-01
3.232904676258992822e+03,8.810000419616699219e-01
3.242913669064748319e+03,8.810000419616699219e-01
3.252922661870503816e+03,8.810000419616699219e-01
3.262931654676258859e+03,8.805000185966491699e-01
3.272940647482014356e+03,8.805000185966491699e-01
3.282949640287769853e+03,8.805000185966491699e-01
3.292958633093525350e+03,8.800000548362731934e-01
3.302967625899280847e+03,8.805000185966491699e-01
3.312976618705035889e+03,8.760000467300415039e-01
3.322985611510791387e+03,8.790000677108764648e-01
3.332994604316546884e+03,8.780000209808349609e-01
3.343003597122302381e+03,8.795000314712524414e-01
3.353012589928057423e+03,8.780000209808349609e-01
3.363021582733812920e+03,8.785000443458557129e-01
3.373030575539568417e+03,8.785000443458557129e-01
3.383039568345323914e+03,8.790000677108764648e-01
3.393048561151079412e+03,8.795000314712524414e-01
3.403057553956834454e+03,8.785000443458557129e-01
3.413066546762589951e+03,8.785000443458557129e-01
3.423075539568345448e+03,8.790000677108764648e-01
3.433084532374100945e+03,8.790000677108764648e-01
3.443093525179855988e+03,8.790000677108764648e-01
3.453102517985611485e+03,8.790000677108764648e-01
3.463111510791366982e+03,8.795000314712524414e-01
3.473120503597122479e+03,8.795000314712524414e-01
3.483129496402877976e+03,8.795000314712524414e-01
3.493138489208633018e+03,8.795000314712524414e-01
3.503147482014388515e+03,8.800000548362731934e-01
3.513156474820144012e+03,8.800000548362731934e-01
3.523165467625899510e+03,8.800000548362731934e-01
3.533174460431654552e+03,8.800000548362731934e-01
3.543183453237410049e+03,8.810000419616699219e-01
3.553192446043165546e+03,8.810000419616699219e-01
3.563201438848921043e+03,8.810000419616699219e-01
3.573210431654676540e+03,8.810000419616699219e-01
3.583219424460431583e+03,8.810000419616699219e-01
3.593228417266187080e+03,8.805000185966491699e-01
3.603237410071942577e+03,8.805000185966491699e-01
3.613246402877698074e+03,8.805000185966491699e-01
3.623255395683453116e+03,8.805000185966491699e-01
3.633264388489208613e+03,8.805000185966491699e-01
3.643273381294964111e+03,8.805000185966491699e-01
3.653282374100719608e+03,8.805000185966491699e-01
3.663291366906475105e+03,8.805000185966491699e-01
3.673300359712230147e+03,8.805000185966491699e-01
3.683309352517985644e+03,8.805000185966491699e-01
3.693318345323741141e+03,8.810000419616699219e-01
3.703327338129496638e+03,8.810000419616699219e-01
3.713336330935251681e+03,8.810000419616699219e-01
3.723345323741007178e+03,8.810000419616699219e-01
3.733354316546762675e+03,8.810000419616699219e-01
3.743363309352518172e+03,8.810000419616699219e-01
3.753372302158273669e+03,8.810000419616699219e-01
3.763381294964028712e+03,8.810000419616699219e-01
3.773390287769784209e+03,8.810000419616699219e-01
3.783399280575539706e+03,8.815000653266906738e-01
3.793408273381295203e+03,8.815000653266906738e-01
3.803417266187050245e+03,8.815000653266906738e-01
3.813426258992805742e+03,8.815000653266906738e-01
3.823435251798561239e+03,8.820000290870666504e-01
3.833444244604316737e+03,8.820000290870666504e-01
3.843453237410071779e+03,8.820000290870666504e-01
3.853462230215827276e+03,8.820000290870666504e-01
3.863471223021582773e+03,8.815000653266906738e-01
3.873480215827338270e+03,8.815000653266906738e-01
3.883489208633093767e+03,8.815000653266906738e-01
3.893498201438848810e+03,8.810000419616699219e-01
3.903507194244604307e+03,8.810000419616699219e-01
3.913516187050359804e+03,8.805000185966491699e-01
3.923525179856115301e+03,8.815000653266906738e-01
3.933534172661870343e+03,8.820000290870666504e-01
3.943543165467625840e+03,8.800000548362731934e-01
3.953552158273381337e+03,8.800000548362731934e-01
3.963561151079136835e+03,8.800000548362731934e-01
3.973570143884892332e+03,8.825000524520874023e-01
3.983579136690647374e+03,8.840000629425048828e-01
3.993588129496402871e+03,8.830000162124633789e-01
4.003597122302158368e+03,8.835000395774841309e-01
4.013606115107913865e+03,8.820000290870666504e-01
4.023615107913668908e+03,8.820000290870666504e-01
4.033624100719424405e+03,8.825000524520874023e-01
4.043633093525179902e+03,8.825000524520874023e-01
4.053642086330935399e+03,8.825000524520874023e-01
4.063651079136690896e+03,8.830000162124633789e-01
4.073660071942445938e+03,8.830000162124633789e-01
4.083669064748201436e+03,8.800000548362731934e-01
4.093678057553956933e+03,8.840000629425048828e-01
4.103687050359711975e+03,8.850000500679016113e-01
4.113696043165467927e+03,8.840000629425048828e-01
4.123705035971222969e+03,8.855000138282775879e-01
4.133714028776978921e+03,8.845000267028808594e-01
4.143723021582733963e+03,8.850000500679016113e-01
4.153732014388489006e+03,8.845000267028808594e-01
4.163741007194244958e+03,8.845000267028808594e-01
4.173750000000000000e+03,8.845000267028808594e-01
4.183758992805755042e+03,8.845000267028808594e-01
4.193767985611510994e+03,8.840000629425048828e-01
4.203776978417266037e+03,8.840000629425048828e-01
4.213785971223021988e+03,8.835000395774841309e-01
4.223794964028777031e+03,8.835000395774841309e-01
4.233803956834532073e+03,8.840000629425048828e-01
4.243812949640288025e+03,8.835000395774841309e-01
4.253821942446043067e+03,8.835000395774841309e-01
4.263830935251799019e+03,8.835000395774841309e-01
4.273839928057554062e+03,8.840000629425048828e-01
4.283848920863309104e+03,8.840000629425048828e-01
4.293857913669065056e+03,8.840000629425048828e-01
4.303866906474820098e+03,8.840000629425048828e-01
4.313875899280576050e+03,8.840000629425048828e-01
4.323884892086331092e+03,8.840000629425048828e-01
4.333893884892086135e+03,8.835000395774841309e-01
4.343902877697842086e+03,8.835000395774841309e-01
4.353911870503597129e+03,8.835000395774841309e-01
4.363920863309352171e+03,8.835000395774841309e-01
4.373929856115108123e+03,8.835000395774841309e-01
4.383938848920863165e+03,8.835000395774841309e-01
4.393947841726619117e+03,8.835000395774841309e-01
4.403956834532374160e+03,8.840000629425048828e-01
4.413965827338129202e+03,8.840000629425048828e-01
4.423974820143885154e+03,8.840000629425048828e-01
4.433983812949640196e+03,8.840000629425048828e-01
4.443992805755396148e+03,8.840000629425048828e-01
4.454001798561151190e+03,8.840000629425048828e-01
4.464010791366906233e+03,8.840000629425048828e-01
4.474019784172662185e+03,8.840000629425048828e-01
4.484028776978417227e+03,8.840000629425048828e-01
4.494037769784173179e+03,8.840000629425048828e-01
4.504046762589928221e+03,8.840000629425048828e-01
4.514055755395683263e+03,8.840000629425048828e-01
4.524064748201439215e+03,8.840000629425048828e-01
4.534073741007194258e+03,8.840000629425048828e-01
4.544082733812949300e+03,8.840000629425048828e-01
4.554091726618705252e+03,8.840000629425048828e-01
4.564100719424460294e+03,8.840000629425048828e-01
4.574109712230216246e+03,8.840000629425048828e-01
4.584118705035971288e+03,8.840000629425048828e-01
4.594127697841726331e+03,8.840000629425048828e-01
4.604136690647482283e+03,8.840000629425048828e-01
4.614145683453237325e+03,8.840000629425048828e-01
4.624154676258993277e+03,8.840000629425048828e-01
4.634163669064748319e+03,8.840000629425048828e-01
4.644172661870503362e+03,8.840000629425048828e-01
4.654181654676259313e+03,8.840000629425048828e-01
4.664190647482014356e+03,8.840000629425048828e-01
4.674199640287770308e+03,8.840000629425048828e-01
4.684208633093525350e+03,8.840000629425048828e-01
4.694217625899280392e+03,8.840000629425048828e-01
4.704226618705036344e+03,8.840000629425048828e-01
4.714235611510791387e+03,8.840000629425048828e-01
4.724244604316546429e+03,8.840000629425048828e-01
4.734253597122302381e+03,8.840000629425048828e-01
4.744262589928057423e+03,8.840000629425048828e-01
4.754271582733813375e+03,8.845000267028808594e-01
4.764280575539568417e+03,8.845000267028808594e-01
4.774289568345323460e+03,8.845000267028808594e-01
4.784298561151079412e+03,8.850000500679016113e-01
4.794307553956834454e+03,8.850000500679016113e-01
4.804316546762590406e+03,8.845000267028808594e-01
4.814325539568345448e+03,8.850000500679016113e-01
4.824334532374100490e+03,8.855000138282775879e-01
4.834343525179856442e+03,8.855000138282775879e-01
4.844352517985611485e+03,8.855000138282775879e-01
4.854361510791367436e+03,8.855000138282775879e-01
4.864370503597122479e+03,8.855000138282775879e-01
4.874379496402877521e+03,8.855000138282775879e-01
4.884388489208633473e+03,8.855000138282775879e-01
4.894397482014388515e+03,8.855000138282775879e-01
4.904406474820143558e+03,8.855000138282775879e-01
4.914415467625899510e+03,8.855000138282775879e-01
4.924424460431654552e+03,8.855000138282775879e-01
4.934433453237410504e+03,8.855000138282775879e-01
4.944442446043165546e+03,8.855000138282775879e-01
4.954451438848920588e+03,8.855000138282775879e-01
4.964460431654676540e+03,8.855000138282775879e-01
4.974469424460431583e+03,8.855000138282775879e-01
4.984478417266187535e+03,8.855000138282775879e-01
4.994487410071942577e+03,8.855000138282775879e-01
5.004496402877697619e+03,8.855000138282775879e-01
5.014505395683453571e+03,8.855000138282775879e-01
5.024514388489208613e+03,8.855000138282775879e-01
5.034523381294964565e+03,8.855000138282775879e-01
5.044532374100719608e+03,8.855000138282775879e-01
5.054541366906474650e+03,8.855000138282775879e-01
5.064550359712230602e+03,8.855000138282775879e-01
5.074559352517985644e+03,8.855000138282775879e-01
5.084568345323740687e+03,8.855000138282775879e-01
5.094577338129496638e+03,8.855000138282775879e-01
5.104586330935251681e+03,8.855000138282775879e-01
5.114595323741007633e+03,8.860000371932983398e-01
5.124604316546762675e+03,8.860000371932983398e-01
5.134613309352517717e+03,8.860000371932983398e-01
5.144622302158273669e+03,8.860000371932983398e-01
5.154631294964028712e+03,8.860000371932983398e-01
5.164640287769784663e+03,8.860000371932983398e-01
5.174649280575539706e+03,8.855000138282775879e-01
5.184658273381294748e+03,8.855000138282775879e-01
5.194667266187050700e+03,8.855000138282775879e-01
5.204676258992805742e+03,8.855000138282775879e-01
5.214685251798560785e+03,8.855000138282775879e-01
5.224694244604316737e+03,8.855000138282775879e-01
5.234703237410071779e+03,8.855000138282775879e-01
5.244712230215827731e+03,8.855000138282775879e-01
5.254721223021582773e+03,8.855000138282775879e-01
5.264730215827337815e+03,8.855000138282775879e-01
5.274739208633093767e+03,8.855000138282775879e-01
5.284748201438848810e+03,8.855000138282775879e-01
5.294757194244604761e+03,8.855000138282775879e-01
5.304766187050359804e+03,8.855000138282775879e-01
5.314775179856114846e+03,8.855000138282775879e-01
5.324784172661870798e+03,8.855000138282775879e-01
5.334793165467625840e+03,8.855000138282775879e-01
5.344802158273381792e+03,8.855000138282775879e-01
5.354811151079136835e+03,8.855000138282775879e-01
5.364820143884891877e+03,8.855000138282775879e-01
5.374829136690647829e+03,8.855000138282775879e-01
5.384838129496402871e+03,8.855000138282775879e-01
5.394847122302157914e+03,8.855000138282775879e-01
5.404856115107913865e+03,8.855000138282775879e-01
5.414865107913668908e+03,8.855000138282775879e-01
5.424874100719424860e+03,8.860000371932983398e-01
5.434883093525179902e+03,8.860000371932983398e-01
5.444892086330934944e+03,8.860000371932983398e-01
5.454901079136690896e+03,8.860000371932983398e-01
5.464910071942445938e+03,8.860000371932983398e-01
5.474919064748201890e+03,8.860000371932983398e-01
5.484928057553956933e+03,8.860000371932983398e-01
5.494937050359711975e+03,8.860000371932983398e-01
5.504946043165467927e+03,8.860000371932983398e-01
5.514955035971222969e+03,8.860000371932983398e-01
5.524964028776978921e+03,8.860000371932983398e-01
5.534973021582733963e+03,8.860000371932983398e-01
5.544982014388489006e+03,8.860000371932983398e-01
5.554991007194244958e+03,8.855000138282775879e-01
5.565000000000000000e+03,8.855000138282775879e-01
5.575008992805755042e+03,8.855000138282775879e-01
5.585017985611510994e+03,8.855000138282775879e-01
5.595026978417266037e+03,8.855000138282775879e-01
5.605035971223021988e+03,8.855000138282775879e-01
5.615044964028777031e+03,8.855000138282775879e-01
5.625053956834532073e+03,8.855000138282775879e-01
5.635062949640288025e+03,8.855000138282775879e-01
5.645071942446043067e+03,8.855000138282775879e-01
5.655080935251799019e+03,8.855000138282775879e-01
5.665089928057554062e+03,8.850000500679016113e-01
5.675098920863309104e+03,8.850000500679016113e-01
5.685107913669065056e+03,8.815000653266906738e-01
5.695116906474820098e+03,8.820000290870666504e-01
5.705125899280576050e+03,8.835000395774841309e-01
5.715134892086331092e+03,8.785000443458557129e-01
5.725143884892086135e+03,8.805000185966491699e-01
5.735152877697842086e+03,8.830000162124633789e-01
5.745161870503597129e+03,8.825000524520874023e-01
5.755170863309352171e+03,8.830000162124633789e-01
5.765179856115108123e+03,8.825000524520874023e-01
5.775188848920863165e+03,8.820000290870666504e-01
5.785197841726619117e+03,8.820000290870666504e-01
5.795206834532374160e+03,8.825000524520874023e-01
5.805215827338129202e+03,8.830000162124633789e-01
5.815224820143885154e+03,8.835000395774841309e-01
5.825233812949640196e+03,8.840000629425048828e-01
5.835242805755396148e+03,8.840000629425048828e-01
5.845251798561151190e+03,8.840000629425048828e-01
5.855260791366906233e+03,8.840000629425048828e-01
5.865269784172662185e+03,8.840000629425048828e-01
5.875278776978417227e+03,8.835000395774841309e-01
5.885287769784173179e+03,8.835000395774841309e-01
5.895296762589928221e+03,8.840000629425048828e-01
5.905305755395683263e+03,8.840000629425048828e-01
5.915314748201439215e+03,8.840000629425048828e-01
5.925323741007194258e+03,8.840000629425048828e-01
5.935332733812949300e+03,8.840000629425048828e-01
5.945341726618705252e+03,8.840000629425048828e-01
5.955350719424460294e+03,8.850000500679016113e-01
5.965359712230216246e+03,8.850000500679016113e-01
5.975368705035971288e+03,8.850000500679016113e-01
5.985377697841726331e+03,8.850000500679016113e-01
5.995386690647482283e+03,8.845000267028808594e-01
6.005395683453237325e+03,8.845000267028808594e-01
6.015404676258993277e+03,8.845000267028808594e-01
6.025413669064748319e+03,8.845000267028808594e-01
6.035422661870503362e+03,8.845000267028808594e-01
6.045431654676259313e+03,8.845000267028808594e-01
6.055440647482014356e+03,8.845000267028808594e-01
6.065449640287770308e+03,8.845000267028808594e-01
6.075458633093525350e+03,8.845000267028808594e-01
6.085467625899280392e+03,8.845000267028808594e-01
6.095476618705036344e+03,8.845000267028808594e-01
6.105485611510791387e+03,8.845000267028808594e-01
6.115494604316546429e+03,8.850000500679016113e-01
6.125503597122302381e+03,8.850000500679016113e-01
6.135512589928057423e+03,8.850000500679016113e-01
6.145521582733813375e+03,8.850000500679016113e-01
6.155530575539568417e+03,8.850000500679016113e-01
6.165539568345323460e+03,8.850000500679016113e-01
6.175548561151079412e+03,8.850000500679016113e-01
6.185557553956834454e+03,8.850000500679016113e-01
6.195566546762590406e+03,8.850000500679016113e-01
6.205575539568345448e+03,8.850000500679016113e-01
6.215584532374100490e+03,8.855000138282775879e-01
6.225593525179856442e+03,8.855000138282775879e-01
6.235602517985611485e+03,8.855000138282775879e-01
6.245611510791367436e+03,8.860000371932983398e-01
6.255620503597122479e+03,8.860000371932983398e-01
6.265629496402877521e+03,8.860000371932983398e-01
6.275638489208633473e+03,8.865000605583190918e-01
6.285647482014388515e+03,8.865000605583190918e-01
6.295656474820143558e+03,8.865000605583190918e-01
6.305665467625899510e+03,8.865000605583190918e-01
6.315674460431654552e+03,8.865000605583190918e-01
6.325683453237410504e+03,8.865000605583190918e-01
6.335692446043165546e+03,8.865000605583190918e-01
6.345701438848920588e+03,8.865000605583190918e-01
6.355710431654676540e+03,8.865000605583190918e-01
6.365719424460431583e+03,8.865000605583190918e-01
6.375728417266187535e+03,8.865000605583190918e-01
6.385737410071942577e+03,8.860000371932983398e-01
6.395746402877697619e+03,8.860000371932983398e-01
6.405755395683453571e+03,8.860000371932983398e-01
6.415764388489208613e+03,8.860000371932983398e-01
6.425773381294964565e+03,8.860000371932983398e-01
6.435782374100719608e+03,8.860000371932983398e-01
6.445791366906474650e+03,8.860000371932983398e-01
6.455800359712230602e+03,8.860000371932983398e-01
6.465809352517985644e+03,8.860000371932983398e-01
6.475818345323740687e+03,8.860000371932983398e-01
6.485827338129496638e+03,8.860000371932983398e-01
6.495836330935251681e+03,8.860000371932983398e-01
6.505845323741007633e+03,8.860000371932983398e-01
6.515854316546762675e+03,8.860000371932983398e-01
6.525863309352517717e+03,8.860000371932983398e-01
6.535872302158273669e+03,8.860000371932983398e-01
6.545881294964028712e+03,8.860000371932983398e-01
6.555890287769784663e+03,8.860000371932983398e-01
6.565899280575539706e+03,8.860000371932983398e-01
6.575908273381294748e+03,8.860000371932983398e-01
6.585917266187050700e+03,8.860000371932983398e-01
6.595926258992805742e+03,8.860000371932983398e-01
6.605935251798561694e+03,8.860000371932983398e-01
6.615944244604316737e+03,8.860000371932983398e-01
6.625953237410071779e+03,8.860000371932983398e-01
6.635962230215827731e+03,8.860000371932983398e-01
6.645971223021582773e+03,8.860000371932983398e-01
6.655980215827337815e+03,8.860000371932983398e-01
6.665989208633093767e+03,8.860000371932983398e-01
6.675998201438848810e+03,8.860000371932983398e-01
6.686007194244604761e+03,8.860000371932983398e-01
6.696016187050359804e+03,8.860000371932983398e-01
6.706025179856114846e+03,8.860000371932983398e-01
6.716034172661870798e+03,8.865000605583190918e-01
6.726043165467625840e+03,8.865000605583190918e-01
6.736052158273381792e+03,8.865000605583190918e-01
6.746061151079136835e+03,8.865000605583190918e-01
6.756070143884891877e+03,8.865000605583190918e-01
6.766079136690647829e+03,8.865000605583190918e-01
6.776088129496402871e+03,8.865000605583190918e-01
6.786097122302158823e+03,8.865000605583190918e-01
6.796106115107913865e+03,8.865000605583190918e-01
6.806115107913668908e+03,8.865000605583190918e-01
6.816124100719424860e+03,8.865000605583190918e-01
6.826133093525179902e+03,8.870000243186950684e-01
6.836142086330934944e+03,8.870000243186950684e-01
6.846151079136690896e+03,8.870000243186950684e-01
6.856160071942445938e+03,8.870000243186950684e-01
6.866169064748201890e+03,8.870000243186950684e-01
6.876178057553956933e+03,8.870000243186950684e-01
6.886187050359711975e+03,8.870000243186950684e-01
6.896196043165467927e+03,8.870000243186950684e-01
6.906205035971222969e+03,8.870000243186950684e-01
6.916214028776978921e+03,8.870000243186950684e-01
6.926223021582733963e+03,8.870000243186950684e-01
6.936232014388489006e+03,8.870000243186950684e-01
6.946241007194244958e+03,8.870000243186950684e-01
6.956250000000000000e+03,8.865000605583190918e-01
6.966258992805755952e+03,8.865000605583190918e-01
6.976267985611510994e+03,8.820000290870666504e-01
6.986276978417266037e+03,5.000000000000000000e-01
6.996285971223021988e+03,5.000000000000000000e-01
7.006294964028777031e+03,5.000000000000000000e-01
7.016303956834532073e+03,5.000000000000000000e-01
7.026312949640288025e+03,5.000000000000000000e-01
7.036321942446043067e+03,5.000000000000000000e-01
7.046330935251799019e+03,5.000000000000000000e-01
7.056339928057554062e+03,5.000000000000000000e-01
7.066348920863309104e+03,5.000000000000000000e-01
7.076357913669065056e+03,5.000000000000000000e-01
7.086366906474820098e+03,5.000000000000000000e-01
7.096375899280576050e+03,5.000000000000000000e-01
7.106384892086331092e+03,5.000000000000000000e-01
7.116393884892086135e+03,5.000000000000000000e-01
7.126402877697842086e+03,5.000000000000000000e-01
7.136411870503597129e+03,5.000000000000000000e-01
7.146420863309353081e+03,5.000000000000000000e-01
7.156429856115108123e+03,5.000000000000000000e-01
7.166438848920863165e+03,5.000000000000000000e-01
7.176447841726619117e+03,5.000000000000000000e-01
7.186456834532374160e+03,5.000000000000000000e-01
7.196465827338129202e+03,5.000000000000000000e-01
7.206474820143885154e+03,5.000000000000000000e-01
7.216483812949640196e+03,5.000000000000000000e-01
7.226492805755396148e+03,5.000000000000000000e-01
7.236501798561151190e+03,5.000000000000000000e-01
7.246510791366906233e+03,5.000000000000000000e-01
7.256519784172662185e+03,5.000000000000000000e-01
7.266528776978417227e+03,5.000000000000000000e-01
7.276537769784173179e+03,5.000000000000000000e-01
7.286546762589928221e+03,5.000000000000000000e-01
7.296555755395683263e+03,5.000000000000000000e-01
7.306564748201439215e+03,5.000000000000000000e-01
7.316573741007194258e+03,5.000000000000000000e-01
7.326582733812950210e+03,5.000000000000000000e-01
7.336591726618705252e+03,5.000000000000000000e-01
7.346600719424460294e+03,5.000000000000000000e-01
7.356609712230216246e+03,5.000000000000000000e-01
7.366618705035971288e+03,5.000000000000000000e-01
7.376627697841726331e+03,5.000000000000000000e-01
7.386636690647482283e+03,5.000000000000000000e-01
7.396645683453237325e+03,5.000000000000000000e-01
7.406654676258993277e+03,5.000000000000000000e-01
7.416663669064748319e+03,5.000000000000000000e-01
7.426672661870503362e+03,5.000000000000000000e-01
7.436681654676259313e+03,5.000000000000000000e-01
7.446690647482014356e+03,5.000000000000000000e-01
7.456699640287770308e+03,5.000000000000000000e-01
7.466708633093525350e+03,5.000000000000000000e-01
7.476717625899280392e+03,5.000000000000000000e-01
7.486726618705036344e+03,5.000000000000000000e-01
7.496735611510791387e+03,5.000000000000000000e-01
7.506744604316547338e+03,5.000000000000000000e-01
7.516753597122302381e+03,5.000000000000000000e-01
7.526762589928057423e+03,5.000000000000000000e-01
7.536771582733813375e+03,5.000000000000000000e-01
7.546780575539568417e+03,5.000000000000000000e-01
7.556789568345323460e+03,5.000000000000000000e-01
7.566798561151079412e+03,5.000000000000000000e-01
7.576807553956834454e+03,5.000000000000000000e-01
7.586816546762590406e+03,5.000000000000000000e-01
7.596825539568345448e+03,5.000000000000000000e-01
7.606834532374100490e+03,5.000000000000000000e-01
7.616843525179856442e+03,5.000000000000000000e-01
7.626852517985611485e+03,5.000000000000000000e-01
7.636861510791367436e+03,5.000000000000000000e-01
7.646870503597122479e+03,5.000000000000000000e-01
7.656879496402877521e+03,5.000000000000000000e-01
7.666888489208633473e+03,5.000000000000000000e-01
7.676897482014388515e+03,5.000000000000000000e-01
7.686906474820143558e+03,5.000000000000000000e-01
7.696915467625899510e+03,5.000000000000000000e-01
7.706924460431654552e+03,5.000000000000000000e-01
7.716933453237410504e+03,5.000000000000000000e-01
7.726942446043165546e+03,5.000000000000000000e-01
7.736951438848920588e+03,5.000000000000000000e-01
7.746960431654676540e+03,5.000000000000000000e-01
7.756969424460431583e+03,5.000000000000000000e-01
7.766978417266187535e+03,5.000000000000000000e-01
7.776987410071942577e+03,5.000000000000000000e-01
7.786996402877697619e+03,5.000000000000000000e-01
7.797005395683453571e+03,5.000000000000000000e-01
7.807014388489208613e+03,5.000000000000000000e-01
7.817023381294964565e+03,5.000000000000000000e-01
7.827032374100719608e+03,5.000000000000000000e-01
7.837041366906474650e+03,5.000000000000000000e-01
7.847050359712230602e+03,5.000000000000000000e-01
7.857059352517985644e+03,5.000000000000000000e-01
7.867068345323740687e+03,5.000000000000000000e-01
7.877077338129496638e+03,5.000000000000000000e-01
7.887086330935251681e+03,5.000000000000000000e-01
7.897095323741007633e+03,5.000000000000000000e-01
7.907104316546762675e+03,5.000000000000000000e-01
7.917113309352517717e+03,5.000000000000000000e-01
7.927122302158273669e+03,5.000000000000000000e-01
7.937131294964028712e+03,5.000000000000000000e-01
7.947140287769784663e+03,5.000000000000000000e-01
7.957149280575539706e+03,5.000000000000000000e-01
7.967158273381294748e+03,5.000000000000000000e-01
7.977167266187050700e+03,5.000000000000000000e-01
7.987176258992805742e+03,5.000000000000000000e-01
7.997185251798561694e+03,5.000000000000000000e-01
8.007194244604316737e+03,5.000000000000000000e-01
8.017203237410071779e+03,5.000000000000000000e-01
8.027212230215827731e+03,5.000000000000000000e-01
8.037221223021582773e+03,5.000000000000000000e-01
8.047230215827337815e+03,5.000000000000000000e-01
8.057239208633093767e+03,5.000000000000000000e-01
8.067248201438848810e+03,5.000000000000000000e-01
8.077257194244604761e+03,5.000000000000000000e-01
8.087266187050359804e+03,5.000000000000000000e-01
8.097275179856114846e+03,5.000000000000000000e-01
8.107284172661870798e+03,5.000000000000000000e-01
8.117293165467625840e+03,5.000000000000000000e-01
8.127302158273381792e+03,5.000000000000000000e-01
8.137311151079136835e+03,5.000000000000000000e-01
8.147320143884891877e+03,5.000000000000000000e-01
8.157329136690647829e+03,5.000000000000000000e-01
8.167338129496402871e+03,5.000000000000000000e-01
8.177347122302158823e+03,5.000000000000000000e-01
8.187356115107913865e+03,5.000000000000000000e-01
8.197365107913668908e+03,5.000000000000000000e-01
8.207374100719423950e+03,5.000000000000000000e-01
8.217383093525180811e+03,5.000000000000000000e-01
8.227392086330935854e+03,5.000000000000000000e-01
8.237401079136690896e+03,5.000000000000000000e-01
8.247410071942445938e+03,5.000000000000000000e-01
8.257419064748200981e+03,5.000000000000000000e-01
8.267428057553957842e+03,5.000000000000000000e-01
8.277437050359712885e+03,5.000000000000000000e-01
8.287446043165467927e+03,5.000000000000000000e-01
8.297455035971222969e+03,5.000000000000000000e-01
8.307464028776978012e+03,5.000000000000000000e-01
8.317473021582733054e+03,5.000000000000000000e-01
8.327482014388489915e+03,5.000000000000000000e-01
8.337491007194244958e+03,5.000000000000000000e-01
8.347500000000000000e+03,5.000000000000000000e-01
8.357508992805755042e+03,5.000000000000000000e-01
8.367517985611510085e+03,5.000000000000000000e-01
8.377526978417266946e+03,5.000000000000000000e-01
8.387535971223021988e+03,5.000000000000000000e-01
8.397544964028777031e+03,5.000000000000000000e-01
8.407553956834532073e+03,5.000000000000000000e-01
8.417562949640287115e+03,5.000000000000000000e-01
8.427571942446043977e+03,5.000000000000000000e-01
8.437580935251799019e+03,5.000000000000000000e-01
8.447589928057554062e+03,5.000000000000000000e-01
8.457598920863309104e+03,5.000000000000000000e-01
8.467607913669064146e+03,5.000000000000000000e-01
8.477616906474821008e+03,5.000000000000000000e-01
8.487625899280576050e+03,5.000000000000000000e-01
8.497634892086331092e+03,5.000000000000000000e-01
8.507643884892086135e+03,5.000000000000000000e-01
8.517652877697841177e+03,5.000000000000000000e-01
8.527661870503598038e+03,5.000000000000000000e-01
8.537670863309353081e+03,5.000000000000000000e-01
8.547679856115108123e+03,5.000000000000000000e-01
8.557688848920863165e+03,5.000000000000000000e-01
8.567697841726618208e+03,5.000000000000000000e-01
8.577706834532375069e+03,5.000000000000000000e-01
8.587715827338130111e+03,5.000000000000000000e-01
8.597724820143885154e+03,5.000000000000000000e-01
8.607733812949640196e+03,5.000000000000000000e-01
8.617742805755395239e+03,5.000000000000000000e-01
8.627751798561152100e+03,5.000000000000000000e-01
8.637760791366907142e+03,5.000000000000000000e-01
8.647769784172662185e+03,5.000000000000000000e-01
8.657778776978417227e+03,5.000000000000000000e-01
8.667787769784172269e+03,5.000000000000000000e-01
8.677796762589927312e+03,5.000000000000000000e-01
8.687805755395684173e+03,5.000000000000000000e-01
8.697814748201439215e+03,5.000000000000000000e-01
8.707823741007194258e+03,5.000000000000000000e-01
8.717832733812949300e+03,5.000000000000000000e-01
8.727841726618704342e+03,5.000000000000000000e-01
8.737850719424461204e+03,5.000000000000000000e-01
8.747859712230216246e+03,5.000000000000000000e-01
8.757868705035971288e+03,5.000000000000000000e-01
8.767877697841726331e+03,5.000000000000000000e-01
8.777886690647481373e+03,5.000000000000000000e-01
8.787895683453238235e+03,5.000000000000000000e-01
8.797904676258993277e+03,5.000000000000000000e-01
8.807913669064748319e+03,5.000000000000000000e-01
8.817922661870503362e+03,5.000000000000000000e-01
8.827931654676258404e+03,5.000000000000000000e-01
8.837940647482015265e+03,5.000000000000000000e-01
8.847949640287770308e+03,5.000000000000000000e-01
8.857958633093525350e+03,5.000000000000000000e-01
8.867967625899280392e+03,5.000000000000000000e-01
8.877976618705035435e+03,5.000000000000000000e-01
8.887985611510792296e+03,5.000000000000000000e-01
8.897994604316547338e+03,5.000000000000000000e-01
8.908003597122302381e+03,5.000000000000000000e-01
8.918012589928057423e+03,5.000000000000000000e-01
8.928021582733812465e+03,5.000000000000000000e-01
8.938030575539569327e+03,5.000000000000000000e-01
8.948039568345324369e+03,5.000000000000000000e-01
8.958048561151079412e+03,5.000000000000000000e-01
8.968057553956834454e+03,5.000000000000000000e-01
8.978066546762589496e+03,5.000000000000000000e-01
8.988075539568346358e+03,5.000000000000000000e-01
8.998084532374101400e+03,5.000000000000000000e-01
9.008093525179856442e+03,5.000000000000000000e-01
9.018102517985611485e+03,5.000000000000000000e-01
9.028111510791366527e+03,5.000000000000000000e-01
9.038120503597121569e+03,5.000000000000000000e-01
9.048129496402878431e+03,5.000000000000000000e-01
9.058138489208633473e+03,5.000000000000000000e-01
9.068147482014388515e+03,5.000000000000000000e-01
9.078156474820143558e+03,5.000000000000000000e-01
9.088165467625898600e+03,5.000000000000000000e-01
9.098174460431655461e+03,5.000000000000000000e-01
9.108183453237410504e+03,5.000000000000000000e-01
9.118192446043165546e+03,5.000000000000000000e-01
9.128201438848920588e+03,5.000000000000000000e-01
9.138210431654675631e+03,5.000000000000000000e-01
9.148219424460432492e+03,5.000000000000000000e-01
9.158228417266187535e+03,5.000000000000000000e-01
9.168237410071942577e+03,5.000000000000000000e-01
9.178246402877697619e+03,5.000000000000000000e-01
9.188255395683452662e+03,5.000000000000000000e-01
9.198264388489209523e+03,5.000000000000000000e-01
9.208273381294964565e+03,5.000000000000000000e-01
9.218282374100719608e+03,5.000000000000000000e-01
9.228291366906474650e+03,5.000000000000000000e-01
9.238300359712229692e+03,5.000000000000000000e-01
9.248309352517986554e+03,5.000000000000000000e-01
9.258318345323741596e+03,5.000000000000000000e-01
9.268327338129496638e+03,5.000000000000000000e-01
9.278336330935251681e+03,5.000000000000000000e-01
9.288345323741006723e+03,5.000000000000000000e-01
9.298354316546763584e+03,5.000000000000000000e-01
9.308363309352518627e+03,5.000000000000000000e-01
9.318372302158273669e+03,5.000000000000000000e-01
9.328381294964028712e+03,5.000000000000000000e-01
9.338390287769783754e+03,5.000000000000000000e-01
9.348399280575540615e+03,5.000000000000000000e-01
9.358408273381295658e+03,5.000000000000000000e-01
9.368417266187050700e+03,5.000000000000000000e-01
9.378426258992805742e+03,5.000000000000000000e-01
9.388435251798560785e+03,5.000000000000000000e-01
9.398444244604315827e+03,5.000000000000000000e-01
9.408453237410072688e+03,5.000000000000000000e-01
9.418462230215827731e+03,5.000000000000000000e-01
9.428471223021582773e+03,5.000000000000000000e-01
9.438480215827337815e+03,5.000000000000000000e-01
9.448489208633092858e+03,5.000000000000000000e-01
9.458498201438849719e+03,5.000000000000000000e-01
9.468507194244604761e+03,5.000000000000000000e-01
9.478516187050359804e+03,5.000000000000000000e-01
9.488525179856114846e+03,5.000000000000000000e-01
9.498534172661869889e+03,5.000000000000000000e-01
9.508543165467626750e+03,5.000000000000000000e-01
9.518552158273381792e+03,5.000000000000000000e-01
9.528561151079136835e+03,5.000000000000000000e-01
9.538570143884891877e+03,5.000000000000000000e-01
9.548579136690646919e+03,5.000000000000000000e-01
9.558588129496403781e+03,5.000000000000000000e-01
9.568597122302158823e+03,5.000000000000000000e-01
9.578606115107913865e+03,5.000000000000000000e-01
9.588615107913668908e+03,5.000000000000000000e-01
9.598624100719423950e+03,5.000000000000000000e-01
9.608633093525180811e+03,5.000000000000000000e-01
9.618642086330935854e+03,5.000000000000000000e-01
9.628651079136690896e+03,5.000000000000000000e-01
9.638660071942445938e+03,5.000000000000000000e-01
9.648669064748200981e+03,5.000000000000000000e-01
9.658678057553957842e+03,5.000000000000000000e-01
9.668687050359712885e+03,5.000000000000000000e-01
9.678696043165467927e+03,5.000000000000000000e-01
9.688705035971222969e+03,5.000000000000000000e-01
9.698714028776978012e+03,5.000000000000000000e-01
9.708723021582734873e+03,5.000000000000000000e-01
9.718732014388489915e+03,5.000000000000000000e-01
9.728741007194244958e+03,5.000000000000000000e-01
9.738750000000000000e+03,5.000000000000000000e-01
9.748758992805755042e+03,5.000000000000000000e-01
9.758767985611510085e+03,5.000000000000000000e-01
9.768776978417266946e+03,5.000000000000000000e-01
9.778785971223021988e+03,5.000000000000000000e-01
9.788794964028777031e+03,5.000000000000000000e-01
9.798803956834532073e+03,5.000000000000000000e-01
9.808812949640287115e+03,5.000000000000000000e-01
9.818821942446043977e+03,5.000000000000000000e-01
9.828830935251799019e+03,5.000000000000000000e-01
9.838839928057554062e+03,5.000000000000000000e-01
9.848848920863309104e+03,5.000000000000000000e-01
9.858857913669064146e+03,5.000000000000000000e-01
9.868866906474821008e+03,5.000000000000000000e-01
9.878875899280576050e+03,5.000000000000000000e-01
9.888884892086331092e+03,5.000000000000000000e-01
9.898893884892086135e+03,5.000000000000000000e-01
9.908902877697841177e+03,5.000000000000000000e-01
9.918911870503598038e+03,5.000000000000000000e-01
9.928920863309353081e+03,5.000000000000000000e-01
9.938929856115108123e+03,5.000000000000000000e-01
9.948938848920863165e+03,5.000000000000000000e-01
9.958947841726618208e+03,5.000000000000000000e-01
9.968956834532375069e+03,5.000000000000000000e-01
9.978965827338130111e+03,5.000000000000000000e-01
9.988974820143885154e+03,5.000000000000000000e-01
9.998983812949640196e+03,5.000000000000000000e-01
1.000899280575539524e+04,5.000000000000000000e-01
1.001900179856115210e+04,5.000000000000000000e-01
1.002901079136690714e+04,5.000000000000000000e-01
1.003901978417266218e+04,5.000000000000000000e-01
1.004902877697841723e+04,5.000000000000000000e-01
1.005903776978417227e+04,5.000000000000000000e-01
1.006904676258992913e+04,5.000000000000000000e-01
1.007905575539568417e+04,5.000000000000000000e-01
1.008906474820143922e+04,5.000000000000000000e-01
1.009907374100719426e+04,5.000000000000000000e-01
1.010908273381294930e+04,5.000000000000000000e-01
1.011909172661870434e+04,5.000000000000000000e-01
1.012910071942446120e+04,5.000000000000000000e-01
1.013910971223021625e+04,5.000000000000000000e-01
1.014911870503597129e+04,5.000000000000000000e-01
1.015912769784172633e+04,5.000000000000000000e-01
1.016913669064748137e+04,5.000000000000000000e-01
1.017914568345323823e+04,5.000000000000000000e-01
1.018915467625899328e+04,5.000000000000000000e-01
1.019916366906474832e+04,5.000000000000000000e-01
1.020917266187050336e+04,5.000000000000000000e-01
1.021918165467625840e+04,5.000000000000000000e-01
1.022919064748201527e+04,5.000000000000000000e-01
1.023919964028777031e+04,5.000000000000000000e-01
1.024920863309352535e+04,5.000000000000000000e-01
1.025921762589928039e+04,5.000000000000000000e-01
1.026922661870503543e+04,5.000000000000000000e-01
1.027923561151079230e+04,5.000000000000000000e-01
1.028924460431654734e+04,5.000000000000000000e-01
1.029925359712230238e+04,5.000000000000000000e-01
1.030926258992805742e+04,5.000000000000000000e-01
1.031927158273381247e+04,5.000000000000000000e-01
1.032928057553956933e+04,5.000000000000000000e-01
1.033928956834532437e+04,5.000000000000000000e-01
1.034929856115107941e+04,5.000000000000000000e-01
1.035930755395683445e+04,5.000000000000000000e-01
1.036931654676258950e+04,5.000000000000000000e-01
1.037932553956834636e+04,5.000000000000000000e-01
1.038933453237410140e+04,5.000000000000000000e-01
1.039934352517985644e+04,5.000000000000000000e-01
1.040935251798561148e+04,5.000000000000000000e-01
1.041936151079136653e+04,5.000000000000000000e-01
1.042937050359712157e+04,5.000000000000000000e-01
1.043937949640287843e+04,5.000000000000000000e-01
1.044938848920863347e+04,5.000000000000000000e-01
1.045939748201438852e+04,5.000000000000000000e-01
1.046940647482014356e+04,5.000000000000000000e-01
1.047941546762589860e+04,5.000000000000000000e-01
1.048942446043165546e+04,5.000000000000000000e-01
1.049943345323741050e+04,5.000000000000000000e-01
1.050944244604316555e+04,5.000000000000000000e-01
1.051945143884892059e+04,5.000000000000000000e-01
1.052946043165467563e+04,5.000000000000000000e-01
1.053946942446043249e+04,5.000000000000000000e-01
1.054947841726618753e+04,5.000000000000000000e-01
1.055948741007194258e+04,5.000000000000000000e-01
1.056949640287769762e+04,5.000000000000000000e-01
1.057950539568345266e+04,5.000000000000000000e-01
1.058951438848920952e+04,5.000000000000000000e-01
1.059952338129496457e+04,5.000000000000000000e-01
1.060953237410071961e+04,5.000000000000000000e-01
1.061954136690647465e+04,5.000000000000000000e-01
1.062955035971222969e+04,5.000000000000000000e-01
1.063955935251798655e+04,5.000000000000000000e-01
1.064956834532374160e+04,5.000000000000000000e-01
1.065957733812949664e+04,5.000000000000000000e-01
1.066958633093525168e+04,5.000000000000000000e-01
1.067959532374100672e+04,5.000000000000000000e-01
1.068960431654676358e+04,5.000000000000000000e-01
1.069961330935251863e+04,5.000000000000000000e-01
1.070962230215827367e+04,5.000000000000000000e-01
1.071963129496402871e+04,5.000000000000000000e-01
1.072964028776978375e+04,5.000000000000000000e-01
1.073964928057554062e+04,5.000000000000000000e-01
1.074965827338129566e+04,5.000000000000000000e-01
1.075966726618705070e+04,5.000000000000000000e-01
1.076967625899280574e+04,5.000000000000000000e-01
1.077968525179856078e+04,5.000000000000000000e-01
1.078969424460431583e+04,5.000000000000000000e-01
1.079970323741007269e+04,5.000000000000000000e-01
1.080971223021582773e+04,5.000000000000000000e-01
1.081972122302158277e+04,5.000000000000000000e-01
1.082973021582733782e+04,5.000000000000000000e-01
1.083973920863309286e+04,5.000000000000000000e-01
1.084974820143884972e+04,5.000000000000000000e-01
1.085975719424460476e+04,5.000000000000000000e-01
1.086976618705035980e+04,5.000000000000000000e-01
1.087977517985611485e+04,5.000000000000000000e-01
1.088978417266186989e+04,5.000000000000000000e-01
1.089979316546762675e+04,5.000000000000000000e-01
1.090980215827338179e+04,5.000000000000000000e-01
1.091981115107913683e+04,5.000000000000000000e-01
1.092982014388489188e+04,5.000000000000000000e-01
1.093982913669064692e+04,5.000000000000000000e-01
1.094983812949640378e+04,5.000000000000000000e-01
1.095984712230215882e+04,5.000000000000000000e-01
1.096985611510791387e+04,5.000000000000000000e-01
1.097986510791366891e+04,5.000000000000000000e-01
1.098987410071942395e+04,5.000000000000000000e-01
1.099988309352518081e+04,5.000000000000000000e-01
1.100989208633093585e+04,5.000000000000000000e-01
1.101990107913669090e+04,5.000000000000000000e-01
1.102991007194244594e+04,5.000000000000000000e-01
1.103991906474820098e+04,5.000000000000000000e-01
1.104992805755395784e+04,5.000000000000000000e-01
1.105993705035971288e+04,5.000000000000000000e-01
1.106994604316546793e+04,5.000000000000000000e-01
1.107995503597122297e+04,5.000000000000000000e-01
1.108996402877697801e+04,5.000000000000000000e-01
1.109997302158273487e+04,5.000000000000000000e-01
1.110998201438848992e+04,5.000000000000000000e-01
1.111999100719424496e+04,5.000000000000000000e-01
1.113000000000000000e+04,5.000000000000000000e-01
