# n,accuracy
0.000000000000000000e+00,4.399444460868835449e-01
1.001213592233009742e+01,5.876111388206481934e-01
2.002427184466019483e+01,5.940555334091186523e-01
3.003640776699029402e+01,5.968888998031616211e-01
4.004854368932038966e+01,5.977222323417663574e-01
5.006067961165048530e+01,6.006110906600952148e-01
6.007281553398058804e+01,6.018333435058593750e-01
7.008495145631067658e+01,6.023889183998107910e-01
8.009708737864077932e+01,6.038333177566528320e-01
9.010922330097088206e+01,6.066111326217651367e-01
1.001213592233009706e+02,6.079444289207458496e-01
1.101334951456310733e+02,6.087777614593505859e-01
1.201456310679611761e+02,6.107222437858581543e-01
1.301577669902912646e+02,6.112222075462341309e-01
1.401699029126213532e+02,6.125555634498596191e-01
1.501820388349514701e+02,6.128888726234436035e-01
1.601941747572815586e+02,6.139444708824157715e-01
1.702063106796116472e+02,6.149444580078125000e-01
1.802184466019417641e+02,6.158888936042785645e-01
1.902305825242718527e+02,6.166666746139526367e-01
2.002427184466019412e+02,6.164444684982299805e-01
2.102548543689320582e+02,6.183333396911621094e-01
2.202669902912621467e+02,6.188889145851135254e-01
2.302791262135922352e+02,6.188333630561828613e-01
2.402912621359223522e+02,6.202777624130249023e-01
2.503033980582524407e+02,6.207777857780456543e-01
2.603155339805825292e+02,6.205000281333923340e-01
2.703276699029126462e+02,6.220555901527404785e-01
2.803398058252427063e+02,6.232777833938598633e-01
2.903519417475728233e+02,6.233333349227905273e-01
3.003640776699029402e+02,6.231111288070678711e-01
3.103762135922330003e+02,6.240000128746032715e-01
3.203883495145631173e+02,6.245555877685546875e-01
3.304004854368932342e+02,6.252222061157226562e-01
3.404126213592232943e+02,6.257777810096740723e-01
3.504247572815534113e+02,6.255555748939514160e-01
3.604368932038835283e+02,6.258888840675354004e-01
3.704490291262135884e+02,6.255555748939514160e-01
3.804611650485437053e+02,6.285555362701416016e-01
3.904733009708738223e+02,6.237778067588806152e-01
4.004854368932038824e+02,6.282777786254882812e-01
4.104975728155339993e+02,6.259444355964660645e-01
4.205097087378641163e+02,6.282222270965576172e-01
4.305218446601941764e+02,6.291666626930236816e-01
4.405339805825242934e+02,6.263889074325561523e-01
4.505461165048544103e+02,6.296111345291137695e-01
4.605582524271844704e+02,6.288889050483703613e-01
4.705703883495145874e+02,6.285555362701416016e-01
4.805825242718447043e+02,6.305555701255798340e-01
4.905946601941747645e+02,6.289444565773010254e-01
5.006067961165048814e+02,6.302222013473510742e-01
5.106189320388349415e+02,6.298888921737670898e-01
5.206310679611650585e+02,6.302778124809265137e-01
5.306432038834951754e+02,6.299444437026977539e-01
5.406553398058252924e+02,6.299444437026977539e-01
5.506674757281554093e+02,6.317777633666992188e-01
5.606796116504854126e+02,6.303889155387878418e-01
5.706917475728155296e+02,6.309999823570251465e-01
5.807038834951456465e+02,6.311111450195312500e-01
5.907160194174757635e+02,6.297777891159057617e-01
6.007281553398058804e+02,6.311111450195312500e-01
6.107402912621359974e+02,6.312777996063232422e-01
6.207524271844660007e+02,6.311666965484619141e-01
6.307645631067961176e+02,6.321666836738586426e-01
6.407766990291262346e+02,6.329444646835327148e-01
6.507888349514563515e+02,6.316111087799072266e-01
6.608009708737864685e+02,6.320000290870666504e-01
6.708131067961164717e+02,6.353333592414855957e-01
6.808252427184465887e+02,6.317777633666992188e-01
6.908373786407767057e+02,6.365000009536743164e-01
7.008495145631068226e+02,6.300555467605590820e-01
7.108616504854369396e+02,6.352222561836242676e-01
7.208737864077670565e+02,6.349999904632568359e-01
7.308859223300970598e+02,6.330000162124633789e-01
7.408980582524271767e+02,6.331111192703247070e-01
7.509101941747572937e+02,6.358888745307922363e-01
7.609223300970874106e+02,6.329444646835327148e-01
7.709344660194175276e+02,6.344444751739501953e-01
7.809466019417476446e+02,6.335555911064147949e-01
7.909587378640776478e+02,6.374444365501403809e-01
8.009708737864077648e+02,6.343333125114440918e-01
8.109830097087378817e+02,6.361666917800903320e-01
8.209951456310679987e+02,6.371666789054870605e-01
8.310072815533981156e+02,6.362222433090209961e-01
8.410194174757282326e+02,6.367777585983276367e-01
8.510315533980582359e+02,6.388888955116271973e-01
8.610436893203883528e+02,6.368889212608337402e-01
8.710558252427184698e+02,6.367777585983276367e-01
8.810679611650485867e+02,6.376110911369323730e-01
8.910800970873787037e+02,6.371111273765563965e-01
9.010922330097088206e+02,6.355000138282775879e-01
9.111043689320388239e+02,6.365000009536743164e-01
9.211165048543689409e+02,6.362777948379516602e-01
9.311286407766990578e+02,6.372222304344177246e-01
9.411407766990291748e+02,6.372222304344177246e-01
9.511529126213592917e+02,6.374999880790710449e-01
9.611650485436894087e+02,6.360555887222290039e-01
9.711771844660194120e+02,6.378333568572998047e-01
9.811893203883495289e+02,6.377778053283691406e-01
9.912014563106796459e+02,6.365555524826049805e-01
1.001213592233009763e+03,6.387777924537658691e-01
1.011225728155339880e+03,6.359444260597229004e-01
1.021237864077669883e+03,6.379444599151611328e-01
1.031250000000000000e+03,6.375555396080017090e-01
1.041262135922330117e+03,6.385000348091125488e-01
1.051274271844660234e+03,6.363888978958129883e-01
1.061286407766990351e+03,6.374444365501403809e-01
1.071298543689320468e+03,6.389444470405578613e-01
1.081310679611650585e+03,6.377222537994384766e-01
1.091322815533980702e+03,6.386111378669738770e-01
1.101334951456310819e+03,6.377222537994384766e-01
1.111347087378640708e+03,6.367777585983276367e-01
1.121359223300970825e+03,6.372222304344177246e-01
1.131371359223300942e+03,6.383333206176757812e-01
1.141383495145631059e+03,6.381111145019531250e-01
1.151395631067961176e+03,6.381111145019531250e-01
1.161407766990291293e+03,6.382777690887451172e-01
1.171419902912621410e+03,6.372222304344177246e-01
1.181432038834951527e+03,6.386111378669738770e-01
1.191444174757281644e+03,6.389444470405578613e-01
1.201456310679611761e+03,6.393889188766479492e-01
1.211468446601941878e+03,6.395000219345092773e-01
1.221480582524271995e+03,6.396666765213012695e-01
1.231492718446601884e+03,6.389444470405578613e-01
1.241504854368932001e+03,6.392222046852111816e-01
1.251516990291262118e+03,6.399444341659545898e-01
1.261529126213592235e+03,6.387222409248352051e-01
1.271541262135922352e+03,6.382222175598144531e-01
1.281553398058252469e+03,6.406111121177673340e-01
1.291565533980582586e+03,6.397777795791625977e-01
1.301577669902912703e+03,6.387777924537658691e-01
1.311589805825242820e+03,6.383333206176757812e-01
1.321601941747572937e+03,6.401666998863220215e-01
1.331614077669903054e+03,6.403333544731140137e-01
1.341626213592232943e+03,6.386666893959045410e-01
1.351638349514563060e+03,6.387222409248352051e-01
1.361650485436893177e+03,6.379444599151611328e-01
1.371662621359223294e+03,6.397777795791625977e-01
1.381674757281553411e+03,6.391666531562805176e-01
1.391686893203883528e+03,6.407222151756286621e-01
1.401699029126213645e+03,6.378889083862304688e-01
1.411711165048543762e+03,6.386666893959045410e-01
1.421723300970873879e+03,6.389999985694885254e-01
1.431735436893203996e+03,6.376667022705078125e-01
1.441747572815534113e+03,6.388888955116271973e-01
1.451759708737864230e+03,6.404444575309753418e-01
1.461771844660194120e+03,6.404444575309753418e-01
1.471783980582524237e+03,6.389999985694885254e-01
1.481796116504854353e+03,6.397222280502319336e-01
1.491808252427184470e+03,6.373333334922790527e-01
1.501820388349514587e+03,6.399999856948852539e-01
1.511832524271844704e+03,6.392777562141418457e-01
1.521844660194174821e+03,6.385000348091125488e-01
1.531856796116504938e+03,6.368889212608337402e-01
1.541868932038835055e+03,6.391111016273498535e-01
1.551881067961165172e+03,6.365555524826049805e-01
1.561893203883495289e+03,6.398333311080932617e-01
1.571905339805825406e+03,6.399444341659545898e-01
1.581917475728155296e+03,6.385555863380432129e-01
1.591929611650485413e+03,6.386666893959045410e-01
1.601941747572815530e+03,6.395000219345092773e-01
1.611953883495145647e+03,6.396111249923706055e-01
1.621966019417475763e+03,6.407777667045593262e-01
1.631978155339805880e+03,6.390555500984191895e-01
1.641990291262135997e+03,6.393333673477172852e-01
1.652002427184466114e+03,6.391111016273498535e-01
1.662014563106796231e+03,6.406666636466979980e-01
1.672026699029126348e+03,6.386666893959045410e-01
1.682038834951456465e+03,6.383888721466064453e-01
1.692050970873786355e+03,6.400555372238159180e-01
1.702063106796116472e+03,6.389444470405578613e-01
1.712075242718446589e+03,6.391111016273498535e-01
1.722087378640776706e+03,6.374999880790710449e-01
1.732099514563106823e+03,6.401110887527465820e-01
1.742111650485436940e+03,6.405000090599060059e-01
1.752123786407767057e+03,6.388333439826965332e-01
1.762135922330097173e+03,6.412222385406494141e-01
1.772148058252427290e+03,6.391111016273498535e-01
1.782160194174757407e+03,6.415555477142333984e-01
1.792172330097087524e+03,6.388888955116271973e-01
1.802184466019417641e+03,6.401110887527465820e-01
1.812196601941747531e+03,6.385000348091125488e-01
1.822208737864077648e+03,6.411111354827880859e-01
1.832220873786407765e+03,6.368889212608337402e-01
1.842233009708737882e+03,6.410555839538574219e-01
1.852245145631067999e+03,6.385555863380432129e-01
1.862257281553398116e+03,6.401110887527465820e-01
1.872269417475728233e+03,6.393333673477172852e-01
1.882281553398058350e+03,6.396666765213012695e-01
1.892293689320388467e+03,6.407777667045593262e-01
1.902305825242718583e+03,6.424444317817687988e-01
1.912317961165048700e+03,6.396666765213012695e-01
1.922330097087378817e+03,6.397777795791625977e-01
1.932342233009708707e+03,6.402778029441833496e-01
1.942354368932038824e+03,6.421666741371154785e-01
1.952366504854368941e+03,6.386666893959045410e-01
1.962378640776699058e+03,6.414444446563720703e-01
1.972390776699029175e+03,6.411666870117187500e-01
1.982402912621359292e+03,6.389999985694885254e-01
1.992415048543689409e+03,6.431666612625122070e-01
2.002427184466019526e+03,6.400555372238159180e-01
2.012439320388349643e+03,6.394444704055786133e-01
2.022451456310679760e+03,6.410000324249267578e-01
2.032463592233009877e+03,6.397777795791625977e-01
2.042475728155339766e+03,6.386111378669738770e-01
2.052487864077670110e+03,6.426111459732055664e-01
2.062500000000000000e+03,6.406666636466979980e-01
2.072512135922330344e+03,6.388888955116271973e-01
2.082524271844660234e+03,6.431666612625122070e-01
2.092536407766990578e+03,6.403333544731140137e-01
2.102548543689320468e+03,6.418333649635314941e-01
2.112560679611650357e+03,6.393889188766479492e-01
2.122572815533980702e+03,6.409444808959960938e-01
2.132584951456310591e+03,6.402222514152526855e-01
2.142597087378640936e+03,6.417222023010253906e-01
2.152609223300970825e+03,6.392777562141418457e-01
2.162621359223301170e+03,6.395555734634399414e-01
2.172633495145631059e+03,6.416110992431640625e-01
2.182645631067961403e+03,6.417222023010253906e-01
2.192657766990291293e+03,6.408888697624206543e-01
2.202669902912621637e+03,6.413888931274414062e-01
2.212682038834951527e+03,6.414444446563720703e-01
2.222694174757281417e+03,6.411666870117187500e-01
2.232706310679611761e+03,6.414444446563720703e-01
2.242718446601941650e+03,6.413888931274414062e-01
2.252730582524271995e+03,6.410555839538574219e-01
2.262742718446601884e+03,6.408333182334899902e-01
2.272754854368932229e+03,6.421111226081848145e-01
2.282766990291262118e+03,6.405000090599060059e-01
2.292779126213592463e+03,6.409444808959960938e-01
2.302791262135922352e+03,6.410000324249267578e-01
2.312803398058252697e+03,6.408333182334899902e-01
2.322815533980582586e+03,6.408888697624206543e-01
2.332827669902912476e+03,6.410555839538574219e-01
2.342839805825242820e+03,6.413333415985107422e-01
2.352851941747572710e+03,6.399999856948852539e-01
2.362864077669903054e+03,6.408888697624206543e-01
2.372876213592232943e+03,6.405000090599060059e-01
2.382888349514563288e+03,6.415555477142333984e-01
2.392900485436893177e+03,6.418333649635314941e-01
2.402912621359223522e+03,6.408333182334899902e-01
2.412924757281553411e+03,6.408333182334899902e-01
2.422936893203883756e+03,6.409444808959960938e-01
2.432949029126213645e+03,6.410555839538574219e-01
2.442961165048543990e+03,6.417222023010253906e-01
2.452973300970873879e+03,6.408333182334899902e-01
2.462985436893203769e+03,6.408888697624206543e-01
2.472997572815534113e+03,6.413333415985107422e-01
2.483009708737864003e+03,6.419444680213928223e-01
2.493021844660194347e+03,6.418889164924621582e-01
2.503033980582524237e+03,6.410555839538574219e-01
2.513046116504854581e+03,6.397222280502319336e-01
2.523058252427184470e+03,6.405555605888366699e-01
2.533070388349514815e+03,6.420000195503234863e-01
2.543082524271844704e+03,6.419444680213928223e-01
2.553094660194175049e+03,6.420555710792541504e-01
2.563106796116504938e+03,6.409444808959960938e-01
2.573118932038834828e+03,6.407777667045593262e-01
2.583131067961165172e+03,6.414999961853027344e-01
2.593143203883495062e+03,6.412222385406494141e-01
2.603155339805825406e+03,6.410000324249267578e-01
2.613167475728155296e+03,6.416110992431640625e-01
2.623179611650485640e+03,6.408333182334899902e-01
2.633191747572815530e+03,6.410555839538574219e-01
2.643203883495145874e+03,6.412222385406494141e-01
2.653216019417475763e+03,6.416110992431640625e-01
2.663228155339806108e+03,6.410555839538574219e-01
2.673240291262135997e+03,6.405555605888366699e-01
2.683252427184465887e+03,6.413888931274414062e-01
2.693264563106796231e+03,6.403333544731140137e-01
2.703276699029126121e+03,6.412222385406494141e-01
2.713288834951456465e+03,6.408888697624206543e-01
2.723300970873786355e+03,6.412222385406494141e-01
2.733313106796116699e+03,6.409444808959960938e-01
2.743325242718446589e+03,6.406111121177673340e-01
2.753337378640776933e+03,6.419444680213928223e-01
2.763349514563106823e+03,6.418333649635314941e-01
2.773361650485437167e+03,6.410000324249267578e-01
2.783373786407767057e+03,6.425555348396301270e-01
2.793385922330097401e+03,6.418333649635314941e-01
2.803398058252427290e+03,6.413888931274414062e-01
2.813410194174757180e+03,6.421111226081848145e-01
2.823422330097087524e+03,6.412777900695800781e-01
2.833434466019417414e+03,6.410555839538574219e-01
2.843446601941747758e+03,6.411666870117187500e-01
2.853458737864077648e+03,6.417222023010253906e-01
2.863470873786407992e+03,6.406666636466979980e-01
2.873483009708737882e+03,6.423333287239074707e-01
2.883495145631068226e+03,6.407777667045593262e-01
2.893507281553398116e+03,6.413888931274414062e-01
2.903519417475728460e+03,6.428333520889282227e-01
2.913531553398058350e+03,6.410555839538574219e-01
2.923543689320388239e+03,6.413888931274414062e-01
2.933555825242718583e+03,6.408333182334899902e-01
2.943567961165048473e+03,6.424999833106994629e-01
2.953580097087378817e+03,6.406666636466979980e-01
2.963592233009708707e+03,6.411111354827880859e-01
2.973604368932039051e+03,6.407777667045593262e-01
2.983616504854368941e+03,6.412777900695800781e-01
2.993628640776699285e+03,6.418333649635314941e-01
3.003640776699029175e+03,6.423333287239074707e-01
3.013652912621359519e+03,6.426666975021362305e-01
3.023665048543689409e+03,6.408888697624206543e-01
3.033677184466019298e+03,6.403333544731140137e-01
3.043689320388349643e+03,6.405555605888366699e-01
3.053701456310679532e+03,6.407222151756286621e-01
3.063713592233009877e+03,6.421666741371154785e-01
3.073725728155339766e+03,6.412777900695800781e-01
3.083737864077670110e+03,6.407777667045593262e-01
3.093750000000000000e+03,6.402222514152526855e-01
3.103762135922330344e+03,6.393889188766479492e-01
3.113774271844660234e+03,6.408333182334899902e-01
3.123786407766990578e+03,6.401666998863220215e-01
3.133798543689320468e+03,6.409444808959960938e-01
3.143810679611650812e+03,6.416110992431640625e-01
3.153822815533980702e+03,6.412222385406494141e-01
3.163834951456310591e+03,6.409444808959960938e-01
3.173847087378640936e+03,6.413888931274414062e-01
3.183859223300970825e+03,6.396111249923706055e-01
3.193871359223301170e+03,6.407222151756286621e-01
3.203883495145631059e+03,6.412777900695800781e-01
3.213895631067961403e+03,6.411111354827880859e-01
3.223907766990291293e+03,6.406111121177673340e-01
3.233919902912621637e+03,6.406666636466979980e-01
3.243932038834951527e+03,6.411111354827880859e-01
3.253944174757281871e+03,6.395555734634399414e-01
3.263956310679611761e+03,6.403889060020446777e-01
3.273968446601941650e+03,6.401110887527465820e-01
3.283980582524271995e+03,6.417222023010253906e-01
3.293992718446601884e+03,6.416110992431640625e-01
3.304004854368932229e+03,6.399999856948852539e-01
3.314016990291262118e+03,6.392222046852111816e-01
3.324029126213592463e+03,6.413888931274414062e-01
3.334041262135922352e+03,6.406666636466979980e-01
3.344053398058252697e+03,6.399444341659545898e-01
3.354065533980582586e+03,6.399999856948852539e-01
3.364077669902912930e+03,6.415555477142333984e-01
3.374089805825242820e+03,6.406666636466979980e-01
3.384101941747572710e+03,6.408333182334899902e-01
3.394114077669903054e+03,6.401666998863220215e-01
3.404126213592232943e+03,6.401110887527465820e-01
3.414138349514563288e+03,6.421111226081848145e-01
3.424150485436893177e+03,6.399444341659545898e-01
3.434162621359223522e+03,6.398333311080932617e-01
3.444174757281553411e+03,6.393333673477172852e-01
3.454186893203883756e+03,6.403889060020446777e-01
3.464199029126213645e+03,6.399444341659545898e-01
3.474211165048543990e+03,6.409444808959960938e-01
3.484223300970873879e+03,6.396111249923706055e-01
3.494235436893204223e+03,6.395555734634399414e-01
3.504247572815534113e+03,6.412222385406494141e-01
3.514259708737864003e+03,6.399444341659545898e-01
3.524271844660194347e+03,6.399444341659545898e-01
3.534283980582524237e+03,6.412222385406494141e-01
3.544296116504854581e+03,6.402778029441833496e-01
3.554308252427184470e+03,6.399999856948852539e-01
3.564320388349514815e+03,6.395000219345092773e-01
3.574332524271844704e+03,6.394444704055786133e-01
3.584344660194175049e+03,6.394444704055786133e-01
3.594356796116504938e+03,6.404444575309753418e-01
3.604368932038835283e+03,6.403333544731140137e-01
3.614381067961165172e+03,6.402778029441833496e-01
3.624393203883495062e+03,6.407222151756286621e-01
3.634405339805825406e+03,6.393333673477172852e-01
3.644417475728155296e+03,6.395555734634399414e-01
3.654429611650485640e+03,6.402778029441833496e-01
3.664441747572815530e+03,6.397222280502319336e-01
3.674453883495145874e+03,6.397777795791625977e-01
3.684466019417475763e+03,6.397777795791625977e-01
3.694478155339806108e+03,6.402222514152526855e-01
3.704490291262135997e+03,6.399999856948852539e-01
3.714502427184466342e+03,6.400555372238159180e-01
3.724514563106796231e+03,6.389999985694885254e-01
3.734526699029126121e+03,6.401666998863220215e-01
3.744538834951456465e+03,6.391666531562805176e-01
3.754550970873786355e+03,6.406111121177673340e-01
3.764563106796116699e+03,6.398333311080932617e-01
3.774575242718446589e+03,6.399999856948852539e-01
3.784587378640776933e+03,6.406111121177673340e-01
3.794599514563106823e+03,6.399999856948852539e-01
3.804611650485437167e+03,6.397777795791625977e-01
3.814623786407767057e+03,6.405000090599060059e-01
3.824635922330097401e+03,6.387222409248352051e-01
3.834648058252427290e+03,6.400555372238159180e-01
3.844660194174757635e+03,6.395555734634399414e-01
3.854672330097087524e+03,6.396111249923706055e-01
3.864684466019417414e+03,6.397777795791625977e-01
3.874696601941747758e+03,6.398333311080932617e-01
3.884708737864077648e+03,6.401666998863220215e-01
3.894720873786407992e+03,6.402778029441833496e-01
3.904733009708737882e+03,6.407222151756286621e-01
3.914745145631068226e+03,6.410000324249267578e-01
3.924757281553398116e+03,6.399444341659545898e-01
3.934769417475728460e+03,6.404444575309753418e-01
3.944781553398058350e+03,6.401666998863220215e-01
3.954793689320388694e+03,6.401110887527465820e-01
3.964805825242718583e+03,6.410555839538574219e-01
3.974817961165048473e+03,6.401110887527465820e-01
3.984830097087378817e+03,6.399999856948852539e-01
3.994842233009708707e+03,6.402778029441833496e-01
4.004854368932039051e+03,6.401110887527465820e-01
4.014866504854368941e+03,6.398888826370239258e-01
4.024878640776699285e+03,6.410000324249267578e-01
4.034890776699029175e+03,6.401110887527465820e-01
4.044902912621359519e+03,6.399444341659545898e-01
4.054915048543689409e+03,6.395555734634399414e-01
4.064927184466019753e+03,6.399999856948852539e-01
4.074939320388349643e+03,6.401666998863220215e-01
4.084951456310679532e+03,6.397777795791625977e-01
4.094963592233009877e+03,6.404444575309753418e-01
4.104975728155340221e+03,6.399444341659545898e-01
4.114987864077669656e+03,6.402222514152526855e-01
4.125000000000000000e+03,6.401110887527465820e-01
4.135012135922330344e+03,6.407777667045593262e-01
4.145024271844660689e+03,6.406111121177673340e-01
4.155036407766990123e+03,6.387777924537658691e-01
4.165048543689320468e+03,6.405000090599060059e-01
4.175060679611650812e+03,6.404444575309753418e-01
4.185072815533981156e+03,6.403889060020446777e-01
4.195084951456310591e+03,6.399444341659545898e-01
4.205097087378640936e+03,6.393889188766479492e-01
4.215109223300971280e+03,6.397777795791625977e-01
4.225121359223300715e+03,6.406666636466979980e-01
4.235133495145631059e+03,6.392777562141418457e-01
4.245145631067961403e+03,6.393333673477172852e-01
4.255157766990291748e+03,6.405555605888366699e-01
4.265169902912621183e+03,6.403889060020446777e-01
4.275182038834951527e+03,6.400555372238159180e-01
4.285194174757281871e+03,6.399999856948852539e-01
4.295206310679612216e+03,6.398333311080932617e-01
4.305218446601941650e+03,6.398333311080932617e-01
4.315230582524271995e+03,6.401666998863220215e-01
4.325242718446602339e+03,6.399999856948852539e-01
4.335254854368931774e+03,6.408888697624206543e-01
4.345266990291262118e+03,6.406666636466979980e-01
4.355279126213592463e+03,6.411111354827880859e-01
4.365291262135922807e+03,6.394444704055786133e-01
4.375303398058252242e+03,6.403333544731140137e-01
4.385315533980582586e+03,6.397222280502319336e-01
4.395327669902912930e+03,6.401666998863220215e-01
4.405339805825243275e+03,6.398888826370239258e-01
4.415351941747572710e+03,6.397777795791625977e-01
4.425364077669903054e+03,6.410555839538574219e-01
4.435376213592233398e+03,6.405555605888366699e-01
4.445388349514562833e+03,6.396666765213012695e-01
4.455400485436893177e+03,6.393889188766479492e-01
4.465412621359223522e+03,6.399444341659545898e-01
4.475424757281553866e+03,6.399999856948852539e-01
4.485436893203883301e+03,6.393889188766479492e-01
4.495449029126213645e+03,6.404444575309753418e-01
4.505461165048543990e+03,6.407222151756286621e-01
4.515473300970874334e+03,6.404444575309753418e-01
4.525485436893203769e+03,6.401110887527465820e-01
4.535497572815534113e+03,6.404444575309753418e-01
4.545509708737864457e+03,6.401110887527465820e-01
4.555521844660193892e+03,6.413888931274414062e-01
4.565533980582524237e+03,6.403333544731140137e-01
4.575546116504854581e+03,6.399444341659545898e-01
4.585558252427184925e+03,6.403333544731140137e-01
4.595570388349514360e+03,6.411666870117187500e-01
4.605582524271844704e+03,6.400555372238159180e-01
4.615594660194175049e+03,6.397222280502319336e-01
4.625606796116505393e+03,6.403889060020446777e-01
4.635618932038834828e+03,6.393889188766479492e-01
4.645631067961165172e+03,6.396666765213012695e-01
4.655643203883495516e+03,6.388888955116271973e-01
4.665655339805824951e+03,6.400555372238159180e-01
4.675667475728155296e+03,6.329444646835327148e-01
4.685679611650485640e+03,6.310555338859558105e-01
4.695691747572815984e+03,6.335555911064147949e-01
4.705703883495145419e+03,6.359444260597229004e-01
4.715716019417475763e+03,6.355555653572082520e-01
4.725728155339806108e+03,6.353333592414855957e-01
4.735740291262136452e+03,6.385000348091125488e-01
4.745752427184465887e+03,6.333888769149780273e-01
4.755764563106796231e+03,6.313889026641845703e-01
4.765776699029126576e+03,6.347222328186035156e-01
4.775788834951456920e+03,6.323888897895812988e-01
4.785800970873786355e+03,6.378889083862304688e-01
4.795813106796116699e+03,6.321111321449279785e-01
4.805825242718447043e+03,6.332777738571166992e-01
4.815837378640776478e+03,6.334444284439086914e-01
4.825849514563106823e+03,6.348888874053955078e-01
4.835861650485437167e+03,6.341111063957214355e-01
4.845873786407767511e+03,6.348888874053955078e-01
4.855885922330096946e+03,6.344444751739501953e-01
4.865898058252427290e+03,6.319444775581359863e-01
4.875910194174757635e+03,6.365555524826049805e-01
4.885922330097087979e+03,6.355000138282775879e-01
4.895934466019417414e+03,6.356111168861389160e-01
4.905946601941747758e+03,6.324444413185119629e-01
4.915958737864078103e+03,6.361666917800903320e-01
4.925970873786407537e+03,6.326666474342346191e-01
4.935983009708737882e+03,6.350555419921875000e-01
4.945995145631068226e+03,6.342222094535827637e-01
4.956007281553398570e+03,6.360555887222290039e-01
4.966019417475728005e+03,6.320555806159973145e-01
4.976031553398058350e+03,6.360555887222290039e-01
4.986043689320388694e+03,6.351110935211181641e-01
4.996055825242719038e+03,6.346666812896728516e-01
5.006067961165048473e+03,6.365000009536743164e-01
5.016080097087378817e+03,6.352222561836242676e-01
5.026092233009709162e+03,6.363333463668823242e-01
5.036104368932038597e+03,6.304444670677185059e-01
5.046116504854368941e+03,6.356111168861389160e-01
5.056128640776699285e+03,6.321666836738586426e-01
5.066140776699029630e+03,6.343889236450195312e-01
5.076152912621359064e+03,6.369444727897644043e-01
5.086165048543689409e+03,6.323333382606506348e-01
5.096177184466019753e+03,6.352222561836242676e-01
5.106189320388350097e+03,6.328889131546020508e-01
5.116201456310679532e+03,6.361111402511596680e-01
5.126213592233009877e+03,6.314444541931152344e-01
5.136225728155340221e+03,6.358333230018615723e-01
5.146237864077669656e+03,6.324999928474426270e-01
5.156250000000000000e+03,6.333888769149780273e-01
5.166262135922330344e+03,6.347222328186035156e-01
5.176274271844660689e+03,6.356111168861389160e-01
5.186286407766990123e+03,6.324444413185119629e-01
5.196298543689320468e+03,6.342777609825134277e-01
5.206310679611650812e+03,6.326110959053039551e-01
5.216322815533981156e+03,6.317222118377685547e-01
5.226334951456310591e+03,6.341111063957214355e-01
5.236347087378640936e+03,6.322777867317199707e-01
5.246359223300971280e+03,6.326110959053039551e-01
5.256371359223300715e+03,6.322777867317199707e-01
5.266383495145631059e+03,6.371111273765563965e-01
5.276395631067961403e+03,6.349999904632568359e-01
5.286407766990291748e+03,6.353333592414855957e-01
5.296419902912621183e+03,6.336666941642761230e-01
5.306432038834951527e+03,6.334444284439086914e-01
5.316444174757281871e+03,6.367222070693969727e-01
5.326456310679612216e+03,6.358333230018615723e-01
5.336468446601941650e+03,6.340555548667907715e-01
5.346480582524271995e+03,6.323888897895812988e-01
5.356492718446602339e+03,6.341666579246520996e-01
5.366504854368931774e+03,6.343889236450195312e-01
5.376516990291262118e+03,6.328889131546020508e-01
5.386529126213592463e+03,6.358333230018615723e-01
5.396541262135922807e+03,6.331666707992553711e-01
5.406553398058252242e+03,6.365555524826049805e-01
5.416565533980582586e+03,6.366111040115356445e-01
5.426577669902912930e+03,6.347777843475341797e-01
5.436589805825243275e+03,6.331666707992553711e-01
5.446601941747572710e+03,6.306111216545104980e-01
5.456614077669903054e+03,6.356111168861389160e-01
5.466626213592233398e+03,6.342777609825134277e-01
5.476638349514562833e+03,6.366111040115356445e-01
5.486650485436893177e+03,6.297222375869750977e-01
5.496662621359223522e+03,6.357777714729309082e-01
5.506674757281553866e+03,6.326666474342346191e-01
5.516686893203883301e+03,6.349999904632568359e-01
5.526699029126213645e+03,6.333333253860473633e-01
5.536711165048543990e+03,6.350555419921875000e-01
5.546723300970874334e+03,6.296666860580444336e-01
5.556735436893203769e+03,6.327222585678100586e-01
5.566747572815534113e+03,6.348333358764648438e-01
5.576759708737864457e+03,6.300555467605590820e-01
5.586771844660194802e+03,6.356111168861389160e-01
5.596783980582524237e+03,6.361111402511596680e-01
5.606796116504854581e+03,6.347777843475341797e-01
5.616808252427184925e+03,6.297222375869750977e-01
5.626820388349514360e+03,6.342222094535827637e-01
5.636832524271844704e+03,6.348333358764648438e-01
5.646844660194175049e+03,6.362777948379516602e-01
5.656856796116505393e+03,6.349999904632568359e-01
5.666868932038834828e+03,6.331111192703247070e-01
5.676881067961165172e+03,6.338333487510681152e-01
5.686893203883495516e+03,6.314444541931152344e-01
5.696905339805825861e+03,6.333333253860473633e-01
5.706917475728155296e+03,6.343889236450195312e-01
5.716929611650485640e+03,6.333888769149780273e-01
5.726941747572815984e+03,6.346666812896728516e-01
5.736953883495145419e+03,6.347777843475341797e-01
5.746966019417475763e+03,6.349999904632568359e-01
5.756978155339806108e+03,6.341666579246520996e-01
5.766990291262136452e+03,6.347777843475341797e-01
5.777002427184465887e+03,6.297777891159057617e-01
5.787014563106796231e+03,6.340555548667907715e-01
5.797026699029126576e+03,6.321666836738586426e-01
5.807038834951456920e+03,6.346111297607421875e-01
5.817050970873786355e+03,6.343333125114440918e-01
5.827063106796116699e+03,6.348888874053955078e-01
5.837075242718447043e+03,6.356111168861389160e-01
5.847087378640776478e+03,6.347777843475341797e-01
5.857099514563106823e+03,6.349999904632568359e-01
5.867111650485437167e+03,6.351110935211181641e-01
5.877123786407767511e+03,6.337222456932067871e-01
5.887135922330096946e+03,6.340000033378601074e-01
5.897148058252427290e+03,6.324444413185119629e-01
5.907160194174757635e+03,6.327778100967407227e-01
5.917172330097087979e+03,6.332222223281860352e-01
5.927184466019417414e+03,6.329444646835327148e-01
5.937196601941747758e+03,6.346111297607421875e-01
5.947208737864078103e+03,6.327778100967407227e-01
5.957220873786407537e+03,6.338333487510681152e-01
5.967233009708737882e+03,6.318888664245605469e-01
5.977245145631068226e+03,6.279444694519042969e-01
5.987257281553398570e+03,6.336111426353454590e-01
5.997269417475728005e+03,6.326110959053039551e-01
6.007281553398058350e+03,6.331111192703247070e-01
6.017293689320388694e+03,6.328889131546020508e-01
6.027305825242719038e+03,6.337777972221374512e-01
6.037317961165048473e+03,6.318333148956298828e-01
6.047330097087378817e+03,6.324999928474426270e-01
6.057342233009709162e+03,6.334999799728393555e-01
6.067354368932038597e+03,6.341666579246520996e-01
6.077366504854368941e+03,6.334444284439086914e-01
6.087378640776699285e+03,6.346666812896728516e-01
6.097390776699029630e+03,6.342777609825134277e-01
6.107402912621359064e+03,6.337777972221374512e-01
6.117415048543689409e+03,6.328333616256713867e-01
6.127427184466019753e+03,6.320000290870666504e-01
6.137439320388350097e+03,6.324444413185119629e-01
6.147451456310679532e+03,6.318333148956298828e-01
6.157463592233009877e+03,6.330555677413940430e-01
6.167475728155340221e+03,6.341666579246520996e-01
6.177487864077669656e+03,6.331111192703247070e-01
6.187500000000000000e+03,6.336111426353454590e-01
6.197512135922330344e+03,6.321666836738586426e-01
6.207524271844660689e+03,6.317222118377685547e-01
6.217536407766990123e+03,6.334444284439086914e-01
6.227548543689320468e+03,6.331111192703247070e-01
6.237560679611650812e+03,6.286666989326477051e-01
6.247572815533981156e+03,6.334999799728393555e-01
6.257584951456310591e+03,6.333333253860473633e-01
6.267597087378640936e+03,6.320000290870666504e-01
6.277609223300971280e+03,6.290555596351623535e-01
6.287621359223301624e+03,6.343889236450195312e-01
6.297633495145631059e+03,6.318888664245605469e-01
6.307645631067961403e+03,6.316666603088378906e-01
6.317657766990291748e+03,6.329444646835327148e-01
6.327669902912621183e+03,6.327222585678100586e-01
6.337682038834951527e+03,6.303333640098571777e-01
6.347694174757281871e+03,6.337222456932067871e-01
6.357706310679612216e+03,6.270000338554382324e-01
6.367718446601941650e+03,6.336111426353454590e-01
6.377730582524271995e+03,6.303889155387878418e-01
6.387742718446602339e+03,6.348888874053955078e-01
6.397754854368932683e+03,6.337777972221374512e-01
6.407766990291262118e+03,6.343333125114440918e-01
6.417779126213592463e+03,6.330555677413940430e-01
6.427791262135922807e+03,6.336666941642761230e-01
6.437803398058252242e+03,6.338333487510681152e-01
6.447815533980582586e+03,6.331111192703247070e-01
6.457827669902912930e+03,6.334444284439086914e-01
6.467839805825243275e+03,6.343889236450195312e-01
6.477851941747572710e+03,6.330555677413940430e-01
6.487864077669903054e+03,6.315555572509765625e-01
6.497876213592233398e+03,6.336666941642761230e-01
6.507888349514563743e+03,6.321666836738586426e-01
6.517900485436893177e+03,6.314444541931152344e-01
6.527912621359223522e+03,6.311111450195312500e-01
6.537924757281553866e+03,6.321111321449279785e-01
6.547936893203883301e+03,6.323333382606506348e-01
6.557949029126213645e+03,6.310555338859558105e-01
6.567961165048543990e+03,6.333333253860473633e-01
6.577973300970874334e+03,6.338333487510681152e-01
6.587985436893203769e+03,6.313889026641845703e-01
6.597997572815534113e+03,6.312777996063232422e-01
6.608009708737864457e+03,6.321666836738586426e-01
6.618021844660194802e+03,6.346111297607421875e-01
6.628033980582524237e+03,6.311666965484619141e-01
6.638046116504854581e+03,6.316111087799072266e-01
6.648058252427184925e+03,6.317777633666992188e-01
6.658070388349514360e+03,6.326666474342346191e-01
6.668082524271844704e+03,6.334444284439086914e-01
6.678094660194175049e+03,6.337222456932067871e-01
6.688106796116505393e+03,6.321666836738586426e-01
6.698118932038834828e+03,6.338889002799987793e-01
6.708131067961165172e+03,6.306666731834411621e-01
6.718143203883495516e+03,6.330000162124633789e-01
6.728155339805825861e+03,6.336666941642761230e-01
6.738167475728155296e+03,6.329444646835327148e-01
6.748179611650485640e+03,6.337222456932067871e-01
6.758191747572815984e+03,6.301110982894897461e-01
6.768203883495145419e+03,6.301110982894897461e-01
6.778216019417475763e+03,6.324999928474426270e-01
6.788228155339806108e+03,6.299999952316284180e-01
6.798240291262136452e+03,6.321666836738586426e-01
6.808252427184465887e+03,6.293888688087463379e-01
6.818264563106796231e+03,6.324999928474426270e-01
6.828276699029126576e+03,6.324999928474426270e-01
6.838288834951456920e+03,6.322222352027893066e-01
6.848300970873786355e+03,6.299999952316284180e-01
6.858313106796116699e+03,6.345555782318115234e-01
6.868325242718447043e+03,6.307222247123718262e-01
6.878337378640776478e+03,6.323888897895812988e-01
6.888349514563106823e+03,6.328333616256713867e-01
6.898361650485437167e+03,6.320000290870666504e-01
6.908373786407767511e+03,6.327222585678100586e-01
6.918385922330096946e+03,6.341666579246520996e-01
6.928398058252427290e+03,6.324999928474426270e-01
6.938410194174757635e+03,6.339444518089294434e-01
6.948422330097087979e+03,6.296666860580444336e-01
6.958434466019417414e+03,6.355000138282775879e-01
6.968446601941747758e+03,6.312222480773925781e-01
6.978458737864078103e+03,6.353889107704162598e-01
6.988470873786408447e+03,6.305000185966491699e-01
6.998483009708737882e+03,6.324999928474426270e-01
7.008495145631068226e+03,6.315000057220458984e-01
7.018507281553398570e+03,6.285555362701416016e-01
7.028519417475728005e+03,6.293888688087463379e-01
7.038531553398058350e+03,6.311111450195312500e-01
7.048543689320388694e+03,6.357222199440002441e-01
7.058555825242719038e+03,6.306666731834411621e-01
7.068567961165048473e+03,6.329444646835327148e-01
7.078580097087378817e+03,6.317777633666992188e-01
7.088592233009709162e+03,6.328333616256713867e-01
7.098604368932039506e+03,6.312222480773925781e-01
7.108616504854368941e+03,6.312222480773925781e-01
7.118628640776699285e+03,6.321666836738586426e-01
7.128640776699029630e+03,6.326666474342346191e-01
7.138652912621359064e+03,6.326666474342346191e-01
7.148665048543689409e+03,6.314444541931152344e-01
7.158677184466019753e+03,6.324999928474426270e-01
7.168689320388350097e+03,6.333333253860473633e-01
7.178701456310679532e+03,6.289444565773010254e-01
7.188713592233009877e+03,6.295555830001831055e-01
7.198725728155340221e+03,6.318333148956298828e-01
7.208737864077670565e+03,6.333888769149780273e-01
7.218750000000000000e+03,6.318888664245605469e-01
7.228762135922330344e+03,6.301666498184204102e-01
7.238774271844660689e+03,6.334444284439086914e-01
7.248786407766990123e+03,6.315000057220458984e-01
7.258798543689320468e+03,6.293333172798156738e-01
7.268810679611650812e+03,6.322777867317199707e-01
7.278822815533981156e+03,6.293888688087463379e-01
7.288834951456310591e+03,6.324999928474426270e-01
7.298847087378640936e+03,6.328889131546020508e-01
7.308859223300971280e+03,6.319444775581359863e-01
7.318871359223301624e+03,6.284444332122802734e-01
7.328883495145631059e+03,6.329444646835327148e-01
7.338895631067961403e+03,6.298333406448364258e-01
7.348907766990291748e+03,6.296111345291137695e-01
7.358919902912621183e+03,6.348333358764648438e-01
7.368932038834951527e+03,6.288889050483703613e-01
7.378944174757281871e+03,6.322777867317199707e-01
7.388956310679612216e+03,6.274999976158142090e-01
7.398968446601941650e+03,6.317777633666992188e-01
7.408980582524271995e+03,6.316111087799072266e-01
7.418992718446602339e+03,6.336666941642761230e-01
7.429004854368932683e+03,6.294444799423217773e-01
7.439016990291262118e+03,6.307777762413024902e-01
7.449029126213592463e+03,6.315000057220458984e-01
7.459041262135922807e+03,6.313889026641845703e-01
7.469053398058252242e+03,6.330000162124633789e-01
7.479065533980582586e+03,6.318888664245605469e-01
7.489077669902912930e+03,6.292222142219543457e-01
7.499089805825243275e+03,6.313333511352539062e-01
7.509101941747572710e+03,6.308888792991638184e-01
7.519114077669903054e+03,6.310555338859558105e-01
7.529126213592233398e+03,6.308888792991638184e-01
7.539138349514563743e+03,6.330000162124633789e-01
7.549150485436893177e+03,6.301666498184204102e-01
7.559162621359223522e+03,6.286666989326477051e-01
7.569174757281553866e+03,6.348333358764648438e-01
7.579186893203883301e+03,6.305000185966491699e-01
7.589199029126213645e+03,6.330555677413940430e-01
7.599211165048543990e+03,6.276666522026062012e-01
7.609223300970874334e+03,6.287778019905090332e-01
7.619235436893203769e+03,6.298333406448364258e-01
7.629247572815534113e+03,6.307777762413024902e-01
7.639259708737864457e+03,6.291666626930236816e-01
7.649271844660194802e+03,6.317777633666992188e-01
7.659283980582524237e+03,6.308888792991638184e-01
7.669296116504854581e+03,6.328333616256713867e-01
7.679308252427184925e+03,6.315000057220458984e-01
7.689320388349515270e+03,6.289444565773010254e-01
7.699332524271844704e+03,6.292222142219543457e-01
7.709344660194175049e+03,6.311666965484619141e-01
7.719356796116505393e+03,6.306666731834411621e-01
7.729368932038834828e+03,6.326110959053039551e-01
7.739381067961165172e+03,6.307222247123718262e-01
7.749393203883495516e+03,6.286111474037170410e-01
7.759405339805825861e+03,6.307222247123718262e-01
7.769417475728155296e+03,6.284444332122802734e-01
7.779429611650485640e+03,6.346666812896728516e-01
7.789441747572815984e+03,6.299999952316284180e-01
7.799453883495146329e+03,6.330555677413940430e-01
7.809466019417475763e+03,6.292777657508850098e-01
7.819478155339806108e+03,6.312222480773925781e-01
7.829490291262136452e+03,6.318888664245605469e-01
7.839502427184465887e+03,6.318888664245605469e-01
7.849514563106796231e+03,6.283888816833496094e-01
7.859526699029126576e+03,6.325555443763732910e-01
7.869538834951456920e+03,6.278889179229736328e-01
7.879550970873786355e+03,6.286111474037170410e-01
7.889563106796116699e+03,6.299444437026977539e-01
7.899575242718447043e+03,6.316111087799072266e-01
7.909587378640777388e+03,6.342777609825134277e-01
7.919599514563106823e+03,6.309444308280944824e-01
7.929611650485437167e+03,6.298888921737670898e-01
7.939623786407767511e+03,6.317222118377685547e-01
7.949635922330096946e+03,6.299999952316284180e-01
7.959648058252427290e+03,6.284444332122802734e-01
7.969660194174757635e+03,6.338889002799987793e-01
7.979672330097087979e+03,6.292222142219543457e-01
7.989684466019417414e+03,6.321666836738586426e-01
7.999696601941747758e+03,6.295555830001831055e-01
8.009708737864078103e+03,6.291666626930236816e-01
8.019720873786408447e+03,6.314444541931152344e-01
8.029733009708737882e+03,6.292222142219543457e-01
8.039745145631068226e+03,6.296666860580444336e-01
8.049757281553398570e+03,6.328333616256713867e-01
8.059769417475728005e+03,6.276666522026062012e-01
8.069781553398058350e+03,6.358888745307922363e-01
8.079793689320388694e+03,6.277777552604675293e-01
8.089805825242719038e+03,6.294444799423217773e-01
8.099817961165048473e+03,6.284444332122802734e-01
8.109830097087378817e+03,6.283333301544189453e-01
8.119842233009709162e+03,6.329444646835327148e-01
8.129854368932039506e+03,6.316666603088378906e-01
8.139866504854368941e+03,6.318333148956298828e-01
8.149878640776699285e+03,6.293888688087463379e-01
8.159890776699029630e+03,6.258333325386047363e-01
8.169902912621359064e+03,6.265555620193481445e-01
8.179915048543689409e+03,6.324999928474426270e-01
8.189927184466019753e+03,6.276666522026062012e-01
8.199939320388350097e+03,6.342222094535827637e-01
8.209951456310680442e+03,6.287778019905090332e-01
8.219963592233010786e+03,6.274444460868835449e-01
8.229975728155339311e+03,6.305555701255798340e-01
8.239987864077669656e+03,6.283888816833496094e-01
8.250000000000000000e+03,6.297777891159057617e-01
