# n,accuracy
0.000000000000000000e+00,5.362777709960937500e-01
1.002570694087403602e+01,5.531666874885559082e-01
2.005141388174807204e+01,5.619444251060485840e-01
3.007712082262210629e+01,5.693333148956298828e-01
4.010282776349614409e+01,5.734999775886535645e-01
5.012853470437018188e+01,5.782777667045593262e-01
6.015424164524421258e+01,5.833333134651184082e-01
7.017994858611825748e+01,5.881666541099548340e-01
8.020565552699228817e+01,5.846666693687438965e-01
9.023136246786631887e+01,5.900555849075317383e-01
1.002570694087403638e+02,5.901111364364624023e-01
1.102827763496143945e+02,5.937222242355346680e-01
1.203084832904884252e+02,5.975555777549743652e-01
1.303341902313624701e+02,5.974444150924682617e-01
1.403598971722365150e+02,6.021111011505126953e-01
1.503856041131105314e+02,6.013888716697692871e-01
1.604113110539845763e+02,6.021111011505126953e-01
1.704370179948586213e+02,6.035555601119995117e-01
1.804627249357326377e+02,6.060555577278137207e-01
1.904884318766066826e+02,6.051111221313476562e-01
2.005141388174807275e+02,6.064444184303283691e-01
2.105398457583547440e+02,6.068333387374877930e-01
2.205655526992287889e+02,6.067222356796264648e-01
2.305912596401028338e+02,6.065000295639038086e-01
2.406169665809768503e+02,6.079999804496765137e-01
2.506426735218508952e+02,6.094444394111633301e-01
2.606683804627249401e+02,6.079444289207458496e-01
2.706940874035989850e+02,6.104999780654907227e-01
2.807197943444730299e+02,6.050000190734863281e-01
2.907455012853470180e+02,6.096110939979553223e-01
3.007712082262210629e+02,6.100000143051147461e-01
3.107969151670951078e+02,6.046110987663269043e-01
3.208226221079691527e+02,6.082222461700439453e-01
3.308483290488431976e+02,6.052777767181396484e-01
3.408740359897172425e+02,6.058333516120910645e-01
3.508997429305912874e+02,6.051111221313476562e-01
3.609254498714652755e+02,6.016666889190673828e-01
3.709511568123393204e+02,6.082222461700439453e-01
3.809768637532133653e+02,6.057778000831604004e-01
3.910025706940874102e+02,6.072777509689331055e-01
4.010282776349614551e+02,6.019444465637207031e-01
4.110539845758355000e+02,6.052222251892089844e-01
4.210796915167094880e+02,6.016111373901367188e-01
4.311053984575835329e+02,6.038333177566528320e-01
4.411311053984575778e+02,6.009444594383239746e-01
4.511568123393316228e+02,6.019999980926513672e-01
4.611825192802056677e+02,6.037777662277221680e-01
4.712082262210797126e+02,5.989444255828857422e-01
4.812339331619537006e+02,5.975000262260437012e-01
4.912596401028277455e+02,6.036111116409301758e-01
5.012853470437017904e+02,6.040555834770202637e-01
5.113110539845758353e+02,6.011666655540466309e-01
5.213367609254498802e+02,6.053333282470703125e-01
5.313624678663238683e+02,5.991111397743225098e-01
5.413881748071979700e+02,5.985555648803710938e-01
5.514138817480719581e+02,5.938888788223266602e-01
5.614395886889460598e+02,6.011666655540466309e-01
5.714652956298200479e+02,6.044999957084655762e-01
5.814910025706940360e+02,5.828889012336730957e-01
5.915167095115681377e+02,6.032778024673461914e-01
6.015424164524421258e+02,5.989444255828857422e-01
6.115681233933162275e+02,6.047222018241882324e-01
6.215938303341902156e+02,5.971111059188842773e-01
6.316195372750643173e+02,6.009444594383239746e-01
6.416452442159383054e+02,6.030555367469787598e-01
6.516709511568122934e+02,5.993888974189758301e-01
6.616966580976863952e+02,6.002777814865112305e-01
6.717223650385603833e+02,6.026111245155334473e-01
6.817480719794344850e+02,6.013888716697692871e-01
6.917737789203084731e+02,6.012777686119079590e-01
7.017994858611825748e+02,5.956666469573974609e-01
7.118251928020565629e+02,6.025555729866027832e-01
7.218508997429305509e+02,6.003888845443725586e-01
7.318766066838046527e+02,6.003888845443725586e-01
7.419023136246786407e+02,6.017777919769287109e-01
7.519280205655527425e+02,6.036111116409301758e-01
7.619537275064267305e+02,6.013888716697692871e-01
7.719794344473007186e+02,5.981666445732116699e-01
7.820051413881748203e+02,5.996666550636291504e-01
7.920308483290488084e+02,5.988333225250244141e-01
8.020565552699229102e+02,6.019444465637207031e-01
8.120822622107968982e+02,6.021111011505126953e-01
8.221079691516710000e+02,5.967777967453002930e-01
8.321336760925449880e+02,5.985555648803710938e-01
8.421593830334189761e+02,5.993888974189758301e-01
8.521850899742930778e+02,6.019444465637207031e-01
8.622107969151670659e+02,6.001666784286499023e-01
8.722365038560411676e+02,6.011666655540466309e-01
8.822622107969151557e+02,6.029444336891174316e-01
8.922879177377892574e+02,6.018888950347900391e-01
9.023136246786632455e+02,5.955555438995361328e-01
9.123393316195372336e+02,5.957221984863281250e-01
9.223650385604113353e+02,6.007221937179565430e-01
9.323907455012853234e+02,5.978888869285583496e-01
9.424164524421594251e+02,6.023333072662353516e-01
9.524421593830334132e+02,5.952777862548828125e-01
9.624678663239074012e+02,6.014999747276306152e-01
9.724935732647815030e+02,6.025555729866027832e-01
9.825192802056554910e+02,5.924444198608398438e-01
9.925449871465295928e+02,6.013888716697692871e-01
1.002570694087403581e+03,5.951666831970214844e-01
1.012596401028277683e+03,5.998333096504211426e-01
1.022622107969151671e+03,5.973888635635375977e-01
1.032647814910025772e+03,5.960000157356262207e-01
1.042673521850899760e+03,5.983333587646484375e-01
1.052699228791773749e+03,5.991666913032531738e-01
1.062724935732647737e+03,5.970555543899536133e-01
1.072750642673521952e+03,5.982778072357177734e-01
1.082776349614395940e+03,5.991111397743225098e-01
1.092802056555269928e+03,5.981110930442810059e-01
1.102827763496143916e+03,5.962222218513488770e-01
1.112853470437017904e+03,6.002222299575805664e-01
1.122879177377892120e+03,6.012777686119079590e-01
1.132904884318766108e+03,6.017222404479980469e-01
1.142930591259640096e+03,5.964999794960021973e-01
1.152956298200514084e+03,5.930555462837219238e-01
1.162982005141388072e+03,6.002222299575805664e-01
1.173007712082262287e+03,6.002222299575805664e-01
1.183033419023136275e+03,5.983889102935791016e-01
1.193059125964010263e+03,5.890555381774902344e-01
1.203084832904884252e+03,5.994444489479064941e-01
1.213110539845758467e+03,6.008889079093933105e-01
1.223136246786632455e+03,5.963888764381408691e-01
1.233161953727506443e+03,5.932222008705139160e-01
1.243187660668380431e+03,6.019444465637207031e-01
1.253213367609254419e+03,5.983333587646484375e-01
1.263239074550128635e+03,5.944444537162780762e-01
1.273264781491002623e+03,6.023889183998107910e-01
1.283290488431876611e+03,6.018333435058593750e-01
1.293316195372750599e+03,5.896666646003723145e-01
1.303341902313624587e+03,5.873333215713500977e-01
1.313367609254498802e+03,5.971666574478149414e-01
1.323393316195372790e+03,5.950000286102294922e-01
1.333419023136246778e+03,5.910555720329284668e-01
1.343444730077120767e+03,5.992777943611145020e-01
1.353470437017994755e+03,5.975000262260437012e-01
1.363496143958868970e+03,5.958889126777648926e-01
1.373521850899742958e+03,5.984444618225097656e-01
1.383547557840616946e+03,5.970000028610229492e-01
1.393573264781490934e+03,5.964999794960021973e-01
1.403598971722365150e+03,5.993333458900451660e-01
1.413624678663239138e+03,5.937222242355346680e-01
1.423650385604113126e+03,5.987222194671630859e-01
1.433676092544987114e+03,5.972777605056762695e-01
1.443701799485861102e+03,6.000555753707885742e-01
1.453727506426735317e+03,5.900555849075317383e-01
1.463753213367609305e+03,5.988333225250244141e-01
1.473778920308483293e+03,5.924444198608398438e-01
1.483804627249357281e+03,5.945000052452087402e-01
1.493830334190231270e+03,5.971666574478149414e-01
1.503856041131105485e+03,5.907222032546997070e-01
1.513881748071979473e+03,5.971111059188842773e-01
1.523907455012853461e+03,5.960000157356262207e-01
1.533933161953727449e+03,5.924444198608398438e-01
1.543958868894601437e+03,5.930555462837219238e-01
1.553984575835475653e+03,5.969444513320922852e-01
1.564010282776349641e+03,5.958333611488342285e-01
1.574035989717223629e+03,5.881111025810241699e-01
1.584061696658097617e+03,5.983333587646484375e-01
1.594087403598971832e+03,5.893333554267883301e-01
1.604113110539845820e+03,5.987222194671630859e-01
1.614138817480719808e+03,5.890555381774902344e-01
1.624164524421593796e+03,5.937222242355346680e-01
1.634190231362467784e+03,5.952222347259521484e-01
1.644215938303342000e+03,5.950000286102294922e-01
1.654241645244215988e+03,5.948888659477233887e-01
1.664267352185089976e+03,5.916666388511657715e-01
1.674293059125963964e+03,5.991111397743225098e-01
1.684318766066837952e+03,5.940555334091186523e-01
1.694344473007712168e+03,5.944444537162780762e-01
1.704370179948586156e+03,5.939444303512573242e-01
1.714395886889460144e+03,5.977222323417663574e-01
1.724421593830334132e+03,5.975555777549743652e-01
1.734447300771208120e+03,5.940555334091186523e-01
1.744473007712082335e+03,5.891110897064208984e-01
1.754498714652956323e+03,5.659999847412109375e-01
1.764524421593830311e+03,5.868333578109741211e-01
1.774550128534704299e+03,5.950000286102294922e-01
1.784575835475578515e+03,5.963333249092102051e-01
1.794601542416452503e+03,5.922222137451171875e-01
1.804627249357326491e+03,5.953888893127441406e-01
1.814652956298200479e+03,5.928888916969299316e-01
1.824678663239074467e+03,5.916666388511657715e-01
1.834704370179948683e+03,5.933333039283752441e-01
1.844730077120822671e+03,5.944444537162780762e-01
1.854755784061696659e+03,5.959444642066955566e-01
1.864781491002570647e+03,5.937222242355346680e-01
1.874807197943444635e+03,5.947222113609313965e-01
1.884832904884318850e+03,5.935555696487426758e-01
1.894858611825192838e+03,5.934444665908813477e-01
1.904884318766066826e+03,5.922777652740478516e-01
1.914910025706940814e+03,5.941666960716247559e-01
1.924935732647814802e+03,5.942777991294860840e-01
1.934961439588689018e+03,5.939999818801879883e-01
1.944987146529563006e+03,5.933889150619506836e-01
1.955012853470436994e+03,5.896666646003723145e-01
1.965038560411310982e+03,5.945000052452087402e-01
1.975064267352185198e+03,5.910000205039978027e-01
1.985089974293059186e+03,5.959444642066955566e-01
1.995115681233933174e+03,5.908333063125610352e-01
2.005141388174807162e+03,5.961666703224182129e-01
2.015167095115681150e+03,5.914444327354431152e-01
2.025192802056555365e+03,5.946111083030700684e-01
2.035218508997429353e+03,5.934444665908813477e-01
2.045244215938303341e+03,5.929999947547912598e-01
2.055269922879177557e+03,5.964999794960021973e-01
2.065295629820051545e+03,5.975555777549743652e-01
2.075321336760925533e+03,5.879999995231628418e-01
2.085347043701799521e+03,5.939999818801879883e-01
2.095372750642673509e+03,5.970000028610229492e-01
2.105398457583547497e+03,5.988333225250244141e-01
2.115424164524421485e+03,5.954999923706054688e-01
2.125449871465295473e+03,5.960000157356262207e-01
2.135475578406169461e+03,5.932222008705139160e-01
2.145501285347043904e+03,5.931110978126525879e-01
2.155526992287917892e+03,5.926666855812072754e-01
2.165552699228791880e+03,5.939444303512573242e-01
2.175578406169665868e+03,5.918333530426025391e-01
2.185604113110539856e+03,5.928888916969299316e-01
2.195629820051413844e+03,5.908889174461364746e-01
2.205655526992287832e+03,5.932222008705139160e-01
2.215681233933161820e+03,5.903888940811157227e-01
2.225706940874035809e+03,5.966110825538635254e-01
2.235732647814910251e+03,5.956110954284667969e-01
2.245758354755784239e+03,5.944444537162780762e-01
2.255784061696658227e+03,5.954444408416748047e-01
2.265809768637532216e+03,5.930555462837219238e-01
2.275835475578406204e+03,5.962222218513488770e-01
2.285861182519280192e+03,5.941666960716247559e-01
2.295886889460154180e+03,5.932777523994445801e-01
2.305912596401028168e+03,5.883888602256774902e-01
2.315938303341902156e+03,5.946666598320007324e-01
2.325964010282776144e+03,5.934444665908813477e-01
2.335989717223650587e+03,5.951111316680908203e-01
2.346015424164524575e+03,5.900555849075317383e-01
2.356041131105398563e+03,5.942777991294860840e-01
2.366066838046272551e+03,5.903888940811157227e-01
2.376092544987146539e+03,5.916110873222351074e-01
2.386118251928020527e+03,5.924999713897705078e-01
2.396143958868894515e+03,5.917778015136718750e-01
2.406169665809768503e+03,5.876111388206481934e-01
2.416195372750642491e+03,5.917778015136718750e-01
2.426221079691516934e+03,5.953888893127441406e-01
2.436246786632390922e+03,5.969444513320922852e-01
2.446272493573264910e+03,5.959444642066955566e-01
2.456298200514138898e+03,5.934444665908813477e-01
2.466323907455012886e+03,5.937777757644653320e-01
2.476349614395886874e+03,5.931666493415832520e-01
2.486375321336760862e+03,5.928333401679992676e-01
2.496401028277634850e+03,5.919444561004638672e-01
2.506426735218508838e+03,5.877222418785095215e-01
2.516452442159382827e+03,5.904444456100463867e-01
2.526478149100257269e+03,5.876111388206481934e-01
2.536503856041131257e+03,5.906666517257690430e-01
2.546529562982005245e+03,5.892778038978576660e-01
2.556555269922879233e+03,5.958889126777648926e-01
2.566580976863753222e+03,5.946111083030700684e-01
2.576606683804627210e+03,5.928888916969299316e-01
2.586632390745501198e+03,5.932777523994445801e-01
2.596658097686375186e+03,5.904999971389770508e-01
2.606683804627249174e+03,5.930555462837219238e-01
2.616709511568123617e+03,5.920000076293945312e-01
2.626735218508997605e+03,5.942222476005554199e-01
2.636760925449871593e+03,5.918333530426025391e-01
2.646786632390745581e+03,5.942777991294860840e-01
2.656812339331619569e+03,5.927777886390686035e-01
2.666838046272493557e+03,5.912222266197204590e-01
2.676863753213367545e+03,5.933333039283752441e-01
2.686889460154241533e+03,5.922222137451171875e-01
2.696915167095115521e+03,5.911111235618591309e-01
2.706940874035989509e+03,5.902777910232543945e-01
2.716966580976863952e+03,5.946111083030700684e-01
2.726992287917737940e+03,5.910000205039978027e-01
2.737017994858611928e+03,5.911111235618591309e-01
2.747043701799485916e+03,5.911666750907897949e-01
2.757069408740359904e+03,5.901111364364624023e-01
2.767095115681233892e+03,5.946111083030700684e-01
2.777120822622107880e+03,5.930555462837219238e-01
2.787146529562981868e+03,5.941666960716247559e-01
2.797172236503855856e+03,5.920000076293945312e-01
2.807197943444730299e+03,5.925555825233459473e-01
2.817223650385604287e+03,5.892221927642822266e-01
2.827249357326478275e+03,5.883888602256774902e-01
2.837275064267352263e+03,5.800555348396301270e-01
2.847300771208226251e+03,5.900555849075317383e-01
2.857326478149100240e+03,5.768333077430725098e-01
2.867352185089974228e+03,5.681111216545104980e-01
2.877377892030848216e+03,5.892221927642822266e-01
2.887403598971722204e+03,5.994444489479064941e-01
2.897429305912596192e+03,5.881111025810241699e-01
2.907455012853470635e+03,5.927777886390686035e-01
2.917480719794344623e+03,5.918333530426025391e-01
2.927506426735218611e+03,5.932222008705139160e-01
2.937532133676092599e+03,5.918333530426025391e-01
2.947557840616966587e+03,5.932222008705139160e-01
2.957583547557840575e+03,5.920000076293945312e-01
2.967609254498714563e+03,5.892221927642822266e-01
2.977634961439588551e+03,5.926111340522766113e-01
2.987660668380462539e+03,5.912777781486511230e-01
2.997686375321336982e+03,5.911111235618591309e-01
3.007712082262210970e+03,5.908889174461364746e-01
3.017737789203084958e+03,5.908889174461364746e-01
3.027763496143958946e+03,5.897777676582336426e-01
3.037789203084832934e+03,5.929444432258605957e-01
3.047814910025706922e+03,5.916110873222351074e-01
3.057840616966580910e+03,5.904999971389770508e-01
3.067866323907454898e+03,5.892778038978576660e-01
3.077892030848328886e+03,5.925555825233459473e-01
3.087917737789202874e+03,5.908333063125610352e-01
3.097943444730077317e+03,5.917778015136718750e-01
3.107969151670951305e+03,5.903333425521850586e-01
3.117994858611825293e+03,5.911111235618591309e-01
3.128020565552699281e+03,5.891110897064208984e-01
3.138046272493573269e+03,5.925555825233459473e-01
3.148071979434447258e+03,5.879999995231628418e-01
3.158097686375321246e+03,5.918333530426025391e-01
3.168123393316195234e+03,5.916110873222351074e-01
3.178149100257069222e+03,5.936666727066040039e-01
3.188174807197943665e+03,5.903888940811157227e-01
3.198200514138817653e+03,5.916666388511657715e-01
3.208226221079691641e+03,5.916110873222351074e-01
3.218251928020565629e+03,5.920000076293945312e-01
3.228277634961439617e+03,5.890555381774902344e-01
3.238303341902313605e+03,5.906666517257690430e-01
3.248329048843187593e+03,5.907222032546997070e-01
3.258354755784061581e+03,5.915555357933044434e-01
3.268380462724935569e+03,5.911666750907897949e-01
3.278406169665809557e+03,5.877777934074401855e-01
3.288431876606684000e+03,5.910555720329284668e-01
3.298457583547557988e+03,5.914444327354431152e-01
3.308483290488431976e+03,5.918889045715332031e-01
3.318508997429305964e+03,5.887777805328369141e-01
3.328534704370179952e+03,5.906111001968383789e-01
3.338560411311053940e+03,5.901666879653930664e-01
3.348586118251927928e+03,5.920000076293945312e-01
3.358611825192801916e+03,5.906111001968383789e-01
3.368637532133675904e+03,5.911666750907897949e-01
3.378663239074550347e+03,5.902222394943237305e-01
3.388688946015424335e+03,5.899999737739562988e-01
3.398714652956298323e+03,5.920555591583251953e-01
3.408740359897172311e+03,5.888888835906982422e-01
3.418766066838046299e+03,5.933333039283752441e-01
3.428791773778920287e+03,5.881111025810241699e-01
3.438817480719794276e+03,5.898333191871643066e-01
3.448843187660668264e+03,5.895000100135803223e-01
3.458868894601542252e+03,5.904999971389770508e-01
3.468894601542416240e+03,5.922777652740478516e-01
3.478920308483290682e+03,5.914999842643737793e-01
3.488946015424164671e+03,5.910000205039978027e-01
3.498971722365038659e+03,5.917778015136718750e-01
3.508997429305912647e+03,5.886666774749755859e-01
3.519023136246786635e+03,5.922222137451171875e-01
3.529048843187660623e+03,5.920000076293945312e-01
3.539074550128534611e+03,5.912777781486511230e-01
3.549100257069408599e+03,5.903333425521850586e-01
3.559125964010282587e+03,5.912777781486511230e-01
3.569151670951157030e+03,5.902222394943237305e-01
3.579177377892031018e+03,5.896666646003723145e-01
3.589203084832905006e+03,5.878333449363708496e-01
3.599228791773778994e+03,5.914999842643737793e-01
3.609254498714652982e+03,5.900555849075317383e-01
3.619280205655526970e+03,5.882777571678161621e-01
3.629305912596400958e+03,5.917222499847412109e-01
3.639331619537274946e+03,5.904444456100463867e-01
3.649357326478148934e+03,5.910555720329284668e-01
3.659383033419022922e+03,5.895555615425109863e-01
3.669408740359897365e+03,5.914444327354431152e-01
3.679434447300771353e+03,5.897777676582336426e-01
3.689460154241645341e+03,5.920555591583251953e-01
3.699485861182519329e+03,5.884444713592529297e-01
3.709511568123393317e+03,5.917222499847412109e-01
3.719537275064267305e+03,5.889999866485595703e-01
3.729562982005141293e+03,5.875555276870727539e-01
3.739588688946015282e+03,5.917778015136718750e-01
3.749614395886889270e+03,5.904444456100463867e-01
3.759640102827763712e+03,5.902222394943237305e-01
3.769665809768637700e+03,5.903333425521850586e-01
3.779691516709511689e+03,5.889444351196289062e-01
3.789717223650385677e+03,5.908889174461364746e-01
3.799742930591259665e+03,5.900555849075317383e-01
3.809768637532133653e+03,5.906111001968383789e-01
3.819794344473007641e+03,5.921666622161865234e-01
3.829820051413881629e+03,5.878333449363708496e-01
3.839845758354755617e+03,5.901666879653930664e-01
3.849871465295629605e+03,5.884444713592529297e-01
3.859897172236504048e+03,5.915555357933044434e-01
3.869922879177378036e+03,5.881666541099548340e-01
3.879948586118252024e+03,5.888888835906982422e-01
3.889974293059126012e+03,5.883333086967468262e-01
3.900000000000000000e+03,5.918889045715332031e-01
