# n, training_loss
0.000000000000000000e+00,4.840442240238189697e-01
1.001468428781204167e+01,2.250243127346038818e-01
2.002936857562408335e+01,1.567056328058242798e-01
3.004405286343612502e+01,1.445337682962417603e-01
4.005873715124816670e+01,1.331559568643569946e-01
5.007342143906021192e+01,1.256779432296752930e-01
6.008810572687225005e+01,1.201500967144966125e-01
7.010279001468428817e+01,1.148465052247047424e-01
8.011747430249633339e+01,1.099251806735992432e-01
9.013215859030837862e+01,1.054003387689590454e-01
1.001468428781204238e+02,1.009423658251762390e-01
1.101615271659324549e+02,9.669542312622070312e-02
1.201762114537445001e+02,9.269177913665771484e-02
1.301908957415565453e+02,8.878951519727706909e-02
1.402055800293685763e+02,8.496178686618804932e-02
1.502202643171806358e+02,8.121566474437713623e-02
1.602349486049926668e+02,7.806928455829620361e-02
1.702496328928046978e+02,7.501427084207534790e-02
1.802643171806167572e+02,7.214487344026565552e-02
1.902790014684287883e+02,6.960537284612655640e-02
2.002936857562408477e+02,6.719118356704711914e-02
2.103083700440528787e+02,6.484229117631912231e-02
2.203230543318649097e+02,6.259181350469589233e-02
2.303377386196769692e+02,6.134186685085296631e-02
2.403524229074890002e+02,5.854634940624237061e-02
2.503671071953010312e+02,5.677526071667671204e-02
2.603817914831130906e+02,5.487938225269317627e-02
2.703964757709251217e+02,5.322407186031341553e-02
2.804111600587371527e+02,5.161442607641220093e-02
2.904258443465491837e+02,4.988221824169158936e-02
3.004405286343612715e+02,4.857613518834114075e-02
3.104552129221733026e+02,4.711889103055000305e-02
3.204698972099853336e+02,4.560670629143714905e-02
3.304845814977973646e+02,4.498146846890449524e-02
3.404992657856093956e+02,4.336288943886756897e-02
3.505139500734214835e+02,4.191048443317413330e-02
3.605286343612335145e+02,4.054088518023490906e-02
3.705433186490455455e+02,3.975048288702964783e-02
3.805580029368575765e+02,3.825426474213600159e-02
3.905726872246696075e+02,3.773581981658935547e-02
4.005873715124816954e+02,3.634507209062576294e-02
4.106020558002937264e+02,3.512238711118698120e-02
4.206167400881057574e+02,3.445648774504661560e-02
4.306314243759177884e+02,3.322247788310050964e-02
4.406461086637298195e+02,3.270592913031578064e-02
4.506607929515418505e+02,3.145764768123626709e-02
4.606754772393539383e+02,3.064235672354698181e-02
4.706901615271659693e+02,2.981761097908020020e-02
4.807048458149780004e+02,2.901544049382209778e-02
4.907195301027900314e+02,2.832441963255405426e-02
5.007342143906020624e+02,2.764823473989963531e-02
5.107488986784141503e+02,2.676796168088912964e-02
5.207635829662261813e+02,2.609392069280147552e-02
5.307782672540381554e+02,2.620769850909709930e-02
5.407929515418502433e+02,2.511178143322467804e-02
5.508076358296623312e+02,2.420845068991184235e-02
5.608223201174743053e+02,2.353734895586967468e-02
5.708370044052863932e+02,2.289252914488315582e-02
5.808516886930983674e+02,2.229910157620906830e-02
5.908663729809104552e+02,2.173518389463424683e-02
6.008810572687225431e+02,2.142575941979885101e-02
6.108957415565345173e+02,2.061318233609199524e-02
6.209104258443466051e+02,2.029007486999034882e-02
6.309251101321585793e+02,1.959620974957942963e-02
6.409397944199706671e+02,1.925066858530044556e-02
6.509544787077827550e+02,1.864653453230857849e-02
6.609691629955947292e+02,1.823148503899574280e-02
6.709838472834068170e+02,1.781919598579406738e-02
6.809985315712187912e+02,1.730654947459697723e-02
6.910132158590308791e+02,1.697185076773166656e-02
7.010279001468429669e+02,1.649736613035202026e-02
7.110425844346549411e+02,1.609448716044425964e-02
7.210572687224670290e+02,1.579863950610160828e-02
7.310719530102790031e+02,1.538002304732799530e-02
7.410866372980910910e+02,1.504746638238430023e-02
7.511013215859031789e+02,1.466231606900691986e-02
7.611160058737151530e+02,1.435054279863834381e-02
7.711306901615272409e+02,1.401909161359071732e-02
7.811453744493392151e+02,1.368172559887170792e-02
7.911600587371513029e+02,1.340957731008529663e-02
8.011747430249633908e+02,1.307201385498046875e-02
8.111894273127753650e+02,1.278237532824277878e-02
8.212041116005874528e+02,1.251047290861606598e-02
8.312187958883994270e+02,1.220686268061399460e-02
8.412334801762115148e+02,1.194910891354084015e-02
8.512481644640234890e+02,1.165669597685337067e-02
8.612628487518355769e+02,1.138463802635669708e-02
8.712775330396476647e+02,1.113686338067054749e-02
8.812922173274596389e+02,1.085531432181596756e-02
8.913069016152717268e+02,1.061046309769153595e-02
9.013215859030837009e+02,1.034376304596662521e-02
9.113362701908957888e+02,1.010172814130783081e-02
9.213509544787078767e+02,9.874597191810607910e-03
9.313656387665198508e+02,9.641913697123527527e-03
9.413803230543319387e+02,9.407918900251388550e-03
9.513950073421439129e+02,9.195597842335700989e-03
9.614096916299560007e+02,8.982921019196510315e-03
9.714243759177680886e+02,8.781375363469123840e-03
9.814390602055800628e+02,8.581804111599922180e-03
9.914537444933921506e+02,8.389904163777828217e-03
1.001468428781204125e+03,8.209284394979476929e-03
1.011483113069016213e+03,8.023719303309917450e-03
1.021497797356828301e+03,7.850300520658493042e-03
1.031512481644640275e+03,7.679962087422609329e-03
1.041527165932452363e+03,7.513450458645820618e-03
1.051541850220264450e+03,7.354721426963806152e-03
1.061556534508076311e+03,7.204595953226089478e-03
1.071571218795888399e+03,7.059714291244745255e-03
1.081585903083700487e+03,6.922930013388395309e-03
1.091600587371512574e+03,6.785684730857610703e-03
1.101615271659324662e+03,6.654304452240467072e-03
1.111629955947136523e+03,6.526707205921411514e-03
1.121644640234948611e+03,6.402409169822931290e-03
1.131659324522760699e+03,6.280268076807260513e-03
1.141674008810572786e+03,6.162349134683609009e-03
1.151688693098384874e+03,6.048223003745079041e-03
1.161703377386196735e+03,5.938901565968990326e-03
1.171718061674008823e+03,5.833913106471300125e-03
1.181732745961820910e+03,5.733302794396877289e-03
1.191747430249632998e+03,5.636743269860744476e-03
1.201762114537445086e+03,5.543468054383993149e-03
1.211776798825256947e+03,5.453358404338359833e-03
1.221791483113069035e+03,5.365619901567697525e-03
1.231806167400881122e+03,5.280524957925081253e-03
1.241820851688693210e+03,5.197442136704921722e-03
1.251835535976505298e+03,5.116195417940616608e-03
1.261850220264317159e+03,5.036607384681701660e-03
1.271864904552129246e+03,4.958024248480796814e-03
1.281879588839941334e+03,4.879621788859367371e-03
1.291894273127753422e+03,4.800168331712484360e-03
1.301908957415565510e+03,4.717244766652584076e-03
1.311923641703377371e+03,4.629618953913450241e-03
1.321938325991189458e+03,4.545785952359437943e-03
1.331953010279001546e+03,4.469228908419609070e-03
1.341967694566813634e+03,4.395513795316219330e-03
1.351982378854625722e+03,4.322063643485307693e-03
1.361997063142437582e+03,4.248059820383787155e-03
1.372011747430249670e+03,4.170658066868782043e-03
1.382026431718061758e+03,4.080026876181364059e-03
1.392041116005873846e+03,3.991053905338048935e-03
1.402055800293685934e+03,3.920676652342081070e-03
1.412070484581497794e+03,3.859812160953879356e-03
1.422085168869309882e+03,3.801565384492278099e-03
1.432099853157121970e+03,3.746463684365153313e-03
1.442114537444934058e+03,3.693803213536739349e-03
1.452129221732746146e+03,3.643284784629940987e-03
1.462143906020558006e+03,3.594898153096437454e-03
1.472158590308370094e+03,3.547697328031063080e-03
1.482173274596182182e+03,3.501147031784057617e-03
1.492187958883994270e+03,3.456562059000134468e-03
1.502202643171806358e+03,3.412696765735745430e-03
1.512217327459618218e+03,3.369761630892753601e-03
1.522232011747430306e+03,3.327746409922838211e-03
1.532246696035242394e+03,3.286347026005387306e-03
1.542261380323054482e+03,3.245830768719315529e-03
1.552276064610866570e+03,3.205007407814264297e-03
1.562290748898678430e+03,3.164557972922921181e-03
1.572305433186490518e+03,3.123477566987276077e-03
1.582320117474302606e+03,3.080985276028513908e-03
1.592334801762114694e+03,3.035818226635456085e-03
1.602349486049926782e+03,2.987784799188375473e-03
1.612364170337738642e+03,2.941048936918377876e-03
1.622378854625550730e+03,2.899147337302565575e-03
1.632393538913362818e+03,2.861710730940103531e-03
1.642408223201174906e+03,2.826824784278869629e-03
1.652422907488986766e+03,2.794125350192189217e-03
1.662437591776798854e+03,2.762957010418176651e-03
1.672452276064610942e+03,2.733280882239341736e-03
1.682466960352423030e+03,2.704786136746406555e-03
1.692481644640235118e+03,2.677046926692128181e-03
1.702496328928046978e+03,2.650235779583454132e-03
1.712511013215859066e+03,2.624214859679341316e-03
1.722525697503671154e+03,2.598680322989821434e-03
1.732540381791483242e+03,2.574006561189889908e-03
1.742555066079295329e+03,2.549795201048254967e-03
1.752569750367107190e+03,2.525503747165203094e-03
1.762584434654919278e+03,2.501472132280468941e-03
1.772599118942731366e+03,2.476511988788843155e-03
1.782613803230543454e+03,2.450521104037761688e-03
1.792628487518355541e+03,2.421588171273469925e-03
1.802643171806167402e+03,2.386064501479268074e-03
1.812657856093979490e+03,2.332956762984395027e-03
1.822672540381791578e+03,2.258161781355738640e-03
1.832687224669603665e+03,2.207133686169981956e-03
1.842701908957415753e+03,2.171195112168788910e-03
1.852716593245227614e+03,2.141750650480389595e-03
1.862731277533039702e+03,2.115776762366294861e-03
1.872745961820851790e+03,2.091868082061409950e-03
1.882760646108663877e+03,2.068710513412952423e-03
1.892775330396475965e+03,2.040877938270568848e-03
1.902790014684287826e+03,1.964265713468194008e-03
1.912804698972099914e+03,1.927158329635858536e-03
1.922819383259912001e+03,1.905760145746171474e-03
1.932834067547724089e+03,1.886134268715977669e-03
1.942848751835536177e+03,1.867734128609299660e-03
1.952863436123348038e+03,1.850090688094496727e-03
1.962878120411160126e+03,1.832933048717677593e-03
1.972892804698972213e+03,1.814784947782754898e-03
1.982907488986784301e+03,1.794890733435750008e-03
1.992922173274596389e+03,1.770971226505935192e-03
2.002936857562408250e+03,1.747267669998109341e-03
2.012951541850220337e+03,1.726360991597175598e-03
2.022966226138032425e+03,1.707499613985419273e-03
2.032980910425844513e+03,1.690607750788331032e-03
2.042995594713656601e+03,1.674981322139501572e-03
2.053010279001468462e+03,1.660552341490983963e-03
2.063024963289280549e+03,1.647150143980979919e-03
2.073039647577092637e+03,1.634304528124630451e-03
2.083054331864904725e+03,1.622193260118365288e-03
2.093069016152716813e+03,1.610316568985581398e-03
2.103083700440528901e+03,1.599099254235625267e-03
2.113098384728340989e+03,1.588227925822138786e-03
2.123113069016152622e+03,1.577886054292321205e-03
2.133127753303964710e+03,1.567713334225118160e-03
2.143142437591776797e+03,1.557913958095014095e-03
2.153157121879588885e+03,1.548424363136291504e-03
2.163171806167400973e+03,1.539206714369356632e-03
2.173186490455213061e+03,1.530360896140336990e-03
2.183201174743025149e+03,1.521638128906488419e-03
2.193215859030837237e+03,1.513047376647591591e-03
2.203230543318649325e+03,1.504625659435987473e-03
2.213245227606461413e+03,1.496381126344203949e-03
2.223259911894273046e+03,1.487949630245566368e-03
2.233274596182085133e+03,1.479233731515705585e-03
2.243289280469897221e+03,1.469932729378342628e-03
2.253303964757709309e+03,1.458575134165585041e-03
2.263318649045521397e+03,1.440715976059436798e-03
2.273333333333333485e+03,1.414600876159965992e-03
2.283348017621145573e+03,1.394787919707596302e-03
2.293362701908957661e+03,1.380242640152573586e-03
2.303377386196769748e+03,1.368392724543809891e-03
2.313392070484581836e+03,1.357857487164437771e-03
2.323406754772393469e+03,1.348621910437941551e-03
2.333421439060205557e+03,1.340446877293288708e-03
2.343436123348017645e+03,1.332907122559845448e-03
2.353450807635829733e+03,1.325565739534795284e-03
2.363465491923641821e+03,1.318664755672216415e-03
2.373480176211453909e+03,1.312084845267236233e-03
2.383494860499265997e+03,1.305761747062206268e-03
2.393509544787078084e+03,1.299763564020395279e-03
2.403524229074890172e+03,1.294100307859480381e-03
2.413538913362702260e+03,1.288534607738256454e-03
2.423553597650513893e+03,1.283216755837202072e-03
2.433568281938325981e+03,1.278118113987147808e-03
2.443582966226138069e+03,1.273165340535342693e-03
2.453597650513950157e+03,1.268367632292211056e-03
2.463612334801762245e+03,1.263777376152575016e-03
2.473627019089574333e+03,1.259325770661234856e-03
2.483641703377386420e+03,1.254885690286755562e-03
2.493656387665198508e+03,1.250567846000194550e-03
2.503671071953010596e+03,1.246433006599545479e-03
2.513685756240822684e+03,1.242293976247310638e-03
2.523700440528634317e+03,1.238360768184065819e-03
2.533715124816446405e+03,1.234532915987074375e-03
2.543729809104258493e+03,1.230725785717368126e-03
2.553744493392070581e+03,1.227013883180916309e-03
2.563759177679882669e+03,1.223292900249361992e-03
2.573773861967694756e+03,1.219643745571374893e-03
2.583788546255506844e+03,1.216042437590658665e-03
2.593803230543318932e+03,1.212464296258985996e-03
2.603817914831131020e+03,1.209010137245059013e-03
2.613832599118942653e+03,1.205475535243749619e-03
2.623847283406754741e+03,1.202169922180473804e-03
2.633861967694566829e+03,1.198971061967313290e-03
2.643876651982378917e+03,1.195884426124393940e-03
2.653891336270191005e+03,1.192872528918087482e-03
2.663906020558003092e+03,1.189958769828081131e-03
2.673920704845815180e+03,1.187039772048592567e-03
2.683935389133627268e+03,1.184212160296738148e-03
2.693950073421439356e+03,1.181426923722028732e-03
2.703964757709251444e+03,1.178724342025816441e-03
2.713979441997063077e+03,1.176040619611740112e-03
2.723994126284875165e+03,1.173422555439174175e-03
2.734008810572687253e+03,1.170866540633141994e-03
2.744023494860499341e+03,1.168394694104790688e-03
2.754038179148311428e+03,1.165969646535813808e-03
2.764052863436123516e+03,1.163593027740716934e-03
2.774067547723935604e+03,1.161287771537899971e-03
2.784082232011747692e+03,1.159024774096906185e-03
2.794096916299559780e+03,1.156852929852902889e-03
2.804111600587371868e+03,1.154661178588867188e-03
2.814126284875183501e+03,1.152496319264173508e-03
2.824140969162995589e+03,1.150391297414898872e-03
2.834155653450807677e+03,1.148320501670241356e-03
2.844170337738619764e+03,1.146283117122948170e-03
2.854185022026431852e+03,1.144252135418355465e-03
2.864199706314243940e+03,1.142264343798160553e-03
2.874214390602056028e+03,1.140304142609238625e-03
2.884229074889868116e+03,1.138358609750866890e-03
2.894243759177680204e+03,1.136473729275166988e-03
2.904258443465492292e+03,1.134645775891840458e-03
2.914273127753303925e+03,1.132897334173321724e-03
2.924287812041116013e+03,1.131159602664411068e-03
2.934302496328928100e+03,1.129413489252328873e-03
2.944317180616740188e+03,1.127724186517298222e-03
2.954331864904552276e+03,1.126072718761861324e-03
2.964346549192364364e+03,1.124453730881214142e-03
2.974361233480176452e+03,1.122836372815072536e-03
2.984375917767988540e+03,1.121270004659891129e-03
2.994390602055800628e+03,1.119696418754756451e-03
3.004405286343612715e+03,1.118226326070725918e-03
3.014419970631424349e+03,1.116665895096957684e-03
3.024434654919236436e+03,1.115191727876663208e-03
3.034449339207048524e+03,1.113732345402240753e-03
3.044464023494860612e+03,1.112296129576861858e-03
3.054478707782672700e+03,1.110861659981310368e-03
3.064493392070484788e+03,1.109475735574960709e-03
3.074508076358296876e+03,1.108119729906320572e-03
3.084522760646108964e+03,1.106770825572311878e-03
3.094537444933921051e+03,1.105455798096954823e-03
3.104552129221733139e+03,1.104161376133561134e-03
3.114566813509544772e+03,1.102888607420027256e-03
3.124581497797356860e+03,1.101622707210481167e-03
3.134596182085168948e+03,1.100361580029129982e-03
3.144610866372981036e+03,1.099137705750763416e-03
3.154625550660793124e+03,1.097909058444201946e-03
3.164640234948605212e+03,1.096700434572994709e-03
3.174654919236417300e+03,1.095501706004142761e-03
3.184669603524229387e+03,1.094334525987505913e-03
3.194684287812041475e+03,1.093184459023177624e-03
3.204698972099853563e+03,1.092054299078881741e-03
3.214713656387665196e+03,1.090926467441022396e-03
3.224728340675477284e+03,1.089837052859365940e-03
3.234743024963289372e+03,1.088744844309985638e-03
3.244757709251101460e+03,1.087661483325064182e-03
3.254772393538913548e+03,1.086566946469247341e-03
3.264787077826725636e+03,1.085511059500277042e-03
3.274801762114537723e+03,1.084470772184431553e-03
3.284816446402349811e+03,1.083386363461613655e-03
3.294831130690161899e+03,1.082288683392107487e-03
3.304845814977973532e+03,1.081182505004107952e-03
3.314860499265785620e+03,1.080181333236396313e-03
3.324875183553597708e+03,1.079216483049094677e-03
3.334889867841409796e+03,1.078274101018905640e-03
3.344904552129221884e+03,1.077336724847555161e-03
3.354919236417033972e+03,1.076419372111558914e-03
3.364933920704846059e+03,1.075531006790697575e-03
3.374948604992658147e+03,1.074632047675549984e-03
3.384963289280470235e+03,1.073756022378802299e-03
3.394977973568282323e+03,1.072895829565823078e-03
3.404992657856093956e+03,1.072041457518935204e-03
3.415007342143906044e+03,1.071217702701687813e-03
3.425022026431718132e+03,1.070404774509370327e-03
3.435036710719530220e+03,1.069608144462108612e-03
3.445051395007342308e+03,1.068825251422822475e-03
3.455066079295154395e+03,1.068055164068937302e-03
3.465080763582966483e+03,1.067277276888489723e-03
3.475095447870778571e+03,1.066529192030429840e-03
3.485110132158590659e+03,1.065790187567472458e-03
3.495124816446402747e+03,1.065058517269790173e-03
3.505139500734214380e+03,1.064343377947807312e-03
3.515154185022026468e+03,1.063645817339420319e-03
3.525168869309838556e+03,1.062924740836024284e-03
3.535183553597650643e+03,1.062235445715487003e-03
3.545198237885462731e+03,1.061560702510178089e-03
3.555212922173274819e+03,1.060893177054822445e-03
3.565227606461086907e+03,1.060228911228477955e-03
3.575242290748898995e+03,1.059572910889983177e-03
3.585256975036711083e+03,1.058933208696544170e-03
3.595271659324523171e+03,1.058275811374187469e-03
3.605286343612334804e+03,1.057645073160529137e-03
3.615301027900146892e+03,1.057018991559743881e-03
3.625315712187958979e+03,1.056405948475003242e-03
3.635330396475771067e+03,1.055800239555537701e-03
3.645345080763583155e+03,1.055200234986841679e-03
3.655359765051395243e+03,1.054613618180155754e-03
3.665374449339207331e+03,1.054032123647630215e-03
3.675389133627019419e+03,1.053457846865057945e-03
3.685403817914831507e+03,1.052898354828357697e-03
3.695418502202643595e+03,1.052330364473164082e-03
3.705433186490455228e+03,1.051779720000922680e-03
3.715447870778267315e+03,1.051236642524600029e-03
3.725462555066079403e+03,1.050693099386990070e-03
3.735477239353891491e+03,1.050134422257542610e-03
3.745491923641703579e+03,1.049578073434531689e-03
3.755506607929515667e+03,1.049046870321035385e-03
3.765521292217327755e+03,1.048533362336456776e-03
3.775535976505139843e+03,1.048016012646257877e-03
3.785550660792951930e+03,1.047511468641459942e-03
3.795565345080764018e+03,1.047015539370477200e-03
3.805580029368575651e+03,1.046524266712367535e-03
3.815594713656387739e+03,1.046033110469579697e-03
3.825609397944199827e+03,1.045554876327514648e-03
3.835624082232011915e+03,1.045081065967679024e-03
3.845638766519824003e+03,1.044610398821532726e-03
3.855653450807636091e+03,1.044152188114821911e-03
3.865668135095448179e+03,1.043702824972569942e-03
3.875682819383260266e+03,1.043243333697319031e-03
3.885697503671072354e+03,1.042792922817170620e-03
3.895712187958883987e+03,1.042338553816080093e-03
3.905726872246696075e+03,1.041899085976183414e-03
3.915741556534508163e+03,1.041464391164481640e-03
3.925756240822320251e+03,1.041036797687411308e-03
3.935770925110132339e+03,1.040620729327201843e-03
3.945785609397944427e+03,1.040212111547589302e-03
3.955800293685756515e+03,1.039813738316297531e-03
3.965814977973568602e+03,1.039407099597156048e-03
3.975829662261380690e+03,1.039013615809381008e-03
3.985844346549192778e+03,1.038631075061857700e-03
3.995859030837004411e+03,1.038247253745794296e-03
4.005873715124816499e+03,1.037881826050579548e-03
4.015888399412628587e+03,1.037504756823182106e-03
4.025903083700440675e+03,1.037139096297323704e-03
4.035917767988252763e+03,1.036776462569832802e-03
4.045932452276064851e+03,1.036420930176973343e-03
4.055947136563876938e+03,1.036062370985746384e-03
4.065961820851689026e+03,1.035708934068679810e-03
4.075976505139501114e+03,1.035366556607186794e-03
4.085991189427313202e+03,1.035026740282773972e-03
4.096005873715124835e+03,1.034695771522819996e-03
4.106020558002936923e+03,1.034362823702394962e-03
4.116035242290749011e+03,1.034034299664199352e-03
4.126049926578561099e+03,1.033711363561451435e-03
4.136064610866373187e+03,1.033393666148185730e-03
4.146079295154185274e+03,1.033081556670367718e-03
4.156093979441997362e+03,1.032766653224825859e-03
4.166108663729809450e+03,1.032462459988892078e-03
4.176123348017621538e+03,1.032157917506992817e-03
4.186138032305433626e+03,1.031863852404057980e-03
4.196152716593245714e+03,1.031565363518893719e-03
4.206167400881057802e+03,1.031270716339349747e-03
4.216182085168869889e+03,1.030986779369413853e-03
4.226196769456681977e+03,1.030697138048708439e-03
4.236211453744494065e+03,1.030413550324738026e-03
4.246226138032305244e+03,1.030129031278192997e-03
4.256240822320117331e+03,1.029853359796106815e-03
4.266255506607929419e+03,1.029581064358353615e-03
4.276270190895741507e+03,1.029308652505278587e-03
4.286284875183553595e+03,1.029039500281214714e-03
4.296299559471365683e+03,1.028775586746633053e-03
4.306314243759177771e+03,1.028512022458016872e-03
4.316328928046989859e+03,1.028254861012101173e-03
4.326343612334801946e+03,1.027995138429105282e-03
4.336358296622614034e+03,1.027747173793613911e-03
4.346372980910426122e+03,1.027492922730743885e-03
4.356387665198238210e+03,1.027243561111390591e-03
4.366402349486050298e+03,1.027001184411346912e-03
4.376417033773862386e+03,1.026761252433061600e-03
4.386431718061674474e+03,1.026523532345890999e-03
4.396446402349486561e+03,1.026289537549018860e-03
4.406461086637298649e+03,1.026056124828755856e-03
4.416475770925110737e+03,1.025819568894803524e-03
4.426490455212922825e+03,1.025586971081793308e-03
4.436505139500734913e+03,1.025358331389725208e-03
4.446519823788546091e+03,1.025135628879070282e-03
4.456534508076358179e+03,1.024910714477300644e-03
4.466549192364170267e+03,1.024695229716598988e-03
4.476563876651982355e+03,1.024476950988173485e-03
4.486578560939794443e+03,1.024261466227471828e-03
4.496593245227606531e+03,1.024047844111919403e-03
4.506607929515418618e+03,1.023828051984310150e-03
4.516622613803230706e+03,1.023622462525963783e-03
4.526637298091042794e+03,1.023408025503158569e-03
4.536651982378854882e+03,1.023198710754513741e-03
4.546666666666666970e+03,1.022986369207501411e-03
4.556681350954479058e+03,1.022782642394304276e-03
4.566696035242291146e+03,1.022576936520636082e-03
4.576710719530103233e+03,1.022369484417140484e-03
4.586725403817915321e+03,1.022170763462781906e-03
4.596740088105727409e+03,1.021973788738250732e-03
4.606754772393539497e+03,1.021777396090328693e-03
4.616769456681351585e+03,1.021584728732705116e-03
4.626784140969163673e+03,1.021396717987954617e-03
4.636798825256974851e+03,1.021211151964962482e-03
4.646813509544786939e+03,1.021028845570981503e-03
4.656828193832599027e+03,1.020847004838287830e-03
4.666842878120411115e+03,1.020667026750743389e-03
4.676857562408223203e+03,1.020489493384957314e-03
4.686872246696035290e+03,1.020309398882091045e-03
4.696886930983847378e+03,1.020133611746132374e-03
4.706901615271659466e+03,1.019962248392403126e-03
4.716916299559471554e+03,1.019791583530604839e-03
4.726930983847283642e+03,1.019618823193013668e-03
4.736945668135095730e+03,1.019450020976364613e-03
4.746960352422907818e+03,1.019282382912933826e-03
4.756975036710719905e+03,1.019118470139801502e-03
4.766989720998531993e+03,1.018957933411002159e-03
4.777004405286344081e+03,1.018797163851559162e-03
4.787019089574156169e+03,1.018635812215507030e-03
4.797033773861968257e+03,1.018478185869753361e-03
4.807048458149780345e+03,1.018322538584470749e-03
4.817063142437592433e+03,1.018167822621762753e-03
4.827077826725404520e+03,1.018012990243732929e-03
4.837092511013215699e+03,1.017864211462438107e-03
4.847107195301027787e+03,1.017712405882775784e-03
4.857121879588839874e+03,1.017562695778906345e-03
4.867136563876651962e+03,1.017414149828255177e-03
4.877151248164464050e+03,1.017267350107431412e-03
4.887165932452276138e+03,1.017118920572102070e-03
4.897180616740088226e+03,1.016974099911749363e-03
4.907195301027900314e+03,1.016831025481224060e-03
4.917209985315712402e+03,1.016687019728124142e-03
4.927224669603524490e+03,1.016545807942748070e-03
4.937239353891336577e+03,1.016402035020291805e-03
4.947254038179148665e+03,1.016264082863926888e-03
4.957268722466960753e+03,1.016128924675285816e-03
4.967283406754772841e+03,1.015992951579391956e-03
4.977298091042584929e+03,1.015856279991567135e-03
4.987312775330397017e+03,1.015721587464213371e-03
4.997327459618209105e+03,1.015588873997330666e-03
5.007342143906021192e+03,1.015457906760275364e-03
5.017356828193833280e+03,1.015328569337725639e-03
5.027371512481645368e+03,1.015202025882899761e-03
5.037386196769456546e+03,1.015074783936142921e-03
5.047400881057268634e+03,1.014951500110328197e-03
5.057415565345080722e+03,1.014826470054686069e-03
5.067430249632892810e+03,1.014702604152262211e-03
5.077444933920704898e+03,1.014582696370780468e-03
5.087459618208516986e+03,1.014462206512689590e-03
5.097474302496329074e+03,1.014344743452966213e-03
5.107488986784141161e+03,1.014226465485990047e-03
5.117503671071953249e+03,1.014110748656094074e-03
5.127518355359765337e+03,1.013994333334267139e-03
5.137533039647577425e+03,1.013883156701922417e-03
5.147547723935389513e+03,1.013767905533313751e-03
5.157562408223201601e+03,1.013656612485647202e-03
5.167577092511013689e+03,1.013545785099267960e-03
5.177591776798825776e+03,1.013436238281428814e-03
5.187606461086637864e+03,1.013329834677278996e-03
5.197621145374449952e+03,1.013222266919910908e-03
5.207635829662262040e+03,1.013117143884301186e-03
5.217650513950074128e+03,1.013012137264013290e-03
5.227665198237885306e+03,1.012908294796943665e-03
5.237679882525697394e+03,1.012805616483092308e-03
5.247694566813509482e+03,1.012701424770057201e-03
5.257709251101321570e+03,1.012599328532814980e-03
5.267723935389133658e+03,1.012499211356043816e-03
5.277738619676945746e+03,1.012399792671203613e-03
5.287753303964757833e+03,1.012302236631512642e-03
5.297767988252569921e+03,1.012204680591821671e-03
5.307782672540382009e+03,1.012108987197279930e-03
5.317797356828194097e+03,1.012012595310807228e-03
5.327812041116006185e+03,1.011916669085621834e-03
5.337826725403818273e+03,1.011823769658803940e-03
5.347841409691630361e+03,1.011731335893273354e-03
5.357856093979442448e+03,1.011638669297099113e-03
5.367870778267254536e+03,1.011548447422683239e-03
5.377885462555066624e+03,1.011457410641014576e-03
5.387900146842878712e+03,1.011369400657713413e-03
5.397914831130690800e+03,1.011278945952653885e-03
5.407929515418502888e+03,1.011190586723387241e-03
5.417944199706314976e+03,1.011103973723948002e-03
5.427958883994126154e+03,1.011016429401934147e-03
5.437973568281938242e+03,1.010929932817816734e-03
5.447988252569750330e+03,1.010844600386917591e-03
5.458002936857562418e+03,1.010760432109236717e-03
5.468017621145374505e+03,1.010675798170268536e-03
5.478032305433186593e+03,1.010593958199024200e-03
5.488046989720998681e+03,1.010509673506021500e-03
5.498061674008810769e+03,1.010426902212202549e-03
5.508076358296622857e+03,1.010344247333705425e-03
5.518091042584434945e+03,1.010260893963277340e-03
5.528105726872247033e+03,1.010179170407354832e-03
5.538120411160059120e+03,1.010098261758685112e-03
5.548135095447871208e+03,1.010018168017268181e-03
5.558149779735683296e+03,1.009939354844391346e-03
5.568164464023495384e+03,1.009861589409410954e-03
5.578179148311307472e+03,1.009783474728465080e-03
5.588193832599119560e+03,1.009706058539450169e-03
5.598208516886931648e+03,1.009630504995584488e-03
5.608223201174743735e+03,1.009555533528327942e-03
5.618237885462555823e+03,1.009482308290898800e-03
5.628252569750367002e+03,1.009407569654285908e-03
5.638267254038179090e+03,1.009334577247500420e-03
5.648281938325991177e+03,1.009262050502002239e-03
5.658296622613803265e+03,1.009189174510538578e-03
5.668311306901615353e+03,1.009119208902120590e-03
5.678325991189427441e+03,1.009048079140484333e-03
5.688340675477239529e+03,1.008978346362709999e-03
5.698355359765051617e+03,1.008908613584935665e-03
5.708370044052863705e+03,1.008839812129735947e-03
5.718384728340675792e+03,1.008772989735007286e-03
5.728399412628487880e+03,1.008703955449163914e-03
5.738414096916299968e+03,1.008636085316538811e-03
5.748428781204112056e+03,1.008568331599235535e-03
5.758443465491924144e+03,1.008501159958541393e-03
5.768458149779736232e+03,1.008435385301709175e-03
5.778472834067548320e+03,1.008369377814233303e-03
5.788487518355360407e+03,1.008302788250148296e-03
5.798502202643172495e+03,1.008236431516706944e-03
5.808516886930984583e+03,1.008171821013092995e-03
5.818531571218795762e+03,1.008106861263513565e-03
5.828546255506607849e+03,1.008043065667152405e-03
5.838560939794419937e+03,1.007980084978044033e-03
5.848575624082232025e+03,1.007918268442153931e-03
5.858590308370044113e+03,1.007857732474803925e-03
5.868604992657856201e+03,1.007796614430844784e-03
5.878619676945668289e+03,1.007737475447356701e-03
5.888634361233480377e+03,1.007678569294512272e-03
5.898649045521292464e+03,1.007618848234415054e-03
5.908663729809104552e+03,1.007561222650110722e-03
5.918678414096916640e+03,1.007503829896450043e-03
5.928693098384728728e+03,1.007445156574249268e-03
5.938707782672540816e+03,1.007389393635094166e-03
5.948722466960352904e+03,1.007333397865295410e-03
5.958737151248164992e+03,1.007276703603565693e-03
5.968751835535977079e+03,1.007220940664410591e-03
5.978766519823789167e+03,1.007166109047830105e-03
5.988781204111601255e+03,1.007111044600605965e-03
5.998795888399413343e+03,1.007054699584841728e-03
6.008810572687225431e+03,1.006998936645686626e-03
6.018825256975036609e+03,1.006943639367818832e-03
6.028839941262848697e+03,1.006889855489134789e-03
6.038854625550660785e+03,1.006835722364485264e-03
6.048869309838472873e+03,1.006781938485801220e-03
6.058883994126284961e+03,1.006728387437760830e-03
6.068898678414097049e+03,1.006675185635685921e-03
6.078913362701909136e+03,1.006622100248932838e-03
6.088928046989721224e+03,1.006568898446857929e-03
6.098942731277533312e+03,1.006515580229461193e-03
6.108957415565345400e+03,1.006461679935455322e-03
6.118972099853157488e+03,1.006407663226127625e-03
6.128986784140969576e+03,1.006352249532938004e-03
6.139001468428781664e+03,1.006293226964771748e-03
6.149016152716593751e+03,1.006229547783732414e-03
6.159030837004405839e+03,1.006152364425361156e-03
6.169045521292217927e+03,1.006034668534994125e-03
6.179060205580030015e+03,1.005493337288498878e-03
6.189074889867842103e+03,1.328793005086481571e-03
6.199089574155654191e+03,5.000000000000000000e-01
6.209104258443466279e+03,5.000000000000000000e-01
6.219118942731277457e+03,5.000000000000000000e-01
6.229133627019089545e+03,5.000000000000000000e-01
6.239148311306901633e+03,5.000000000000000000e-01
6.249162995594713720e+03,5.000000000000000000e-01
6.259177679882525808e+03,5.000000000000000000e-01
6.269192364170337896e+03,5.000000000000000000e-01
6.279207048458149984e+03,5.000000000000000000e-01
6.289221732745962072e+03,5.000000000000000000e-01
6.299236417033774160e+03,5.000000000000000000e-01
6.309251101321586248e+03,5.000000000000000000e-01
6.319265785609398336e+03,5.000000000000000000e-01
6.329280469897210423e+03,5.000000000000000000e-01
6.339295154185022511e+03,5.000000000000000000e-01
6.349309838472834599e+03,5.000000000000000000e-01
6.359324522760646687e+03,5.000000000000000000e-01
6.369339207048458775e+03,5.000000000000000000e-01
6.379353891336270863e+03,5.000000000000000000e-01
6.389368575624082951e+03,5.000000000000000000e-01
6.399383259911895038e+03,5.000000000000000000e-01
6.409397944199707126e+03,5.000000000000000000e-01
6.419412628487518305e+03,5.000000000000000000e-01
6.429427312775330392e+03,5.000000000000000000e-01
6.439441997063142480e+03,5.000000000000000000e-01
6.449456681350954568e+03,5.000000000000000000e-01
6.459471365638766656e+03,5.000000000000000000e-01
6.469486049926578744e+03,5.000000000000000000e-01
6.479500734214390832e+03,5.000000000000000000e-01
6.489515418502202920e+03,5.000000000000000000e-01
6.499530102790015007e+03,5.000000000000000000e-01
6.509544787077827095e+03,5.000000000000000000e-01
6.519559471365639183e+03,5.000000000000000000e-01
6.529574155653451271e+03,5.000000000000000000e-01
6.539588839941263359e+03,5.000000000000000000e-01
6.549603524229075447e+03,5.000000000000000000e-01
6.559618208516887535e+03,5.000000000000000000e-01
6.569632892804699623e+03,5.000000000000000000e-01
6.579647577092511710e+03,5.000000000000000000e-01
6.589662261380323798e+03,5.000000000000000000e-01
6.599676945668135886e+03,5.000000000000000000e-01
6.609691629955947064e+03,5.000000000000000000e-01
6.619706314243759152e+03,5.000000000000000000e-01
6.629720998531571240e+03,5.000000000000000000e-01
6.639735682819383328e+03,5.000000000000000000e-01
6.649750367107195416e+03,5.000000000000000000e-01
6.659765051395007504e+03,5.000000000000000000e-01
6.669779735682819592e+03,5.000000000000000000e-01
6.679794419970631679e+03,5.000000000000000000e-01
6.689809104258443767e+03,5.000000000000000000e-01
6.699823788546255855e+03,5.000000000000000000e-01
6.709838472834067943e+03,5.000000000000000000e-01
6.719853157121880031e+03,5.000000000000000000e-01
6.729867841409692119e+03,5.000000000000000000e-01
6.739882525697504207e+03,5.000000000000000000e-01
6.749897209985316294e+03,5.000000000000000000e-01
6.759911894273128382e+03,5.000000000000000000e-01
6.769926578560940470e+03,5.000000000000000000e-01
6.779941262848752558e+03,5.000000000000000000e-01
6.789955947136564646e+03,5.000000000000000000e-01
6.799970631424376734e+03,5.000000000000000000e-01
6.809985315712187912e+03,5.000000000000000000e-01
6.820000000000000000e+03,5.000000000000000000e-01
