# n, training_loss
0.000000000000000000e+00,5.128488540649414062e-01
1.002617801047120416e+01,3.159564137458801270e-01
2.005235602094240832e+01,2.730260491371154785e-01
3.007853403141361071e+01,2.600159347057342529e-01
4.010471204188481664e+01,2.204813808202743530e-01
5.013089005235602258e+01,2.409846782684326172e-01
6.015706806282722141e+01,2.257940322160720825e-01
7.018324607329843445e+01,2.215653508901596069e-01
8.020942408376963328e+01,2.160042524337768555e-01
9.023560209424083212e+01,1.986005455255508423e-01
1.002617801047120452e+02,1.835975348949432373e-01
1.102879581151832440e+02,1.690866947174072266e-01
1.203141361256544428e+02,1.756219714879989624e-01
1.303403141361256417e+02,2.008351236581802368e-01
1.403664921465968689e+02,1.755882501602172852e-01
1.503926701570680677e+02,1.897970885038375854e-01
1.604188481675392666e+02,1.590957641601562500e-01
1.704450261780104654e+02,1.519557535648345947e-01
1.804712041884816642e+02,1.553535014390945435e-01
1.904973821989528915e+02,1.355939358472824097e-01
2.005235602094240903e+02,1.604191660881042480e-01
2.105497382198952891e+02,1.612203270196914673e-01
2.205759162303664880e+02,1.294798552989959717e-01
2.306020942408376868e+02,1.404097527265548706e-01
2.406282722513088856e+02,1.240256428718566895e-01
2.506544502617801129e+02,1.189677789807319641e-01
2.606806282722512833e+02,1.255027949810028076e-01
2.707068062827225390e+02,1.392010152339935303e-01
2.807329842931937378e+02,1.142880171537399292e-01
2.907591623036649366e+02,1.115971654653549194e-01
3.007853403141361355e+02,1.041157841682434082e-01
3.108115183246073343e+02,1.088108941912651062e-01
3.208376963350785331e+02,1.170277297496795654e-01
3.308638743455497320e+02,1.155920773744583130e-01
3.408900523560209308e+02,1.024261042475700378e-01
3.509162303664921296e+02,1.067955866456031799e-01
3.609424083769633285e+02,9.341794252395629883e-02
3.709685863874345273e+02,1.000922545790672302e-01
3.809947643979057830e+02,8.755987137556076050e-02
3.910209424083769818e+02,9.815415740013122559e-02
4.010471204188481806e+02,9.445635974407196045e-02
4.110732984293193795e+02,9.445478022098541260e-02
4.210994764397905783e+02,8.987100422382354736e-02
4.311256544502617771e+02,9.748242795467376709e-02
4.411518324607329760e+02,9.330748021602630615e-02
4.511780104712041748e+02,1.035530492663383484e-01
4.612041884816753736e+02,9.669749438762664795e-02
4.712303664921465725e+02,9.438210725784301758e-02
4.812565445026177713e+02,7.130263000726699829e-02
4.912827225130890270e+02,9.043286740779876709e-02
5.013089005235602258e+02,8.492647856473922729e-02
5.113350785340314246e+02,7.489756494760513306e-02
5.213612565445025666e+02,8.614137023687362671e-02
5.313874345549737654e+02,7.767490297555923462e-02
5.414136125654450780e+02,7.505836337804794312e-02
5.514397905759162768e+02,8.668275177478790283e-02
5.614659685863874756e+02,8.203437924385070801e-02
5.714921465968586745e+02,6.976362317800521851e-02
5.815183246073298733e+02,7.330824434757232666e-02
5.915445026178010721e+02,7.653747498989105225e-02
6.015706806282722710e+02,8.169062435626983643e-02
6.115968586387434698e+02,7.592784613370895386e-02
6.216230366492146686e+02,7.457540929317474365e-02
6.316492146596858674e+02,7.107738405466079712e-02
6.416753926701570663e+02,6.782355159521102905e-02
6.517015706806282651e+02,7.255922257900238037e-02
6.617277486910994639e+02,6.084486469626426697e-02
6.717539267015706628e+02,6.764561682939529419e-02
6.817801047120418616e+02,6.666535884141921997e-02
6.918062827225130604e+02,5.843167379498481750e-02
7.018324607329842593e+02,6.472380459308624268e-02
7.118586387434554581e+02,5.938816443085670471e-02
7.218848167539266569e+02,6.249907612800598145e-02
7.319109947643978558e+02,5.226698145270347595e-02
7.419371727748690546e+02,6.087267398834228516e-02
7.519633507853403671e+02,5.516695231199264526e-02
7.619895287958115659e+02,6.385359913110733032e-02
7.720157068062827648e+02,5.918686091899871826e-02
7.820418848167539636e+02,5.617826059460639954e-02
7.920680628272251624e+02,6.224102899432182312e-02
8.020942408376963613e+02,6.056479737162590027e-02
8.121204188481675601e+02,6.143137812614440918e-02
8.221465968586387589e+02,5.449422821402549744e-02
8.321727748691099578e+02,5.192101746797561646e-02
8.421989528795811566e+02,5.471000075340270996e-02
8.522251308900523554e+02,5.366179719567298889e-02
8.622513089005235543e+02,5.183951556682586670e-02
8.722774869109947531e+02,4.642059653997421265e-02
8.823036649214659519e+02,5.419477820396423340e-02
8.923298429319371508e+02,4.387776926159858704e-02
9.023560209424083496e+02,3.915784507989883423e-02
9.123821989528795484e+02,5.029572173953056335e-02
9.224083769633507472e+02,4.984057694673538208e-02
9.324345549738219461e+02,5.317801609635353088e-02
9.424607329842931449e+02,4.539502784609794617e-02
9.524869109947643437e+02,4.881922528147697449e-02
9.625130890052355426e+02,3.562984243035316467e-02
9.725392670157068551e+02,4.537072405219078064e-02
9.825654450261780539e+02,4.120007902383804321e-02
9.925916230366492528e+02,4.562613740563392639e-02
1.002617801047120452e+03,5.375862121582031250e-02
1.012643979057591650e+03,5.186393484473228455e-02
1.022670157068062849e+03,4.072016850113868713e-02
1.032696335078534048e+03,3.807922452688217163e-02
1.042722513089005133e+03,4.020479321479797363e-02
1.052748691099476446e+03,4.665229097008705139e-02
1.062774869109947531e+03,4.718864336609840393e-02
1.072801047120418843e+03,5.044829845428466797e-02
1.082827225130890156e+03,4.229650273919105530e-02
1.092853403141361241e+03,4.167904332280158997e-02
1.102879581151832554e+03,4.593912139534950256e-02
1.112905759162303639e+03,4.462091624736785889e-02
1.122931937172774951e+03,3.843945264816284180e-02
1.132958115183246036e+03,4.030155017971992493e-02
1.142984293193717349e+03,3.842418268322944641e-02
1.153010471204188434e+03,3.647636249661445618e-02
1.163036649214659747e+03,3.775678947567939758e-02
1.173062827225130832e+03,3.698438778519630432e-02
1.183089005235602144e+03,4.282831400632858276e-02
1.193115183246073229e+03,3.093771450221538544e-02
1.203141361256544542e+03,3.833951428532600403e-02
1.213167539267015627e+03,4.115959629416465759e-02
1.223193717277486940e+03,3.326094895601272583e-02
1.233219895287958025e+03,3.556189686059951782e-02
1.243246073298429337e+03,4.565053433179855347e-02
1.253272251308900422e+03,3.390634059906005859e-02
1.263298429319371735e+03,3.297409415245056152e-02
1.273324607329842820e+03,3.715625032782554626e-02
1.283350785340314133e+03,3.897402063012123108e-02
1.293376963350785445e+03,3.252206370234489441e-02
1.303403141361256530e+03,3.541729599237442017e-02
1.313429319371727843e+03,2.902374975383281708e-02
1.323455497382198928e+03,2.610893920063972473e-02
1.333481675392670240e+03,3.336152806878089905e-02
1.343507853403141326e+03,3.408901765942573547e-02
1.353534031413612638e+03,3.038514405488967896e-02
1.363560209424083723e+03,3.231291845440864563e-02
1.373586387434555036e+03,4.015940800309181213e-02
1.383612565445026121e+03,3.646899387240409851e-02
1.393638743455497433e+03,3.094230219721794128e-02
1.403664921465968519e+03,2.933723106980323792e-02
1.413691099476439831e+03,3.381939604878425598e-02
1.423717277486910916e+03,2.472966164350509644e-02
1.433743455497382229e+03,3.006160072982311249e-02
1.443769633507853314e+03,3.819121047854423523e-02
1.453795811518324626e+03,2.722209692001342773e-02
1.463821989528795712e+03,2.964832447469234467e-02
1.473848167539267024e+03,3.201079741120338440e-02
1.483874345549738109e+03,2.305490523576736450e-02
1.493900523560209422e+03,3.029635362327098846e-02
1.503926701570680734e+03,2.318078279495239258e-02
1.513952879581151819e+03,3.274252638220787048e-02
1.523979057591623132e+03,2.948051877319812775e-02
1.534005235602094217e+03,3.164117038249969482e-02
1.544031413612565530e+03,2.400741726160049438e-02
1.554057591623036615e+03,2.823628671467304230e-02
1.564083769633507927e+03,2.724879607558250427e-02
1.574109947643979012e+03,2.908012457191944122e-02
1.584136125654450325e+03,2.590205892920494080e-02
1.594162303664921410e+03,2.748524025082588196e-02
1.604188481675392723e+03,2.350838296115398407e-02
1.614214659685863808e+03,2.818425744771957397e-02
1.624240837696335120e+03,2.693249098956584930e-02
1.634267015706806205e+03,2.518769539892673492e-02
1.644293193717277518e+03,2.183617278933525085e-02
1.654319371727748603e+03,3.197347745299339294e-02
1.664345549738219916e+03,2.608746103942394257e-02
1.674371727748691001e+03,2.158240787684917450e-02
1.684397905759162313e+03,2.648756280541419983e-02
1.694424083769633398e+03,2.107207104563713074e-02
1.704450261780104711e+03,3.266850858926773071e-02
1.714476439790576023e+03,2.687726728618144989e-02
1.724502617801047109e+03,2.321328036487102509e-02
1.734528795811518421e+03,2.073560282588005066e-02
1.744554973821989506e+03,2.622533217072486877e-02
1.754581151832460819e+03,2.661996521055698395e-02
1.764607329842931904e+03,2.549049444496631622e-02
1.774633507853403216e+03,2.492133341729640961e-02
1.784659685863874302e+03,2.606163546442985535e-02
1.794685863874345614e+03,2.309910580515861511e-02
1.804712041884816699e+03,2.361963689327239990e-02
1.814738219895288012e+03,2.724911458790302277e-02
1.824764397905759097e+03,2.130449377000331879e-02
1.834790575916230409e+03,1.916371472179889679e-02
1.844816753926701494e+03,1.914873160421848297e-02
1.854842931937172807e+03,2.349089831113815308e-02
1.864869109947643892e+03,2.981631830334663391e-02
1.874895287958115205e+03,2.204763703048229218e-02
1.884921465968586290e+03,1.963006518781185150e-02
1.894947643979057602e+03,2.194102853536605835e-02
1.904973821989528687e+03,1.574509032070636749e-02
1.915000000000000000e+03,1.659469678997993469e-02
1.925026178010471085e+03,2.065528184175491333e-02
1.935052356020942398e+03,1.406314130872488022e-02
1.945078534031413710e+03,1.920292340219020844e-02
1.955104712041884795e+03,2.090846933424472809e-02
1.965130890052356108e+03,1.548710744827985764e-02
1.975157068062827193e+03,2.121453173458576202e-02
1.985183246073298506e+03,1.973208598792552948e-02
1.995209424083769591e+03,2.000206708908081055e-02
2.005235602094240903e+03,1.780873723328113556e-02
2.015261780104711988e+03,2.193290367722511292e-02
2.025287958115183301e+03,1.896087266504764557e-02
2.035314136125654386e+03,2.288789674639701843e-02
2.045340314136125698e+03,2.341225929558277130e-02
2.055366492146597011e+03,1.604694500565528870e-02
2.065392670157068096e+03,1.745884306728839874e-02
2.075418848167539181e+03,1.806695945560932159e-02
2.085445026178010266e+03,2.187175117433071136e-02
2.095471204188481806e+03,2.563843689858913422e-02
2.105497382198952891e+03,1.705509237945079803e-02
2.115523560209423977e+03,1.347796618938446045e-02
2.125549738219895062e+03,1.565419137477874756e-02
2.135575916230366602e+03,1.971282996237277985e-02
2.145602094240837687e+03,1.285319495946168900e-02
2.155628272251308772e+03,1.533883623778820038e-02
2.165654450261780312e+03,1.787756755948066711e-02
2.175680628272251397e+03,1.907047443091869354e-02
2.185706806282722482e+03,1.722743175923824310e-02
2.195732984293193567e+03,1.895291358232498169e-02
2.205759162303665107e+03,2.335537783801555634e-02
2.215785340314136192e+03,1.272774301469326019e-02
2.225811518324607277e+03,1.616200618445873260e-02
2.235837696335078363e+03,2.142813242971897125e-02
2.245863874345549903e+03,1.368584483861923218e-02
2.255890052356020988e+03,1.400486752390861511e-02
2.265916230366492073e+03,1.382564939558506012e-02
2.275942408376963158e+03,1.603285782039165497e-02
2.285968586387434698e+03,1.456294767558574677e-02
2.295994764397905783e+03,1.577060297131538391e-02
2.306020942408376868e+03,1.436577457934617996e-02
2.316047120418847953e+03,1.776971481740474701e-02
2.326073298429319493e+03,1.473597902804613113e-02
2.336099476439790578e+03,1.436695735901594162e-02
2.346125654450261663e+03,1.662633009254932404e-02
2.356151832460733203e+03,1.324514206498861313e-02
2.366178010471204288e+03,1.300926320254802704e-02
2.376204188481675374e+03,1.119787991046905518e-02
2.386230366492146459e+03,1.624785177409648895e-02
2.396256544502617999e+03,1.669447682797908783e-02
2.406282722513089084e+03,1.829594932496547699e-02
2.416308900523560169e+03,1.488100551068782806e-02
2.426335078534031254e+03,1.470933109521865845e-02
2.436361256544502794e+03,1.091480720788240433e-02
2.446387434554973879e+03,1.239108853042125702e-02
2.456413612565444964e+03,1.292720995843410492e-02
2.466439790575916049e+03,1.704992353916168213e-02
2.476465968586387589e+03,1.595713384449481964e-02
2.486492146596858674e+03,1.597725972533226013e-02
2.496518324607329760e+03,1.566806063055992126e-02
2.506544502617800845e+03,1.373354531824588776e-02
2.516570680628272385e+03,1.742368936538696289e-02
2.526596858638743470e+03,1.319252233952283859e-02
2.536623036649214555e+03,1.368164084851741791e-02
2.546649214659685640e+03,1.401955913752317429e-02
2.556675392670157180e+03,9.520183317363262177e-03
2.566701570680628265e+03,1.184053439646959305e-02
2.576727748691099350e+03,1.246090326458215714e-02
2.586753926701570890e+03,1.087497826665639877e-02
2.596780104712041975e+03,1.348976790904998779e-02
2.606806282722513060e+03,1.423965208232402802e-02
2.616832460732984146e+03,1.098883990198373795e-02
2.626858638743455685e+03,1.288280822336673737e-02
2.636884816753926771e+03,9.267423301935195923e-03
2.646910994764397856e+03,1.524954382330179214e-02
2.656937172774868941e+03,1.425321027636528015e-02
2.666963350785340481e+03,1.365782506763935089e-02
2.676989528795811566e+03,9.136682376265525818e-03
2.687015706806282651e+03,9.114022366702556610e-03
2.697041884816753736e+03,1.084021944552659988e-02
2.707068062827225276e+03,1.694320887327194214e-02
2.717094240837696361e+03,1.154788024723529816e-02
2.727120418848167446e+03,1.116507034748792648e-02
2.737146596858638532e+03,1.089442241936922073e-02
2.747172774869110071e+03,9.278867393732070923e-03
2.757198952879581157e+03,1.485030259937047958e-02
2.767225130890052242e+03,1.291206944733858109e-02
2.777251308900523327e+03,1.338819507509469986e-02
2.787277486910994867e+03,1.088277623057365417e-02
2.797303664921465952e+03,1.075781416147947311e-02
2.807329842931937037e+03,1.147702801972627640e-02
2.817356020942408577e+03,8.841114118695259094e-03
2.827382198952879662e+03,1.309200283139944077e-02
2.837408376963350747e+03,1.448758970946073532e-02
2.847434554973821832e+03,9.972732514142990112e-03
2.857460732984293372e+03,9.735295549035072327e-03
2.867486910994764457e+03,1.516457833349704742e-02
2.877513089005235543e+03,1.004545390605926514e-02
2.887539267015706628e+03,1.570955105125904083e-02
2.897565445026178168e+03,1.221101637929677963e-02
2.907591623036649253e+03,8.862167596817016602e-03
2.917617801047120338e+03,8.961102925240993500e-03
2.927643979057591423e+03,1.372769568115472794e-02
2.937670157068062963e+03,9.481094777584075928e-03
2.947696335078534048e+03,8.438188582658767700e-03
2.957722513089005133e+03,7.340443786233663559e-03
2.967748691099476218e+03,1.285546179860830307e-02
2.977774869109947758e+03,8.919192478060722351e-03
2.987801047120418843e+03,8.690125308930873871e-03
2.997827225130889929e+03,8.217867463827133179e-03
3.007853403141361468e+03,1.087025366723537445e-02
3.017879581151832554e+03,1.203406322747468948e-02
3.027905759162303639e+03,1.041807048022747040e-02
3.037931937172774724e+03,7.173695601522922516e-03
3.047958115183246264e+03,5.891037173569202423e-03
3.057984293193717349e+03,8.604972623288631439e-03
3.068010471204188434e+03,9.875983931124210358e-03
3.078036649214659519e+03,5.584152881056070328e-03
3.088062827225131059e+03,1.176685746759176254e-02
3.098089005235602144e+03,7.404347881674766541e-03
3.108115183246073229e+03,7.598990108817815781e-03
3.118141361256544315e+03,7.370502222329378128e-03
3.128167539267015854e+03,1.028459612280130386e-02
3.138193717277486940e+03,1.011442765593528748e-02
3.148219895287958025e+03,9.490396827459335327e-03
3.158246073298429110e+03,7.942464202642440796e-03
3.168272251308900650e+03,1.100995577871799469e-02
3.178298429319371735e+03,8.972160518169403076e-03
3.188324607329842820e+03,1.167843025177717209e-02
3.198350785340313905e+03,5.929457023739814758e-03
3.208376963350785445e+03,1.000519469380378723e-02
3.218403141361256530e+03,4.276585765182971954e-03
3.228429319371727615e+03,7.443151436746120453e-03
3.238455497382199155e+03,1.080252137035131454e-02
3.248481675392670240e+03,7.401425857096910477e-03
3.258507853403141326e+03,1.217406801879405975e-02
3.268534031413612411e+03,1.331975869834423065e-02
3.278560209424083951e+03,6.680716760456562042e-03
3.288586387434555036e+03,5.571609362959861755e-03
3.298612565445026121e+03,6.156745832413434982e-03
3.308638743455497206e+03,7.629234809428453445e-03
3.318664921465968746e+03,1.157823856920003891e-02
3.328691099476439831e+03,9.657541289925575256e-03
3.338717277486910916e+03,1.122833788394927979e-02
3.348743455497382001e+03,9.276692755520343781e-03
3.358769633507853541e+03,8.573860861361026764e-03
3.368795811518324626e+03,6.388784386217594147e-03
3.378821989528795712e+03,6.297771818935871124e-03
3.388848167539266797e+03,6.910588126629590988e-03
3.398874345549738337e+03,6.734287366271018982e-03
3.408900523560209422e+03,7.537876255810260773e-03
3.418926701570680507e+03,9.317860007286071777e-03
3.428952879581152047e+03,1.024481561034917831e-02
3.438979057591623132e+03,1.103395596146583557e-02
3.449005235602094217e+03,8.587033487856388092e-03
3.459031413612565302e+03,7.262344472110271454e-03
3.469057591623036842e+03,7.840329781174659729e-03
3.479083769633507927e+03,6.003336515277624130e-03
3.489109947643979012e+03,6.276392843574285507e-03
3.499136125654450097e+03,4.402907099574804306e-03
3.509162303664921637e+03,8.775150403380393982e-03
3.519188481675392723e+03,4.231101367622613907e-03
3.529214659685863808e+03,5.135459825396537781e-03
3.539240837696334893e+03,6.534612737596035004e-03
3.549267015706806433e+03,7.417206186801195145e-03
3.559293193717277518e+03,6.481886841356754303e-03
3.569319371727748603e+03,8.118143305182456970e-03
3.579345549738219688e+03,8.944055996835231781e-03
3.589371727748691228e+03,9.648163802921772003e-03
3.599397905759162313e+03,1.168746780604124069e-02
3.609424083769633398e+03,8.911128155887126923e-03
3.619450261780104483e+03,1.069532800465822220e-02
3.629476439790576023e+03,5.995193030685186386e-03
3.639502617801047109e+03,7.704157847911119461e-03
3.649528795811518194e+03,7.492826320230960846e-03
3.659554973821989734e+03,4.079727455973625183e-03
3.669581151832460819e+03,9.534661658108234406e-03
3.679607329842931904e+03,1.194257475435733795e-02
3.689633507853402989e+03,4.662845749408006668e-03
3.699659685863874529e+03,6.196439731866121292e-03
3.709685863874345614e+03,7.337689399719238281e-03
3.719712041884816699e+03,8.985805325210094452e-03
3.729738219895287784e+03,4.820215050131082535e-03
3.739764397905759324e+03,1.039155386388301849e-02
3.749790575916230409e+03,8.398912847042083740e-03
3.759816753926701494e+03,2.746662124991416931e-03
3.769842931937172580e+03,2.617358695715665817e-03
3.779869109947644120e+03,6.323894485831260681e-03
3.789895287958115205e+03,6.600086111575365067e-03
3.799921465968586290e+03,5.571006331592798233e-03
3.809947643979057375e+03,4.584475420415401459e-03
3.819973821989528915e+03,7.561774458736181259e-03
3.830000000000000000e+03,4.325469955801963806e-03
