# n, training_loss
0.000000000000000000e+00,3.744649887084960938e-01
1.001517450682852761e+01,2.941818833351135254e-01
2.003034901365705522e+01,2.674373388290405273e-01
3.004552352048558106e+01,2.473542243242263794e-01
4.006069802731411045e+01,2.339892983436584473e-01
5.007587253414263984e+01,2.231997549533843994e-01
6.009104704097116212e+01,2.143209725618362427e-01
7.010622154779969151e+01,2.071202099323272705e-01
8.012139605462822090e+01,2.011069059371948242e-01
9.013657056145675028e+01,1.958489269018173218e-01
1.001517450682852797e+02,1.912674456834793091e-01
1.101669195751138091e+02,1.873547136783599854e-01
1.201820940819423242e+02,1.837131381034851074e-01
1.301972685887708678e+02,1.802820563316345215e-01
1.402124430955993830e+02,1.770090311765670776e-01
1.502276176024279266e+02,1.739118546247482300e-01
1.602427921092564418e+02,1.709374040365219116e-01
1.702579666160849570e+02,1.681562662124633789e-01
1.802731411229135006e+02,1.655372828245162964e-01
1.902883156297420157e+02,1.630724519491195679e-01
2.003034901365705593e+02,1.607248634099960327e-01
2.103186646433990745e+02,1.584657430648803711e-01
2.203338391502276181e+02,1.563129425048828125e-01
2.303490136570561333e+02,1.542153954505920410e-01
2.403641881638846485e+02,1.522033959627151489e-01
2.503793626707131921e+02,1.502701938152313232e-01
2.603945371775417357e+02,1.483968049287796021e-01
2.704097116843702224e+02,1.465812027454376221e-01
2.804248861911987660e+02,1.448053717613220215e-01
2.904400606980273096e+02,1.430737525224685669e-01
3.004552352048558532e+02,1.413699984550476074e-01
3.104704097116843400e+02,1.397121399641036987e-01
3.204855842185128836e+02,1.381032615900039673e-01
3.305007587253414272e+02,1.365156769752502441e-01
3.405159332321699139e+02,1.349457055330276489e-01
3.505311077389984575e+02,1.334220618009567261e-01
3.605462822458270011e+02,1.319516748189926147e-01
3.705614567526555447e+02,1.305140554904937744e-01
3.805766312594840315e+02,1.291106194257736206e-01
3.905918057663125751e+02,1.277377009391784668e-01
4.006069802731411187e+02,1.263854652643203735e-01
4.106221547799696054e+02,1.250545829534530640e-01
4.206373292867981490e+02,1.237482279539108276e-01
4.306525037936266926e+02,1.224659159779548645e-01
4.406676783004552362e+02,1.211957708001136780e-01
4.506828528072837230e+02,1.199469417333602905e-01
4.606980273141122666e+02,1.187252625823020935e-01
4.707132018209408102e+02,1.175262928009033203e-01
4.807283763277692969e+02,1.163484379649162292e-01
4.907435508345978405e+02,1.151855438947677612e-01
5.007587253414263841e+02,1.140384376049041748e-01
5.107738998482549277e+02,1.129081994295120239e-01
5.207890743550834713e+02,1.117900833487510681e-01
5.308042488619120149e+02,1.107038185000419617e-01
5.408194233687404449e+02,1.096323207020759583e-01
5.508345978755689885e+02,1.085885688662528992e-01
5.608497723823975321e+02,1.075703427195549011e-01
5.708649468892260757e+02,1.065721437335014343e-01
5.808801213960546193e+02,1.055718362331390381e-01
5.908952959028831629e+02,1.045837625861167908e-01
6.009104704097117065e+02,1.036806404590606689e-01
6.109256449165401364e+02,1.027036085724830627e-01
6.209408194233686800e+02,1.017860695719718933e-01
6.309559939301972236e+02,1.008853241801261902e-01
6.409711684370257672e+02,9.999676048755645752e-02
6.509863429438543108e+02,9.912082552909851074e-02
6.610015174506828544e+02,9.825529158115386963e-02
6.710166919575113980e+02,9.744782745838165283e-02
6.810318664643398279e+02,9.657402336597442627e-02
6.910470409711683715e+02,9.577284008264541626e-02
7.010622154779969151e+02,9.497022628784179688e-02
7.110773899848254587e+02,9.416522085666656494e-02
7.210925644916540023e+02,9.337607026100158691e-02
7.311077389984825459e+02,9.262988716363906860e-02
7.411229135053110895e+02,9.184907376766204834e-02
7.511380880121395194e+02,9.109932929277420044e-02
7.611532625189680630e+02,9.036509692668914795e-02
7.711684370257966066e+02,8.964224159717559814e-02
7.811836115326251502e+02,8.892726898193359375e-02
7.911987860394536938e+02,8.821821957826614380e-02
8.012139605462822374e+02,8.751567453145980835e-02
8.112291350531107810e+02,8.683613687753677368e-02
8.212443095599392109e+02,8.612462133169174194e-02
8.312594840667677545e+02,8.544262498617172241e-02
8.412746585735962981e+02,8.482640236616134644e-02
8.512898330804248417e+02,8.412992209196090698e-02
8.613050075872533853e+02,8.352011442184448242e-02
8.713201820940819289e+02,8.288172632455825806e-02
8.813353566009104725e+02,8.225411176681518555e-02
8.913505311077389024e+02,8.163638412952423096e-02
9.013657056145674460e+02,8.103132247924804688e-02
9.113808801213959896e+02,8.044214546680450439e-02
9.213960546282245332e+02,7.984488457441329956e-02
9.314112291350530768e+02,7.925992459058761597e-02
9.414264036418816204e+02,7.870228588581085205e-02
9.514415781487101640e+02,7.809974253177642822e-02
9.614567526555385939e+02,7.753188908100128174e-02
9.714719271623671375e+02,7.707408815622329712e-02
9.814871016691956811e+02,7.644933462142944336e-02
9.915022761760242247e+02,7.587884366512298584e-02
1.001517450682852768e+03,7.532491534948348999e-02
1.011532625189681312e+03,7.479944825172424316e-02
1.021547799696509855e+03,7.424567639827728271e-02
1.031562974203338399e+03,7.373517751693725586e-02
1.041578148710166943e+03,7.320000976324081421e-02
1.051593323216995486e+03,7.268612086772918701e-02
1.061608497723824030e+03,7.214853912591934204e-02
1.071623672230652346e+03,7.165781408548355103e-02
1.081638846737480890e+03,7.116395980119705200e-02
1.091654021244309433e+03,7.066083699464797974e-02
1.101669195751137977e+03,7.015332579612731934e-02
1.111684370257966521e+03,6.967720389366149902e-02
1.121699544764795064e+03,6.921809166669845581e-02
1.131714719271623608e+03,6.872002780437469482e-02
1.141729893778452151e+03,6.826792657375335693e-02
1.151745068285280695e+03,6.778603047132492065e-02
1.161760242792109239e+03,6.737002730369567871e-02
1.171775417298937782e+03,6.687056273221969604e-02
1.181790591805766326e+03,6.645771861076354980e-02
1.191805766312594869e+03,6.597225368022918701e-02
1.201820940819423413e+03,6.557346880435943604e-02
1.211836115326251729e+03,6.509270519018173218e-02
1.221851289833080273e+03,6.469416618347167969e-02
1.231866464339908816e+03,6.422885507345199585e-02
1.241881638846737360e+03,6.383421272039413452e-02
1.251896813353565904e+03,6.338475644588470459e-02
1.261911987860394447e+03,6.298699229955673218e-02
1.271927162367222991e+03,6.254234910011291504e-02
1.281942336874051534e+03,6.215488165616989136e-02
1.291957511380880078e+03,6.173572689294815063e-02
1.301972685887708622e+03,6.135547161102294922e-02
1.311987860394537165e+03,6.091365963220596313e-02
1.322003034901365709e+03,6.054754555225372314e-02
1.332018209408194252e+03,6.012165546417236328e-02
1.342033383915022796e+03,5.975101888179779053e-02
1.352048558421851340e+03,5.935715138912200928e-02
1.362063732928679656e+03,5.896802991628646851e-02
1.372078907435508199e+03,5.861175432801246643e-02
1.382094081942336743e+03,5.821078270673751831e-02
1.392109256449165287e+03,5.783627927303314209e-02
1.402124430955993830e+03,5.745060741901397705e-02
1.412139605462822374e+03,5.714311450719833374e-02
1.422154779969650917e+03,5.671406164765357971e-02
1.432169954476479461e+03,5.637901648879051208e-02
1.442185128983308005e+03,5.600615218281745911e-02
1.452200303490136548e+03,5.565378814935684204e-02
1.462215477996965092e+03,5.528713390231132507e-02
1.472230652503793635e+03,5.499241873621940613e-02
1.482245827010622179e+03,5.459392070770263672e-02
1.492261001517450723e+03,5.426028743386268616e-02
1.502276176024279039e+03,5.390842258930206299e-02
1.512291350531107582e+03,5.359653010964393616e-02
1.522306525037936126e+03,5.322631821036338806e-02
1.532321699544764670e+03,5.293608829379081726e-02
1.542336874051593213e+03,5.255746841430664062e-02
1.552352048558421757e+03,5.226038768887519836e-02
1.562367223065250300e+03,5.189880728721618652e-02
1.572382397572078844e+03,5.160183086991310120e-02
1.582397572078907388e+03,5.125300213694572449e-02
1.592412746585735931e+03,5.093530192971229553e-02
1.602427921092564475e+03,5.064350739121437073e-02
1.612443095599393018e+03,5.030095577239990234e-02
1.622458270106221562e+03,4.998407140374183655e-02
1.632473444613050106e+03,4.966616258025169373e-02
1.642488619119878422e+03,4.939030110836029053e-02
1.652503793626706965e+03,4.904730245471000671e-02
1.662518968133535509e+03,4.875645041465759277e-02
1.672534142640364053e+03,4.844099283218383789e-02
1.682549317147192596e+03,4.815651103854179382e-02
1.692564491654021140e+03,4.783376306295394897e-02
1.702579666160849683e+03,4.757803678512573242e-02
1.712594840667678227e+03,4.724426940083503723e-02
1.722610015174506771e+03,4.697773233056068420e-02
1.732625189681335314e+03,4.666009172797203064e-02
1.742640364188163858e+03,4.640271514654159546e-02
1.752655538694992401e+03,4.609280452132225037e-02
1.762670713201820945e+03,4.583474248647689819e-02
1.772685887708649489e+03,4.552410170435905457e-02
1.782701062215477805e+03,4.527095705270767212e-02
1.792716236722306348e+03,4.497285932302474976e-02
1.802731411229134892e+03,4.471999034285545349e-02
1.812746585735963436e+03,4.442234337329864502e-02
1.822761760242791979e+03,4.417517036199569702e-02
1.832776934749620523e+03,4.388354346156120300e-02
1.842792109256449066e+03,4.362145066261291504e-02
1.852807283763277610e+03,4.338138177990913391e-02
1.862822458270106154e+03,4.309220612049102783e-02
1.872837632776934697e+03,4.283701628446578979e-02
1.882852807283763241e+03,4.256165027618408203e-02
1.892867981790591784e+03,4.232813790440559387e-02
1.902883156297420328e+03,4.205131903290748596e-02
1.912898330804248872e+03,4.182618483901023865e-02
1.922913505311077188e+03,4.154160991311073303e-02
1.932928679817905731e+03,4.131333529949188232e-02
1.942943854324734275e+03,4.103763401508331299e-02
1.952959028831562819e+03,4.082525894045829773e-02
1.962974203338391362e+03,4.054642841219902039e-02
1.972989377845219906e+03,4.032074287533760071e-02
1.983004552352048449e+03,4.006630554795265198e-02
1.993019726858876993e+03,3.981972113251686096e-02
2.003034901365705537e+03,3.962355107069015503e-02
2.013050075872534080e+03,3.934353590011596680e-02
2.023065250379362624e+03,3.912761807441711426e-02
2.033080424886191167e+03,3.887318074703216553e-02
2.043095599393019711e+03,3.866764530539512634e-02
2.053110773899848027e+03,3.840551525354385376e-02
2.063125948406676798e+03,3.821425884962081909e-02
2.073141122913505114e+03,3.794799000024795532e-02
2.083156297420333885e+03,3.775061666965484619e-02
2.093171471927162202e+03,3.749935328960418701e-02
2.103186646433990973e+03,3.728714585304260254e-02
2.113201820940819289e+03,3.707239776849746704e-02
2.123216995447648060e+03,3.685167059302330017e-02
2.133232169954476376e+03,3.662573546171188354e-02
2.143247344461304692e+03,3.640145435929298401e-02
2.153262518968133463e+03,3.623744845390319824e-02
2.163277693474961779e+03,3.597681224346160889e-02
2.173292867981790550e+03,3.578944131731987000e-02
2.183308042488618867e+03,3.556253761053085327e-02
2.193323216995447638e+03,3.537743911147117615e-02
2.203338391502275954e+03,3.514629974961280823e-02
2.213353566009104725e+03,3.496383503079414368e-02
2.223368740515933041e+03,3.474396839737892151e-02
2.233383915022761812e+03,3.456678241491317749e-02
2.243399089529590128e+03,3.434270620346069336e-02
2.253414264036418899e+03,3.415141254663467407e-02
2.263429438543247215e+03,3.396319970488548279e-02
2.273444613050075986e+03,3.375918418169021606e-02
2.283459787556904303e+03,3.357504308223724365e-02
2.293474962063732619e+03,3.337303921580314636e-02
2.303490136570561390e+03,3.319834917783737183e-02
2.313505311077389706e+03,3.298863768577575684e-02
2.323520485584218477e+03,3.281909227371215820e-02
2.333535660091046793e+03,3.262003883719444275e-02
2.343550834597875564e+03,3.244804590940475464e-02
2.353566009104703880e+03,3.224916756153106689e-02
2.363581183611532651e+03,3.206825256347656250e-02
2.373596358118360968e+03,3.190568834543228149e-02
2.383611532625189739e+03,3.170855715870857239e-02
2.393626707132018055e+03,3.153530880808830261e-02
2.403641881638846826e+03,3.134630993008613586e-02
2.413657056145675142e+03,3.120870329439640045e-02
2.423672230652503458e+03,3.099923580884933472e-02
2.433687405159332229e+03,3.083306737244129181e-02
2.443702579666160545e+03,3.065251745283603668e-02
2.453717754172989316e+03,3.049874119460582733e-02
2.463732928679817633e+03,3.030775301158428192e-02
2.473748103186646404e+03,3.015687130391597748e-02
2.483763277693474720e+03,2.997573092579841614e-02
2.493778452200303491e+03,2.982800826430320740e-02
2.503793626707131807e+03,2.963942103087902069e-02
2.513808801213960578e+03,2.949204295873641968e-02
2.523823975720788894e+03,2.931790426373481750e-02
2.533839150227617665e+03,2.915170229971408844e-02
2.543854324734445981e+03,2.901714667677879333e-02
2.553869499241274752e+03,2.882828377187252045e-02
2.563884673748103069e+03,2.868946455419063568e-02
2.573899848254931385e+03,2.851338498294353485e-02
2.583915022761760156e+03,2.837005816400051117e-02
2.593930197268588472e+03,2.819941937923431396e-02
2.603945371775417243e+03,2.804083749651908875e-02
2.613960546282245559e+03,2.791772782802581787e-02
2.623975720789074330e+03,2.773273922502994537e-02
2.633990895295902646e+03,2.760381996631622314e-02
2.644006069802731417e+03,2.742785587906837463e-02
2.654021244309559734e+03,2.730297483503818512e-02
2.664036418816388505e+03,2.712643332779407501e-02
2.674051593323216821e+03,2.700146660208702087e-02
2.684066767830045592e+03,2.683025412261486053e-02
2.694081942336873908e+03,2.668199315667152405e-02
2.704097116843702679e+03,2.657656557857990265e-02
2.714112291350530995e+03,2.639294415712356567e-02
2.724127465857359311e+03,2.625878155231475830e-02
2.734142640364188082e+03,2.610212936997413635e-02
2.744157814871016399e+03,2.598283998668193817e-02
2.754172989377845170e+03,2.581920474767684937e-02
2.764188163884673486e+03,2.567877992987632751e-02
2.774203338391502257e+03,2.555975131690502167e-02
2.784218512898330573e+03,2.539730072021484375e-02
2.794233687405159344e+03,2.527988329529762268e-02
2.804248861911987660e+03,2.512163668870925903e-02
2.814264036418816431e+03,2.498392574489116669e-02
2.824279210925644747e+03,2.488045580685138702e-02
2.834294385432473518e+03,2.471320144832134247e-02
2.844309559939301835e+03,2.459716051816940308e-02
2.854324734446130151e+03,2.444512769579887390e-02
2.864339908952958922e+03,2.432902529835700989e-02
2.874355083459787238e+03,2.417886815965175629e-02
2.884370257966616009e+03,2.405127882957458496e-02
2.894385432473444325e+03,2.393085882067680359e-02
2.904400606980273096e+03,2.379081957042217255e-02
2.914415781487101412e+03,2.366849221289157867e-02
2.924430955993930183e+03,2.352955192327499390e-02
2.934446130500758500e+03,2.342525497078895569e-02
2.944461305007587271e+03,2.327371574938297272e-02
2.954476479514415587e+03,2.317119762301445007e-02
2.964491654021244358e+03,2.302249334752559662e-02
2.974506828528072674e+03,2.289662137627601624e-02
2.984522003034901445e+03,2.280500344932079315e-02
2.994537177541729761e+03,2.264885790646076202e-02
3.004552352048558078e+03,2.253574877977371216e-02
3.014567526555386848e+03,2.241261489689350128e-02
3.024582701062215165e+03,2.228396199643611908e-02
3.034597875569043936e+03,2.218048460781574249e-02
3.044613050075872252e+03,2.204104326665401459e-02
3.054628224582701023e+03,2.194012515246868134e-02
3.064643399089529339e+03,2.180385775864124298e-02
3.074658573596358110e+03,2.169331349432468414e-02
3.084673748103186426e+03,2.157646045088768005e-02
3.094688922610015197e+03,2.145063504576683044e-02
3.104704097116843514e+03,2.133843302726745605e-02
3.114719271623672284e+03,2.123094536364078522e-02
3.124734446130500601e+03,2.111497707664966583e-02
3.134749620637328917e+03,2.099360711872577667e-02
3.144764795144157688e+03,2.088077180087566376e-02
3.154779969650986004e+03,2.078549377620220184e-02
3.164795144157814775e+03,2.065520361065864563e-02
3.174810318664643091e+03,2.056288160383701324e-02
3.184825493171471862e+03,2.043683454394340515e-02
3.194840667678300179e+03,2.032913081347942352e-02
3.204855842185128949e+03,2.023341692984104156e-02
3.214871016691957266e+03,2.011155337095260620e-02
3.224886191198786037e+03,2.002671919763088226e-02
3.234901365705614353e+03,1.989901810884475708e-02
3.244916540212443124e+03,1.979281194508075714e-02
3.254931714719271440e+03,1.971871033310890198e-02
3.264946889226100211e+03,1.958573423326015472e-02
3.274962063732928527e+03,1.948803104460239410e-02
3.284977238239756844e+03,1.938087493181228638e-02
3.294992412746585615e+03,1.928623393177986145e-02
3.305007587253413931e+03,1.917969994246959686e-02
3.315022761760242702e+03,1.908388361334800720e-02
3.325037936267071018e+03,1.897662878036499023e-02
3.335053110773899789e+03,1.887821219861507416e-02
3.345068285280728105e+03,1.879181526601314545e-02
3.355083459787556876e+03,1.867817342281341553e-02
3.365098634294385192e+03,1.858585700392723083e-02
3.375113808801213963e+03,1.849122904241085052e-02
3.385128983308042280e+03,1.838531903922557831e-02
3.395144157814871051e+03,1.830576173961162567e-02
3.405159332321699367e+03,1.819517090916633606e-02
3.415174506828528138e+03,1.810837723314762115e-02
3.425189681335356454e+03,1.800645142793655396e-02
3.435204855842184770e+03,1.790927164256572723e-02
3.445220030349013541e+03,1.783613488078117371e-02
3.455235204855841857e+03,1.772225648164749146e-02
3.465250379362670628e+03,1.764575578272342682e-02
3.475265553869498945e+03,1.753782480955123901e-02
3.485280728376327716e+03,1.745885238051414490e-02
3.495295902883156032e+03,1.735554635524749756e-02
3.505311077389984803e+03,1.726870983839035034e-02
3.515326251896813119e+03,1.718108542263507843e-02
3.525341426403641890e+03,1.708778366446495056e-02
3.535356600910470206e+03,1.700197160243988037e-02
3.545371775417298977e+03,1.690627075731754303e-02
3.555386949924127293e+03,1.682933047413825989e-02
3.565402124430955610e+03,1.673261821269989014e-02
3.575417298937784381e+03,1.664534024894237518e-02
3.585432473444612697e+03,1.656745187938213348e-02
3.595447647951441468e+03,1.646942086517810822e-02
3.605462822458269784e+03,1.638750918209552765e-02
3.615477996965098555e+03,1.630761288106441498e-02
3.625493171471926871e+03,1.622429862618446350e-02
3.635508345978755642e+03,1.613142155110836029e-02
3.645523520485583958e+03,1.605127006769180298e-02
3.655538694992412729e+03,1.596662029623985291e-02
3.665553869499241046e+03,1.588814146816730499e-02
3.675569044006069817e+03,1.580149494111537933e-02
3.685584218512898133e+03,1.571620069444179535e-02
3.695599393019726904e+03,1.565782167017459869e-02
3.705614567526555220e+03,1.555539853870868683e-02
3.715629742033383536e+03,1.548240613192319870e-02
3.725644916540212307e+03,1.539485435932874680e-02
3.735660091047040623e+03,1.532795839011669159e-02
3.745675265553869394e+03,1.523738354444503784e-02
3.755690440060697711e+03,1.515780109912157059e-02
3.765705614567526482e+03,1.509450934827327728e-02
3.775720789074354798e+03,1.500120200216770172e-02
3.785735963581183569e+03,1.493013091385364532e-02
3.795751138088011885e+03,1.485024951398372650e-02
3.805766312594840656e+03,1.477518584579229355e-02
3.815781487101668972e+03,1.470248028635978699e-02
3.825796661608497743e+03,1.461877673864364624e-02
3.835811836115326059e+03,1.455074455589056015e-02
3.845827010622154376e+03,1.447177678346633911e-02
3.855842185128983147e+03,1.440238952636718750e-02
3.865857359635811463e+03,1.432353630661964417e-02
3.875872534142640234e+03,1.425027102231979370e-02
3.885887708649468550e+03,1.418100576847791672e-02
3.895902883156297321e+03,1.410206593573093414e-02
3.905918057663125637e+03,1.404107362031936646e-02
3.915933232169954408e+03,1.395710278302431107e-02
3.925948406676782724e+03,1.388445682823657990e-02
3.935963581183611495e+03,1.383204571902751923e-02
3.945978755690439812e+03,1.374116446822881699e-02
3.955993930197268583e+03,1.367701217532157898e-02
3.966009104704096899e+03,1.360146794468164444e-02
3.976024279210925670e+03,1.352839916944503784e-02
3.986039453717753986e+03,1.346990279853343964e-02
3.996054628224582302e+03,1.338859368115663528e-02
4.006069802731411073e+03,1.331809163093566895e-02
4.016084977238239389e+03,1.326589751988649368e-02
4.026100151745068160e+03,1.317946147173643112e-02
4.036115326251896477e+03,1.312144566327333450e-02
4.046130500758725248e+03,1.304298546165227890e-02
4.056145675265553564e+03,1.297889091074466705e-02
4.066160849772382335e+03,1.290939934551715851e-02
4.076176024279210651e+03,1.284131780266761780e-02
4.086191198786039422e+03,1.277956925332546234e-02
4.096206373292868193e+03,1.270674727857112885e-02
4.106221547799696054e+03,1.264412701129913330e-02
4.116236722306524825e+03,1.257891021668910980e-02
4.126251896813353596e+03,1.250965800136327744e-02
4.136267071320181458e+03,1.244791503995656967e-02
4.146282245827010229e+03,1.238805800676345825e-02
4.156297420333839000e+03,1.231856551021337509e-02
4.166312594840667771e+03,1.226956583559513092e-02
4.176327769347495632e+03,1.219313871115446091e-02
4.186342943854324403e+03,1.214146707206964493e-02
4.196358118361153174e+03,1.207071729004383087e-02
4.206373292867981945e+03,1.200994569808244705e-02
4.216388467374809807e+03,1.195525377988815308e-02
4.226403641881638578e+03,1.188737805932760239e-02
4.236418816388467349e+03,1.182820834219455719e-02
4.246433990895296120e+03,1.177902333438396454e-02
4.256449165402123981e+03,1.170861721038818359e-02
4.266464339908952752e+03,1.165729761123657227e-02
4.276479514415781523e+03,1.159134507179260254e-02
4.286494688922609384e+03,1.153608318418264389e-02
4.296509863429438155e+03,1.147763989865779877e-02
4.306525037936266926e+03,1.141616981476545334e-02
4.316540212443095697e+03,1.136484928429126740e-02
4.326555386949923559e+03,1.130457781255245209e-02
4.336570561456752330e+03,1.124441623687744141e-02
4.346585735963581101e+03,1.119760423898696899e-02
4.356600910470409872e+03,1.113147567957639694e-02
4.366616084977237733e+03,1.107478328049182892e-02
4.376631259484066504e+03,1.103259436786174774e-02
4.386646433990895275e+03,1.096333749592304230e-02
4.396661608497724046e+03,1.091855764389038086e-02
4.406676783004551908e+03,1.085317973047494888e-02
4.416691957511380679e+03,1.080506667494773865e-02
4.426707132018209450e+03,1.074457261711359024e-02
4.436722306525037311e+03,1.069283299148082733e-02
4.446737481031866082e+03,1.064138952642679214e-02
4.456752655538694853e+03,1.058304682374000549e-02
4.466767830045523624e+03,1.053377613425254822e-02
4.476783004552351485e+03,1.048050541430711746e-02
4.486798179059180256e+03,1.042464096099138260e-02
4.496813353566009027e+03,1.038076914846897125e-02
4.506828528072837798e+03,1.032193191349506378e-02
4.516843702579665660e+03,1.027371920645236969e-02
4.526858877086494431e+03,1.022138539701700211e-02
4.536874051593323202e+03,1.016821153461933136e-02
4.546889226100151973e+03,1.012618653476238251e-02
4.556904400606979834e+03,1.006668247282505035e-02
4.566919575113808605e+03,1.001553144305944443e-02
4.576934749620637376e+03,9.974502027034759521e-03
4.586949924127465238e+03,9.917019866406917572e-03
4.596965098634294009e+03,9.876134805381298065e-03
4.606980273141122780e+03,9.818516671657562256e-03
4.616995447647951551e+03,9.775039739906787872e-03
4.627010622154779412e+03,9.722065180540084839e-03
4.637025796661608183e+03,9.675237350165843964e-03
4.647040971168436954e+03,9.632007218897342682e-03
4.657056145675265725e+03,9.578889235854148865e-03
4.667071320182093586e+03,9.538153186440467834e-03
4.677086494688922357e+03,9.485823102295398712e-03
4.687101669195751128e+03,9.438574314117431641e-03
4.697116843702579899e+03,9.399320930242538452e-03
4.707132018209407761e+03,9.347113780677318573e-03
4.717147192716236532e+03,9.302552789449691772e-03
4.727162367223065303e+03,9.262833744287490845e-03
4.737177541729893164e+03,9.212638251483440399e-03
4.747192716236721935e+03,9.172832593321800232e-03
4.757207890743550706e+03,9.123536758124828339e-03
4.767223065250379477e+03,9.085706435143947601e-03
4.777238239757207339e+03,9.036896750330924988e-03
4.787253414264036110e+03,8.994325064122676849e-03
4.797268588770864881e+03,8.956839330494403839e-03
4.807283763277693652e+03,8.907146751880645752e-03
4.817298937784521513e+03,8.868770673871040344e-03
4.827314112291350284e+03,8.825471624732017517e-03
4.837329286798179055e+03,8.781215175986289978e-03
4.847344461305006917e+03,8.744464255869388580e-03
4.857359635811835687e+03,8.697940036654472351e-03
4.867374810318664458e+03,8.657085709273815155e-03
4.877389984825493229e+03,8.624140173196792603e-03
4.887405159332321091e+03,8.576199412345886230e-03
4.897420333839149862e+03,8.540017530322074890e-03
4.907435508345978633e+03,8.494808338582515717e-03
4.917450682852807404e+03,8.462665602564811707e-03
4.927465857359635265e+03,8.414919488131999969e-03
4.937481031866464036e+03,8.378190919756889343e-03
4.947496206373292807e+03,8.337788283824920654e-03
4.957511380880121578e+03,8.297781459987163544e-03
4.967526555386949440e+03,8.263174444437026978e-03
4.977541729893778211e+03,8.218827657401561737e-03
4.987556904400606982e+03,8.184767328202724457e-03
4.997572078907434843e+03,8.142928592860698700e-03
5.007587253414263614e+03,8.105781860649585724e-03
5.017602427921092385e+03,8.067650720477104187e-03
5.027617602427921156e+03,8.028686046600341797e-03
5.037632776934749018e+03,7.993151433765888214e-03
5.047647951441577789e+03,7.952451705932617188e-03
5.057663125948406559e+03,7.918821647763252258e-03
5.067678300455235330e+03,7.878436706960201263e-03
5.077693474962063192e+03,7.845959626138210297e-03
5.087708649468891963e+03,7.804388180375099182e-03
5.097723823975720734e+03,7.770825177431106567e-03
5.107738998482549505e+03,7.732252124696969986e-03
5.117754172989377366e+03,7.694986648857593536e-03
5.127769347496206137e+03,7.667497731745243073e-03
5.137784522003034908e+03,7.623184937983751297e-03
5.147799696509862770e+03,7.592083420604467392e-03
5.157814871016691541e+03,7.552848663181066513e-03
5.167830045523520312e+03,7.516770623624324799e-03
5.177845220030349083e+03,7.481760811060667038e-03
5.187860394537176944e+03,7.449753582477569580e-03
5.197875569044005715e+03,7.413357961922883987e-03
5.207890743550834486e+03,7.381894625723361969e-03
5.217905918057663257e+03,7.344032172113656998e-03
5.227921092564491119e+03,7.310879882425069809e-03
5.237936267071319890e+03,7.279973477125167847e-03
5.247951441578148660e+03,7.242897525429725647e-03
5.257966616084977431e+03,7.211163174360990524e-03
5.267981790591805293e+03,7.178184110671281815e-03
5.277996965098634064e+03,7.143191527575254440e-03
5.288012139605462835e+03,7.112382445484399796e-03
5.298027314112290696e+03,7.076197769492864609e-03
5.308042488619119467e+03,7.042965386062860489e-03
5.318057663125948238e+03,7.016735617071390152e-03
5.328072837632777009e+03,6.977773271501064301e-03
5.338088012139604871e+03,6.947025656700134277e-03
5.348103186646433642e+03,6.915865931659936905e-03
5.358118361153262413e+03,6.881684530526399612e-03
5.368133535660091184e+03,6.852426100522279739e-03
5.378148710166919045e+03,6.818179041147232056e-03
5.388163884673747816e+03,6.787226069718599319e-03
5.398179059180576587e+03,6.756615824997425079e-03
5.408194233687405358e+03,6.724331527948379517e-03
5.418209408194233220e+03,6.695416290313005447e-03
5.428224582701061991e+03,6.661671213805675507e-03
5.438239757207890761e+03,6.630742456763982773e-03
5.448254931714718623e+03,6.603222340345382690e-03
5.458270106221547394e+03,6.570661906152963638e-03
5.468285280728376165e+03,6.544001400470733643e-03
5.478300455235204936e+03,6.510054692625999451e-03
5.488315629742032797e+03,6.481983698904514313e-03
5.498330804248861568e+03,6.451899651437997818e-03
5.508345978755690339e+03,6.421204190701246262e-03
5.518361153262519110e+03,6.397923920303583145e-03
5.528376327769346972e+03,6.362887565046548843e-03
5.538391502276175743e+03,6.337907165288925171e-03
5.548406676783004514e+03,6.304904818534851074e-03
5.558421851289832375e+03,6.280852947384119034e-03
5.568437025796661146e+03,6.248004734516143799e-03
5.578452200303489917e+03,6.219970993697643280e-03
5.588467374810318688e+03,6.194724235683679581e-03
5.598482549317146550e+03,6.163546815514564514e-03
5.608497723823975321e+03,6.136762443929910660e-03
5.618512898330804092e+03,6.109545938670635223e-03
5.628528072837632863e+03,6.081074476242065430e-03
5.638543247344460724e+03,6.053981836885213852e-03
5.648558421851289495e+03,6.026884075254201889e-03
5.658573596358118266e+03,5.998532753437757492e-03
5.668588770864947037e+03,5.973149091005325317e-03
5.678603945371774898e+03,5.944729316979646683e-03
5.688619119878603669e+03,5.919861607253551483e-03
5.698634294385432440e+03,5.891060456633567810e-03
5.708649468892260302e+03,5.863918922841548920e-03
5.718664643399089073e+03,5.837506614625453949e-03
5.728679817905917844e+03,5.811830516904592514e-03
5.738694992412746615e+03,5.788261070847511292e-03
5.748710166919574476e+03,5.759956780821084976e-03
5.758725341426403247e+03,5.733454599976539612e-03
5.768740515933232018e+03,5.711925216019153595e-03
5.778755690440060789e+03,5.682510789483785629e-03
5.788770864946888651e+03,5.656876601278781891e-03
5.798786039453717422e+03,5.636086221784353256e-03
5.808801213960546193e+03,5.606853403151035309e-03
5.818816388467374964e+03,5.581398028880357742e-03
5.828831562974202825e+03,5.558494478464126587e-03
5.838846737481031596e+03,5.532600916922092438e-03
5.848861911987860367e+03,5.509025417268276215e-03
5.858877086494688228e+03,5.484370980411767960e-03
5.868892261001516999e+03,5.458902101963758469e-03
5.878907435508345770e+03,5.435757804661989212e-03
5.888922610015174541e+03,5.411481484770774841e-03
5.898937784522002403e+03,5.386715754866600037e-03
5.908952959028831174e+03,5.365990102291107178e-03
5.918968133535659945e+03,5.339270457625389099e-03
5.928983308042488716e+03,5.315617192536592484e-03
5.938998482549316577e+03,5.295196548104286194e-03
5.949013657056145348e+03,5.269212182611227036e-03
5.959028831562974119e+03,5.245728883892297745e-03
5.969044006069802890e+03,5.227114539593458176e-03
5.979059180576630752e+03,5.199907813221216202e-03
5.989074355083459523e+03,5.179666448384523392e-03
5.999089529590288294e+03,5.154456011950969696e-03
6.009104704097116155e+03,5.131844431161880493e-03
6.019119878603944926e+03,5.113270599395036697e-03
6.029135053110773697e+03,5.086859222501516342e-03
6.039150227617602468e+03,5.067408084869384766e-03
6.049165402124430329e+03,5.042873788625001907e-03
6.059180576631259100e+03,5.021424032747745514e-03
6.069195751138087871e+03,5.000137258321046829e-03
6.079210925644916642e+03,4.977140575647354126e-03
6.089226100151744504e+03,4.956745542585849762e-03
6.099241274658573275e+03,4.934600088745355606e-03
6.109256449165402046e+03,4.912619479000568390e-03
6.119271623672230817e+03,4.890568554401397705e-03
6.129286798179058678e+03,4.870461300015449524e-03
6.139301972685887449e+03,4.849148914217948914e-03
6.149317147192716220e+03,4.826822783797979355e-03
6.159332321699544082e+03,4.807086195796728134e-03
6.169347496206372853e+03,4.785360768437385559e-03
6.179362670713201624e+03,4.763606004416942596e-03
6.189377845220030395e+03,4.744966048747301102e-03
6.199393019726858256e+03,4.721553530544042587e-03
6.209408194233687027e+03,4.702857695519924164e-03
6.219423368740515798e+03,4.680227022618055344e-03
6.229438543247344569e+03,4.659448750317096710e-03
6.239453717754172430e+03,4.640176892280578613e-03
6.249468892261001201e+03,4.619862884283065796e-03
6.259484066767829972e+03,4.598232917487621307e-03
6.269499241274657834e+03,4.578634630888700485e-03
6.279514415781486605e+03,4.556706175208091736e-03
6.289529590288315376e+03,4.536333959549665451e-03
6.299544764795144147e+03,4.519311245530843735e-03
6.309559939301972008e+03,4.495617933571338654e-03
6.319575113808800779e+03,4.477944225072860718e-03
6.329590288315629550e+03,4.455168265849351883e-03
6.339605462822458321e+03,4.435465671122074127e-03
6.349620637329286183e+03,4.416035022586584091e-03
6.359635811836114954e+03,4.394655581563711166e-03
6.369650986342943725e+03,4.374169744551181793e-03
6.379666160849772496e+03,4.354371223598718643e-03
6.389681335356600357e+03,4.335213918238878250e-03
6.399696509863429128e+03,4.313827957957983017e-03
6.409711684370257899e+03,4.295061342418193817e-03
6.419726858877085760e+03,4.273854196071624756e-03
6.429742033383914531e+03,4.253204911947250366e-03
6.439757207890743302e+03,4.234919790178537369e-03
6.449772382397572073e+03,4.213418345898389816e-03
6.459787556904399935e+03,4.194657318294048309e-03
6.469802731411228706e+03,4.172289278358221054e-03
6.479817905918057477e+03,4.153860267251729965e-03
6.489833080424886248e+03,4.133936017751693726e-03
6.499848254931714109e+03,4.112215712666511536e-03
6.509863429438542880e+03,4.093712661415338516e-03
6.519878603945371651e+03,4.073852207511663437e-03
6.529893778452200422e+03,4.052709322422742844e-03
6.539908952959028284e+03,4.034020006656646729e-03
6.549924127465857055e+03,4.015923943370580673e-03
6.559939301972685826e+03,3.994127735495567322e-03
6.569954476479513687e+03,3.976578358560800552e-03
6.579969650986342458e+03,3.955421503633260727e-03
6.589984825493171229e+03,3.936118446290493011e-03
6.600000000000000000e+03,3.921537660062313080e-03
