# n, training_loss
0.000000000000000000e+00,4.975422620773315430e-01
1.005952380952381020e+01,2.608262598514556885e-01
2.011904761904762040e+01,1.907447427511215210e-01
3.017857142857143060e+01,1.687081754207611084e-01
4.023809523809524080e+01,1.553180068731307983e-01
5.029761904761905100e+01,1.454785615205764771e-01
6.035714285714286120e+01,1.381820589303970337e-01
7.041666666666667140e+01,1.315257847309112549e-01
8.047619047619048160e+01,1.256979405879974365e-01
9.053571428571429180e+01,1.205167472362518311e-01
1.005952380952381020e+02,1.158624961972236633e-01
1.106547619047619122e+02,1.116772443056106567e-01
1.207142857142857224e+02,1.078270748257637024e-01
1.307738095238095184e+02,1.042633429169654846e-01
1.408333333333333428e+02,1.008652076125144958e-01
1.508928571428571672e+02,9.768728166818618774e-02
1.609523809523809632e+02,9.466136246919631958e-02
1.710119047619047592e+02,9.182534366846084595e-02
1.810714285714285836e+02,8.910296112298965454e-02
1.911309523809524080e+02,8.646182715892791748e-02
2.011904761904762040e+02,8.390610665082931519e-02
2.112500000000000000e+02,8.190165460109710693e-02
2.213095238095238244e+02,7.958703488111495972e-02
2.313690476190476488e+02,7.745946198701858521e-02
2.414285714285714448e+02,7.548274844884872437e-02
2.514880952380952408e+02,7.358541339635848999e-02
2.615476190476190368e+02,7.178306579589843750e-02
2.716071428571428896e+02,7.035876810550689697e-02
2.816666666666666856e+02,6.857349723577499390e-02
2.917261904761904816e+02,6.696613878011703491e-02
3.017857142857143344e+02,6.542678177356719971e-02
3.118452380952381304e+02,6.427522003650665283e-02
3.219047619047619264e+02,6.273263692855834961e-02
3.319642857142857224e+02,6.148673593997955322e-02
3.420238095238095184e+02,6.030032783746719360e-02
3.520833333333333712e+02,5.926683172583580017e-02
3.621428571428571672e+02,5.815339088439941406e-02
3.722023809523809632e+02,5.702542513608932495e-02
3.822619047619048160e+02,5.610835924744606018e-02
3.923214285714286120e+02,5.496346950531005859e-02
4.023809523809524080e+02,5.410688370466232300e-02
4.124404761904762040e+02,5.303022265434265137e-02
4.225000000000000000e+02,5.233703926205635071e-02
4.325595238095238528e+02,5.117261782288551331e-02
4.426190476190476488e+02,5.066097155213356018e-02
4.526785714285714448e+02,4.947999119758605957e-02
4.627380952380952976e+02,4.873168841004371643e-02
4.727976190476190936e+02,4.778825491666793823e-02
4.828571428571428896e+02,4.757118597626686096e-02
4.929166666666666856e+02,4.634022712707519531e-02
5.029761904761904816e+02,4.546711966395378113e-02
5.130357142857143344e+02,4.489954560995101929e-02
5.230952380952380736e+02,4.403539746999740601e-02
5.331547619047619264e+02,4.343384876847267151e-02
5.432142857142857792e+02,4.333740100264549255e-02
5.532738095238095184e+02,4.232640936970710754e-02
5.633333333333333712e+02,4.153690114617347717e-02
5.733928571428572241e+02,4.085977748036384583e-02
5.834523809523809632e+02,4.014091566205024719e-02
5.935119047619048160e+02,3.963367268443107605e-02
6.035714285714286689e+02,3.920273110270500183e-02
6.136309523809524080e+02,3.836334869265556335e-02
6.236904761904762609e+02,3.806705400347709656e-02
6.337500000000000000e+02,3.726819157600402832e-02
6.438095238095238528e+02,3.686477616429328918e-02
6.538690476190477057e+02,3.617228195071220398e-02
6.639285714285714448e+02,3.564282506704330444e-02
6.739880952380952976e+02,3.552992269396781921e-02
6.840476190476190368e+02,3.461918607354164124e-02
6.941071428571428896e+02,3.427581489086151123e-02
7.041666666666667425e+02,3.370132297277450562e-02
7.142261904761904816e+02,3.331708535552024841e-02
7.242857142857143344e+02,3.275964409112930298e-02
7.343452380952381873e+02,3.231862559914588928e-02
7.444047619047619264e+02,3.233091905713081360e-02
7.544642857142857792e+02,3.145502507686614990e-02
7.645238095238096321e+02,3.107546269893646240e-02
7.745833333333333712e+02,3.071976825594902039e-02
7.846428571428572241e+02,3.021696768701076508e-02
7.947023809523809632e+02,2.990590222179889679e-02
8.047619047619048160e+02,2.954817377030849457e-02
8.148214285714286689e+02,2.905216626822948456e-02
8.248809523809524080e+02,2.878292836248874664e-02
8.349404761904762609e+02,2.844889089465141296e-02
8.450000000000000000e+02,2.795443125069141388e-02
8.550595238095238528e+02,2.775097638368606567e-02
8.651190476190477057e+02,2.720960043370723724e-02
8.751785714285714448e+02,2.694123797118663788e-02
8.852380952380952976e+02,2.661382965743541718e-02
8.952976190476191505e+02,2.617863938212394714e-02
9.053571428571428896e+02,2.599758841097354889e-02
9.154166666666667425e+02,2.554830536246299744e-02
9.254761904761905953e+02,2.522719278931617737e-02
9.355357142857143344e+02,2.504855208098888397e-02
9.455952380952381873e+02,2.458138763904571533e-02
9.556547619047619264e+02,2.435952983796596527e-02
9.657142857142857792e+02,2.404943481087684631e-02
9.757738095238096321e+02,2.368117682635784149e-02
9.858333333333333712e+02,2.348719537258148193e-02
9.958928571428572241e+02,2.320039272308349609e-02
1.005952380952380963e+03,2.288626320660114288e-02
1.016011904761904816e+03,2.256079390645027161e-02
1.026071428571428669e+03,2.226729132235050201e-02
1.036130952380952522e+03,2.209432609379291534e-02
1.046190476190476147e+03,2.170492894947528839e-02
1.056250000000000000e+03,2.150582149624824524e-02
1.066309523809523853e+03,2.123275771737098694e-02
1.076369047619047706e+03,2.091899327933788300e-02
1.086428571428571558e+03,2.069139108061790466e-02
1.096488095238095411e+03,2.059386856853961945e-02
1.106547619047619037e+03,2.018390223383903503e-02
1.116607142857142890e+03,2.000284940004348755e-02
1.126666666666666742e+03,1.968781091272830963e-02
1.136726190476190595e+03,1.948636211454868317e-02
1.146785714285714448e+03,1.928962580859661102e-02
1.156845238095238074e+03,1.898200623691082001e-02
1.166904761904761926e+03,1.881831884384155273e-02
1.176964285714285779e+03,1.852170936763286591e-02
1.187023809523809632e+03,1.829636096954345703e-02
1.197083333333333485e+03,1.814129017293453217e-02
1.207142857142857338e+03,1.783144846558570862e-02
1.217202380952380963e+03,1.766059547662734985e-02
1.227261904761904816e+03,1.741979271173477173e-02
1.237321428571428669e+03,1.717527769505977631e-02
1.247380952380952522e+03,1.699488237500190735e-02
1.257440476190476375e+03,1.682803966104984283e-02
1.267500000000000000e+03,1.656455732882022858e-02
1.277559523809523853e+03,1.639817841351032257e-02
1.287619047619047706e+03,1.614975929260253906e-02
1.297678571428571558e+03,1.599343307316303253e-02
1.307738095238095411e+03,1.579100266098976135e-02
1.317797619047619037e+03,1.557355467230081558e-02
1.327857142857142890e+03,1.544145774096250534e-02
1.337916666666666742e+03,1.521248463541269302e-02
1.347976190476190595e+03,1.502023544162511826e-02
1.358035714285714448e+03,1.487800572067499161e-02
1.368095238095238074e+03,1.466165017336606979e-02
1.378154761904761926e+03,1.447984017431735992e-02
1.388214285714285779e+03,1.434042025357484818e-02
1.398273809523809632e+03,1.413952279835939407e-02
1.408333333333333485e+03,1.396388839930295944e-02
1.418392857142857338e+03,1.381923165172338486e-02
1.428452380952380963e+03,1.362021733075380325e-02
1.438511904761904816e+03,1.345731969922780991e-02
1.448571428571428669e+03,1.335177011787891388e-02
1.458630952380952522e+03,1.313609257340431213e-02
1.468690476190476375e+03,1.300673186779022217e-02
1.478750000000000000e+03,1.283078547567129135e-02
1.488809523809523853e+03,1.268110889941453934e-02
1.498869047619047706e+03,1.255753263831138611e-02
1.508928571428571558e+03,1.238377392292022705e-02
1.518988095238095411e+03,1.223929133266210556e-02
1.529047619047619264e+03,1.212584041059017181e-02
1.539107142857142890e+03,1.195686589926481247e-02
1.549166666666666742e+03,1.182997226715087891e-02
1.559226190476190595e+03,1.167934667319059372e-02
1.569285714285714448e+03,1.154417544603347778e-02
1.579345238095238301e+03,1.142293959856033325e-02
1.589404761904761926e+03,1.129270903766155243e-02
1.599464285714285779e+03,1.116504985839128494e-02
1.609523809523809632e+03,1.104982849210500717e-02
1.619583333333333485e+03,1.092023029923439026e-02
1.629642857142857338e+03,1.080134138464927673e-02
1.639702380952380963e+03,1.069618854671716690e-02
1.649761904761904816e+03,1.056720688939094543e-02
1.659821428571428669e+03,1.045752875506877899e-02
1.669880952380952522e+03,1.033744402229785919e-02
1.679940476190476375e+03,1.022382825613021851e-02
1.690000000000000000e+03,1.011104788631200790e-02
