# kappa, training_loss
0.000000000000000000e+00,2.508547902107238770e-01
3.460087604470611367e-01,2.440423667430877686e-01
4.393004638594020239e-01,2.396130114793777466e-01
4.954894607646131988e-01,2.378978729248046875e-01
5.358255977705936868e-01,2.339937239885330200e-01
5.673132765061897897e-01,2.315462976694107056e-01
5.931447079502824016e-01,2.282914519309997559e-01
6.150458527094804229e-01,2.280810922384262085e-01
6.340562664852009700e-01,2.246134281158447266e-01
6.508508280855277439e-01,2.188053727149963379e-01
6.658925908297250729e-01,2.154185026884078979e-01
6.795130935362699853e-01,2.161486595869064331e-01
6.919578843395901568e-01,2.129352241754531860e-01
7.034139062765984995e-01,2.087975740432739258e-01
7.140267804180223665e-01,2.043760269880294800e-01
7.239121529930457877e-01,2.015609443187713623e-01
7.331633965453948631e-01,1.990797072649002075e-01
7.418569864253405921e-01,1.958123892545700073e-01
7.500563469525460825e-01,1.926281601190567017e-01
7.578146619146984841e-01,1.908500045537948608e-01
7.651769670196039153e-01,1.843819618225097656e-01
7.721817337819164573e-01,1.795681267976760864e-01
7.788620863205062417e-01,1.801449954509735107e-01
7.852467486537241248e-01,1.789993941783905029e-01
7.913607910931920175e-01,1.730510890483856201e-01
7.972262247908332711e-01,1.670829206705093384e-01
8.028624800644678094e-01,1.661959886550903320e-01
8.082867947419158927e-01,1.650231927633285522e-01
8.135145321017589470e-01,1.647709012031555176e-01
8.185594431925570236e-01,1.557520627975463867e-01
8.234338848135772659e-01,1.563754826784133911e-01
8.281490018569067635e-01,1.508233696222305298e-01
8.327148807821762588e-01,1.448563337326049805e-01
8.371406795401445944e-01,1.455756723880767822e-01
8.414347381531067649e-01,1.408057808876037598e-01
8.456046733082374089e-01,1.381628364324569702e-01
8.496574596596789819e-01,1.385474503040313721e-01
8.535995000193126181e-01,1.299831122159957886e-01
8.574366862100908371e-01,1.288666129112243652e-01
8.611744520339701392e-01,1.293061226606369019e-01
8.648178195496830645e-01,1.248955652117729187e-01
8.683714396494245369e-01,1.206401064991950989e-01
8.718396277570242825e-01,1.183197647333145142e-01
8.752263953349598280e-01,1.190832629799842834e-01
8.785354777771650081e-01,1.117328554391860962e-01
8.817703591740051472e-01,1.116805896162986755e-01
8.849342943610988277e-01,1.097285524010658264e-01
8.880303286018079723e-01,1.038407906889915466e-01
8.910613152017544669e-01,1.010274365544319153e-01
8.940299313107366030e-01,1.056761369109153748e-01
8.969386921313683425e-01,9.931366145610809326e-02
8.997899637234116899e-01,9.978421032428741455e-02
9.025859745671332979e-01,9.335592389106750488e-02
9.053288260272730481e-01,9.215515106916427612e-02
9.080205018407159212e-01,9.055131673812866211e-02
9.106628767351770959e-01,8.901330828666687012e-02
9.132577242726921396e-01,8.368929475545883179e-02
9.158067240001058762e-01,8.311718702316284180e-02
9.183114679787615087e-01,8.426066488027572632e-02
9.207734667569620335e-01,7.807607203722000122e-02
9.231941548413140630e-01,7.758095860481262207e-02
9.255748957165744750e-01,7.723432779312133789e-02
9.279169864579864813e-01,7.489998638629913330e-02
9.302216619751688675e-01,7.360367476940155029e-02
9.324900989223231518e-01,7.075583934783935547e-02
9.347234193057537555e-01,6.991721689701080322e-02
9.369226938163938145e-01,7.023074477910995483e-02
9.390889449121090360e-01,6.881227344274520874e-02
9.412231496719969392e-01,6.366973370313644409e-02
9.433262424426215320e-01,6.157368794083595276e-02
9.453991172941261789e-01,6.034268066287040710e-02
9.474426303023814055e-01,6.073154881596565247e-02
9.494576016717489741e-01,5.875431746244430542e-02
9.514448177116359151e-01,5.707466229796409607e-02
9.534050326787582019e-01,5.521086975932121277e-02
9.553389704959178719e-01,5.243889242410659790e-02
9.572473263570921986e-01,5.427406355738639832e-02
9.591307682277451230e-01,5.270838364958763123e-02
9.609899382484581309e-01,4.909139871597290039e-02
9.628254540492666713e-01,5.201050639152526855e-02
9.646379099814290647e-01,5.125575885176658630e-02
9.664278782727777628e-01,5.014466121792793274e-02
9.681959101122710187e-01,4.599876329302787781e-02
9.699425366688896322e-01,4.646753147244453430e-02
9.716682700495886671e-01,4.576546698808670044e-02
9.733736042006306821e-01,4.378736391663551331e-02
9.750590157562651905e-01,4.237632080912590027e-02
9.767249648384065397e-01,4.043220356106758118e-02
9.783718958106631947e-01,4.357993230223655701e-02
9.800002379898135052e-01,4.300642386078834534e-02
9.816104063175752348e-01,4.110202193260192871e-02
9.832028019952986364e-01,3.967220708727836609e-02
9.847778130840142419e-01,3.841422125697135925e-02
9.863358150720769046e-01,3.726578876376152039e-02
9.878771714124866543e-01,3.592137992382049561e-02
9.894022340318076036e-01,3.512973710894584656e-02
9.909113438124680373e-01,3.395051509141921997e-02
9.924048310500953596e-01,3.237613663077354431e-02
9.938830158874222276e-01,3.575256839394569397e-02
9.953462087261852886e-01,3.096254169940948486e-02
9.967947106183480122e-01,3.116297908127307892e-02
9.982288136378762999e-01,2.889664471149444580e-02
9.996488012342179541e-01,3.104267828166484833e-02
1.001054948568554481e+00,2.849511243402957916e-02
1.002447522833824989e+00,3.020098805427551270e-02
1.003826783559450320e+00,2.947597019374370575e-02
1.005192982901629284e+00,2.965478599071502686e-02
1.006546365920018005e+00,2.973736450076103210e-02
1.007887170841551550e+00,2.787926048040390015e-02
1.009215629312119056e+00,2.501842565834522247e-02
1.010531966636755596e+00,2.497161924839019775e-02
1.011836402008977398e+00,2.385911345481872559e-02
1.013129148729838391e+00,2.429949305951595306e-02
1.014410414417262540e+00,2.553598396480083466e-02
1.015680401206159988e+00,2.480860054492950439e-02
1.016939305939812632e+00,2.247408963739871979e-02
1.018187320352981651e+00,2.207697182893753052e-02
1.019424631247161761e+00,2.136399596929550171e-02
1.020651420658385433e+00,2.080184221267700195e-02
1.021867866017950988e+00,2.084645815193653107e-02
1.023074140306432067e+00,2.075798995792865753e-02
1.024270412201301550e+00,1.977301947772502899e-02
1.025456846218484541e+00,2.108868211507797241e-02
1.026633602848139093e+00,2.065632492303848267e-02
1.027800838684943319e+00,1.878151483833789825e-02
1.028958706553154245e+00,1.965652592480182648e-02
1.030107355626689314e+00,1.822730712592601776e-02
1.031246931544462342e+00,1.780968531966209412e-02
1.032377576521202878e+00,1.692008227109909058e-02
1.033499429453965224e+00,1.722591370344161987e-02
1.034612626024527859e+00,1.778894290328025818e-02
1.035717298797873553e+00,1.693703979253768921e-02
1.036813577316927137e+00,1.665324904024600983e-02
1.037901588193720803e+00,1.580027490854263306e-02
1.038981455197147019e+00,1.515582669526338577e-02
1.040053299337452941e+00,1.568339578807353973e-02
1.041117238947617540e+00,1.490837521851062775e-02
1.042173389761750668e+00,1.535657141357660294e-02
1.043221864990644399e+00,1.407127454876899719e-02
1.044262775394596110e+00,1.435987651348114014e-02
1.045296229353626094e+00,1.356815546751022339e-02
1.046322332935195609e+00,1.347207278013229370e-02
1.047341189959536178e+00,1.337911002337932587e-02
1.048352902062685388e+00,1.262998580932617188e-02
1.049357568757329773e+00,1.279441453516483307e-02
1.050355287491544054e+00,1.315144076943397522e-02
1.051346153705511099e+00,1.248484943062067032e-02
1.052330260886309210e+00,1.179594174027442932e-02
1.053307700620842891e+00,1.283473614603281021e-02
1.054278562646992379e+00,1.259761024266481400e-02
1.055242934903054319e+00,1.231062412261962891e-02
1.056200903575539085e+00,1.251400634646415710e-02
1.057152553145394247e+00,1.221497543156147003e-02
1.058097966432711035e+00,1.116607896983623505e-02
1.059037224639978181e+00,1.108118705451488495e-02
1.059970407393933112e+00,1.135703735053539276e-02
1.060897592786072430e+00,1.147948298603296280e-02
1.061818857411865213e+00,1.039105933159589767e-02
1.062734276408725531e+00,1.008394546806812286e-02
1.063643923492785026e+00,9.547845460474491119e-03
1.064547870994515089e+00,1.068997941911220551e-02
1.065446189893239470e+00,9.994351305067539215e-03
1.066338949850579310e+00,1.020280271768569946e-02
1.067226219242868313e+00,9.531582705676555634e-03
1.068108065192580725e+00,8.913394995033740997e-03
1.068984553598799625e+00,8.781436830759048462e-03
1.069855749166769732e+00,1.006064563989639282e-02
1.070721715436560695e+00,9.002283215522766113e-03
1.071582514810876408e+00,8.792735636234283447e-03
1.072438208582037866e+00,8.752298541367053986e-03
1.073288856958174220e+00,8.340474218130111694e-03
1.074134519088641770e+00,8.614487014710903168e-03
1.074975253088704896e+00,9.226036258041858673e-03
1.075811116063501771e+00,7.883776910603046417e-03
1.076642164131319968e+00,7.794653531163930893e-03
1.077468452446203262e+00,8.159556426107883453e-03
1.078290035219918508e+00,7.861827500164508820e-03
1.079106965743297231e+00,6.979070603847503662e-03
1.079919296406978146e+00,8.138025179505348206e-03
1.080727078721569034e+00,7.140170317143201828e-03
1.081530363337245726e+00,7.561685983091592789e-03
1.082329200062810193e+00,7.293296977877616882e-03
1.083123637884223500e+00,7.413498125970363617e-03
1.083913724982630056e+00,7.285384926944971085e-03
1.084699508751893360e+00,7.089929655194282532e-03
1.085481035815654138e+00,6.458050105720758438e-03
1.086258352043930842e+00,6.230262108147144318e-03
1.087031502569274499e+00,6.375646684318780899e-03
1.087800531802493031e+00,6.180506199598312378e-03
1.088565483447959226e+00,6.244835443794727325e-03
1.089326400518514149e+00,6.431026384234428406e-03
1.090083325349980203e+00,5.927254445850849152e-03
1.090836299615295601e+00,7.306883111596107483e-03
1.091585364338280906e+00,6.751369219273328781e-03
1.092330559907051191e+00,5.638352595269680023e-03
1.093071926087083590e+00,6.306221242994070053e-03
1.093809502033948888e+00,5.876796785742044449e-03
1.094543326305722708e+00,5.275502800941467285e-03
1.095273436875078277e+00,5.579592194408178329e-03
1.095999871141079662e+00,5.481283180415630341e-03
1.096722665940675023e+00,5.584234837442636490e-03
1.097441857559906975e+00,5.466623231768608093e-03
1.098157481744842068e+00,4.904496949166059494e-03
1.098869573712232928e+00,5.354690365493297577e-03
1.099578168159916158e+00,5.012129899114370346e-03
1.100283299276959115e+00,5.074369255453348160e-03
1.100985000753556875e+00,6.403381936252117157e-03
1.101683305790691847e+00,4.433040041476488113e-03
1.102378247109559117e+00,5.136407446116209030e-03
1.103069856960767536e+00,5.010210908949375153e-03
1.103758167133320089e+00,4.494417924433946609e-03
1.104443208963381107e+00,4.538546781986951828e-03
1.105125013342837637e+00,4.324562847614288330e-03
1.105803610727656761e+00,4.789400845766067505e-03
1.106479031146050618e+00,4.734972957521677017e-03
1.107151304206449138e+00,4.869188647717237473e-03
1.107820459105287370e+00,4.548311233520507812e-03
1.108486524634614945e+00,4.478591494262218475e-03
1.109149529189529249e+00,4.135643132030963898e-03
1.109809500775439606e+00,4.185365978628396988e-03
1.110466467015164271e+00,3.963666968047618866e-03
1.111120455155869324e+00,3.932271152734756470e-03
1.111771492075848133e+00,4.009242635220289230e-03
1.112419604291150499e+00,4.125908017158508301e-03
1.113064817962062802e+00,3.961518872529268265e-03
1.113707158899444050e+00,3.928304184228181839e-03
1.114346652570921359e+00,3.535056253895163536e-03
1.114983324106949114e+00,3.664024872705340385e-03
1.115617198306734004e+00,3.709606127813458443e-03
1.116248299644032160e+00,3.520427271723747253e-03
1.116876652272817960e+00,3.908174578100442886e-03
1.117502280032832251e+00,3.468213602900505066e-03
1.118125206455008458e+00,3.354114480316638947e-03
1.118745454766784109e+00,3.105458337813615799e-03
1.119363047897296903e+00,3.574420697987079620e-03
1.119978008482471088e+00,3.346591023728251457e-03
1.120590358869996361e+00,3.282816149294376373e-03
1.121200121124199756e+00,3.149039112031459808e-03
1.121807317030816709e+00,3.409358672797679901e-03
1.122411968101661772e+00,3.125862684100866318e-03
1.123014095579200511e+00,3.831997979432344437e-03
1.123613720441029251e+00,3.443127265200018883e-03
1.124210863404258243e+00,3.230117028579115868e-03
1.124805544929808887e+00,3.440184053033590317e-03
1.125397785226618597e+00,3.778339596465229988e-03
1.125987604255762164e+00,3.169665113091468811e-03
1.126575021734489424e+00,3.118728287518024445e-03
1.127160057140179195e+00,3.186873393133282661e-03
1.127742729714214853e+00,2.737433183938264847e-03
1.128323058465781514e+00,3.340246388688683510e-03
1.128901062175587500e+00,3.094482002779841423e-03
1.129476759399510977e+00,3.227299777790904045e-03
1.130050168472174210e+00,2.793001709505915642e-03
1.130621307510447204e+00,2.672447124496102333e-03
1.131190194416882955e+00,2.632850315421819687e-03
1.131756846883084089e+00,2.485797274857759476e-03
1.132321282393004003e+00,2.917017787694931030e-03
1.132883518226184050e+00,2.798137720674276352e-03
1.133443571460927668e+00,2.818541601300239563e-03
1.134001458977413224e+00,2.856106031686067581e-03
1.134557197460746680e+00,2.369069959968328476e-03
1.135110803403955426e+00,2.409480512142181396e-03
1.135662293110926147e+00,2.897983649745583534e-03
1.136211682699285186e+00,2.279212698340415955e-03
1.136758988103225176e+00,2.287205541506409645e-03
1.137304225076278152e+00,2.486364217475056648e-03
1.137847409194036263e+00,2.326173940673470497e-03
1.138388555856821416e+00,2.539335982874035835e-03
1.138927680292305844e+00,2.378329169005155563e-03
1.139464797558081832e+00,2.119734417647123337e-03
1.139999922544186806e+00,2.480720402672886848e-03
1.140533069975578906e+00,2.191537525504827499e-03
1.141064254414569268e+00,2.048509893938899040e-03
1.141593490263207444e+00,2.448693383485078812e-03
1.142120791765625532e+00,2.370103960856795311e-03
1.142646173010337662e+00,2.076079137623310089e-03
1.143169647932499089e+00,2.043334068730473518e-03
1.143691230316123963e+00,2.113289199769496918e-03
1.144210933796262930e+00,2.050869632512331009e-03
1.144728771861142080e+00,1.917221816256642342e-03
1.145244757854263273e+00,2.254265127703547478e-03
1.145758904976468040e+00,1.922822557389736176e-03
1.146271226287962186e+00,1.837836462073028088e-03
1.146781734710308642e+00,1.921712653711438179e-03
1.147290443028380791e+00,1.840853947214782238e-03
1.147797363892285594e+00,1.775797223672270775e-03
1.148302509819249639e+00,2.179634524509310722e-03
1.148805893195474326e+00,2.320547122508287430e-03
1.149307526277958402e+00,1.888452679850161076e-03
1.149807421196288093e+00,1.761209452524781227e-03
1.150305589954397689e+00,2.044842345640063286e-03
1.150802044432298388e+00,2.069086069241166115e-03
1.151296796387778487e+00,2.376580610871315002e-03
1.151789857458074717e+00,1.854928093962371349e-03
1.152281239161514037e+00,1.954440260306000710e-03
1.152770952899128121e+00,1.652573817409574986e-03
1.153259009956241199e+00,1.693083089776337147e-03
1.153745421504029922e+00,1.721039647236466408e-03
1.154230198601057689e+00,1.620320836082100868e-03
1.154713352194783882e+00,1.947720651514828205e-03
1.155194893123046018e+00,1.626329147256910801e-03
1.155674832115519690e+00,1.670278958044946194e-03
1.156153179795152308e+00,1.643670140765607357e-03
1.156629946679573973e+00,1.815776922740042210e-03
1.157105143182485696e+00,1.820996170863509178e-03
1.157578779615023423e+00,1.524256658740341663e-03
1.158050866187100514e+00,1.481630257330834866e-03
1.158521413008729350e+00,1.536845345981419086e-03
1.158990430091319634e+00,1.707777963019907475e-03
1.159457927348956030e+00,1.806541578844189644e-03
1.159923914599656714e+00,1.463744672946631908e-03
1.160388401566609495e+00,1.702419249340891838e-03
1.160851397879389957e+00,1.681229798123240471e-03
1.161312913075158937e+00,1.469966256991028786e-03
1.161772956599841145e+00,1.365146716125309467e-03
1.162231537809286230e+00,1.334501430392265320e-03
1.162688665970408319e+00,1.334766857326030731e-03
1.163144350262311777e+00,1.280545722693204880e-03
1.163598599777396103e+00,1.802503829821944237e-03
1.164051423522444839e+00,1.830548048019409180e-03
1.164502830419696267e+00,1.316258683800697327e-03
1.164952829307899895e+00,1.542704063467681408e-03
1.165401428943353190e+00,1.622149022296071053e-03
1.165848638000925419e+00,1.838780823163688183e-03
1.166294465075062625e+00,1.514206873252987862e-03
1.166738918680779724e+00,2.023426350206136703e-03
1.167182007254636389e+00,1.249315682798624039e-03
1.167623739155697393e+00,1.248190877959132195e-03
1.168064122666478966e+00,1.615248271264135838e-03
1.168503165993880932e+00,1.193017698824405670e-03
1.168940877270103762e+00,1.768030808307230473e-03
1.169377264553552953e+00,1.143177389167249203e-03
1.169812335829729655e+00,1.421877299435436726e-03
1.170246099012105523e+00,1.435935031622648239e-03
1.170678561942988694e+00,1.134196296334266663e-03
1.171109732394373326e+00,1.106843003071844578e-03
1.171539618068777155e+00,1.155470730736851692e-03
1.171968226600069052e+00,1.474210759624838829e-03
1.172395565554280150e+00,1.174200908280909061e-03
1.172821642430406541e+00,1.031890977174043655e-03
1.173246464661198640e+00,1.145758898928761482e-03
1.173670039613939009e+00,1.196234021335840225e-03
1.174092374591209298e+00,1.105924602597951889e-03
1.174513476831645198e+00,1.320404815487563610e-03
1.174933353510680956e+00,1.020769239403307438e-03
1.175352011741283453e+00,1.498210709542036057e-03
1.175769458574674520e+00,1.030646613799035549e-03
1.176185701001044359e+00,1.222508959472179413e-03
1.176600745950252991e+00,1.559913507662713528e-03
1.177014600292522806e+00,9.880046127364039421e-04
1.177427270839121798e+00,9.873254457488656044e-04
1.177838764343034139e+00,9.630796848796308041e-04
1.178249087499626091e+00,1.240830984897911549e-03
1.178658246947296595e+00,9.383285068906843662e-04
1.179066249268124089e+00,1.256538089364767075e-03
1.179473100988500445e+00,1.165978377684950829e-03
1.179878808579758465e+00,9.260742226615548134e-04
1.180283378458787835e+00,2.019206760451197624e-03
1.180686816988646415e+00,1.199806458316743374e-03
1.181089130479157756e+00,1.223238767124712467e-03
1.181490325187506629e+00,1.453561941161751747e-03
1.181890407318820335e+00,9.597989846952259541e-04
1.182289383026745355e+00,1.620567403733730316e-03
1.182687258414015563e+00,9.495962294749915600e-04
1.183084039533012444e+00,8.843198302201926708e-04
1.183479732386316430e+00,1.027920283377170563e-03
1.183874342927253132e+00,8.759711636230349541e-04
1.184267877060429797e+00,9.389788028784096241e-04
1.184660340642266219e+00,1.580414827913045883e-03
1.185051739481516542e+00,8.454212802462279797e-04
1.185442079339786181e+00,1.330991624854505062e-03
1.185831365932041193e+00,1.094645936973392963e-03
1.186219604927107429e+00,7.840875769034028053e-04
1.186606801948169920e+00,7.729977951385080814e-04
1.186992962573258703e+00,7.558641373179852962e-04
1.187378092335731328e+00,1.054082415066659451e-03
1.187762196724750030e+00,8.078051614575088024e-04
1.188145281185749358e+00,1.383076771162450314e-03
1.188527351120901354e+00,7.606732542626559734e-04
1.188908411889570305e+00,7.628065068274736404e-04
1.189288468808765264e+00,1.060201786458492279e-03
1.189667527153585702e+00,7.412548875436186790e-04
1.190045592157659815e+00,7.610929314978420734e-04
1.190422669013577739e+00,1.320415758527815342e-03
1.190798762873320538e+00,7.114940672181546688e-04
1.191173878848682532e+00,7.057350594550371170e-04
1.191548022011686969e+00,9.862760780379176140e-04
1.191921197394998577e+00,7.362671894952654839e-04
1.192293409992330133e+00,6.819689297117292881e-04
1.192664664758841697e+00,9.415817330591380596e-04
1.193034966611538517e+00,6.695619085803627968e-04
1.193404320429659826e+00,1.256330288015305996e-03
1.193772731055066094e+00,9.983392665162682533e-04
1.194140203292618940e+00,9.455548715777695179e-04
1.194506741910557945e+00,9.647489059716463089e-04
1.194872351640871022e+00,9.419819107279181480e-04
1.195237037179661232e+00,8.887511212378740311e-04
1.195600803187509165e+00,9.017114643938839436e-04
1.195963654289829980e+00,9.298578952439129353e-04
1.196325595077226245e+00,6.326040602289140224e-04
1.196686630105836313e+00,1.166593050584197044e-03
1.197046763897678945e+00,6.507794023491442204e-04
1.197406000940992365e+00,6.382605643011629581e-04
1.197764345690570442e+00,8.913847268559038639e-04
1.198121802568094640e+00,1.465077511966228485e-03
1.198478375962459763e+00,6.097462610341608524e-04
1.198834070230099025e+00,9.171915007755160332e-04
1.199188889695302462e+00,6.273750332184135914e-04
1.199542838650532683e+00,6.111321272328495979e-04
1.199895921356736173e+00,8.904217393137514591e-04
1.200248142043651267e+00,6.160245975479483604e-04
1.200599504910112358e+00,5.961267161183059216e-04
1.200950014124349652e+00,6.298224325291812420e-04
1.201299673824286929e+00,5.715759471058845520e-04
1.201648488117833313e+00,8.452046313323080540e-04
1.201996461083173484e+00,8.544338052161037922e-04
1.202343596769054113e+00,5.398440989665687084e-04
1.202689899195065859e+00,5.696986918337643147e-04
1.203035372351923593e+00,5.625443300232291222e-04
1.203380020201741063e+00,5.611318047158420086e-04
1.203723846678303788e+00,8.787205442786216736e-04
1.204066855687339732e+00,9.009165223687887192e-04
1.204409051106784645e+00,8.096534875221550465e-04
1.204750436787044299e+00,8.582966402173042297e-04
1.205091016551255612e+00,1.082296483218669891e-03
1.205430794195543331e+00,5.058382521383464336e-04
1.205769773489273611e+00,5.242762854322791100e-04
1.206107958175305361e+00,8.182661840692162514e-04
1.206445351970237390e+00,4.718144773505628109e-04
1.206781958564654422e+00,4.925596877001225948e-04
1.207117781623368469e+00,4.885403905063867569e-04
1.207452824785659296e+00,4.651696362998336554e-04
1.207787091665509571e+00,4.936304758302867413e-04
1.208120585851840678e+00,4.919083439745008945e-04
1.208453310908741862e+00,4.657450190279632807e-04
1.208785270375700271e+00,4.679829580709338188e-04
1.209116467767826331e+00,7.493637385778129101e-04
1.209446906576077119e+00,7.276224205270409584e-04
1.209776590267476859e+00,7.378756999969482422e-04
1.210105522285335855e+00,4.724859318230301142e-04
1.210433706049466096e+00,4.740592557936906815e-04
1.210761144956393531e+00,7.168934680521488190e-04
1.211087842379570789e+00,7.849204703234136105e-04
1.211413801669584123e+00,7.040905184112489223e-04
1.211739026154360133e+00,4.964114632457494736e-04
1.212063519139370493e+00,4.656859964597970247e-04
1.212387283907832236e+00,1.014596666209399700e-03
1.212710323720907590e+00,7.404953357763588428e-04
1.213032641817901158e+00,6.852619699202477932e-04
1.213354241416454871e+00,4.271089565008878708e-04
1.213675125712740055e+00,4.350188246462494135e-04
1.213995297881649504e+00,7.205185829661786556e-04
1.214314761076984439e+00,7.024226943030953407e-04
1.214633518431641246e+00,7.067535771057009697e-04
1.214951573057796663e+00,4.042182117700576782e-04
1.215268928047089192e+00,6.977868033573031425e-04
1.215585586470799395e+00,3.914582484867423773e-04
1.215901551380029089e+00,3.863772726617753506e-04
1.216216825805877200e+00,4.154635535087436438e-04
1.216531412759613406e+00,6.715247291140258312e-04
1.216845315232852887e+00,4.053848388139158487e-04
1.217158536197724406e+00,6.844378076493740082e-04
1.217471078607041068e+00,3.987882519140839577e-04
1.217782945394467076e+00,3.762465203180909157e-04
1.218094139474681370e+00,9.291862370446324348e-04
1.218404663743543948e+00,3.720437816809862852e-04
1.218714521078254176e+00,9.272042079828679562e-04
1.219023714337513331e+00,3.760635154321789742e-04
1.219332246361682248e+00,3.816243843175470829e-04
1.219640119972937198e+00,3.717349027283489704e-04
1.219947337975425095e+00,6.545064970850944519e-04
1.220253903155417152e+00,3.626641409937292337e-04
1.220559818281460096e+00,6.350267212837934494e-04
1.220865086104525821e+00,9.094696724787354469e-04
1.221169709358161048e+00,3.671392623800784349e-04
1.221473690758632547e+00,3.514799172990024090e-04
1.221777033005074342e+00,3.452913952060043812e-04
1.222079738779629610e+00,6.409161724150180817e-04
1.222381810747594111e+00,3.468813374638557434e-04
1.222683251557557416e+00,6.349228788167238235e-04
1.222984063841540348e+00,6.379061960615217686e-04
1.223284250215135316e+00,3.273335460107773542e-04
1.223583813277640653e+00,6.206128746271133423e-04
1.223882755612197171e+00,6.247498095035552979e-04
1.224181079785920945e+00,3.423946327529847622e-04
1.224478788350035652e+00,3.377393295522779226e-04
1.224775883840004465e+00,3.208708949387073517e-04
1.225072368775657949e+00,3.242943785153329372e-04
1.225368245661323297e+00,3.551686822902411222e-04
1.225663516985951551e+00,3.211476432625204325e-04
1.225958185223242625e+00,6.012803060002624989e-04
1.226252252831769862e+00,3.035597037523984909e-04
1.226545722255103055e+00,3.232998424209654331e-04
1.226838595921929898e+00,3.220377548132091761e-04
1.227130876246177671e+00,3.260721277911216021e-04
1.227422565627131812e+00,3.075413114856928587e-04
1.227713666449553820e+00,3.280272940173745155e-04
1.228004181083798718e+00,3.198273479938507080e-04
1.228294111885931184e+00,2.984089369419962168e-04
1.228583461197839455e+00,2.823618997354060411e-04
1.228872231347349242e+00,5.683735944330692291e-04
1.229160424648336303e+00,2.994201786350458860e-04
1.229448043400836577e+00,9.109444799832999706e-04
1.229735089891158317e+00,5.823819083161652088e-04
1.230021566391988896e+00,5.897436640225350857e-04
1.230307475162504494e+00,5.784992245025932789e-04
1.230592818448476233e+00,2.998075215145945549e-04
1.230877598482376323e+00,5.633878754451870918e-04
1.231161817483481746e+00,2.704014186747372150e-04
1.231445477657980625e+00,8.513089269399642944e-04
1.231728581199071471e+00,2.622801112011075020e-04
1.232011130287068212e+00,2.612240787129849195e-04
1.232293127089498119e+00,5.527599714696407318e-04
1.232574573761204828e+00,5.590157234109938145e-04
1.232855472444443601e+00,2.601160376798361540e-04
1.233135825268981467e+00,5.416042404249310493e-04
1.233415634352192924e+00,5.446482100524008274e-04
1.233694901799157861e+00,2.720813208725303411e-04
1.233973629702753705e+00,8.185688639059662819e-04
1.234251820143751122e+00,5.318106268532574177e-04
1.234529475190908165e+00,2.489589387550950050e-04
1.234806596901059983e+00,2.444145502522587776e-04
1.235083187319212961e+00,2.673084673006087542e-04
1.235359248478633543e+00,2.640387392602860928e-04
1.235634782400938603e+00,2.439377421978861094e-04
1.235909791096183596e+00,2.397164935246109962e-04
1.236184276562951823e+00,5.302803474478423595e-04
1.236458240788439911e+00,5.373748717829585075e-04
1.236731685748546195e+00,2.426409773761406541e-04
1.237004613407953757e+00,5.243247142061591148e-04
1.237277025720217249e+00,2.313110453542321920e-04
1.237548924627845714e+00,7.989333826117217541e-04
1.237820312062385852e+00,2.259599859826266766e-04
1.238091189944504844e+00,2.330772258574143052e-04
1.238361560184070731e+00,2.269198594149202108e-04
1.238631424680235016e+00,5.175974802114069462e-04
1.238900785321510600e+00,4.973590257577598095e-04
1.239169643985852831e+00,2.579570282250642776e-04
1.239438002540736994e+00,5.109179764986038208e-04
1.239705862843237139e+00,2.251731348223984241e-04
1.239973226740102019e+00,2.291018754476681352e-04
1.240240096067832143e+00,5.023494595661759377e-04
1.240506472652755710e+00,2.466877340339124203e-04
1.240772358311102552e+00,2.230833342764526606e-04
1.241037754849080077e+00,4.925148678012192249e-04
1.241302664062944761e+00,2.169906802009791136e-04
1.241567087739077868e+00,4.880938795395195484e-04
1.241831027654054509e+00,2.198793081333860755e-04
1.242094485574718021e+00,2.030667237704619765e-04
1.242357463258249473e+00,4.842838388867676258e-04
1.242619962452238047e+00,2.189688239013776183e-04
1.242881984894751435e+00,2.115024399245157838e-04
1.243143532314404442e+00,4.820224421564489603e-04
1.243404606430426496e+00,4.818130400963127613e-04
1.243665208952731804e+00,4.846381489187479019e-04
1.243925341581984201e+00,1.959795190487056971e-04
1.244185006009665084e+00,7.532663876190781593e-04
1.244444203918138259e+00,1.872622669907286763e-04
1.244702936980716990e+00,2.129136846633628011e-04
1.244961206861727510e+00,4.725328471977263689e-04
1.245219015216573410e+00,5.021785036660730839e-04
1.245476363691800037e+00,4.844772338401526213e-04
1.245733253925156436e+00,4.787437501363456249e-04
1.245989687545658864e+00,4.831316182389855385e-04
1.246245666173652511e+00,4.721737350337207317e-04
1.246501191420873234e+00,1.879667688626796007e-04
1.246756264890506838e+00,4.652329662349075079e-04
1.247010888177251919e+00,1.890000858111307025e-04
1.247265062867378038e+00,4.645322624128311872e-04
1.247518790538785005e+00,1.897626498248428106e-04
1.247772072761062612e+00,4.634022188838571310e-04
1.248024911095547695e+00,1.901438808999955654e-04
1.248277307095383648e+00,1.751605450408533216e-04
1.248529262305575038e+00,1.854144356912001967e-04
1.248780778263047342e+00,1.885511155705899000e-04
1.249031856496700010e+00,4.614095669239759445e-04
1.249282498527465979e+00,4.595844075083732605e-04
1.249532705868362958e+00,4.506216500885784626e-04
1.249782480024551612e+00,1.752986863721162081e-04
1.250031822493387512e+00,1.650706981308758259e-04
1.250280734764476431e+00,4.442647332325577736e-04
1.250529218319727187e+00,4.410596156958490610e-04
1.250777274633404268e+00,4.370404058136045933e-04
1.251024905172181345e+00,4.451185523066669703e-04
1.251272111395191677e+00,1.613201020518317819e-04
1.251518894754081845e+00,1.590514875715598464e-04
1.251765256693060824e+00,4.437783791217952967e-04
1.252011198648951718e+00,4.360962775535881519e-04
1.252256722051241944e+00,1.624226279091089964e-04
1.252501828322133415e+00,4.340683808550238609e-04
1.252746518876591386e+00,1.538680371595546603e-04
1.252990795122393308e+00,1.580695970915257931e-04
1.253234658460178341e+00,4.250175552442669868e-04
1.253478110283494429e+00,1.541997044114395976e-04
1.253721151978847370e+00,1.616290683159604669e-04
1.253963784925746561e+00,1.500210346421226859e-04
1.254206010496753620e+00,1.481354265706613660e-04
1.254447830057528135e+00,1.468394184485077858e-04
1.254689244966873396e+00,4.307842464186251163e-04
1.254930256576783698e+00,4.325042827986180782e-04
1.255170866232488081e+00,9.809699840843677521e-04
1.255411075272496513e+00,4.243322764523327351e-04
1.255650885028644081e+00,1.412442070432007313e-04
1.255890296826135621e+00,4.275826795492321253e-04
1.256129311983589014e+00,1.471133873565122485e-04
1.256367931813079819e+00,1.571220200276002288e-04
1.256606157620183017e+00,1.500305370427668095e-04
1.256843990704017866e+00,1.461491483496502042e-04
1.257081432357288309e+00,1.350274978904053569e-04
1.257318483866326497e+00,4.209360340610146523e-04
1.257555146511134536e+00,4.130453744437545538e-04
1.257791421565424672e+00,4.220350820105522871e-04
1.258027310296662371e+00,4.213909269310534000e-04
1.258262813966105398e+00,4.069395363330841064e-04
1.258497933828845561e+00,1.328675862168893218e-04
1.258732671133847569e+00,1.387241500196978450e-04
1.258967027123990556e+00,1.340610469924286008e-04
1.259201003036105604e+00,4.108133725821971893e-04
1.259434600101016377e+00,1.368796802125871181e-04
1.259667819543577094e+00,1.361173199256882071e-04
1.259900662582712050e+00,6.828882033005356789e-04
1.260133130431452919e+00,1.317437418038025498e-04
1.260365224296976283e+00,1.272293739020824432e-04
1.260596945380642708e+00,1.291495864279568195e-04
1.260828294878033384e+00,3.987633099313825369e-04
1.261059273978986761e+00,1.220702833961695433e-04
1.261289883867635409e+00,4.047817201353609562e-04
1.261520125722442431e+00,4.075634060427546501e-04
1.261750000716238329e+00,1.260221761185675859e-04
1.261979510016255857e+00,1.238207041751593351e-04
1.262208654784165995e+00,1.248221087735146284e-04
1.262437436176113259e+00,1.281192089663818479e-04
1.262665855342750554e+00,1.142705150414258242e-04
1.262893913429274262e+00,3.982214257121086121e-04
1.263121611575458214e+00,1.223787839990109205e-04
1.263348950915687885e+00,3.938489826396107674e-04
1.263575932578995253e+00,1.193488860735669732e-04
1.263802557689090778e+00,1.253531081601977348e-04
1.264028827364398255e+00,4.043398075737059116e-04
1.264254742718087687e+00,4.214318178128451109e-04
1.264480304858106363e+00,1.270246721105650067e-04
1.264705514887214832e+00,1.174904537037946284e-04
1.264930373903015992e+00,6.671610753983259201e-04
1.265154882997988839e+00,1.141254469985142350e-04
1.265379043259520664e+00,1.189331960631534457e-04
1.265602855769937030e+00,1.133257974288426340e-04
1.265826321606534854e+00,1.141954708145931363e-04
1.266049441841612389e+00,1.092002712539397180e-04
1.266272217542500522e+00,3.852834051940590143e-04
1.266494649771593428e+00,1.182204578071832657e-04
1.266716739586378759e+00,9.381414856761693954e-04
1.266938488039468069e+00,1.088465141947381198e-04
1.267159896178627010e+00,1.054973909049294889e-04
1.267380965046803976e+00,3.854779934044927359e-04
1.267601695682160301e+00,1.043347365339286625e-04
1.267822089118100237e+00,1.111660603783093393e-04
1.268042146383298263e+00,1.086733027477748692e-04
1.268261868501729506e+00,1.198043974000029266e-04
1.268481256492697273e+00,3.817515389528125525e-04
1.268700311370862366e+00,3.754587960429489613e-04
1.268919034146269942e+00,1.025035235215909779e-04
1.269137425824379051e+00,1.022439901134930551e-04
1.269355487406088390e+00,1.032803847920149565e-04
1.269573219887766502e+00,3.804621228482574224e-04
1.269790624261275980e+00,9.651554864831268787e-05
1.270007701514002996e+00,6.519348244182765484e-04
1.270224452628883283e+00,3.748672897927463055e-04
1.270440878584429001e+00,3.703808761201798916e-04
1.270656980354754939e+00,1.016952228383161128e-04
1.270872758909604938e+00,3.772727213799953461e-04
1.271088215214378314e+00,9.479299478698521852e-05
1.271303350230155838e+00,9.726216376293450594e-05
1.271518164913724824e+00,3.766133741009980440e-04
1.271732660217604671e+00,3.682564129121601582e-04
1.271946837090073501e+00,3.698513028211891651e-04
1.272160696475191033e+00,3.719179658219218254e-04
1.272374239312826782e+00,3.698262735269963741e-04
1.272587466538680934e+00,9.118866728385910392e-05
1.272800379084312095e+00,3.707218274939805269e-04
1.273012977877160612e+00,3.701231034938246012e-04
1.273225263840572108e+00,8.630637603346258402e-05
1.273437237893823015e+00,9.227137197740375996e-04
1.273648900952143004e+00,3.592149296309798956e-04
1.273860253926739627e+00,3.745456633623689413e-04
1.274071297724821195e+00,8.950531628215685487e-05
1.274282033249621415e+00,9.028275962918996811e-05
1.274492461400420718e+00,9.577742457622662187e-05
1.274702583072570894e+00,9.348565799882635474e-05
1.274912399157516862e+00,9.313098416896536946e-05
1.275121910542819981e+00,3.673461615107953548e-04
1.275331118112180695e+00,3.687449789140373468e-04
1.275540022745460300e+00,9.035447146743535995e-05
1.275748625318703144e+00,3.641778894234448671e-04
1.275956926704159944e+00,8.548793994123116136e-05
1.276164927770307544e+00,3.556530573405325413e-04
1.276372629381872903e+00,6.395520176738500595e-04
1.276580032399852405e+00,8.347551192855462432e-05
1.276787137681535622e+00,3.606874088291078806e-04
1.276993946080524411e+00,8.243133925134316087e-05
1.277200458446755560e+00,6.184669327922165394e-04
1.277406675626521215e+00,8.445968705927953124e-05
1.277612598462489313e+00,1.039389608195051551e-04
1.277818227793724892e+00,9.373826469527557492e-05
1.278023564455710082e+00,8.233858534367755055e-05
1.278228609280364525e+00,8.228403021348640323e-05
1.278433363096066255e+00,8.165642793755978346e-05
1.278637826727671012e+00,8.023287227842956781e-05
1.278842000996532668e+00,8.054568752413615584e-05
1.279045886720522551e+00,3.548005770426243544e-04
1.279249484714049201e+00,3.570824919734150171e-04
1.279452795788078578e+00,7.295946124941110611e-05
1.279655820750152717e+00,7.466664828825742006e-05
1.279858560404408818e+00,3.532413684297353029e-04
1.280061015551599235e+00,7.484853267669677734e-05
1.280263186989109681e+00,7.607768202433362603e-05
1.280465075510978101e+00,3.539032768458127975e-04
1.280666681907913773e+00,7.617982191732153296e-05
1.280868006967316397e+00,3.498131118249148130e-04
1.281069051473292308e+00,7.271958747878670692e-05
1.281269816206676238e+00,7.315764378290623426e-05
1.281470301945046186e+00,7.291587826330214739e-05
1.281670509462743635e+00,7.139289664337411523e-05
1.281870439530890415e+00,7.128760626073926687e-05
1.282070092917407145e+00,3.519240999594330788e-04
1.282269470387030763e+00,7.035697490209713578e-05
1.282468572701331855e+00,6.729186861775815487e-05
1.282667400618732190e+00,6.915492122061550617e-05
1.282865954894522487e+00,3.442366432864218950e-04
1.283064236280879067e+00,6.664053944405168295e-05
1.283262245526880951e+00,6.774056237190961838e-05
1.283459983378528069e+00,6.791126361349597573e-05
1.283657450578755466e+00,6.321069668047130108e-05
1.283854647867453069e+00,6.422575097531080246e-05
1.284051575981480564e+00,3.453919489402323961e-04
1.284248235654683823e+00,3.462839813437312841e-04
1.284444627617912671e+00,3.634466847870498896e-04
1.284640752599035318e+00,3.459042054601013660e-04
1.284836611322956568e+00,3.501257451716810465e-04
1.285032204511632248e+00,6.534827844006940722e-05
1.285227532884085422e+00,3.413079830352216959e-04
1.285422597156423485e+00,6.407358887372538447e-05
1.285617398041852599e+00,6.799793482059612870e-05
1.285811936250693677e+00,3.398661792743951082e-04
1.286006212490398148e+00,3.414044622331857681e-04
1.286200227465563506e+00,5.812542440253309906e-05
1.286393981877948178e+00,6.060030864318832755e-05
1.286587476426486853e+00,6.679791840724647045e-05
1.286780711807306021e+00,6.056756319594569504e-05
1.286973688713738406e+00,6.153495633043348789e-04
1.287166407836338733e+00,6.041463711881078780e-05
1.287358869862897937e+00,5.924686047364957631e-05
1.287551075478457152e+00,5.887992301722988486e-05
1.287743025365324145e+00,3.396862884983420372e-04
1.287934720203086636e+00,5.556654650717973709e-05
1.288126160668626952e+00,5.607730054180137813e-05
1.288317347436135796e+00,5.711536505259573460e-05
1.288508281177128012e+00,6.037124330759979784e-05
1.288698962560455463e+00,5.604594116448424757e-05
1.288889392252321020e+00,6.026310438755899668e-05
1.289079570916294104e+00,3.331023908685892820e-04
1.289269499213321568e+00,3.320094547234475613e-04
1.289459177801745238e+00,3.330094041302800179e-04
1.289648607337312791e+00,3.319854731671512127e-04
1.289837788473191527e+00,5.385603071772493422e-05
1.290026721859984127e+00,5.612160748569294810e-05
1.290215408145739540e+00,3.309067687951028347e-04
1.290403847975967411e+00,3.288854204583913088e-04
1.290592041993651851e+00,3.295023052487522364e-04
1.290779990839263203e+00,5.120668356539681554e-05
1.290967695150772476e+00,3.297337971162050962e-04
1.291155155563663337e+00,3.319210081826895475e-04
1.291342372710946096e+00,5.069895996712148190e-05
1.291529347223169255e+00,5.305395461618900299e-05
1.291716079728433497e+00,6.000202120048925281e-05
1.291902570852403453e+00,5.158303611096926033e-05
1.292088821218320360e+00,5.449351738207042217e-05
1.292274831447014938e+00,3.599924147129058838e-01
1.292460602156919824e+00,2.928732037544250488e-01
1.292646133964081567e+00,8.792022615671157837e-02
1.292831427482173057e+00,1.087191104888916016e-01
1.293016483322505739e+00,4.323258250951766968e-02
1.293201302094041383e+00,8.697661571204662323e-03
1.293385884403404962e+00,2.891766605898737907e-03
1.293570230854895531e+00,1.876201946288347244e-03
1.293754342050498440e+00,1.117526669986546040e-03
1.293938218589898215e+00,9.493181714788079262e-04
1.294121861070488322e+00,7.249480695463716984e-04
1.294305270087384274e+00,4.767198697663843632e-04
1.294488446233434953e+00,3.647008852567523718e-04
1.294671390099233266e+00,3.086245269514620304e-04
1.294854102273129248e+00,3.132078563794493675e-04
1.295036583341239611e+00,3.238779318053275347e-04
1.295218833887459731e+00,2.783199888654053211e-04
1.295400854493475196e+00,8.150458452291786671e-04
1.295582645738773131e+00,2.864573034457862377e-04
1.295764208200651524e+00,2.595680416561663151e-04
1.295945542454233435e+00,5.386855918914079666e-04
1.296126649072473880e+00,2.306030801264569163e-04
1.296307528626174710e+00,5.204728222452104092e-04
1.296488181683992158e+00,2.213770931120961905e-04
1.296668608812449719e+00,2.370777510805055499e-04
1.296848810575947697e+00,2.234260318800806999e-04
1.297028787536774086e+00,2.152390661649405956e-04
1.297208540255115228e+00,4.756887792609632015e-04
1.297388069289066248e+00,1.997380168177187443e-04
1.297567375194641048e+00,4.924898385070264339e-04
1.297746458525783630e+00,2.032403572229668498e-04
1.297925319834376978e+00,1.702961599221453071e-04
1.298103959670254381e+00,2.011438482441008091e-04
1.298282378581208985e+00,1.802507467800751328e-04
1.298460577113004444e+00,1.867797400336712599e-04
1.298638555809384254e+00,4.472919390536844730e-04
1.298816315212081740e+00,1.660695852478966117e-04
1.298993855860830715e+00,4.404381907079368830e-04
1.299171178293374807e+00,1.587795268278568983e-04
1.299348283045477004e+00,1.800988975446671247e-04
1.299525170650929429e+00,4.340362793300300837e-04
1.299701841641563993e+00,1.585778372827917337e-04
1.299878296547260170e+00,1.572606706758961082e-04
1.300054535895955876e+00,1.531681919004768133e-04
1.300230560213657238e+00,1.611904008314013481e-04
1.300406370024446590e+00,1.441082422388717532e-04
1.300581965850492905e+00,1.546792191220447421e-04
1.300757348212060460e+00,1.540008379379287362e-04
1.300932517627519269e+00,1.473157026339322329e-04
1.301107474613352633e+00,1.393131678923964500e-04
1.301282219684167574e+00,1.414219586877152324e-04
1.301456753352703277e+00,1.438591571059077978e-04
1.301631076129840192e+00,1.307807106059044600e-04
1.301805188524609136e+00,1.409942633472383022e-04
1.301979091044200842e+00,1.386055228067561984e-04
1.302152784193972623e+00,6.903145695105195045e-04
1.302326268477460136e+00,1.368920638924464583e-04
1.302499544396383824e+00,4.026951210107654333e-04
1.302672612450659573e+00,1.342947798548266292e-04
1.302845473138404708e+00,1.311688247369602323e-04
1.303018126955949763e+00,1.292664965149015188e-04
1.303190574397844470e+00,1.267053012270480394e-04
1.303362815956867982e+00,3.968050295952707529e-04
1.303534852124035526e+00,4.035389283671975136e-04
1.303706683388608845e+00,4.014100704807788134e-04
1.303878310238103300e+00,1.220898411702364683e-04
1.304049733158296087e+00,1.192715280922129750e-04
1.304220952633235786e+00,1.196803132188506424e-04
1.304391969145248353e+00,1.185796209028922021e-04
1.304562783174946894e+00,1.096298146876506507e-04
1.304733395201240320e+00,1.082689122995361686e-04
1.304903805701339570e+00,1.194681099150329828e-04
1.305074015150766487e+00,3.956420114263892174e-04
1.305244024023362259e+00,3.959367750212550163e-04
1.305413832791294970e+00,1.119223961723037064e-04
1.305583441925066923e+00,1.134916528826579452e-04
1.305752851893523303e+00,1.117754509323276579e-04
1.305922063163859503e+00,3.875099937431514263e-04
1.306091076201629120e+00,1.092295206035487354e-04
1.306259891470751056e+00,1.104063630918972194e-04
1.306428509433517737e+00,1.043517913785763085e-04
1.306596930550602886e+00,1.126427450799383223e-04
1.306765155281068180e+00,3.878742572851479053e-04
1.306933184082371469e+00,1.023350996547378600e-04
1.307101017410374988e+00,3.809226909652352333e-04
1.307268655719350026e+00,3.751448821276426315e-04
1.307436099461987578e+00,1.008570325211621821e-04
1.307603349089404121e+00,1.005820231512188911e-04
1.307770405051148277e+00,1.023073054966516793e-04
1.307937267795209468e+00,3.756291407626122236e-04
1.308103937768024361e+00,9.779683750821277499e-05
1.308270415414483967e+00,3.796524542849510908e-04
1.308436701177941197e+00,3.788647591136395931e-04
1.308602795500217297e+00,9.240809595212340355e-05
1.308768698821609844e+00,9.916006820276379585e-05
1.308934411580898960e+00,9.570729162078350782e-05
1.309099934215353978e+00,1.016350724967196584e-04
1.309265267160741653e+00,3.769437025766819715e-04
1.309430410851331938e+00,3.721003886312246323e-04
1.309595365719905313e+00,8.361689106095582247e-05
1.309760132197759219e+00,3.711923491209745407e-04
1.309924710714715612e+00,9.837057586992159486e-05
1.310089101699126068e+00,9.190768469125032425e-05
1.310253305577881111e+00,6.458575953729450703e-04
1.310417322776413540e+00,9.410308848600834608e-05
1.310581153718707981e+00,3.661598893813788891e-04
1.310744798827306434e+00,3.701977548189461231e-04
1.310908258523313608e+00,8.989318303065374494e-05
1.311071533226404906e+00,8.670592069393023849e-05
1.311234623354833317e+00,8.574761159252375364e-05
1.311397529325433631e+00,9.055170812644064426e-05
1.311560251553631540e+00,8.756152965361252427e-05
1.311722790453447196e+00,8.552907092962414026e-05
1.311885146437504090e+00,8.586930198362097144e-05
1.312047319917033716e+00,8.781671931501477957e-05
1.312209311301882675e+00,8.528930629836395383e-05
1.312371121000518226e+00,8.352965232916176319e-05
1.312532749420034728e+00,8.242888725362718105e-05
1.312694196966160076e+00,8.053290366660803556e-05
1.312855464043261478e+00,8.068222814472392201e-05
1.313016551054351666e+00,8.564769086660817266e-05
1.313177458401094899e+00,8.166312181856483221e-05
1.313338186483813175e+00,3.593466244637966156e-04
1.313498735701491560e+00,7.905848178779706359e-05
1.313659106451784631e+00,7.975359767442569137e-05
1.313819299131022467e+00,7.751162047497928143e-05
1.313979314134216869e+00,3.577024908736348152e-04
1.314139151855065801e+00,7.772990647936239839e-05
1.314298812685960938e+00,8.188126957975327969e-05
1.314458297017992328e+00,8.121324935927987099e-05
1.314617605240954390e+00,7.898711919551715255e-05
1.314776737743351465e+00,7.696302054682746530e-05
1.314935694912404252e+00,3.591607674024999142e-04
1.315094477134054252e+00,7.816218567313626409e-05
1.315253084792970872e+00,7.585262210341170430e-05
1.315411518272555647e+00,7.583954720757901669e-05
1.315569777954948893e+00,7.397067383863031864e-05
1.315727864221033938e+00,3.559016040526330471e-04
1.315885777450443772e+00,3.520064055919647217e-04
1.316043518021566605e+00,3.545290965121239424e-04
1.316201086311550084e+00,7.712861406616866589e-05
1.316358482696307508e+00,6.977321754675358534e-05
1.316515707550524494e+00,7.140330126276239753e-05
1.316672761247660750e+00,7.283753075171262026e-05
1.316829644159959622e+00,7.062243093969300389e-05
1.316986356658450541e+00,7.249633927131071687e-05
1.317142899112955234e+00,7.112607272574678063e-05
1.317299271892092838e+00,6.914888217579573393e-05
1.317455475363285000e+00,3.436575352679938078e-04
1.317611509892761879e+00,6.994952855166047812e-05
1.317767375845565914e+00,3.492829273454844952e-04
1.317923073585558269e+00,7.105616532498970628e-05
1.318078603475422605e+00,7.051439752103760839e-05
1.318233965876671743e+00,6.824047886766493320e-05
1.318389161149650990e+00,7.106400153134018183e-05
1.318544189653544363e+00,6.755276262992992997e-05
1.318699051746379469e+00,6.557664164574816823e-05
1.318853747785031727e+00,6.657907215412706137e-05
1.319008278125230138e+00,3.493359545245766640e-04
1.319162643121561507e+00,6.712754839099943638e-05
1.319316843127476435e+00,6.438463606173172593e-05
1.319470878495292210e+00,6.764730642316862941e-05
1.319624749576199685e+00,3.423626767471432686e-04
1.319778456720267057e+00,3.454404068179428577e-04
1.319932000276444306e+00,6.417804979719221592e-05
1.320085380592569413e+00,3.459570871200412512e-04
1.320238598015371245e+00,3.389099729247391224e-04
1.320391652890475553e+00,6.510206003440544009e-05
1.320544545562408967e+00,6.628992559853941202e-05
1.320697276374604545e+00,6.567770469700917602e-05
1.320849845669405109e+00,6.142421625554561615e-05
1.321002253788068570e+00,3.445516340434551239e-04
1.321154501070772813e+00,6.195554742589592934e-04
1.321306587856619918e+00,6.364172440953552723e-05
1.321458514483639712e+00,6.312402547337114811e-05
1.321610281288796651e+00,6.205311510711908340e-04
1.321761888607992041e+00,3.370032354723662138e-04
1.321913336776069148e+00,6.200986535986885428e-05
1.322064626126818521e+00,5.796578261652030051e-05
1.322215756992981328e+00,6.197411858011037111e-05
1.322366729706254240e+00,6.052730896044522524e-05
1.322517544597293648e+00,6.069276787457056344e-05
1.322668201995719883e+00,3.366627497598528862e-04
1.322818702230121657e+00,6.459196447394788265e-05
1.322969045628060947e+00,6.089452290325425565e-05
1.323119232516076327e+00,6.085208588046953082e-05
1.323269263219687630e+00,5.798215715913102031e-05
1.323419138063400391e+00,3.390682104509323835e-04
1.323568857370709839e+00,6.155606242828071117e-04
1.323718421464104456e+00,6.294601189438253641e-05
1.323867830665071743e+00,3.360155969858169556e-04
1.324017085294101115e+00,5.906960359425283968e-05
1.324166185670687890e+00,6.044296242180280387e-05
1.324315132113338400e+00,5.970638812868855894e-05
1.324463924939573101e+00,3.364706062711775303e-04
1.324612564465931008e+00,5.578674608841538429e-05
1.324761051007974366e+00,5.834555122419260442e-05
1.324909384880291086e+00,5.877644071006216109e-05
1.325057566396500963e+00,3.403664159122854471e-04
1.325205595869256792e+00,5.501594205270521343e-05
1.325353473610251687e+00,5.951302955509163439e-05
1.325501199930220197e+00,5.493314893101342022e-05
1.325648775138943192e+00,6.119263125583529472e-04
1.325796199545252740e+00,5.541774953599087894e-05
1.325943473457034782e+00,6.001358269713819027e-05
1.326090597181232233e+00,5.305678496370092034e-05
1.326237571023852091e+00,5.475648868014104664e-05
1.326384395289964768e+00,5.695999789168126881e-05
1.326531070283712088e+00,5.647065336233936250e-05
1.326677596308307949e+00,5.479660831042565405e-05
1.326823973666043877e+00,3.335583314765244722e-04
1.326970202658292131e+00,5.340757707017473876e-05
1.327116283585509038e+00,5.562575097428634763e-05
1.327262216747240098e+00,3.320840478409081697e-04
1.327408002442121981e+00,5.524558582692407072e-05
1.327553640967886972e+00,5.335862806532531977e-05
1.327699132621367184e+00,5.126263204147107899e-05
1.327844477698497005e+00,5.427905853139236569e-05
1.327989676494317317e+00,3.310620086267590523e-04
1.328134729302979267e+00,5.095717642689123750e-05
1.328279636417748044e+00,5.182998938835225999e-05
1.328424398131005102e+00,5.231674367678351700e-05
1.328569014734253262e+00,3.306283615529537201e-04
1.328713486518119824e+00,5.620194133371114731e-05
1.328857813772359453e+00,5.432265606941655278e-05
1.329001996785857731e+00,4.974447074346244335e-05
1.329146035846635820e+00,5.269344546832144260e-05
1.329289931241852463e+00,3.271633468102663755e-04
1.329433683257808196e+00,3.295852220617234707e-04
1.329577292179948689e+00,5.292462810757569969e-05
1.329720758292867844e+00,3.295253263786435127e-04
1.329864081880311577e+00,5.086480086902156472e-05
1.330007263225180703e+00,3.270071756560355425e-04
1.330150302609534929e+00,3.311177133582532406e-04
1.330293200314595303e+00,4.960898877470754087e-05
1.330435956620748872e+00,5.043156488682143390e-05
1.330578571807550459e+00,5.012366455048322678e-05
1.330721046153726661e+00,5.056705049355514348e-05
1.330863379937179625e+00,5.111108475830405951e-05
1.331005573434989708e+00,4.949588765157386661e-05
1.331147626923418148e+00,3.244159743189811707e-04
1.331289540677911276e+00,4.918940612697042525e-05
1.331431314973104296e+00,4.723899110103957355e-05
1.331572950082821949e+00,4.771129533764906228e-05
1.331714446280084285e+00,4.683589213527739048e-05
1.331855803837108887e+00,4.608329982147552073e-05
1.331997023025313531e+00,4.812466067960485816e-05
1.332138104115319521e+00,4.631753472494892776e-05
1.332279047376955683e+00,4.828390592592768371e-05
1.332419853079260808e+00,4.616922524292021990e-05
1.332560521490485872e+00,4.864737638854421675e-05
1.332701052878098702e+00,4.706947220256552100e-05
1.332841447508786192e+00,3.269306325819343328e-04
1.332981705648456972e+00,4.865850496571511030e-05
1.333121827562245398e+00,4.577369327307678759e-05
1.333261813514513561e+00,3.270424203947186470e-04
1.333401663768855272e+00,4.669289774028584361e-05
1.333541378588098514e+00,4.695268944487906992e-05
1.333680958234307656e+00,4.661346611101180315e-05
1.333820402968787899e+00,4.902785076410509646e-05
1.333959713052087270e+00,6.032874225638806820e-04
1.334098888743999733e+00,3.213222371414303780e-04
1.334237930303568298e+00,6.018109852448105812e-04
1.334376837989087461e+00,4.618781895260326564e-05
1.334515612058106315e+00,4.659880869439803064e-05
1.334654252767431659e+00,6.018722197040915489e-04
1.334792760373130438e+00,4.395865835249423981e-05
1.334931135130533297e+00,4.638144673663191497e-05
1.335069377294235915e+00,4.256144165992736816e-05
1.335207487118104108e+00,4.428792817634530365e-05
1.335345464855273834e+00,4.260230343788862228e-05
1.335483310758156739e+00,4.716396142612211406e-05
1.335621025078441049e+00,3.226055414415895939e-04
1.335758608067094899e+00,4.548787910607643425e-05
1.335896059974368999e+00,4.124734186916612089e-05
1.336033381049799740e+00,4.472167347557842731e-05
1.336170571542211638e+00,3.204485983587801456e-04
1.336307631699720000e+00,4.321596497902646661e-05
1.336444561769733363e+00,4.292291851015761495e-05
1.336581361998956829e+00,4.450497726793400943e-05
1.336718032633394282e+00,4.370095848571509123e-05
1.336854573918351052e+00,3.208916459698230028e-04
1.336990986098436363e+00,4.490795618039555848e-05
1.337127269417567099e+00,3.204014501534402370e-04
1.337263424118968480e+00,4.098506906302645802e-05
1.337399450445178717e+00,3.209346032235771418e-04
1.337535348638049904e+00,5.972792278043925762e-04
1.337671118938751347e+00,3.205485409125685692e-04
1.337806761587772675e+00,4.277335392544046044e-05
1.337942276824925392e+00,3.172536671627312899e-04
1.338077664889345764e+00,4.266797623131424189e-05
1.338212926019497928e+00,4.139436714467592537e-05
1.338348060453175226e+00,4.294457539799623191e-05
1.338483068427504419e+00,4.148438529227860272e-05
1.338617950178946137e+00,4.053844531881622970e-05
1.338752705943299093e+00,4.025140515295788646e-05
1.338887335955701419e+00,3.172183642163872719e-04
1.339021840450633771e+00,3.989947435911744833e-05
1.339156219661921998e+00,4.058084232383407652e-05
1.339290473822738248e+00,3.182055661454796791e-04
1.339424603165605188e+00,3.176839672960340977e-04
1.339558607922396671e+00,4.095460099051706493e-05
1.339692488324342401e+00,4.137811993132345378e-05
1.339826244602027483e+00,3.796692908508703113e-05
1.339959876985397091e+00,3.961688344134017825e-05
1.340093385703758022e+00,4.006239760201424360e-05
1.340226770985780247e+00,3.152665158268064260e-04
1.340360033059501133e+00,3.948804442188702524e-05
1.340493172152326107e+00,4.046256435685791075e-05
1.340626188491031545e+00,4.008964970125816762e-05
1.340759082301768101e+00,3.811424903688021004e-05
1.340891853810060041e+00,3.177525359205901623e-04
1.341024503240811683e+00,3.740436295629478991e-05
1.341157030818306728e+00,3.167221439070999622e-04
1.341289436766210486e+00,3.823126826318912208e-05
1.341421721307574089e+00,3.989877950516529381e-05
1.341553884664836049e+00,3.826674583251588047e-05
1.341685927059822481e+00,5.939630209468305111e-04
1.341817848713752648e+00,3.602331707952544093e-05
1.341949649847238302e+00,3.787685636780224741e-05
1.342081330680288120e+00,3.719520464073866606e-05
1.342212891432307709e+00,3.861271397909149528e-05
1.342344332322104261e+00,3.748643939616158605e-05
1.342475653567886784e+00,3.156214079353958368e-04
1.342606855387268983e+00,3.943682531826198101e-05
1.342737937997271258e+00,3.144691872876137495e-04
1.342868901614323374e+00,3.158484760206192732e-04
1.342999746454265564e+00,3.707336509251035750e-05
1.343130472732352754e+00,3.867548002745024860e-05
1.343261080663253448e+00,3.706880670506507158e-05
1.343391570461054840e+00,3.740604370250366628e-05
1.343521942339263475e+00,3.154247824568301439e-04
1.343652196510807473e+00,3.750458563445135951e-05
1.343782333188038525e+00,3.812577415374107659e-05
1.343912352582734560e+00,3.783877764362841845e-05
1.344042254906101963e+00,3.645821561804041266e-05
1.344172040368775356e+00,3.470500450930558145e-05
1.344301709180823812e+00,3.144437796436250210e-04
1.344431261551748191e+00,3.136861487291753292e-04
1.344560697690487139e+00,3.465057307039387524e-05
1.344690017805416637e+00,3.757484228117391467e-05
1.344819222104352896e+00,3.481824387563392520e-05
1.344948310794554347e+00,3.538105374900624156e-05
1.345077284082723645e+00,3.484391709207557142e-05
1.345206142175009223e+00,3.566109808161854744e-05
1.345334885277008841e+00,3.137333842460066080e-04
1.345463513593768257e+00,3.730578464455902576e-05
1.345592027329787221e+00,3.142272471450269222e-04
1.345720426689018367e+00,3.125086368527263403e-04
1.345848711874870762e+00,3.131008998025208712e-04
1.345976883090210796e+00,3.509082671371288598e-05
1.346104940537365513e+00,3.552759881131350994e-05
1.346232884418122833e+00,3.373849904164671898e-05
1.346360714933734437e+00,3.115093568339943886e-04
1.346488432284918213e+00,3.587143510230816901e-05
1.346616036671858696e+00,3.130717377644032240e-04
1.346743528294209957e+00,3.384415686014108360e-05
1.346870907351096935e+00,3.230210131732746959e-05
1.346998174041118546e+00,3.336641020723618567e-05
1.347125328562347235e+00,3.125241491943597794e-04
1.347252371112333202e+00,3.362403731443919241e-05
1.347379301888105063e+00,3.385504896868951619e-05
1.347506121086170960e+00,3.245653351768851280e-05
1.347632828902523006e+00,3.115885483566671610e-04
1.347759425532635946e+00,3.289923188276588917e-05
1.347885911171470275e+00,3.370802369317971170e-05
1.348012286013475336e+00,3.289591040811501443e-05
1.348138550252589107e+00,3.330722029204480350e-05
1.348264704082240861e+00,3.122416965197771788e-04
1.348390747695352943e+00,3.214387106709182262e-05
1.348516681284342544e+00,3.101297988905571401e-05
1.348642505041123485e+00,3.399321576580405235e-05
1.348768219157107984e+00,3.114091814495623112e-04
1.348893823823207994e+00,3.377460961928591132e-05
1.349019319229837199e+00,3.312535773147828877e-05
1.349144705566913460e+00,3.093006380368024111e-04
1.349269983023858810e+00,3.219062273274175823e-05
1.349395151789603675e+00,3.534593633958138525e-05
1.349520212052585988e+00,3.312379340059123933e-05
1.349645164000754516e+00,3.133149948553182185e-05
1.349770007821569751e+00,3.151823693769983947e-05
1.349894743702006794e+00,3.082384064327925444e-04
1.350019371828555137e+00,5.877184448763728142e-04
1.350143892387221989e+00,5.881558172404766083e-04
1.350268305563533389e+00,3.089546517003327608e-04
1.350392611542535537e+00,3.087711811531335115e-04
1.350516810508797017e+00,3.194220698787830770e-05
1.350640902646409902e+00,3.134779763058759272e-05
1.350764888138991315e+00,3.092179249506443739e-04
1.350888767169686311e+00,3.092972110607661307e-05
1.351012539921167876e+00,3.134728831355459988e-05
1.351136206575639376e+00,3.244492472731508315e-05
1.351259767314836102e+00,3.089551464654505253e-04
1.351383222320026389e+00,3.111812111455947161e-05
1.351506571772014720e+00,3.096041909884661436e-04
1.351629815851140615e+00,2.983334161399397999e-05
1.351752954737283297e+00,2.974522612930741161e-05
1.351875988609861245e+00,3.108060263912193477e-05
1.351998917647833531e+00,2.976382711494807154e-05
1.352121742029703588e+00,2.847975883923936635e-05
1.352244461933517883e+00,3.104850839008577168e-05
1.352367077536870354e+00,3.077653236687183380e-04
1.352489589016901306e+00,2.876641519833356142e-05
1.352611996550300510e+00,2.923332613136153668e-05
1.352734300313308768e+00,3.084531053900718689e-04
1.352856500481718793e+00,3.039886541955638677e-05
1.352978597230876767e+00,3.068406367674469948e-04
1.353100590735684339e+00,2.988210144394543022e-05
1.353222481170599290e+00,3.076841821894049644e-04
1.353344268709638865e+00,2.855862840078771114e-05
1.353465953526378440e+00,2.975182906084228307e-05
1.353587535793955299e+00,2.835121267708018422e-05
1.353709015685069961e+00,2.877908082155045122e-05
1.353830393371985519e+00,2.746221070992760360e-05
1.353951669026531857e+00,3.074097039643675089e-04
1.354072842820106093e+00,2.840509841917082667e-05
1.354193914923672581e+00,2.839214903360698372e-05
1.354314885507766686e+00,2.870523712772410363e-05
1.354435754742494558e+00,2.769406091829296201e-05
1.354556522797535800e+00,3.082867478951811790e-04
1.354677189842143692e+00,2.862003566406201571e-05
1.354797756045147183e+00,2.874739402614068240e-05
1.354918221574952675e+00,2.789853897411376238e-05
1.355038586599544459e+00,3.051200183108448982e-04
1.355158851286487831e+00,2.774281711026560515e-05
1.355279015802927756e+00,3.050802624784410000e-04
1.355399080315593530e+00,2.864822818082757294e-05
1.355519044990797672e+00,3.066204662900418043e-04
1.355638909994437924e+00,2.705833139771129936e-05
1.355758675491999687e+00,3.034299588762223721e-04
1.355878341648555585e+00,3.053999389521777630e-04
1.355997908628769233e+00,2.769665661617182195e-05
1.356117376596893243e+00,2.745609344856347889e-05
1.356236745716774328e+00,2.737662907748017460e-05
1.356356016151851751e+00,2.823431896104011685e-05
1.356475188065160209e+00,2.708397914830129594e-05
1.356594261619330499e+00,2.629174741741735488e-05
1.356713236976591297e+00,2.919139660662040114e-05
1.356832114298769820e+00,3.051293897442519665e-04
1.356950893747294051e+00,2.529706034692935646e-05
1.357069575483193624e+00,2.623325417516753078e-05
1.357188159667100269e+00,2.684912760742008686e-05
1.357306646459251365e+00,3.044633485842496157e-04
1.357425036019488163e+00,3.034920664504170418e-04
1.357543328507260005e+00,2.683792445168364793e-05
1.357661524081623883e+00,2.667457010829821229e-05
1.357779622901246208e+00,2.631038478284608573e-05
1.357897625124403485e+00,2.664734165591653436e-05
1.358015530908985635e+00,2.465514808136504143e-05
1.358133340412494006e+00,2.528158984205219895e-05
1.358251053792045804e+00,2.590298026916570961e-05
1.358368671204373435e+00,5.818340578116476536e-04
1.358486192805825832e+00,3.032489912584424019e-04
1.358603618752371123e+00,2.645207496243529022e-05
1.358720949199595740e+00,3.043466131202876568e-04
1.358838184302707752e+00,2.613196375023107976e-05
1.358955324216537308e+00,3.036196576431393623e-04
1.359072369095536414e+00,2.577134910097811371e-05
1.359189319093783155e+00,2.549398050177842379e-05
1.359306174364980135e+00,2.542572292441036552e-05
1.359422935062456483e+00,2.562448389653582126e-05
1.359539601339170511e+00,3.028991632163524628e-04
1.359656173347708830e+00,5.804688553325831890e-04
1.359772651240289010e+00,3.030888328794389963e-04
1.359889035168760030e+00,2.601254345790948719e-05
1.360005325284603162e+00,2.495312583050690591e-05
1.360121521738934636e+00,2.472762753313872963e-05
1.360237624682504975e+00,2.619925362523645163e-05
1.360353634265701661e+00,2.500369009794667363e-05
1.360469550638549574e+00,2.477763882779981941e-05
1.360585373950711885e+00,2.423165096843149513e-05
1.360701104351491608e+00,2.485835284460335970e-05
1.360816741989833156e+00,2.377168675593566149e-05
1.360932287014323006e+00,3.023810859303921461e-04
1.361047739573190807e+00,2.407596184639260173e-05
1.361163099814310495e+00,2.363388921367004514e-05
1.361278367885201623e+00,2.554511956986971200e-05
1.361393543933030692e+00,5.791980656795203686e-04
1.361508628104611374e+00,2.515750929887872189e-05
1.361623620546407176e+00,2.395096453255973756e-05
1.361738521404530999e+00,2.392829264863394201e-05
1.361853330824746910e+00,2.419451993773691356e-05
1.361968048952471699e+00,2.435528767819050699e-05
1.362082675932775544e+00,2.241671609226614237e-05
1.362197211910382233e+00,5.785567336715757847e-04
1.362311657029672274e+00,2.389053406659513712e-05
1.362426011434682227e+00,2.178139220632147044e-05
1.362540275269106482e+00,2.367179149587173015e-05
1.362654448676297925e+00,2.252688864246010780e-05
1.362768531799270599e+00,2.269686956424266100e-05
1.362882524780698157e+00,2.288383257109671831e-05
1.362996427762917184e+00,2.202962969022337347e-05
1.363110240887926539e+00,2.304007102793548256e-05
1.363223964297390456e+00,2.239578680018894374e-05
1.363337598132637218e+00,3.000809520017355680e-04
1.363451142534662486e+00,2.290087650180794299e-05
1.363564597644128629e+00,2.307277645741123706e-05
1.363677963601366505e+00,2.234129897260572761e-05
1.363791240546376793e+00,3.003379679284989834e-04
1.363904428618829989e+00,2.262746602355036885e-05
1.364017527958068632e+00,2.199573282268829644e-05
1.364130538703107742e+00,2.220932037744205445e-05
1.364243460992635493e+00,2.272106758027803153e-05
1.364356294965015426e+00,2.234591011074371636e-05
1.364469040758286011e+00,2.994309470523148775e-04
1.364581698510162644e+00,2.286337075929623097e-05
1.364694268358038309e+00,2.223102274001576006e-05
1.364806750438984251e+00,2.239612877019681036e-05
1.364919144889752189e+00,3.005074104294180870e-04
1.365031451846773880e+00,2.097124524880200624e-05
1.365143671446162887e+00,2.144172685802914202e-05
1.365255803823715031e+00,2.144782047253102064e-05
1.365367849114910381e+00,2.260083601868245751e-05
1.365479807454913042e+00,2.253954698971938342e-05
1.365591678978572920e+00,2.991736109834164381e-04
1.365703463820426622e+00,2.998528652824461460e-04
1.365815162114697889e+00,2.142701305274385959e-05
1.365926773995299159e+00,2.036989280895795673e-05
1.366038299595832450e+00,2.989358326885849237e-04
1.366149739049590250e+00,2.981447614729404449e-04
1.366261092489555740e+00,2.103997030644677579e-05
1.366372360048404566e+00,2.121520265063736588e-05
1.366483541858506845e+00,5.760694621130824089e-04
1.366594638051925381e+00,2.116045106959063560e-05
1.366705648760418779e+00,2.229308483947534114e-05
1.366816574115441441e+00,2.003278859774582088e-05
1.366927414248145789e+00,2.137054252671077847e-05
1.367038169289380711e+00,2.980691788252443075e-04
1.367148839369694446e+00,2.986253239214420319e-04
1.367259424619336139e+00,2.134201349690556526e-05
1.367369925168253841e+00,2.978117263410240412e-04
1.367480341146098954e+00,2.026304900937248021e-05
1.367590672682224007e+00,1.942207381944172084e-05
1.367700919905685764e+00,2.979034616146236658e-04
1.367811082945245449e+00,2.023231718339957297e-05
1.367921161929369189e+00,2.991211076732724905e-04
1.368031156986229124e+00,8.536627865396440029e-04
1.368141068243704739e+00,2.035149373114109039e-05
1.368250895829383973e+00,2.051491719612386078e-05
1.368360639870562556e+00,1.930266989802476019e-05
1.368470300494246228e+00,1.912434163386933506e-05
1.368579877827151847e+00,1.896716639748774469e-05
1.368689371995707615e+00,1.891141982923727483e-05
1.368798783126053742e+00,1.886015343188773841e-05
1.368908111344043999e+00,1.971881101781036705e-05
1.369017356775245498e+00,2.974319504573941231e-04
1.369126519544942022e+00,2.979196433443576097e-04
1.369235599778130918e+00,2.968177723232656717e-04
1.369344597599528424e+00,1.992575926124118268e-05
1.369453513133566780e+00,1.959209294000174850e-05
1.369562346504397121e+00,1.968255128304008394e-05
1.369671097835889695e+00,1.931416591105517000e-05
1.369779767251635416e+00,2.968058979604393244e-04
1.369888354874945202e+00,1.924742537084966898e-05
1.369996860828852414e+00,2.080566628137603402e-05
1.370105285236113080e+00,1.919636997627094388e-05
1.370213628219206115e+00,2.960010315291583538e-04
1.370321889900334877e+00,1.963529393833596259e-05
1.370430070401428280e+00,2.970671630464494228e-04
1.370538169844140564e+00,2.962318540085107088e-04
1.370646188349853523e+00,1.823534330469556153e-05
1.370754126039675169e+00,1.895950117614120245e-05
1.370861983034443066e+00,5.737252067774534225e-04
1.370969759454723436e+00,1.781530590960755944e-05
1.371077455420812941e+00,1.878377042885404080e-05
1.371185071052738680e+00,2.966308966279029846e-04
1.371292606470259301e+00,1.789449015632271767e-05
1.371400061792865666e+00,5.729902768507599831e-04
1.371507437139782848e+00,1.845097358454950154e-05
1.371614732629968358e+00,1.732624332362320274e-05
1.371721948382116141e+00,2.958684926852583885e-04
1.371829084514654351e+00,1.745194276736583561e-05
1.371936141145748245e+00,2.955322561319917440e-04
1.372043118393300176e+00,1.837315539887640625e-05
1.372150016374950043e+00,2.956959651783108711e-04
1.372256835208076842e+00,1.796103424567263573e-05
1.372363575009798664e+00,1.747306487231981009e-05
1.372470235896974033e+00,2.963320584967732430e-04
1.372576817986202791e+00,2.957923279609531164e-04
1.372683321393826095e+00,1.827688720368314534e-05
1.372789746235927533e+00,1.887006874312646687e-05
1.372896092628334452e+00,1.773511030478402972e-05
1.373002360686617740e+00,1.824835089792031795e-05
1.373108550526093818e+00,2.956062962766736746e-04
1.373214662261823982e+00,1.784604319254867733e-05
1.373320696008615949e+00,1.709593743726145476e-05
1.373426651881024751e+00,1.737407910695765167e-05
1.373532529993352735e+00,2.947971515823155642e-04
1.373638330459651558e+00,1.779273952706716955e-05
1.373744053393721298e+00,1.653757135500200093e-05
1.373849698909112682e+00,2.947798056993633509e-04
1.373955267119126633e+00,1.638651883695274591e-05
1.374060758136815608e+00,1.778351543180178851e-05
1.374166172074985148e+00,1.595574758539441973e-05
1.374271509046192108e+00,2.939184487331658602e-04
1.374376769162748202e+00,1.749376315274275839e-05
1.374481952536719565e+00,1.666922980803065002e-05
1.374587059279926526e+00,2.947407483588904142e-04
1.374692089503945613e+00,1.636916931602172554e-05
1.374797043320109990e+00,2.951637434307485819e-04
1.374901920839509906e+00,2.951912756543606520e-04
1.375006722172993356e+00,1.686884388618636876e-05
1.375111447431167422e+00,1.666451134951785207e-05
1.375216096724397818e+00,1.690508361207321286e-05
1.375320670162810677e+00,1.634260843275114894e-05
1.375425167856292985e+00,1.635210901440586895e-05
1.375529589914492590e+00,1.572770997881889343e-05
1.375633936446819972e+00,1.602030533831566572e-05
1.375738207562448245e+00,2.951733767986297607e-04
1.375842403370313383e+00,2.942055871244519949e-04
1.375946523979116209e+00,2.942047722171992064e-04
1.376050569497322185e+00,1.622850868443492800e-05
1.376154540033162288e+00,1.543237522128038108e-05
1.376258435694633464e+00,1.565554521221201867e-05
1.376362256589499955e+00,1.571996472193859518e-05
1.376466002825292634e+00,1.567433355376124382e-05
1.376569674509311891e+00,1.593923661857843399e-05
1.376673271748625638e+00,1.620759576326236129e-05
1.376776794650072189e+00,1.458061342418659478e-05
1.376880243320259378e+00,1.505001728219212964e-05
1.376983617865566334e+00,1.508936566096963361e-05
1.377086918392143700e+00,1.543851794849615544e-05
1.377190145005914079e+00,1.566206992720253766e-05
1.377293297812572925e+00,1.556490133225452155e-05
1.377396376917588983e+00,1.522370621387381107e-05
1.377499382426205399e+00,1.508669174654642120e-05
1.377602314443439946e+00,1.556408642500173301e-05
1.377705173074085465e+00,1.492343290010467172e-05
1.377807958422710755e+00,2.926181186921894550e-04
1.377910670593662568e+00,2.925648295786231756e-04
1.378013309691062949e+00,1.488317866460420191e-05
1.378115875818813674e+00,2.929012989625334740e-04
1.378218369080593808e+00,1.473965858167503029e-05
1.378320789579862371e+00,1.455638994229957461e-05
1.378423137419857447e+00,1.474503460485721007e-05
1.378525412703598407e+00,1.413655809301417321e-05
1.378627615533885020e+00,1.535229421278927475e-05
1.378729746013299451e+00,1.451460502721602097e-05
1.378831804244205372e+00,1.427705774403875694e-05
1.378933790328749742e+00,2.924660802818834782e-04
1.379035704368862802e+00,1.479522234149044380e-05
1.379137546466259856e+00,1.474443615734344348e-05
1.379239316722439268e+00,1.502527993579860777e-05
1.379341015238686463e+00,1.449222054361598566e-05
1.379442642116071926e+00,1.429020903742639348e-05
1.379544197455452759e+00,1.476414581702556461e-05
1.379645681357472897e+00,1.430973134119994938e-05
1.379747093922565337e+00,1.372005135635845363e-05
1.379848435250949912e+00,2.923768479377031326e-04
1.379949705442636398e+00,1.406387582392198965e-05
1.380050904597423855e+00,1.424040601705200970e-05
1.380152032814900842e+00,2.931833150796592236e-04
1.380253090194447640e+00,1.360289570584427565e-05
1.380354076835235366e+00,1.339651225862326100e-05
1.380454992836226857e+00,1.515567419119179249e-05
1.380555838296178006e+00,1.411482389812590554e-05
1.380656613313636871e+00,1.373038594465469941e-05
1.380757317986945676e+00,1.304150464420672506e-05
1.380857952414241030e+00,1.376521868223790079e-05
1.380958516693453930e+00,1.337559751846129075e-05
1.381059010922311314e+00,1.349550984741654247e-05
1.381159435198334950e+00,1.364184390695299953e-05
1.381259789618844325e+00,5.688685341738164425e-04
1.381360074280954864e+00,1.432663884770590812e-05
1.381460289281580822e+00,1.334702028543688357e-05
1.381560434717433727e+00,1.298404458793811500e-05
1.381660510685023713e+00,2.906428126152604818e-04
1.381760517280661293e+00,2.920455590356141329e-04
1.381860454600455368e+00,1.358368081127991900e-05
1.381960322740316771e+00,1.280764445255044848e-05
1.382060121795956054e+00,1.321843319601612166e-05
1.382159851862885702e+00,2.906573936343193054e-04
1.382259513036421028e+00,1.366841752314940095e-05
1.382359105411678613e+00,1.328516827925341204e-05
1.382458629083578749e+00,1.334665103058796376e-05
1.382558084146846111e+00,1.364454874419607222e-05
1.382657470696008417e+00,2.907244488596916199e-04
1.382756788825398875e+00,1.253152095159748569e-05
1.382856038629156181e+00,1.280638844036730006e-05
1.382955220201224300e+00,1.341522602160694078e-05
1.383054333635354016e+00,2.907435409724712372e-04
1.383153379025102492e+00,1.246372085006441921e-05
1.383252356463835264e+00,1.383361086482182145e-05
1.383351266044724914e+00,1.246646479557966813e-05
1.383450107860753064e+00,1.275362592423334718e-05
1.383548882004709712e+00,2.903013373725116253e-04
1.383647588569195452e+00,2.902828273363411427e-04
1.383746227646620142e+00,1.231097667186986655e-05
1.383844799329204012e+00,1.193856860481901094e-05
1.383943303708979444e+00,2.909535542130470276e-04
1.384041740877789861e+00,2.899995888583362103e-04
1.384140110927290168e+00,1.243394308403367177e-05
1.384238413948948754e+00,1.246889223693870008e-05
1.384336650034046823e+00,1.186142435471992940e-05
1.384434819273679507e+00,2.906254667323082685e-04
1.384532921758756085e+00,2.898540114983916283e-04
1.384630957579999988e+00,1.239686116605298594e-05
1.384728926827950124e+00,1.226888161909300834e-05
1.384826829592961550e+00,1.235020499734673649e-05
1.384924665965205026e+00,1.268053438252536580e-05
1.385022436034667459e+00,1.255867664440302178e-05
1.385120139891154345e+00,2.893302589654922485e-04
1.385217777624287550e+00,2.894031640607863665e-04
1.385315349323507750e+00,1.149289983004564419e-05
1.385412855078073990e+00,2.887599985115230083e-04
1.385510294977064349e+00,1.172123302239924669e-05
1.385607669109377271e+00,1.196969606098718941e-05
1.385704977563730456e+00,2.896258374676108360e-04
1.385802220428662634e+00,2.894347708206623793e-04
1.385899397792533572e+00,1.144332600233610719e-05
1.385996509743524507e+00,2.897013910114765167e-04
1.386093556369639046e+00,1.206775777973234653e-05
1.386190537758702490e+00,1.135904039983870462e-05
1.386287453998364283e+00,1.124855680245673284e-05
1.386384305176096454e+00,1.106485160562442616e-05
1.386481091379195618e+00,1.103733757190639153e-05
1.386577812694782086e+00,1.156017697212519124e-05
1.386674469209801863e+00,2.893058408517390490e-04
1.386771061011025541e+00,2.885416615754365921e-04
1.386867588185050515e+00,1.137762774305883795e-05
1.386964050818299432e+00,1.071949372999370098e-05
1.387060448997022410e+00,1.155702830146765336e-05
1.387156782807296374e+00,2.888492890633642673e-04
1.387253052335026160e+00,2.887271111831068993e-04
1.387349257665944746e+00,1.104053535527782515e-05
1.387445398885613912e+00,2.888870949391275644e-04
1.387541476079423575e+00,1.098872689908603206e-05
1.387637489332594676e+00,2.891794720198959112e-04
1.387733438730176738e+00,1.087151667888974771e-05
1.387829324357050309e+00,1.058379439200507477e-05
1.387925146297927181e+00,1.144350426329765469e-05
1.388020904637349284e+00,1.069738209480419755e-05
1.388116599459691791e+00,1.079890080291079357e-05
1.388212230849160900e+00,1.019483443087665364e-05
1.388307798889796496e+00,2.875337086152285337e-04
1.388403303665470379e+00,5.660638562403619289e-04
1.388498745259888700e+00,2.884827554225921631e-04
1.388594123756591525e+00,2.879372914321720600e-04
1.388689439238953272e+00,2.879381645470857620e-04
1.388784691790182935e+00,1.024809807859128341e-05
1.388879881493325419e+00,2.881041436921805143e-04
1.388975008431260427e+00,9.921435776050202549e-06
1.389070072686704904e+00,2.879077801480889320e-04
1.389165074342211703e+00,1.018441435007844120e-05
1.389260013480170697e+00,1.017267641145735979e-05
1.389354890182809443e+00,2.875652280636131763e-04
1.389449704532193186e+00,5.654210690408945084e-04
1.389544456610225964e+00,9.988513738790061325e-06
1.389639146498649946e+00,1.083251754607772455e-05
1.389733774279046763e+00,2.874010242521762848e-04
1.389828340032837284e+00,2.873247140087187290e-04
1.389922843841282951e+00,1.059403075487352908e-05
1.390017285785485113e+00,2.879555686376988888e-04
1.390111665946386355e+00,2.871227625291794538e-04
1.390205984404769834e+00,5.654810811392962933e-04
1.390300241241261281e+00,9.751215657161083072e-06
1.390394436536327882e+00,9.701381713966839015e-06
1.390488570370279620e+00,9.838249752647243440e-06
1.390582642823268822e+00,2.875680220313370228e-04
1.390676653975292165e+00,9.591601155989337713e-06
1.390770603906188896e+00,5.652474355883896351e-04
1.390864492695643273e+00,9.422422408533748239e-06
1.390958320423183237e+00,9.363242497784085572e-06
1.391052087168182627e+00,9.342708835902158171e-06
1.391145793009860077e+00,2.872873737942427397e-04
1.391239438027279673e+00,9.689233593235258013e-06
1.391333022299352296e+00,9.643928024161141366e-06
1.391426545904834944e+00,9.173851140076294541e-06
1.391520008922331852e+00,9.439893801754806191e-06
1.391613411430294045e+00,9.040583790920209140e-06
1.391706753507020888e+00,9.393294021720066667e-06
1.391800035230659427e+00,9.145900548901408911e-06
1.391893256679205493e+00,9.436487744096666574e-06
1.391986417930503706e+00,9.367085112899076194e-06
1.392079519062248139e+00,9.102787771553266793e-06
1.392172560151982097e+00,9.104707714868709445e-06
1.392265541277099228e+00,2.870911557693034410e-04
1.392358462514844186e+00,9.014500392368063331e-06
1.392451323942311525e+00,2.868161245714873075e-04
1.392544125636447472e+00,9.131734259426593781e-06
1.392636867674049928e+00,8.645758498460054398e-06
1.392729550131768690e+00,5.644153570756316185e-04
1.392822173086106119e+00,8.769999112701043487e-06
1.392914736613416693e+00,8.961433195509016514e-06
1.393007240789908563e+00,8.611311386630404741e-06
1.393099685691643774e+00,2.861256944015622139e-04
1.393192071394537379e+00,8.616212653578259051e-06
1.393284397974358990e+00,8.807463927951175719e-06
1.393376665506733003e+00,9.099681847146712244e-06
1.393468874067138596e+00,8.563285518903285265e-06
1.393561023730910842e+00,8.490762411383911967e-06
1.393653114573239593e+00,8.752604117034934461e-06
1.393745146669171930e+00,2.862234541680663824e-04
1.393837120093609938e+00,2.860358217731118202e-04
1.393929034921314480e+00,8.617094863438978791e-06
1.394020891226902092e+00,8.177138624887447804e-06
1.394112689084846979e+00,2.859955711755901575e-04
1.394204428569482346e+00,8.277057531813625246e-06
1.394296109754998625e+00,2.860766253434121609e-04
1.394387732715445471e+00,2.861114626284688711e-04
1.394479297524730876e+00,8.456408977508544922e-06
1.394570804256622942e+00,2.866670256480574608e-04
1.394662252984749218e+00,8.202379831345751882e-06
1.394753643782597585e+00,8.531002094969153404e-06
1.394844976723515595e+00,7.919658855826128274e-06
1.394936251880712463e+00,8.761155186221003532e-06
1.395027469327257741e+00,7.946872756292577833e-06
1.395118629136083310e+00,2.861988323274999857e-04
1.395209731379982276e+00,8.291250196634791791e-06
1.395300776131610077e+00,2.858943480532616377e-04
1.395391763463484480e+00,8.006044481589924544e-06
1.395482693447987144e+00,7.753415047773160040e-06
1.395573566157361611e+00,2.856495848391205072e-04
1.395664381663715314e+00,7.850544534448999912e-06
1.395755140039020459e+00,7.625342277606250718e-06
1.395845841355112693e+00,7.687313882343005389e-06
1.395936485683691997e+00,7.805339009792078286e-06
1.396027073096324678e+00,2.851773460861295462e-04
1.396117603664440932e+00,7.982467650435864925e-06
1.396208077459336616e+00,7.902097422629594803e-06
1.396298494552174585e+00,7.468779131158953533e-06
1.396388855013983132e+00,7.337085662584286183e-06
1.396479158915657326e+00,7.493049906770465896e-06
1.396569406327959451e+00,7.762176210235338658e-06
1.396659597321518564e+00,7.320622898987494409e-06
1.396749731966832053e+00,7.454010301444213837e-06
1.396839810334264520e+00,2.849027805496007204e-04
1.396929832494049561e+00,2.852886391337960958e-04
1.397019798516288658e+00,7.379414455499500036e-06
1.397109708470952727e+00,2.855751954484730959e-04
1.397199562427881903e+00,7.832903065718710423e-06
1.397289360456785534e+00,2.854560443665832281e-04
1.397379102627243519e+00,5.624661571346223354e-04
1.397468789008705414e+00,7.361706593655981123e-06
1.397558419670491769e+00,7.640620424353983253e-06
1.397647994681793460e+00,6.828591267549199983e-06
1.397737514111673018e+00,7.265623025887180120e-06
1.397826978029064637e+00,2.848108415491878986e-04
1.397916386502773722e+00,7.021158126008231193e-06
1.398005739601478226e+00,7.517554877267684788e-06
1.398095037393728868e+00,7.301402547454927117e-06
1.398184279947948694e+00,6.700981884932843968e-06
1.398273467332433739e+00,7.124343937903176993e-06
1.398362599615354140e+00,7.194048976089106873e-06
1.398451676864752802e+00,2.847639843821525574e-04
1.398540699148547617e+00,7.042498964437982067e-06
1.398629666534530136e+00,6.929531537025468424e-06
1.398718579090367342e+00,6.655227480223402381e-06
1.398807436883600097e+00,6.932042197149712592e-06
1.398896239981645584e+00,6.710154593747574836e-06
1.398984988451795530e+00,2.845528360921889544e-04
1.399073682361218873e+00,2.843799593392759562e-04
1.399162321776959317e+00,6.557850156241329387e-06
1.399250906765938440e+00,6.777348517061909661e-06
1.399339437394953478e+00,6.918255621712887660e-06
1.399427913730679318e+00,6.578372449439484626e-06
1.399516335839668280e+00,6.635355475737014785e-06
1.399604703788350335e+00,6.807676527387229726e-06
1.399693017643033111e+00,6.627541097259381786e-06
1.399781277469902996e+00,6.382058472809148952e-06
1.399869483335024922e+00,6.716824827890377492e-06
1.399957635304342807e+00,6.368163667502813041e-06
1.400045733443678886e+00,6.681881586700910702e-06
1.400133777818736380e+00,6.633797511312877759e-06
1.400221768495097052e+00,2.844864793587476015e-04
1.400309705538222982e+00,6.417641088773962110e-06
1.400397589013457456e+00,6.343807399389334023e-06
1.400485418986022967e+00,6.454835329350316897e-06
1.400573195521024550e+00,6.657551239186432213e-06
1.400660918683447331e+00,2.841554814949631691e-04
1.400748588538158090e+00,6.197632046678336337e-06
1.400836205149905922e+00,6.034055331838317215e-06
1.400923768583322016e+00,6.071411917218938470e-06
1.401011278902919432e+00,6.094918717280961573e-06
1.401098736173093995e+00,2.841821697074919939e-04
1.401186140458124729e+00,5.864708782610250637e-06
1.401273491822174533e+00,6.169461357785621658e-06
1.401360790329288175e+00,6.052091976016527042e-06
1.401448036043395629e+00,6.104743079049512744e-06
1.401535229028310514e+00,5.712037818739190698e-06
1.401622369347730768e+00,6.266083346417872235e-06
1.401709457065239306e+00,5.941345534665742889e-06
1.401796492244303360e+00,2.837202337104827166e-04
1.401883474948275587e+00,5.554553354158997536e-06
1.401970405240394735e+00,5.948802936472930014e-06
1.402057283183784309e+00,6.097815003158757463e-06
1.402144108841454573e+00,5.764283287135185674e-06
1.402230882276301660e+00,5.800456165161449462e-06
1.402317603551109126e+00,5.669678103004116565e-06
1.402404272728545953e+00,5.884752226847922429e-06
1.402490889871169433e+00,6.051545824448112398e-06
1.402577455041423615e+00,5.846775820828042924e-06
1.402663968301640640e+00,5.560611498367507011e-06
1.402750429714040514e+00,6.091429440857609734e-06
1.402836839340731112e+00,5.672330644301837310e-06
1.402923197243708842e+00,5.578613126999698579e-06
1.403009503484859311e+00,5.964626780041726306e-06
1.403095758125956438e+00,5.622431672236416489e-06
1.403181961228664232e+00,5.518647412827704102e-06
1.403268112854535232e+00,5.611593369394540787e-04
1.403354213065012956e+00,5.839615369040984660e-06
1.403440261921429899e+00,6.285006747930310667e-06
1.403526259485009309e+00,2.833542530424892902e-04
1.403612205816865188e+00,5.492882792168529704e-06
1.403698100978002072e+00,2.834176120813935995e-04
1.403783945029315916e+00,5.680611593561479822e-06
1.403869738031593650e+00,5.529747795662842691e-06
1.403955480045514070e+00,5.811373284814180806e-06
1.404041171131648280e+00,2.832412137649953365e-04
1.404126811350458137e+00,2.829231962095946074e-04
1.404212400762299806e+00,5.277374839351978153e-06
1.404297939427420427e+00,5.304996648192172870e-06
1.404383427405961005e+00,2.829612349160015583e-04
1.404468864757955071e+00,5.183997473068302497e-06
1.404554251543330246e+00,2.832229656632989645e-04
1.404639587821907343e+00,5.057699127064552158e-06
1.404724873653401040e+00,5.306845650920877233e-06
1.404810109097420545e+00,5.133804279466858134e-06
1.404895294213469148e+00,5.376062745199305937e-06
1.404980429060945113e+00,5.300355496729025617e-06
1.405065513699140789e+00,5.607051425613462925e-04
1.405150548187245052e+00,2.829748264048248529e-04
1.405235532584341085e+00,4.949734375259140506e-06
1.405320466949408154e+00,5.021678134653484449e-06
1.405405351341320941e+00,4.937819539918564260e-06
1.405490185818851323e+00,5.051983862358611077e-06
1.405574970440666371e+00,4.944717147736810148e-06
1.405659705265330572e+00,2.825303236022591591e-04
1.405744390351304718e+00,4.870496468356577680e-06
1.405829025756947459e+00,4.848638127441518009e-06
1.405913611540513974e+00,4.879303560301195830e-06
1.405998147760157968e+00,2.829223813023418188e-04
1.406082634473929227e+00,2.826053241733461618e-04
1.406167071739778285e+00,5.139800123288296163e-06
1.406251459615551536e+00,4.847604486712953076e-06
1.406335798158995010e+00,5.002671969123184681e-06
1.406420087427753707e+00,4.962188086210517213e-06
1.406504327479371375e+00,4.760354386235121638e-06
1.406588518371290730e+00,4.777878530148882419e-06
1.406672660160854127e+00,2.825355622917413712e-04
1.406756752905304220e+00,4.643332431442104280e-06
1.406840796661783077e+00,4.926125257043167949e-06
1.406924791487332627e+00,2.824664406944066286e-04
1.407008737438895984e+00,4.471123702387558296e-06
1.407092634573316792e+00,4.530132173385936767e-06
1.407176482947338769e+00,4.724850441562011838e-06
1.407260282617607938e+00,4.588142019201768562e-06
1.407344033640670844e+00,4.807387085747905076e-06
1.407427736072976110e+00,2.823508402798324823e-04
1.407511389970873550e+00,4.738774350698804483e-06
1.407594995390615722e+00,4.529755642579402775e-06
1.407678552388356819e+00,4.642497060558525845e-06
1.407762061020153999e+00,2.823039831127971411e-04
1.407845521341966721e+00,4.608146355167264119e-06
1.407928933409657857e+00,4.430725766724208370e-06
1.408012297278993019e+00,4.481106316234217957e-06
1.408095613005641455e+00,2.820421359501779079e-04
1.408178880645176045e+00,4.456048827705672011e-06
1.408262100253073301e+00,4.478871233004610986e-06
1.408345271884713368e+00,4.387941771710757166e-06
1.408428395595382021e+00,4.407427240948891267e-06
1.408511471440268226e+00,4.427693966135848314e-06
1.408594499474466577e+00,4.400505531521048397e-06
1.408677479752975303e+00,4.204139258945360780e-06
1.408760412330699152e+00,4.204263404972152784e-06
1.408843297262447836e+00,4.312844794185366482e-06
1.408926134602936253e+00,4.352436008048243821e-06
1.409008924406785379e+00,2.822028764057904482e-04
1.409091666728522485e+00,4.127488409721991047e-06
1.409174361622580918e+00,4.134912614972563460e-06
1.409257009143299655e+00,2.820857625920325518e-04
1.409339609344925748e+00,4.217459263600176200e-06
1.409422162281612101e+00,4.274402726878179237e-06
1.409504668007419248e+00,4.057212208863347769e-06
1.409587126576314908e+00,4.118522156204562634e-06
1.409669538042173986e+00,4.374827312858542427e-06
1.409751902458779238e+00,4.287261617719195783e-06
1.409834219879821715e+00,4.015519152744673193e-06
1.409916490358900099e+00,2.818209468387067318e-04
1.409998713949522253e+00,4.262704351276624948e-06
1.410080890705103673e+00,2.817534259520471096e-04
1.410163020678969037e+00,4.290162451070500538e-06
1.410245103924351984e+00,4.274148977856384590e-06
1.410327140494395337e+00,3.971323167206719518e-06
1.410409130442151548e+00,4.191126663499744609e-06
1.410491073820582031e+00,4.058262220496544614e-06
1.410572970682558713e+00,3.927060788555536419e-06
1.410654821080863153e+00,4.045056357426801696e-06
1.410736625068187422e+00,4.033501227240776643e-06
1.410818382697133222e+00,3.794330950768198818e-06
1.410900094020214102e+00,3.952358838432701305e-06
1.410981759089853238e+00,3.810313046415103599e-06
1.411063377958385434e+00,3.810790531133534387e-06
1.411144950678057342e+00,3.845534592983312905e-06
1.411226477301025461e+00,3.851073870464460924e-06
1.411307957879359476e+00,2.816665219143033028e-04
1.411389392465040027e+00,3.684571311168838292e-06
1.411470781109959827e+00,3.851450856018345803e-06
1.411552123865923880e+00,3.567652584024472162e-06
1.411633420784650150e+00,3.873031801049364731e-06
1.411714671917768449e+00,3.723098416230641305e-06
1.411795877316821990e+00,3.629728325904579833e-06
1.411877037033266502e+00,5.591137451119720936e-04
1.411958151118471338e+00,3.799262231041211635e-06
1.412039219623719033e+00,3.639793703769100830e-06
1.412120242600205966e+00,3.512353259793599136e-06
1.412201220099041477e+00,3.581023520382586867e-06
1.412282152171250083e+00,2.813761821016669273e-04
1.412363038867769927e+00,3.464218707449617796e-06
1.412443880239453442e+00,3.550443125277524814e-06
1.412524676337067353e+00,3.458986384430318139e-06
1.412605427211294007e+00,3.527597527863690630e-06
1.412686132912729597e+00,3.341938281664624810e-06
1.412766793491886830e+00,3.575559503588010557e-06
1.412847408999192034e+00,3.505796030367491767e-06
1.412927979484988716e+00,3.508829195197904482e-06
1.413008504999534676e+00,3.451481006777612492e-06
1.413088985593004887e+00,3.459111667325487360e-06
1.413169421315489505e+00,3.517754521453753114e-06
1.413249812216994972e+00,3.503399057080969214e-06
1.413330158347444243e+00,2.812939055729657412e-04
1.413410459756677895e+00,3.463727352936984971e-06
1.413490716494451904e+00,2.810725709423422813e-04
1.413570928610440092e+00,3.528271236064028926e-06
