# n,accuracy
0.000000000000000000e+00,5.457500219345092773e-01
1.001808318264014552e+01,6.439999938011169434e-01
2.003616636528029105e+01,7.002500295639038086e-01
3.005424954792043479e+01,7.187500000000000000e-01
4.007233273056058209e+01,7.325000166893005371e-01
5.009041591320072939e+01,7.375000119209289551e-01
6.010849909584086959e+01,7.455000281333923340e-01
7.012658227848102399e+01,7.517499923706054688e-01
8.014466546112116418e+01,7.559999823570251465e-01
9.016274864376130438e+01,7.612500190734863281e-01
1.001808318264014588e+02,7.630000114440917969e-01
1.101989150090415990e+02,7.632499933242797852e-01
1.202169981916817392e+02,7.692499756813049316e-01
1.302350813743218794e+02,7.689999938011169434e-01
1.402531645569620480e+02,7.692499756813049316e-01
1.502712477396021882e+02,7.680000066757202148e-01
1.602893309222423284e+02,7.712500095367431641e-01
1.703074141048824686e+02,7.692499756813049316e-01
1.803254972875226088e+02,7.720000147819519043e-01
1.903435804701627774e+02,7.749999761581420898e-01
2.003616636528029176e+02,7.752500176429748535e-01
2.103797468354430578e+02,7.747499942779541016e-01
2.203978300180831980e+02,7.747499942779541016e-01
2.304159132007233382e+02,7.757499814033508301e-01
2.404339963833634783e+02,7.774999737739562988e-01
2.504520795660036470e+02,7.787500023841857910e-01
2.604701627486437587e+02,7.804999947547912598e-01
2.704882459312839273e+02,7.782499790191650391e-01
2.805063291139240960e+02,7.820000052452087402e-01
2.905244122965642077e+02,7.812500000000000000e-01
3.005424954792043764e+02,7.812500000000000000e-01
3.105605786618444881e+02,7.822499871253967285e-01
3.205786618444846567e+02,7.832499742507934570e-01
3.305967450271248254e+02,7.804999947547912598e-01
3.406148282097649371e+02,7.860000133514404297e-01
3.506329113924051057e+02,7.835000157356262207e-01
3.606509945750452175e+02,7.864999771118164062e-01
3.706690777576853861e+02,7.870000004768371582e-01
3.806871609403255547e+02,7.882500290870666504e-01
3.907052441229656665e+02,7.877500057220458984e-01
4.007233273056058351e+02,7.850000262260437012e-01
4.107414104882459469e+02,7.845000028610229492e-01
4.207594936708861155e+02,7.860000133514404297e-01
4.307775768535262841e+02,7.892500162124633789e-01
4.407956600361663959e+02,7.887499928474426270e-01
4.508137432188065645e+02,7.900000214576721191e-01
4.608318264014466763e+02,7.902500033378601074e-01
4.708499095840868449e+02,7.919999957084655762e-01
4.808679927667269567e+02,7.927500009536743164e-01
4.908860759493671253e+02,7.919999957084655762e-01
5.009041591320072939e+02,7.927500009536743164e-01
5.109222423146474057e+02,7.922499775886535645e-01
5.209403254972875175e+02,7.937499880790710449e-01
5.309584086799277429e+02,7.935000061988830566e-01
5.409764918625678547e+02,7.957500219345092773e-01
5.509945750452079665e+02,7.940000295639038086e-01
5.610126582278481919e+02,7.932500243186950684e-01
5.710307414104883037e+02,7.960000038146972656e-01
5.810488245931284155e+02,7.954999804496765137e-01
5.910669077757686409e+02,7.925000190734863281e-01
6.010849909584087527e+02,7.962499856948852539e-01
6.111030741410488645e+02,7.952499985694885254e-01
6.211211573236889762e+02,7.972499728202819824e-01
6.311392405063292017e+02,7.987499833106994629e-01
6.411573236889693135e+02,8.000000119209289551e-01
6.511754068716094253e+02,7.969999909400939941e-01
6.611934900542496507e+02,7.990000247955322266e-01
6.712115732368897625e+02,7.962499856948852539e-01
6.812296564195298743e+02,7.965000271797180176e-01
6.912477396021699860e+02,7.994999885559082031e-01
7.012658227848102115e+02,8.012499809265136719e-01
7.112839059674503233e+02,8.015000224113464355e-01
7.213019891500904350e+02,7.985000014305114746e-01
7.313200723327306605e+02,8.017500042915344238e-01
7.413381555153707723e+02,8.042500019073486328e-01
7.513562386980108840e+02,8.042500019073486328e-01
7.613743218806511095e+02,7.997499704360961914e-01
7.713924050632912213e+02,8.025000095367431641e-01
7.814104882459313330e+02,8.050000071525573730e-01
7.914285714285714448e+02,8.017500042915344238e-01
8.014466546112116703e+02,8.054999709129333496e-01
8.114647377938517820e+02,8.027499914169311523e-01
8.214828209764918938e+02,8.034999966621398926e-01
8.315009041591321193e+02,8.042500019073486328e-01
8.415189873417722310e+02,8.067499995231628418e-01
8.515370705244123428e+02,8.047500252723693848e-01
8.615551537070525683e+02,8.052499890327453613e-01
8.715732368896926801e+02,8.044999837875366211e-01
8.815913200723327918e+02,8.062499761581420898e-01
8.916094032549729036e+02,8.065000176429748535e-01
9.016274864376131291e+02,8.084999918937683105e-01
9.116455696202532408e+02,8.072500228881835938e-01
9.216636528028933526e+02,8.084999918937683105e-01
9.316817359855335781e+02,8.084999918937683105e-01
9.416998191681736898e+02,8.092499971389770508e-01
9.517179023508138016e+02,8.082500100135803223e-01
9.617359855334539134e+02,8.072500228881835938e-01
9.717540687160941388e+02,8.050000071525573730e-01
9.817721518987342506e+02,8.112499713897705078e-01
9.917902350813743624e+02,8.105000257492065430e-01
1.001808318264014588e+03,8.100000023841857910e-01
1.011826401446654700e+03,8.105000257492065430e-01
1.021844484629294811e+03,8.107500076293945312e-01
1.031862567811934923e+03,8.097500205039978027e-01
1.041880650994575035e+03,8.097500205039978027e-01
1.051898734177215374e+03,8.100000023841857910e-01
1.061916817359855486e+03,8.117499947547912598e-01
1.071934900542495598e+03,8.100000023841857910e-01
1.081952983725135709e+03,8.112499713897705078e-01
1.091971066907775821e+03,8.127499818801879883e-01
1.101989150090415933e+03,8.105000257492065430e-01
1.112007233273056045e+03,8.127499818801879883e-01
1.122025316455696384e+03,8.105000257492065430e-01
1.132043399638336496e+03,8.130000233650207520e-01
1.142061482820976607e+03,8.159999847412109375e-01
1.152079566003616719e+03,8.144999742507934570e-01
1.162097649186256831e+03,8.137500286102294922e-01
1.172115732368896943e+03,8.130000233650207520e-01
1.182133815551537282e+03,8.134999871253967285e-01
1.192151898734177394e+03,8.127499818801879883e-01
1.202169981916817505e+03,8.137500286102294922e-01
1.212188065099457617e+03,8.147500157356262207e-01
1.222206148282097729e+03,8.140000104904174805e-01
1.232224231464737841e+03,8.137500286102294922e-01
1.242242314647377952e+03,8.117499947547912598e-01
1.252260397830018292e+03,8.155000209808349609e-01
1.262278481012658403e+03,8.134999871253967285e-01
1.272296564195298515e+03,8.174999952316284180e-01
1.282314647377938627e+03,8.182500004768371582e-01
1.292332730560578739e+03,8.192499876022338867e-01
1.302350813743218851e+03,8.165000081062316895e-01
1.312368896925858962e+03,8.169999718666076660e-01
1.322386980108499301e+03,8.192499876022338867e-01
1.332405063291139413e+03,8.174999952316284180e-01
1.342423146473779525e+03,8.190000057220458984e-01
1.352441229656419637e+03,8.167499899864196777e-01
1.362459312839059749e+03,8.172500133514404297e-01
1.372477396021699860e+03,8.209999799728393555e-01
1.382495479204339972e+03,8.207499980926513672e-01
1.392513562386980311e+03,8.202499747276306152e-01
1.402531645569620423e+03,8.237500190734863281e-01
1.412549728752260535e+03,8.197500109672546387e-01
1.422567811934900647e+03,8.215000033378601074e-01
1.432585895117540758e+03,8.195000290870666504e-01
1.442603978300180870e+03,8.230000138282775879e-01
1.452622061482821209e+03,8.155000209808349609e-01
1.462640144665461321e+03,8.197500109672546387e-01
1.472658227848101433e+03,8.224999904632568359e-01
1.482676311030741545e+03,8.199999928474426270e-01
1.492694394213381656e+03,8.192499876022338867e-01
1.502712477396021768e+03,8.217499852180480957e-01
1.512730560578661880e+03,8.227499723434448242e-01
1.522748643761302219e+03,8.184999823570251465e-01
1.532766726943942331e+03,8.209999799728393555e-01
1.542784810126582443e+03,8.215000033378601074e-01
1.552802893309222554e+03,8.222500085830688477e-01
1.562820976491862666e+03,8.212500214576721191e-01
1.572839059674502778e+03,8.220000267028808594e-01
1.582857142857142890e+03,8.224999904632568359e-01
1.592875226039783229e+03,8.222500085830688477e-01
1.602893309222423341e+03,8.255000114440917969e-01
1.612911392405063452e+03,8.247500061988830566e-01
1.622929475587703564e+03,8.234999775886535645e-01
1.632947558770343676e+03,8.195000290870666504e-01
1.642965641952983788e+03,8.242499828338623047e-01
1.652983725135623899e+03,8.199999928474426270e-01
1.663001808318264239e+03,8.247500061988830566e-01
1.673019891500904350e+03,8.232499957084655762e-01
1.683037974683544462e+03,8.224999904632568359e-01
1.693056057866184574e+03,8.232499957084655762e-01
1.703074141048824686e+03,8.259999752044677734e-01
1.713092224231464797e+03,8.240000009536743164e-01
1.723110307414105137e+03,8.247500061988830566e-01
1.733128390596745248e+03,8.264999985694885254e-01
1.743146473779385360e+03,8.264999985694885254e-01
1.753164556962025472e+03,8.247500061988830566e-01
1.763182640144665584e+03,8.259999752044677734e-01
1.773200723327305695e+03,8.249999880790710449e-01
1.783218806509945807e+03,8.252500295639038086e-01
1.793236889692586146e+03,8.259999752044677734e-01
1.803254972875226258e+03,8.252500295639038086e-01
1.813273056057866370e+03,8.272500038146972656e-01
1.823291139240506482e+03,8.259999752044677734e-01
1.833309222423146593e+03,8.259999752044677734e-01
1.843327305605786705e+03,8.257499933242797852e-01
1.853345388788426817e+03,8.257499933242797852e-01
1.863363471971067156e+03,8.274999856948852539e-01
1.873381555153707268e+03,8.222500085830688477e-01
1.883399638336347380e+03,8.274999856948852539e-01
1.893417721518987491e+03,8.249999880790710449e-01
1.903435804701627603e+03,8.249999880790710449e-01
1.913453887884267715e+03,8.255000114440917969e-01
1.923471971066907827e+03,8.272500038146972656e-01
1.933490054249548166e+03,8.227499723434448242e-01
1.943508137432188278e+03,8.215000033378601074e-01
1.953526220614828389e+03,8.262500166893005371e-01
1.963544303797468501e+03,8.287500143051147461e-01
1.973562386980108613e+03,8.287500143051147461e-01
1.983580470162748725e+03,8.259999752044677734e-01
1.993598553345389064e+03,8.284999728202819824e-01
2.003616636528029176e+03,8.277500271797180176e-01
2.013634719710669287e+03,8.274999856948852539e-01
2.023652802893309399e+03,8.295000195503234863e-01
2.033670886075949511e+03,8.252500295639038086e-01
2.043688969258589623e+03,8.307499885559082031e-01
2.053707052441229735e+03,8.302500247955322266e-01
2.063725135623869846e+03,8.282499909400939941e-01
2.073743218806509958e+03,8.302500247955322266e-01
2.083761301989150070e+03,8.277500271797180176e-01
2.093779385171790636e+03,8.280000090599060059e-01
2.103797468354430748e+03,8.284999728202819824e-01
2.113815551537070860e+03,8.302500247955322266e-01
2.123833634719710972e+03,8.297500014305114746e-01
2.133851717902351083e+03,8.272500038146972656e-01
2.143869801084991195e+03,8.299999833106994629e-01
2.153887884267631307e+03,8.284999728202819824e-01
2.163905967450271419e+03,8.272500038146972656e-01
2.173924050632911531e+03,8.305000066757202148e-01
2.183942133815551642e+03,8.242499828338623047e-01
2.193960216998191754e+03,8.297500014305114746e-01
2.203978300180831866e+03,8.312500119209289551e-01
2.213996383363471978e+03,8.295000195503234863e-01
2.224014466546112089e+03,8.312500119209289551e-01
2.234032549728752656e+03,8.289999961853027344e-01
2.244050632911392768e+03,8.302500247955322266e-01
2.254068716094032879e+03,8.292499780654907227e-01
2.264086799276672991e+03,8.267499804496765137e-01
2.274104882459313103e+03,8.297500014305114746e-01
2.284122965641953215e+03,8.299999833106994629e-01
2.294141048824593327e+03,8.297500014305114746e-01
2.304159132007233438e+03,8.287500143051147461e-01
2.314177215189873550e+03,8.299999833106994629e-01
2.324195298372513662e+03,8.297500014305114746e-01
2.334213381555153774e+03,8.280000090599060059e-01
2.344231464737793885e+03,8.295000195503234863e-01
2.354249547920433997e+03,8.317499756813049316e-01
2.364267631103074564e+03,8.287500143051147461e-01
2.374285714285714675e+03,8.292499780654907227e-01
2.384303797468354787e+03,8.289999961853027344e-01
2.394321880650994899e+03,8.312500119209289551e-01
2.404339963833635011e+03,8.307499885559082031e-01
2.414358047016275123e+03,8.295000195503234863e-01
2.424376130198915234e+03,8.277500271797180176e-01
2.434394213381555346e+03,8.292499780654907227e-01
2.444412296564195458e+03,8.309999704360961914e-01
2.454430379746835570e+03,8.312500119209289551e-01
2.464448462929475681e+03,8.312500119209289551e-01
2.474466546112115793e+03,8.317499756813049316e-01
2.484484629294755905e+03,8.299999833106994629e-01
2.494502712477396017e+03,8.302500247955322266e-01
2.504520795660036583e+03,8.305000066757202148e-01
2.514538878842676695e+03,8.320000171661376953e-01
2.524556962025316807e+03,8.299999833106994629e-01
2.534575045207956919e+03,8.289999961853027344e-01
2.544593128390597030e+03,8.314999938011169434e-01
2.554611211573237142e+03,8.292499780654907227e-01
2.564629294755877254e+03,8.305000066757202148e-01
2.574647377938517366e+03,8.302500247955322266e-01
2.584665461121157477e+03,8.305000066757202148e-01
2.594683544303797589e+03,8.317499756813049316e-01
2.604701627486437701e+03,8.327500224113464355e-01
2.614719710669077813e+03,8.330000042915344238e-01
2.624737793851717925e+03,8.309999704360961914e-01
2.634755877034358491e+03,8.345000147819519043e-01
2.644773960216998603e+03,8.307499885559082031e-01
2.654792043399638715e+03,8.324999809265136719e-01
2.664810126582278826e+03,8.317499756813049316e-01
2.674828209764918938e+03,8.317499756813049316e-01
2.684846292947559050e+03,8.335000276565551758e-01
2.694864376130199162e+03,8.337500095367431641e-01
2.704882459312839273e+03,8.330000042915344238e-01
2.714900542495479385e+03,8.305000066757202148e-01
2.724918625678119497e+03,8.317499756813049316e-01
2.734936708860759609e+03,8.317499756813049316e-01
2.744954792043399721e+03,8.297500014305114746e-01
2.754972875226039832e+03,8.295000195503234863e-01
2.764990958408679944e+03,8.299999833106994629e-01
2.775009041591320511e+03,8.270000219345092773e-01
2.785027124773960622e+03,8.345000147819519043e-01
2.795045207956600734e+03,8.339999914169311523e-01
2.805063291139240846e+03,8.272500038146972656e-01
2.815081374321880958e+03,8.320000171661376953e-01
2.825099457504521069e+03,8.309999704360961914e-01
2.835117540687161181e+03,8.327500224113464355e-01
2.845135623869801293e+03,8.355000019073486328e-01
2.855153707052441405e+03,8.295000195503234863e-01
2.865171790235081517e+03,8.302500247955322266e-01
2.875189873417721628e+03,8.335000276565551758e-01
2.885207956600361740e+03,8.332499861717224121e-01
2.895226039783001852e+03,8.272500038146972656e-01
2.905244122965642418e+03,8.335000276565551758e-01
2.915262206148282530e+03,8.322499990463256836e-01
2.925280289330922642e+03,8.320000171661376953e-01
2.935298372513562754e+03,8.302500247955322266e-01
2.945316455696202866e+03,8.335000276565551758e-01
2.955334538878842977e+03,8.332499861717224121e-01
2.965352622061483089e+03,8.327500224113464355e-01
2.975370705244123201e+03,8.314999938011169434e-01
2.985388788426763313e+03,8.317499756813049316e-01
2.995406871609403424e+03,8.287500143051147461e-01
3.005424954792043536e+03,8.339999914169311523e-01
3.015443037974683648e+03,8.339999914169311523e-01
3.025461121157323760e+03,8.314999938011169434e-01
3.035479204339963871e+03,8.345000147819519043e-01
3.045497287522604438e+03,8.320000171661376953e-01
3.055515370705244550e+03,8.342499732971191406e-01
3.065533453887884662e+03,8.342499732971191406e-01
3.075551537070524773e+03,8.320000171661376953e-01
3.085569620253164885e+03,8.320000171661376953e-01
3.095587703435804997e+03,8.330000042915344238e-01
3.105605786618445109e+03,8.327500224113464355e-01
3.115623869801085220e+03,8.324999809265136719e-01
3.125641952983725332e+03,8.314999938011169434e-01
3.135660036166365444e+03,8.309999704360961914e-01
3.145678119349005556e+03,8.287500143051147461e-01
3.155696202531645667e+03,8.335000276565551758e-01
3.165714285714285779e+03,8.337500095367431641e-01
3.175732368896926346e+03,8.324999809265136719e-01
3.185750452079566458e+03,8.337500095367431641e-01
3.195768535262206569e+03,8.345000147819519043e-01
3.205786618444846681e+03,8.352500200271606445e-01
3.215804701627486793e+03,8.332499861717224121e-01
3.225822784810126905e+03,8.357499837875366211e-01
3.235840867992767016e+03,8.335000276565551758e-01
3.245858951175407128e+03,8.312500119209289551e-01
3.255877034358047240e+03,8.309999704360961914e-01
3.265895117540687352e+03,8.339999914169311523e-01
3.275913200723327463e+03,8.322499990463256836e-01
3.285931283905967575e+03,8.332499861717224121e-01
3.295949367088607687e+03,8.307499885559082031e-01
3.305967450271247799e+03,8.337500095367431641e-01
3.315985533453888365e+03,8.314999938011169434e-01
3.326003616636528477e+03,8.342499732971191406e-01
3.336021699819168589e+03,8.339999914169311523e-01
3.346039783001808701e+03,8.339999914169311523e-01
3.356057866184448812e+03,8.309999704360961914e-01
3.366075949367088924e+03,8.322499990463256836e-01
3.376094032549729036e+03,8.322499990463256836e-01
3.386112115732369148e+03,8.327500224113464355e-01
3.396130198915009260e+03,8.324999809265136719e-01
3.406148282097649371e+03,8.335000276565551758e-01
3.416166365280289483e+03,8.332499861717224121e-01
3.426184448462929595e+03,8.337500095367431641e-01
3.436202531645569707e+03,8.299999833106994629e-01
3.446220614828210273e+03,8.335000276565551758e-01
3.456238698010850385e+03,8.327500224113464355e-01
3.466256781193490497e+03,8.339999914169311523e-01
3.476274864376130608e+03,8.339999914169311523e-01
3.486292947558770720e+03,8.312500119209289551e-01
3.496311030741410832e+03,8.327500224113464355e-01
3.506329113924050944e+03,8.322499990463256836e-01
3.516347197106691056e+03,8.330000042915344238e-01
3.526365280289331167e+03,8.327500224113464355e-01
3.536383363471971279e+03,8.330000042915344238e-01
3.546401446654611391e+03,8.295000195503234863e-01
3.556419529837251503e+03,8.282499909400939941e-01
3.566437613019891614e+03,8.332499861717224121e-01
3.576455696202531726e+03,8.352500200271606445e-01
3.586473779385172293e+03,8.337500095367431641e-01
3.596491862567812404e+03,8.332499861717224121e-01
3.606509945750452516e+03,8.347499966621398926e-01
3.616528028933092628e+03,8.345000147819519043e-01
3.626546112115732740e+03,8.330000042915344238e-01
3.636564195298372852e+03,8.349999785423278809e-01
3.646582278481012963e+03,8.355000019073486328e-01
3.656600361663653075e+03,8.357499837875366211e-01
3.666618444846293187e+03,8.332499861717224121e-01
3.676636528028933299e+03,8.314999938011169434e-01
3.686654611211573410e+03,8.360000252723693848e-01
3.696672694394213522e+03,8.335000276565551758e-01
3.706690777576853634e+03,8.345000147819519043e-01
3.716708860759494200e+03,8.317499756813049316e-01
3.726726943942134312e+03,8.322499990463256836e-01
3.736745027124774424e+03,8.297500014305114746e-01
3.746763110307414536e+03,8.339999914169311523e-01
3.756781193490054648e+03,8.342499732971191406e-01
3.766799276672694759e+03,8.332499861717224121e-01
3.776817359855334871e+03,8.324999809265136719e-01
3.786835443037974983e+03,8.302500247955322266e-01
3.796853526220615095e+03,8.305000066757202148e-01
3.806871609403255206e+03,8.349999785423278809e-01
3.816889692585895318e+03,8.327500224113464355e-01
3.826907775768535430e+03,8.309999704360961914e-01
3.836925858951175542e+03,8.339999914169311523e-01
3.846943942133815654e+03,8.342499732971191406e-01
3.856962025316456220e+03,8.335000276565551758e-01
3.866980108499096332e+03,8.332499861717224121e-01
3.876998191681736444e+03,8.327500224113464355e-01
3.887016274864376555e+03,8.312500119209289551e-01
3.897034358047016667e+03,8.320000171661376953e-01
3.907052441229656779e+03,8.335000276565551758e-01
3.917070524412296891e+03,8.332499861717224121e-01
3.927088607594937002e+03,8.332499861717224121e-01
3.937106690777577114e+03,8.324999809265136719e-01
3.947124773960217226e+03,8.309999704360961914e-01
3.957142857142857338e+03,8.287500143051147461e-01
3.967160940325497450e+03,8.345000147819519043e-01
3.977179023508137561e+03,8.327500224113464355e-01
3.987197106690778128e+03,8.330000042915344238e-01
3.997215189873418240e+03,8.352500200271606445e-01
4.007233273056058351e+03,8.327500224113464355e-01
4.017251356238698463e+03,8.327500224113464355e-01
4.027269439421338575e+03,8.349999785423278809e-01
4.037287522603978687e+03,8.322499990463256836e-01
4.047305605786618798e+03,8.367499709129333496e-01
4.057323688969258910e+03,8.320000171661376953e-01
4.067341772151899022e+03,8.335000276565551758e-01
4.077359855334539134e+03,8.320000171661376953e-01
4.087377938517179246e+03,8.332499861717224121e-01
4.097396021699819357e+03,8.327500224113464355e-01
4.107414104882459469e+03,8.330000042915344238e-01
4.117432188065099581e+03,8.332499861717224121e-01
4.127450271247739693e+03,8.332499861717224121e-01
4.137468354430379804e+03,8.320000171661376953e-01
4.147486437613019916e+03,8.322499990463256836e-01
4.157504520795660028e+03,8.332499861717224121e-01
4.167522603978300140e+03,8.362500071525573730e-01
4.177540687160940251e+03,8.352500200271606445e-01
4.187558770343581273e+03,8.337500095367431641e-01
4.197576853526221385e+03,8.339999914169311523e-01
4.207594936708861496e+03,8.332499861717224121e-01
4.217613019891501608e+03,8.342499732971191406e-01
4.227631103074141720e+03,8.342499732971191406e-01
4.237649186256781832e+03,8.339999914169311523e-01
4.247667269439421943e+03,8.339999914169311523e-01
4.257685352622062055e+03,8.347499966621398926e-01
4.267703435804702167e+03,8.327500224113464355e-01
4.277721518987342279e+03,8.327500224113464355e-01
4.287739602169982390e+03,8.330000042915344238e-01
4.297757685352622502e+03,8.345000147819519043e-01
4.307775768535262614e+03,8.349999785423278809e-01
4.317793851717902726e+03,8.342499732971191406e-01
4.327811934900542838e+03,8.345000147819519043e-01
4.337830018083182949e+03,8.345000147819519043e-01
4.347848101265823061e+03,8.360000252723693848e-01
4.357866184448463173e+03,8.332499861717224121e-01
4.367884267631103285e+03,8.347499966621398926e-01
4.377902350813743396e+03,8.314999938011169434e-01
4.387920433996383508e+03,8.339999914169311523e-01
4.397938517179023620e+03,8.322499990463256836e-01
4.407956600361663732e+03,8.347499966621398926e-01
4.417974683544303844e+03,8.345000147819519043e-01
4.427992766726943955e+03,8.335000276565551758e-01
4.438010849909584067e+03,8.347499966621398926e-01
4.448028933092224179e+03,8.347499966621398926e-01
4.458047016274865200e+03,8.322499990463256836e-01
4.468065099457505312e+03,8.372499942779541016e-01
4.478083182640145424e+03,8.345000147819519043e-01
4.488101265822785535e+03,8.342499732971191406e-01
4.498119349005425647e+03,8.337500095367431641e-01
4.508137432188065759e+03,8.312500119209289551e-01
4.518155515370705871e+03,8.314999938011169434e-01
4.528173598553345983e+03,8.312500119209289551e-01
4.538191681735986094e+03,8.345000147819519043e-01
4.548209764918626206e+03,8.364999890327453613e-01
4.558227848101266318e+03,8.337500095367431641e-01
4.568245931283906430e+03,8.355000019073486328e-01
4.578264014466546541e+03,8.345000147819519043e-01
4.588282097649186653e+03,8.367499709129333496e-01
4.598300180831826765e+03,8.357499837875366211e-01
4.608318264014466877e+03,8.339999914169311523e-01
4.618336347197106988e+03,8.355000019073486328e-01
4.628354430379747100e+03,8.330000042915344238e-01
4.638372513562387212e+03,8.320000171661376953e-01
4.648390596745027324e+03,8.330000042915344238e-01
4.658408679927667436e+03,8.320000171661376953e-01
4.668426763110307547e+03,8.322499990463256836e-01
4.678444846292947659e+03,8.347499966621398926e-01
4.688462929475587771e+03,8.355000019073486328e-01
4.698481012658227883e+03,8.345000147819519043e-01
4.708499095840867994e+03,8.364999890327453613e-01
4.718517179023508106e+03,8.360000252723693848e-01
4.728535262206149127e+03,8.349999785423278809e-01
4.738553345388789239e+03,8.360000252723693848e-01
4.748571428571429351e+03,8.339999914169311523e-01
4.758589511754069463e+03,8.345000147819519043e-01
4.768607594936709575e+03,8.362500071525573730e-01
4.778625678119349686e+03,8.347499966621398926e-01
4.788643761301989798e+03,8.335000276565551758e-01
4.798661844484629910e+03,8.347499966621398926e-01
4.808679927667270022e+03,8.335000276565551758e-01
4.818698010849910133e+03,8.357499837875366211e-01
4.828716094032550245e+03,8.339999914169311523e-01
4.838734177215190357e+03,8.332499861717224121e-01
4.848752260397830469e+03,8.339999914169311523e-01
4.858770343580470580e+03,8.314999938011169434e-01
4.868788426763110692e+03,8.349999785423278809e-01
4.878806509945750804e+03,8.327500224113464355e-01
4.888824593128390916e+03,8.345000147819519043e-01
4.898842676311031028e+03,8.339999914169311523e-01
4.908860759493671139e+03,8.347499966621398926e-01
4.918878842676311251e+03,8.355000019073486328e-01
4.928896925858951363e+03,8.352500200271606445e-01
4.938915009041591475e+03,8.342499732971191406e-01
4.948933092224231586e+03,8.360000252723693848e-01
4.958951175406871698e+03,8.377500176429748535e-01
4.968969258589511810e+03,8.357499837875366211e-01
4.978987341772151922e+03,8.357499837875366211e-01
4.989005424954792034e+03,8.367499709129333496e-01
4.999023508137433055e+03,8.362500071525573730e-01
5.009041591320073167e+03,8.342499732971191406e-01
5.019059674502713278e+03,8.322499990463256836e-01
5.029077757685353390e+03,8.339999914169311523e-01
5.039095840867993502e+03,8.330000042915344238e-01
5.049113924050633614e+03,8.335000276565551758e-01
5.059132007233273725e+03,8.367499709129333496e-01
5.069150090415913837e+03,8.364999890327453613e-01
5.079168173598553949e+03,8.360000252723693848e-01
5.089186256781194061e+03,8.355000019073486328e-01
5.099204339963834173e+03,8.367499709129333496e-01
5.109222423146474284e+03,8.322499990463256836e-01
5.119240506329114396e+03,8.360000252723693848e-01
5.129258589511754508e+03,8.374999761581420898e-01
5.139276672694394620e+03,8.347499966621398926e-01
5.149294755877034731e+03,8.355000019073486328e-01
5.159312839059674843e+03,8.349999785423278809e-01
5.169330922242314955e+03,8.342499732971191406e-01
5.179349005424955067e+03,8.377500176429748535e-01
5.189367088607595178e+03,8.399999737739562988e-01
5.199385171790235290e+03,8.345000147819519043e-01
5.209403254972875402e+03,8.377500176429748535e-01
5.219421338155515514e+03,8.364999890327453613e-01
5.229439421338155626e+03,8.345000147819519043e-01
5.239457504520795737e+03,8.357499837875366211e-01
5.249475587703435849e+03,8.357499837875366211e-01
5.259493670886075961e+03,8.355000019073486328e-01
5.269511754068716982e+03,8.377500176429748535e-01
5.279529837251357094e+03,8.362500071525573730e-01
5.289547920433997206e+03,8.349999785423278809e-01
5.299566003616637317e+03,8.349999785423278809e-01
5.309584086799277429e+03,8.352500200271606445e-01
5.319602169981917541e+03,8.327500224113464355e-01
5.329620253164557653e+03,8.382499814033508301e-01
5.339638336347197765e+03,8.374999761581420898e-01
5.349656419529837876e+03,8.362500071525573730e-01
5.359674502712477988e+03,8.360000252723693848e-01
5.369692585895118100e+03,8.377500176429748535e-01
5.379710669077758212e+03,8.352500200271606445e-01
5.389728752260398323e+03,8.362500071525573730e-01
5.399746835443038435e+03,8.347499966621398926e-01
5.409764918625678547e+03,8.360000252723693848e-01
5.419783001808318659e+03,8.324999809265136719e-01
5.429801084990958771e+03,8.339999914169311523e-01
5.439819168173598882e+03,8.374999761581420898e-01
5.449837251356238994e+03,8.337500095367431641e-01
5.459855334538879106e+03,8.349999785423278809e-01
5.469873417721519218e+03,8.367499709129333496e-01
5.479891500904159329e+03,8.345000147819519043e-01
5.489909584086799441e+03,8.337500095367431641e-01
5.499927667269439553e+03,8.330000042915344238e-01
5.509945750452079665e+03,8.339999914169311523e-01
5.519963833634719776e+03,8.337500095367431641e-01
5.529981916817359888e+03,8.342499732971191406e-01
5.540000000000000000e+03,8.360000252723693848e-01
