# n, training_loss
0.000000000000000000e+00,2.499484717845916748e-01
1.000555864369093939e+01,1.809975802898406982e-01
2.001111728738187878e+01,1.601075977087020874e-01
3.001667593107281817e+01,1.506769806146621704e-01
4.002223457476375756e+01,1.397428661584854126e-01
5.002779321845469696e+01,1.283909231424331665e-01
6.003335186214563635e+01,1.268105655908584595e-01
7.003891050583658284e+01,1.150054261088371277e-01
8.004446914952751513e+01,1.111712232232093811e-01
9.005002779321844741e+01,9.694530814886093140e-02
1.000555864369093939e+02,9.644323587417602539e-02
1.100611450806003404e+02,9.706071764230728149e-02
1.200667037242912727e+02,9.156694263219833374e-02
1.300722623679822050e+02,8.591146767139434814e-02
1.400778210116731657e+02,7.199778407812118530e-02
1.500833796553640980e+02,6.991930305957794189e-02
1.600889382990550303e+02,8.161948621273040771e-02
1.700944969427459625e+02,8.047787100076675415e-02
1.801000555864368948e+02,5.961681157350540161e-02
1.901056142301278555e+02,6.409116089344024658e-02
2.001111728738187878e+02,6.042794138193130493e-02
2.101167315175097201e+02,4.811197891831398010e-02
2.201222901612006808e+02,4.742072150111198425e-02
2.301278488048916131e+02,4.324990138411521912e-02
2.401334074485825454e+02,4.333430156111717224e-02
2.501389660922734777e+02,4.152596369385719299e-02
2.601445247359644100e+02,3.880360722541809082e-02
2.701500833796553707e+02,3.218957036733627319e-02
2.801556420233463314e+02,3.302320465445518494e-02
2.901612006670372352e+02,3.058397583663463593e-02
3.001667593107281959e+02,2.865453623235225677e-02
3.101723179544190998e+02,2.692283131182193756e-02
3.201778765981100605e+02,3.137244656682014465e-02
3.301834352418010212e+02,2.257356978952884674e-02
3.401889938854919251e+02,1.944621652364730835e-02
3.501945525291828858e+02,1.918780431151390076e-02
3.602001111728737897e+02,1.895020343363285065e-02
3.702056698165647504e+02,1.316598057746887207e-02
3.802112284602557111e+02,3.729870542883872986e-02
3.902167871039466149e+02,2.938346937298774719e-02
4.002223457476375756e+02,2.260449714958667755e-02
4.102279043913285363e+02,1.843572407960891724e-02
4.202334630350194402e+02,1.535928901284933090e-02
4.302390216787104009e+02,1.675123162567615509e-02
4.402445803224013616e+02,1.735792309045791626e-02
4.502501389660922655e+02,1.395162194967269897e-02
4.602556976097832262e+02,1.413778029382228851e-02
4.702612562534741301e+02,1.135727576911449432e-02
4.802668148971650908e+02,1.470212545245885849e-02
4.902723735408560515e+02,1.277866959571838379e-02
5.002779321845469553e+02,1.450920477509498596e-02
5.102834908282379160e+02,8.815974928438663483e-03
5.202890494719288199e+02,1.021491363644599915e-02
5.302946081156197806e+02,1.145939994603395462e-02
5.403001667593107413e+02,1.086733210831880569e-02
5.503057254030017020e+02,1.189071033149957657e-02
5.603112840466926627e+02,1.016735564917325974e-02
5.703168426903835098e+02,8.571487851440906525e-03
5.803224013340744705e+02,9.305345825850963593e-03
5.903279599777654312e+02,1.074183825403451920e-02
6.003335186214563919e+02,9.136211127042770386e-03
6.103390772651473526e+02,8.862880989909172058e-03
6.203446359088381996e+02,1.040992513298988342e-02
6.303501945525291603e+02,7.381649687886238098e-03
6.403557531962201210e+02,7.137284148484468460e-03
6.503613118399110817e+02,7.824517786502838135e-03
6.603668704836020424e+02,6.174761801958084106e-03
6.703724291272928895e+02,9.610334411263465881e-03
6.803779877709838502e+02,8.191828615963459015e-03
6.903835464146748109e+02,8.163270540535449982e-03
7.003891050583657716e+02,7.136884611099958420e-03
7.103946637020567323e+02,8.253648877143859863e-03
7.204002223457475793e+02,5.726202856749296188e-03
7.304057809894385400e+02,7.068848237395286560e-03
7.404113396331295007e+02,8.210000582039356232e-03
7.504168982768204614e+02,7.356447167694568634e-03
7.604224569205114221e+02,6.439272779971361160e-03
7.704280155642023828e+02,7.350627332925796509e-03
7.804335742078932299e+02,5.394084844738245010e-03
7.904391328515841906e+02,6.211559753865003586e-03
8.004446914952751513e+02,4.575659520924091339e-03
8.104502501389661120e+02,8.154391311109066010e-03
8.204558087826570727e+02,6.755639798939228058e-03
8.304613674263479197e+02,7.619261275976896286e-03
8.404669260700388804e+02,8.194111287593841553e-03
8.504724847137298411e+02,7.418692577630281448e-03
8.604780433574208018e+02,6.392155308276414871e-03
8.704836020011117625e+02,7.270521670579910278e-02
8.804891606448027233e+02,1.046871468424797058e-01
8.904947192884935703e+02,6.037445366382598877e-02
9.005002779321845310e+02,3.988599404692649841e-02
9.105058365758754917e+02,3.356135264039039612e-02
9.205113952195664524e+02,2.187263034284114838e-02
9.305169538632574131e+02,2.684201113879680634e-02
9.405225125069482601e+02,2.536349743604660034e-02
9.505280711506392208e+02,1.306001283228397369e-02
9.605336297943301815e+02,1.411066483706235886e-02
9.705391884380211422e+02,9.884817525744438171e-03
9.805447470817121030e+02,8.577484637498855591e-03
9.905503057254029500e+02,9.918923489749431610e-03
1.000555864369093911e+03,9.368873201310634613e-03
1.010561423012784871e+03,8.192385546863079071e-03
1.020566981656475832e+03,5.692658480256795883e-03
1.030572540300166793e+03,1.659899577498435974e-02
1.040578098943857640e+03,3.522578254342079163e-02
1.050583657587548714e+03,1.290326658636331558e-02
1.060589216231239561e+03,1.017791032791137695e-02
1.070594774874930408e+03,7.500002160668373108e-03
1.080600333518621483e+03,8.248870261013507843e-03
1.090605892162312330e+03,5.865812301635742188e-03
1.100611450806003404e+03,7.908144034445285797e-03
1.110617009449694251e+03,5.791532807052135468e-03
1.120622568093385325e+03,7.928746752440929413e-03
1.130628126737076173e+03,9.590888395905494690e-03
1.140633685380767020e+03,6.770017556846141815e-03
1.150639244024458094e+03,4.836305975914001465e-03
1.160644802668148941e+03,6.472826469689607620e-03
1.170650361311840015e+03,8.457236923277378082e-03
1.180655919955530862e+03,7.025758735835552216e-03
1.190661478599221709e+03,5.906404927372932434e-03
1.200667037242912784e+03,8.133631199598312378e-03
1.210672595886603631e+03,8.086620829999446869e-03
1.220678154530294705e+03,7.285137660801410675e-03
1.230683713173985552e+03,5.068483296781778336e-03
1.240689271817676399e+03,5.778962746262550354e-03
1.250694830461367474e+03,8.388700895011425018e-03
1.260700389105058321e+03,4.226176533848047256e-03
1.270705947748749395e+03,5.253656767308712006e-03
1.280711506392440242e+03,3.950070589780807495e-03
1.290717065036131089e+03,8.107546716928482056e-03
1.300722623679822163e+03,7.829884998500347137e-03
1.310728182323513010e+03,1.032406650483608246e-02
1.320733740967204085e+03,7.270793896168470383e-03
1.330739299610894932e+03,8.374145254492759705e-03
1.340744858254585779e+03,6.437600124627351761e-03
1.350750416898276853e+03,6.702842656522989273e-03
1.360755975541967700e+03,8.372359909117221832e-03
1.370761534185658775e+03,9.759546257555484772e-03
1.380767092829349622e+03,5.586040206253528595e-03
1.390772651473040469e+03,8.374801836907863617e-03
1.400778210116731543e+03,6.147399079054594040e-03
1.410783768760422390e+03,6.703487597405910492e-03
1.420789327404113465e+03,6.147269625216722488e-03
1.430794886047804312e+03,4.198516253381967545e-03
1.440800444691495159e+03,6.980783771723508835e-03
1.450806003335186233e+03,6.424025166779756546e-03
1.460811561978877080e+03,6.983391474932432175e-03
1.470817120622568154e+03,6.137687712907791138e-03
1.480822679266259001e+03,4.472014028578996658e-03
1.490828237909950076e+03,8.637808263301849365e-03
1.500833796553640923e+03,5.857555195689201355e-03
1.510839355197331770e+03,7.803003769367933273e-03
1.520844913841022844e+03,6.692402064800262451e-03
1.530850472484713691e+03,5.580073688179254532e-03
1.540856031128404766e+03,5.017365328967571259e-03
1.550861589772095613e+03,7.234478369355201721e-03
1.560867148415786460e+03,7.462371140718460083e-03
1.570872707059477534e+03,6.418542936444282532e-03
1.580878265703168381e+03,8.081719279289245605e-03
1.590883824346859456e+03,4.745816346257925034e-03
1.600889382990550303e+03,7.242708001285791397e-03
1.610894941634241150e+03,5.855105817317962646e-03
1.620900500277932224e+03,6.132113281637430191e-03
1.630906058921623071e+03,4.466643091291189194e-03
1.640911617565314145e+03,5.029680673032999039e-03
1.650917176209004992e+03,6.697441451251506805e-03
1.660922734852695839e+03,7.807240821421146393e-03
1.670928293496386914e+03,6.409340072423219681e-03
1.680933852140077761e+03,6.133634597063064575e-03
1.690939410783768835e+03,7.518353872001171112e-03
1.700944969427459682e+03,6.965988315641880035e-03
1.710950528071150529e+03,7.799884770065546036e-03
1.720956086714841604e+03,5.017505027353763580e-03
1.730961645358532451e+03,5.573590751737356186e-03
1.740967204002223525e+03,8.350539952516555786e-03
1.750972762645914372e+03,9.458355605602264404e-03
1.760978321289605447e+03,5.571951624006032944e-03
1.770983879933296294e+03,5.019050091505050659e-03
1.780989438576987141e+03,5.572299007326364517e-03
1.790994997220678215e+03,7.234863471239805222e-03
1.801000555864369062e+03,6.405302789062261581e-03
1.811006114508060136e+03,6.680336315184831619e-03
1.821011673151750983e+03,5.286482628434896469e-03
1.831017231795441830e+03,6.959676276892423630e-03
1.841022790439132905e+03,8.632228709757328033e-03
1.851028349082823752e+03,5.572333466261625290e-03
1.861033907726514826e+03,6.681748665869235992e-03
1.871039466370205673e+03,6.961812730878591537e-03
1.881045025013896520e+03,5.289711058139801025e-03
1.891050583657587595e+03,5.570139270275831223e-03
1.901056142301278442e+03,5.013534799218177795e-03
1.911061700944969516e+03,5.847041960805654526e-03
1.921067259588660363e+03,6.955181714147329330e-03
1.931072818232351210e+03,6.399094592779874802e-03
1.941078376876042284e+03,8.343305438756942749e-03
1.951083935519733132e+03,5.845751147717237473e-03
1.961089494163424206e+03,5.289837718009948730e-03
1.971095052807115053e+03,5.288516171276569366e-03
1.981100611450805900e+03,9.452690370380878448e-03
1.991106170094496974e+03,5.012108944356441498e-03
2.001111728738187821e+03,6.950827781111001968e-03
2.011117287381878896e+03,9.732564911246299744e-03
2.021122846025569743e+03,4.730198066681623459e-03
2.031128404669260590e+03,6.674869917333126068e-03
2.041133963312951664e+03,6.399623118340969086e-03
2.051139521956642511e+03,6.118313409388065338e-03
2.061145080600333586e+03,8.615878410637378693e-03
2.071150639244024660e+03,6.951825693249702454e-03
2.081156197887715280e+03,5.009268876165151596e-03
2.091161756531406354e+03,5.287438631057739258e-03
2.101167315175097428e+03,6.674457341432571411e-03
2.111172873818788048e+03,6.673480384051799774e-03
2.121178432462479122e+03,7.232921198010444641e-03
2.131183991106170197e+03,6.955281365662813187e-03
2.141189549749860817e+03,6.399570498615503311e-03
2.151195108393551891e+03,5.844377912580966949e-03
2.161200667037242965e+03,6.120550911873579025e-03
2.171206225680934040e+03,6.396573502570390701e-03
2.181211784324624659e+03,8.137668482959270477e-03
2.191217342968315734e+03,8.974395692348480225e-03
2.201222901612006808e+03,1.314186453819274902e-01
2.211228460255697428e+03,7.076595723628997803e-02
2.221234018899388502e+03,3.544951602816581726e-02
2.231239577543079577e+03,2.861714176833629608e-02
2.241245136186770651e+03,1.359325926750898361e-02
2.251250694830461271e+03,1.260383985936641693e-02
2.261256253474152345e+03,2.299593202769756317e-02
2.271261812117843419e+03,1.266688015311956406e-02
2.281267370761534039e+03,1.180348917841911316e-02
2.291272929405225113e+03,7.944023236632347107e-03
2.301278488048916188e+03,7.662138435989618301e-03
2.311284046692606807e+03,8.785425685346126556e-03
2.321289605336297882e+03,7.090722210705280304e-03
2.331295163979988956e+03,6.336686667054891586e-03
2.341300722623680031e+03,7.068264763802289963e-03
2.351306281267370650e+03,6.478238850831985474e-03
2.361311839911061725e+03,9.557836689054965973e-03
2.371317398554752799e+03,5.649963393807411194e-03
2.381322957198443419e+03,5.637153517454862595e-03
2.391328515842134493e+03,5.623810924589633942e-03
2.401334074485825568e+03,6.182329729199409485e-03
2.411339633129516187e+03,6.432552821934223175e-03
2.421345191773207262e+03,4.209268372505903244e-03
2.431350750416898336e+03,5.039894487708806992e-03
2.441356309060589410e+03,4.194163717329502106e-03
2.451361867704280030e+03,6.520617753267288208e-03
2.461367426347971104e+03,5.614468827843666077e-03
2.471372984991662179e+03,7.808235008269548416e-03
2.481378543635352798e+03,5.025234539061784744e-03
2.491384102279043873e+03,5.860900040715932846e-03
2.501389660922734947e+03,5.580993369221687317e-03
2.511395219566425567e+03,6.133818998932838440e-03
2.521400778210116641e+03,5.305596627295017242e-03
2.531406336853807716e+03,5.854402203112840652e-03
2.541411895497498790e+03,6.705197505652904510e-03
2.551417454141189410e+03,6.766720209270715714e-03
2.561423012784880484e+03,5.300864577293395996e-03
2.571428571428571558e+03,6.394579075276851654e-03
2.581434130072262178e+03,7.526841480284929276e-03
2.591439688715953253e+03,5.299987271428108215e-03
2.601445247359644327e+03,6.688113790005445480e-03
2.611450806003335401e+03,5.299718584865331650e-03
2.621456364647026021e+03,7.248801644891500473e-03
2.631461923290717095e+03,5.035788752138614655e-03
2.641467481934408170e+03,4.469342995434999466e-03
2.651473040578098789e+03,7.791807409375905991e-03
2.661478599221789864e+03,6.688065361231565475e-03
2.671484157865480938e+03,6.127919070422649384e-03
2.681489716509171558e+03,6.127840373665094376e-03
2.691495275152862632e+03,6.960112601518630981e-03
2.701500833796553707e+03,6.683308631181716919e-03
2.711506392440244781e+03,6.683567538857460022e-03
2.721511951083935401e+03,6.955298595130443573e-03
2.731517509727626475e+03,7.516483776271343231e-03
2.741523068371317549e+03,6.126096472144126892e-03
2.751528627015008169e+03,6.958037614822387695e-03
2.761534185658699244e+03,5.570780485868453979e-03
2.771539744302390318e+03,5.126481875777244568e-03
2.781545302946080938e+03,5.852132569998502731e-03
2.791550861589772012e+03,6.405552383512258530e-03
2.801556420233463086e+03,7.234800606966018677e-03
2.811561978877154161e+03,6.401596125215291977e-03
2.821567537520844780e+03,7.788003422319889069e-03
2.831573096164535855e+03,6.399906240403652191e-03
2.841578654808226929e+03,3.900103503838181496e-03
2.851584213451917549e+03,6.956768222153186798e-03
2.861589772095608623e+03,5.287343636155128479e-03
2.871595330739299698e+03,6.121625658124685287e-03
2.881600889382990317e+03,5.843508988618850708e-03
2.891606448026681392e+03,6.680123507976531982e-03
2.901612006670372466e+03,5.010770168155431747e-03
2.911617565314063540e+03,6.400291807949542999e-03
2.921623123957754160e+03,6.679654587060213089e-03
2.931628682601445234e+03,4.178015515208244324e-03
2.941634241245136309e+03,6.628716830164194107e-03
2.951639799888826929e+03,6.385428365319967270e-03
2.961645358532518003e+03,3.328837826848030090e-02
2.971650917176209077e+03,2.573617734014987946e-02
2.981656475819900152e+03,1.348195131868124008e-02
2.991662034463590771e+03,1.370571181178092957e-02
3.001667593107281846e+03,6.369513459503650665e-03
3.011673151750972920e+03,9.048612788319587708e-03
3.021678710394663540e+03,7.972471415996551514e-03
3.031684269038354614e+03,8.359150961041450500e-03
3.041689827682045689e+03,6.560365203768014908e-03
3.051695386325736308e+03,4.603819455951452255e-03
3.061700944969427383e+03,5.892219487577676773e-03
3.071706503613118457e+03,7.029255386441946030e-03
3.081712062256809531e+03,4.488822072744369507e-03
3.091717620900500151e+03,8.647419512271881104e-03
3.101723179544191225e+03,5.032035522162914276e-03
3.111728738187882300e+03,5.580571480095386505e-03
3.121734296831572919e+03,7.237939164042472839e-03
3.131739855475263994e+03,7.242233492434024811e-03
3.141745414118955068e+03,4.737871233373880386e-03
3.151750972762645688e+03,5.851440597325563431e-03
3.161756531406336762e+03,6.682244595140218735e-03
3.171762090050027837e+03,5.294363480061292648e-03
3.181767648693718911e+03,7.790321018546819687e-03
3.191773207337409531e+03,5.012459121644496918e-03
3.201778765981100605e+03,6.399485748261213303e-03
3.211784324624791680e+03,5.569371394813060760e-03
3.221789883268482299e+03,7.232698146253824234e-03
3.231795441912173374e+03,5.846539512276649475e-03
3.241801000555864448e+03,5.012983921915292740e-03
3.251806559199555522e+03,5.843270570039749146e-03
3.261812117843246142e+03,5.564440973103046417e-03
3.271817676486937216e+03,4.736526403576135635e-03
3.281823235130628291e+03,5.844785831868648529e-03
3.291828793774318910e+03,6.401145830750465393e-03
3.301834352418009985e+03,7.234209217131137848e-03
3.311839911061701059e+03,5.282456055283546448e-03
3.321845469705391679e+03,6.119919009506702423e-03
3.331851028349082753e+03,6.673585623502731323e-03
3.341856586992773828e+03,5.841446109116077423e-03
3.351862145636464902e+03,3.621844109147787094e-03
3.361867704280155522e+03,7.509277667850255966e-03
3.371873262923846596e+03,5.842379294335842133e-03
3.381878821567537670e+03,6.674050353467464447e-03
3.391884380211228290e+03,8.063746616244316101e-03
3.401889938854919365e+03,5.842292681336402893e-03
3.411895497498610439e+03,6.396870128810405731e-03
3.421901056142301059e+03,7.786856032907962799e-03
3.431906614785992133e+03,6.395770236849784851e-03
3.441912173429683207e+03,7.506215013563632965e-03
3.451917732073374282e+03,7.229461800307035446e-03
3.461923290717064901e+03,5.841131787747144699e-03
3.471928849360755976e+03,6.673669442534446716e-03
3.481934408004447050e+03,6.111290771514177322e-03
3.491939966648137670e+03,6.387200672179460526e-03
3.501945525291828744e+03,6.951735354959964752e-03
3.511951083935519819e+03,5.840206518769264221e-03
3.521956642579210893e+03,5.007236264646053314e-03
3.531962201222901513e+03,6.395210977643728256e-03
3.541967759866592587e+03,4.173166118562221527e-03
3.551973318510283661e+03,6.950013339519500732e-03
3.561978877153974281e+03,6.395028438419103622e-03
3.571984435797665355e+03,6.946494802832603455e-03
3.581989994441356430e+03,6.672466639429330826e-03
3.591995553085047050e+03,5.561906844377517700e-03
3.602001111728738124e+03,5.283987615257501602e-03
3.612006670372429198e+03,6.118197925388813019e-03
3.622012229016120273e+03,5.840051453560590744e-03
3.632017787659810892e+03,5.006122868508100510e-03
3.642023346303501967e+03,7.506407797336578369e-03
3.652028904947193041e+03,5.560904741287231445e-03
3.662034463590883661e+03,4.726905841380357742e-03
3.672040022234574735e+03,4.173336084932088852e-03
3.682045580878265810e+03,6.098821759223937988e-03
3.692051139521956429e+03,7.505408953875303268e-03
3.702056698165647504e+03,5.283639766275882721e-03
3.712062256809338578e+03,4.908184986561536789e-03
3.722067815453029652e+03,7.325683720409870148e-03
3.732073374096720272e+03,7.235805969685316086e-03
3.742078932740411346e+03,6.675508804619312286e-03
3.752084491384102421e+03,6.672118790447711945e-03
3.762090050027793040e+03,5.284568760544061661e-03
3.772095608671484115e+03,6.118997000157833099e-03
3.782101167315175189e+03,4.450240638107061386e-03
3.792106725958865809e+03,6.118812132626771927e-03
3.802112284602556883e+03,6.675381213426589966e-03
3.812117843246247958e+03,5.839272402226924896e-03
3.822123401889939032e+03,6.117882207036018372e-03
3.832128960533629652e+03,6.116777192801237106e-03
3.842134519177320726e+03,5.004501435905694962e-03
3.852140077821011801e+03,6.394481752067804337e-03
3.862145636464702420e+03,4.727530293166637421e-03
3.872151195108393495e+03,5.838670302182435989e-03
3.882156753752084569e+03,6.947636138647794724e-03
3.892162312395775643e+03,6.116668228060007095e-03
3.902167871039466263e+03,7.225464563816785812e-03
3.912173429683157337e+03,6.671254057437181473e-03
3.922178988326848412e+03,7.504632696509361267e-03
3.932184546970539031e+03,6.395149044692516327e-03
3.942190105614230106e+03,7.781931664794683456e-03
3.952195664257921180e+03,6.114186253398656845e-03
3.962201222901611800e+03,4.448987077921628952e-03
3.972206781545302874e+03,6.396193522959947586e-03
3.982212340188993949e+03,4.170885309576988220e-03
3.992217898832685023e+03,5.004442296922206879e-03
4.002223457476375643e+03,5.003739148378372192e-03
4.012229016120066717e+03,6.668397225439548492e-03
4.022234574763757792e+03,7.225687615573406219e-03
4.032240133407448411e+03,4.170691594481468201e-03
4.042245692051139486e+03,4.720417317003011703e-03
4.052251250694830560e+03,7.224709261208772659e-03
4.062256809338521180e+03,7.503335829824209213e-03
4.072262367982212254e+03,6.669817026704549789e-03
4.082267926625903328e+03,6.672528106719255447e-03
4.092273485269594403e+03,7.545860949903726578e-03
4.102279043913285022e+03,2.355240285396575928e-02
4.112284602556976097e+03,7.072924822568893433e-02
4.122290161200667171e+03,3.550661727786064148e-02
4.132295719844358246e+03,4.607486352324485779e-02
4.142301278488049320e+03,3.114926815032958984e-02
4.152306837131739485e+03,1.461944915354251862e-02
4.162312395775430559e+03,1.311619579792022705e-02
4.172317954419121634e+03,1.036380324512720108e-02
4.182323513062812708e+03,5.077225156128406525e-03
4.192329071706503782e+03,6.598648149520158768e-03
4.202334630350194857e+03,7.330607622861862183e-03
4.212340188993885931e+03,6.504889577627182007e-03
4.222345747637576096e+03,6.767466198652982712e-03
4.232351306281267171e+03,5.618877243250608444e-03
4.242356864924958245e+03,5.962666589766740799e-03
4.252362423568649319e+03,5.049693863838911057e-03
4.262367982212340394e+03,7.882771082222461700e-03
4.272373540856031468e+03,7.314356043934822083e-03
4.282379099499721633e+03,5.873448215425014496e-03
4.292384658143412707e+03,8.109155111014842987e-03
4.302390216787103782e+03,4.196377471089363098e-03
4.312395775430794856e+03,5.305300466716289520e-03
4.322401334074485931e+03,5.308248102664947510e-03
4.332406892718177005e+03,4.748672712594270706e-03
4.342412451361868079e+03,5.578879266977310181e-03
4.352418010005558244e+03,5.019435659050941467e-03
4.362423568649249319e+03,6.686158012598752975e-03
4.372429127292940393e+03,4.186762496829032898e-03
4.382434685936631467e+03,4.183204844594001770e-03
4.392440244580322542e+03,6.130064837634563446e-03
4.402445803224013616e+03,5.292567424476146698e-03
4.412451361867704691e+03,6.130345631390810013e-03
4.422456920511394856e+03,4.457486793398857117e-03
4.432462479155085930e+03,5.015780217945575714e-03
4.442468037798777004e+03,5.847468506544828415e-03
4.452473596442468079e+03,4.456312861293554306e-03
4.462479155086159153e+03,4.734743852168321609e-03
4.472484713729850228e+03,3.621012670919299126e-03
4.482490272373541302e+03,3.898685565218329430e-03
4.492495831017231467e+03,6.677130237221717834e-03
4.502501389660922541e+03,5.846065003424882889e-03
4.512506948304613616e+03,4.178207367658615112e-03
4.522512506948304690e+03,6.679215002804994583e-03
4.532518065591995764e+03,6.653979886323213577e-03
4.542523624235686839e+03,6.402458995580673218e-03
4.552529182879377004e+03,5.844274070113897324e-03
4.562534741523068078e+03,5.012948997318744659e-03
4.572540300166759152e+03,5.008215550333261490e-03
4.582545858810450227e+03,5.565503146499395370e-03
4.592551417454141301e+03,7.509523071348667145e-03
4.602556976097832376e+03,5.565318278968334198e-03
4.612562534741523450e+03,4.451119340956211090e-03
4.622568093385213615e+03,6.119961850345134735e-03
4.632573652028904689e+03,6.675089709460735321e-03
4.642579210672595764e+03,6.675443612039089203e-03
4.652584769316286838e+03,6.396699696779251099e-03
4.662590327959977913e+03,5.285129882395267487e-03
4.672595886603668987e+03,5.839739926159381866e-03
4.682601445247360061e+03,3.621418727561831474e-03
4.692607003891050226e+03,5.283624865114688873e-03
4.702612562534741301e+03,4.728938452899456024e-03
4.712618121178432375e+03,5.562776234000921249e-03
4.722623679822123449e+03,4.173567052930593491e-03
4.732629238465814524e+03,6.395826581865549088e-03
4.742634797109505598e+03,5.562077742069959641e-03
4.752640355753195763e+03,5.841251928359270096e-03
4.762645914396886837e+03,4.452269058674573898e-03
4.772651473040577912e+03,5.839691963046789169e-03
4.782657031684268986e+03,3.894239664077758789e-03
4.792662590327960061e+03,6.118567194789648056e-03
4.802668148971651135e+03,4.449661821126937866e-03
4.812673707615342209e+03,4.728700965642929077e-03
4.822679266259032374e+03,3.896016627550125122e-03
4.832684824902723449e+03,8.617220446467399597e-03
4.842690383546414523e+03,7.505535613745450974e-03
4.852695942190105598e+03,4.727798048406839371e-03
4.862701500833796672e+03,6.116799544543027878e-03
4.872707059477487746e+03,7.504205685108900070e-03
4.882712618121178821e+03,6.672020070254802704e-03
4.892718176764868986e+03,7.504419889301061630e-03
4.902723735408560060e+03,6.671529728919267654e-03
4.912729294052251134e+03,4.726979881525039673e-03
4.922734852695942209e+03,3.337994217872619629e-03
4.932740411339633283e+03,6.116626784205436707e-03
4.942745969983324358e+03,6.116899196058511734e-03
4.952751528627015432e+03,5.838939920067787170e-03
4.962757087270705597e+03,5.835241172462701797e-03
4.972762645914396671e+03,6.670975126326084137e-03
4.982768204558087746e+03,5.837450269609689713e-03
4.992773763201778820e+03,6.671484094113111496e-03
5.002779321845469894e+03,7.503970526158809662e-03
5.012784880489160969e+03,6.949211936444044113e-03
5.022790439132851134e+03,5.559828598052263260e-03
5.032795997776542208e+03,7.777798455208539963e-03
5.042801556420233283e+03,7.225417066365480423e-03
5.052807115063924357e+03,5.282239057123661041e-03
5.062812673707615431e+03,5.837488453835248947e-03
5.072818232351306506e+03,5.004221107810735703e-03
5.082823790994997580e+03,5.004335660487413406e-03
5.092829349638687745e+03,4.448734689503908157e-03
5.102834908282378819e+03,7.225885987281799316e-03
5.112840466926069894e+03,5.004245787858963013e-03
5.122846025569760968e+03,7.226199377328157425e-03
5.132851584213452043e+03,7.226412184536457062e-03
5.142857142857143117e+03,6.947868503630161285e-03
5.152862701500834191e+03,8.891395293176174164e-03
5.162868260144524356e+03,5.003573838621377945e-03
5.172873818788215431e+03,4.727558698505163193e-03
5.182879377431906505e+03,5.001445766538381577e-03
5.192884936075597579e+03,4.173021763563156128e-03
5.202890494719288654e+03,7.505983579903841019e-03
5.212896053362979728e+03,5.006207618862390518e-03
5.222901612006670803e+03,6.394117139279842377e-03
5.232907170650360968e+03,5.004811566323041916e-03
5.242912729294052042e+03,4.449090920388698578e-03
5.252918287937743116e+03,7.781311869621276855e-03
5.262923846581434191e+03,3.614899469539523125e-03
5.272929405225125265e+03,7.225962821394205093e-03
5.282934963868816340e+03,6.953616160899400711e-03
5.292940522512506504e+03,6.949333939701318741e-03
5.302946081156197579e+03,3.894273191690444946e-03
5.312951639799888653e+03,4.726163111627101898e-03
5.322957198443579728e+03,4.728076979517936707e-03
5.332962757087270802e+03,6.953610572963953018e-03
5.342968315730961876e+03,7.237306330353021622e-03
5.352973874374652951e+03,4.334150347858667374e-03
5.362979433018343116e+03,8.964461833238601685e-02
5.372984991662034190e+03,1.353130191564559937e-01
5.382990550305725264e+03,6.088476628065109253e-02
5.392996108949416339e+03,3.085383214056491852e-02
5.403001667593107413e+03,1.986686699092388153e-02
5.413007226236798488e+03,1.533421408385038376e-02
5.423012784880489562e+03,1.776199974119663239e-02
5.433018343524179727e+03,1.270710490643978119e-02
5.443023902167870801e+03,6.461739074438810349e-03
5.453029460811561876e+03,7.559596560895442963e-03
5.463035019455252950e+03,6.810623221099376678e-03
5.473040578098944025e+03,9.090654551982879639e-03
5.483046136742635099e+03,6.522715091705322266e-03
5.493051695386326173e+03,4.421584773808717728e-03
5.503057254030016338e+03,4.074478056281805038e-03
5.513062812673707413e+03,5.354872904717922211e-03
5.523068371317398487e+03,5.622390657663345337e-03
5.533073929961089561e+03,3.105718176811933517e-03
5.543079488604780636e+03,5.315448623150587082e-03
5.553085047248471710e+03,6.136503536254167557e-03
5.563090605892161875e+03,6.130389403551816940e-03
5.573096164535852949e+03,6.684087216854095459e-03
5.583101723179544024e+03,6.682628765702247620e-03
5.593107281823235098e+03,3.906563390046358109e-03
5.603112840466926173e+03,5.570201668888330460e-03
5.613118399110617247e+03,5.576505791395902634e-03
5.623123957754308321e+03,7.241612765938043594e-03
5.633129516397998486e+03,6.681514438241720200e-03
5.643135075041689561e+03,6.679367739707231522e-03
5.653140633685380635e+03,5.569523200392723083e-03
5.663146192329071710e+03,5.567383486777544022e-03
5.673151750972762784e+03,3.345291363075375557e-03
5.683157309616453858e+03,5.845265928655862808e-03
5.693162868260144933e+03,5.566702224314212799e-03
5.703168426903835098e+03,7.236394565552473068e-03
5.713173985547526172e+03,8.065523579716682434e-03
5.723179544191217246e+03,4.732323344796895981e-03
5.733185102834908321e+03,6.955996621400117874e-03
5.743190661478599395e+03,6.675320677459239960e-03
5.753196220122290470e+03,3.343123476952314377e-03
5.763201778765980634e+03,5.008995532989501953e-03
5.773207337409671709e+03,4.451319575309753418e-03
5.783212896053362783e+03,6.395345553755760193e-03
5.793218454697053858e+03,6.951254792511463165e-03
5.803224013340744932e+03,5.280778277665376663e-03
5.813229571984436006e+03,5.286312196403741837e-03
5.823235130628127081e+03,5.841374862939119339e-03
5.833240689271817246e+03,6.673789583146572113e-03
5.843246247915508320e+03,5.284658167511224747e-03
5.853251806559199395e+03,4.729650914669036865e-03
5.863257365202890469e+03,6.396404001861810684e-03
5.873262923846581543e+03,3.061670344322919846e-03
5.883268482490272618e+03,4.728688858449459076e-03
5.893274041133963692e+03,2.507013035938143730e-03
5.903279599777653857e+03,6.117815617471933365e-03
5.913285158421344931e+03,6.950455717742443085e-03
5.923290717065036006e+03,5.000488832592964172e-03
5.933296275708727080e+03,4.449892789125442505e-03
5.943301834352418155e+03,7.783484645187854767e-03
5.953307392996109229e+03,6.674503441900014877e-03
5.963312951639800303e+03,5.682146642357110977e-03
5.973318510283490468e+03,8.341319859027862549e-03
5.983324068927181543e+03,4.728008061647415161e-03
5.993329627570872617e+03,5.007738247513771057e-03
6.003335186214563691e+03,5.839047487825155258e-03
6.013340744858254766e+03,5.282311234623193741e-03
6.023346303501945840e+03,3.894895548000931740e-03
6.033351862145636005e+03,4.726838320493698120e-03
6.043357420789327080e+03,5.283907055854797363e-03
6.053362979433018154e+03,3.893163753673434258e-03
6.063368538076709228e+03,6.670762319117784500e-03
6.073374096720400303e+03,6.671346724033355713e-03
6.083379655364091377e+03,5.282557103782892227e-03
6.093385214007782452e+03,6.949028465896844864e-03
6.103390772651472616e+03,4.171106964349746704e-03
6.113396331295163691e+03,5.560355726629495621e-03
6.123401889938854765e+03,5.282223224639892578e-03
6.133407448582545840e+03,5.838023498654365540e-03
6.143413007226236914e+03,4.449229221791028976e-03
6.153418565869927988e+03,5.281699821352958679e-03
6.163424124513619063e+03,6.397173739969730377e-03
6.173429683157309228e+03,5.005363840609788895e-03
6.183435241801000302e+03,4.727256018668413162e-03
6.193440800444691376e+03,4.170319996774196625e-03
6.203446359088382451e+03,3.060032147914171219e-03
6.213451917732073525e+03,4.449039231985807419e-03
6.223457476375764600e+03,6.392829120159149170e-03
6.233463035019455674e+03,5.837008357048034668e-03
6.243468593663145839e+03,5.282098893076181412e-03
6.253474152306836913e+03,5.836677737534046173e-03
6.263479710950527988e+03,6.115135736763477325e-03
6.273485269594219062e+03,7.781296968460083008e-03
6.283490828237910137e+03,6.392854265868663788e-03
6.293496386881601211e+03,4.448561929166316986e-03
6.303501945525291376e+03,6.098634097725152969e-03
6.313507504168982450e+03,6.395052652806043625e-03
6.323513062812673525e+03,4.727560095489025116e-03
6.333518621456364599e+03,5.837431643158197403e-03
6.343524180100055673e+03,3.337725764140486717e-03
6.353529738743746748e+03,4.447859711945056915e-03
6.363535297387437822e+03,6.669056136161088943e-03
6.373540856031127987e+03,3.892361419275403023e-03
6.383546414674819061e+03,5.281378049403429031e-03
6.393551973318510136e+03,5.559271667152643204e-03
6.403557531962201210e+03,6.392282899469137192e-03
6.413563090605892285e+03,4.170893691480159760e-03
6.423568649249583359e+03,4.452162887901067734e-03
6.433574207893274433e+03,5.005188751965761185e-03
6.443579766536964598e+03,5.485325586050748825e-03
6.453585325180655673e+03,9.623307734727859497e-03
6.463590883824346747e+03,9.209000505506992340e-03
6.473596442468037822e+03,6.968622561544179916e-03
6.483602001111728896e+03,2.352297119796276093e-02
6.493607559755419970e+03,9.756298735737800598e-03
6.503613118399111045e+03,7.327199913561344147e-03
6.513618677042801210e+03,6.832058541476726532e-03
6.523624235686492284e+03,6.907495204359292984e-03
6.533629794330183358e+03,6.291938945651054382e-03
6.543635352973874433e+03,6.966087501496076584e-03
6.553640911617565507e+03,6.310004275292158127e-03
6.563646470261256582e+03,9.068016894161701202e-03
6.573652028904946746e+03,7.452013902366161346e-03
6.583657587548637821e+03,6.248242221772670746e-03
6.593663146192328895e+03,6.541520357131958008e-03
6.603668704836019970e+03,4.149431362748146057e-03
6.613674263479711044e+03,7.530366070568561554e-03
6.623679822123402118e+03,6.922513246536254883e-03
6.633685380767093193e+03,6.494914181530475616e-03
6.643690939410783358e+03,5.924126598984003067e-03
6.653696498054474432e+03,5.018079187721014023e-03
6.663702056698165507e+03,5.854696501046419144e-03
6.673707615341856581e+03,5.024661310017108917e-03
6.683713173985547655e+03,8.056026883423328400e-03
6.693718732629238730e+03,4.449667409062385559e-03
6.703724291272929804e+03,4.453546833246946335e-03
6.713729849916619969e+03,6.950212176889181137e-03
6.723735408560311043e+03,4.449563566595315933e-03
6.733740967204002118e+03,6.394247058779001236e-03
6.743746525847693192e+03,4.171068780124187469e-03
6.753752084491384267e+03,5.282231606543064117e-03
6.763757643135075341e+03,6.948806811124086380e-03
6.773763201778766415e+03,6.948420777916908264e-03
6.783768760422456580e+03,4.724725149571895599e-03
6.793774319066147655e+03,5.836370866745710373e-03
6.803779877709838729e+03,6.114146672189235687e-03
6.813785436353529803e+03,4.447183571755886078e-03
6.823790994997220878e+03,4.448010120540857315e-03
6.833796553640911952e+03,6.669298745691776276e-03
6.843802112284602117e+03,5.002113990485668182e-03
6.853807670928293192e+03,5.003354977816343307e-03
6.863813229571984266e+03,3.335661021992564201e-03
6.873818788215675340e+03,6.391150411218404770e-03
6.883824346859366415e+03,5.836001597344875336e-03
6.893829905503057489e+03,5.557829514145851135e-03
6.903835464146748564e+03,7.224792148917913437e-03
6.913841022790438728e+03,4.446835722774267197e-03
6.923846581434129803e+03,6.668685469776391983e-03
6.933852140077820877e+03,4.724214319139719009e-03
6.943857698721511952e+03,6.946338806301355362e-03
6.953863257365203026e+03,4.724262282252311707e-03
6.963868816008894100e+03,5.279800854623317719e-03
6.973874374652585175e+03,5.280154757201671600e-03
6.983879933296275340e+03,4.724208265542984009e-03
6.993885491939966414e+03,3.613260108977556229e-03
7.003891050583657488e+03,4.724233411252498627e-03
7.013896609227348563e+03,5.279851611703634262e-03
7.023902167871039637e+03,4.723945166915655136e-03
7.033907726514730712e+03,4.723987076431512833e-03
7.043913285158421786e+03,5.279504228383302689e-03
7.053918843802111951e+03,5.834960378706455231e-03
7.063924402445803025e+03,6.946312729269266129e-03
7.073929961089494100e+03,3.890691092237830162e-03
7.083935519733185174e+03,5.002101883292198181e-03
7.093941078376876249e+03,5.279093049466609955e-03
7.103946637020567323e+03,3.335514105856418610e-03
7.113952195664257488e+03,5.001502577215433121e-03
7.123957754307948562e+03,5.557173397392034531e-03
7.133963312951639637e+03,4.723690450191497803e-03
7.143968871595330711e+03,8.335119113326072693e-03
7.153974430239021785e+03,4.723534919321537018e-03
7.163979988882712860e+03,5.279077216982841492e-03
7.173985547526403934e+03,5.557011812925338745e-03
7.183991106170094099e+03,6.112505216151475906e-03
7.193996664813785173e+03,5.556744057685136795e-03
7.204002223457476248e+03,5.001289304345846176e-03
7.214007782101167322e+03,4.168327897787094116e-03
7.224013340744858397e+03,7.223542779684066772e-03
7.234018899388549471e+03,4.445960279554128647e-03
7.244024458032240545e+03,5.278991069644689560e-03
7.254030016675930710e+03,4.445735365152359009e-03
7.264035575319621785e+03,5.556723102927207947e-03
7.274041133963312859e+03,6.112592760473489761e-03
7.284046692607003934e+03,6.667827721685171127e-03
7.294052251250695008e+03,5.834613461047410965e-03
7.304057809894386082e+03,5.556845106184482574e-03
7.314063368538076247e+03,5.556994583457708359e-03
7.324068927181767322e+03,5.557111464440822601e-03
7.334074485825458396e+03,3.334642620757222176e-03
7.344080044469149470e+03,4.723283927887678146e-03
7.354085603112840545e+03,6.112415343523025513e-03
7.364091161756531619e+03,5.834684707224369049e-03
7.374096720400222694e+03,5.278679542243480682e-03
7.384102279043912858e+03,6.389963440597057343e-03
7.394107837687603933e+03,6.945377215743064880e-03
7.404113396331295007e+03,2.778637688606977463e-03
7.414118954974986082e+03,5.834404844790697098e-03
7.424124513618677156e+03,4.167905542999505997e-03
7.434130072262368230e+03,5.278992466628551483e-03
7.444135630906059305e+03,6.112267728894948959e-03
7.454141189549749470e+03,6.667885463684797287e-03
7.464146748193440544e+03,5.556588992476463318e-03
7.474152306837131619e+03,5.278676282614469528e-03
7.484157865480822693e+03,5.834281910210847855e-03
7.494163424124513767e+03,5.278671626001596451e-03
7.504168982768204842e+03,4.723168909549713135e-03
7.514174541411895916e+03,3.612108528614044189e-03
7.524180100055586081e+03,5.556679796427488327e-03
7.534185658699277155e+03,6.112019531428813934e-03
7.544191217342968230e+03,4.723197314888238907e-03
7.554196775986659304e+03,5.000784061849117279e-03
7.564202334630350379e+03,7.223142310976982117e-03
7.574207893274041453e+03,6.945624016225337982e-03
7.584213451917731618e+03,5.556492600589990616e-03
7.594219010561422692e+03,5.556450225412845612e-03
7.604224569205113767e+03,3.334416309371590614e-03
7.614230127848804841e+03,4.445410333573818207e-03
7.624235686492495915e+03,6.389831192791461945e-03
7.634241245136186990e+03,6.667507346719503403e-03
7.644246803779878064e+03,2.778785536065697670e-03
7.654252362423568229e+03,5.278422031551599503e-03
7.664257921067259304e+03,5.278612021356821060e-03
7.674263479710950378e+03,5.278640426695346832e-03
7.684269038354641452e+03,7.500834297388792038e-03
7.694274596998332527e+03,4.722918383777141571e-03
7.704280155642023601e+03,5.556389689445495605e-03
7.714285714285714675e+03,5.278654862195253372e-03
7.724291272929404840e+03,5.000672768801450729e-03
7.734296831573095915e+03,7.222847547382116318e-03
7.744302390216786989e+03,5.000801756978034973e-03
7.754307948860478064e+03,3.889606567099690437e-03
7.764313507504169138e+03,4.167650826275348663e-03
7.774319066147860212e+03,5.000704899430274963e-03
7.784324624791551287e+03,3.334232140332460403e-03
7.794330183435241452e+03,3.889616578817367554e-03
7.804335742078932526e+03,4.722934216260910034e-03
7.814341300722623600e+03,6.111864466220140457e-03
7.824346859366314675e+03,6.389605347067117691e-03
7.834352418010005749e+03,4.167413339018821716e-03
7.844357976653696824e+03,5.556360818445682526e-03
7.854363535297386989e+03,3.889660350978374481e-03
7.864369093941078063e+03,5.834057927131652832e-03
7.874374652584769137e+03,5.556201562285423279e-03
7.884380211228460212e+03,7.223010994493961334e-03
7.894385769872151286e+03,3.611887339502573013e-03
7.904391328515842361e+03,3.611739724874496460e-03
7.914396887159533435e+03,5.834028590470552444e-03
7.924402445803223600e+03,6.945198867470026016e-03
7.934408004446914674e+03,4.723003134131431580e-03
7.944413563090605749e+03,4.167172592133283615e-03
7.954419121734296823e+03,5.000772420316934586e-03
7.964424680377987897e+03,2.778561552986502647e-03
7.974430239021678972e+03,3.611956257373094559e-03
7.984435797665370046e+03,5.000668112188577652e-03
7.994441356309060211e+03,8.611653931438922882e-03
8.004446914952751285e+03,7.778261322528123856e-03
8.014452473596442360e+03,3.611683379858732224e-03
8.024458032240133434e+03,4.444980528205633163e-03
8.034463590883824509e+03,4.445034544914960861e-03
8.044469149527515583e+03,6.945108994841575623e-03
8.054474708171206657e+03,3.889436833560466766e-03
8.064480266814896822e+03,7.500516250729560852e-03
8.074485825458587897e+03,5.556136835366487503e-03
8.084491384102278971e+03,5.000555887818336487e-03
8.094496942745970046e+03,5.555968265980482101e-03
8.104502501389661120e+03,5.278377793729305267e-03
8.114508060033352194e+03,5.556137766689062119e-03
8.124513618677042359e+03,3.889664076268672943e-03
8.134519177320733434e+03,5.278286524116992950e-03
8.144524735964424508e+03,5.000695120543241501e-03
8.154530294608115582e+03,5.833839997649192810e-03
8.164535853251806657e+03,6.667277310043573380e-03
8.174541411895497731e+03,4.722740035504102707e-03
8.184546970539188806e+03,5.556258372962474823e-03
8.194552529182879880e+03,5.000596400350332260e-03
8.204558087826570045e+03,4.722829442471265793e-03
8.214563646470262029e+03,5.833824165165424347e-03
8.224569205113952194e+03,4.445027559995651245e-03
8.234574763757642359e+03,5.000538192689418793e-03
8.244580322401334342e+03,4.444951191544532776e-03
8.254585881045024507e+03,3.333858912810683250e-03
8.264591439688716491e+03,7.500523701310157776e-03
8.274596998332406656e+03,3.889326704666018486e-03
8.284602556976098640e+03,4.722703248262405396e-03
8.294608115619788805e+03,5.556110758334398270e-03
8.304613674263478970e+03,5.556146614253520966e-03
8.314619232907170954e+03,6.389456801116466522e-03
8.324624791550861119e+03,3.889369778335094452e-03
8.334630350194553102e+03,4.167254548519849777e-03
8.344635908838243267e+03,5.000552162528038025e-03
8.354641467481935251e+03,4.722713027149438858e-03
8.364647026125625416e+03,4.167127888649702072e-03
8.374652584769315581e+03,5.834019277244806290e-03
8.384658143413007565e+03,5.833888426423072815e-03
8.394663702056697730e+03,5.009878426790237427e-03
8.404669260700389714e+03,5.834134761244058609e-03
8.414674819344079879e+03,7.502308115363121033e-03
8.424680377987771863e+03,4.445840604603290558e-03
8.434685936631462027e+03,6.945208646357059479e-03
8.444691495275152192e+03,4.167612176388502121e-03
8.454697053918844176e+03,5.000561941415071487e-03
8.464702612562534341e+03,4.445025231689214706e-03
8.474708171206226325e+03,4.167320206761360168e-03
8.484713729849916490e+03,6.111615803092718124e-03
8.494719288493606655e+03,4.722889047116041183e-03
8.504724847137298639e+03,5.278735887259244919e-03
8.514730405780988804e+03,5.556070711463689804e-03
8.524735964424680787e+03,5.556166172027587891e-03
8.534741523068370952e+03,4.445077385753393173e-03
8.544747081712062936e+03,6.111649330705404282e-03
8.554752640355753101e+03,5.833881441503763199e-03
8.564758198999443266e+03,5.278388038277626038e-03
8.574763757643135250e+03,6.667062640190124512e-03
8.584769316286825415e+03,5.278437398374080658e-03
8.594774874930517399e+03,3.889299696311354637e-03
8.604780433574207564e+03,5.278268363326787949e-03
8.614785992217899548e+03,6.111666560173034668e-03
8.624791550861589712e+03,7.500433363020420074e-03
8.634797109505279877e+03,6.667227484285831451e-03
8.644802668148971861e+03,7.222697138786315918e-03
8.654808226792662026e+03,5.278254393488168716e-03
8.664813785436354010e+03,4.722775891423225403e-03
8.674819344080044175e+03,5.278271622955799103e-03
8.684824902723736159e+03,5.000503268092870712e-03
8.694830461367426324e+03,4.167187958955764771e-03
8.704836020011116489e+03,5.833970382809638977e-03
8.714841578654808472e+03,5.000535398721694946e-03
8.724847137298498637e+03,7.500573527067899704e-03
8.734852695942190621e+03,7.222769316285848618e-03
8.744858254585880786e+03,3.611669875681400299e-03
8.754863813229572770e+03,5.556017160415649414e-03
8.764869371873262935e+03,5.278171971440315247e-03
8.774874930516953100e+03,6.667116656899452209e-03
8.784880489160645084e+03,4.722582641988992691e-03
8.794886047804335249e+03,5.278204102069139481e-03
8.804891606448027233e+03,4.167105071246623993e-03
8.814897165091717397e+03,4.444901831448078156e-03
8.824902723735409381e+03,4.444899037480354309e-03
8.834908282379099546e+03,3.333728294819593430e-03
8.844913841022789711e+03,4.444858524948358536e-03
8.854919399666481695e+03,4.167077131569385529e-03
8.864924958310171860e+03,5.000393372029066086e-03
8.874930516953863844e+03,4.167071077972650528e-03
8.884936075597554009e+03,8.055971935391426086e-03
8.894941634241245993e+03,4.444839432835578918e-03
8.904947192884936157e+03,6.944809108972549438e-03
8.914952751528626322e+03,3.889210755005478859e-03
8.924958310172318306e+03,6.944804918020963669e-03
8.934963868816008471e+03,4.167099948972463608e-03
8.944969427459700455e+03,6.667006760835647583e-03
8.954974986103390620e+03,4.722566343843936920e-03
8.964980544747082604e+03,3.055950393900275230e-03
8.974986103390772769e+03,5.833682138472795486e-03
8.984991662034462934e+03,9.444798342883586884e-03
8.994997220678154918e+03,6.389208137989044189e-03
9.005002779321845082e+03,5.000290460884571075e-03
9.015008337965537066e+03,4.167023114860057831e-03
9.025013896609227231e+03,6.944742985069751740e-03
9.035019455252917396e+03,5.833606235682964325e-03
9.045025013896609380e+03,4.444770980626344681e-03
9.055030572540299545e+03,5.555901676416397095e-03
9.065036131183991529e+03,3.889232408255338669e-03
9.075041689827681694e+03,4.167012870311737061e-03
9.085047248471373678e+03,3.889213781803846359e-03
9.095052807115063843e+03,5.278138909488916397e-03
9.105058365758754007e+03,5.000302102416753769e-03
9.115063924402445991e+03,7.222580257803201675e-03
9.125069483046136156e+03,5.833677947521209717e-03
9.135075041689828140e+03,7.222525309771299362e-03
9.145080600333518305e+03,4.722544457763433456e-03
9.155086158977210289e+03,4.166951868683099747e-03
9.165091717620900454e+03,5.278090480715036392e-03
9.175097276264590619e+03,4.722555167973041534e-03
9.185102834908282603e+03,5.278056487441062927e-03
9.195108393551972767e+03,5.278041586279869080e-03
9.205113952195664751e+03,6.666952744126319885e-03
9.215119510839354916e+03,5.555810872465372086e-03
9.225125069483046900e+03,5.278133787214756012e-03
9.235130628126737065e+03,6.111477036029100418e-03
9.245136186770427230e+03,5.278039723634719849e-03
9.255141745414119214e+03,3.611459396779537201e-03
9.265147304057809379e+03,6.389112677425146103e-03
9.275152862701501363e+03,3.611359978094696999e-03
9.285158421345191528e+03,6.389188580214977264e-03
9.295163979988883511e+03,4.166910890489816666e-03
9.305169538632573676e+03,6.111405789852142334e-03
9.315175097276263841e+03,4.722574260085821152e-03
9.325180655919955825e+03,4.722525365650653839e-03
9.335186214563645990e+03,4.722486250102519989e-03
9.345191773207337974e+03,3.611376043409109116e-03
9.355197331851028139e+03,4.444666672497987747e-03
9.365202890494720123e+03,5.278084892779588699e-03
9.375208449138410288e+03,5.278052296489477158e-03
9.385214007782100452e+03,5.555788055062294006e-03
9.395219566425792436e+03,4.444715101271867752e-03
9.405225125069482601e+03,4.722482524812221527e-03
9.415230683713174585e+03,4.166903905570507050e-03
9.425236242356864750e+03,4.166890867054462433e-03
9.435241801000556734e+03,5.833581089973449707e-03
9.445247359644246899e+03,4.444648046046495438e-03
9.455252918287937064e+03,8.333569392561912537e-03
9.465258476931629048e+03,4.444722551852464676e-03
9.475264035575319213e+03,5.278037395328283310e-03
9.485269594219011196e+03,3.333604661747813225e-03
9.495275152862701361e+03,4.722474608570337296e-03
9.505280711506391526e+03,4.722463898360729218e-03
9.515286270150083510e+03,6.389091257005929947e-03
9.525291828793773675e+03,5.277995485812425613e-03
9.535297387437465659e+03,4.166937433183193207e-03
9.545302946081155824e+03,5.833549425005912781e-03
9.555308504724847808e+03,3.333607222884893417e-03
9.565314063368537973e+03,4.444644786417484283e-03
9.575319622012228137e+03,5.000237375497817993e-03
9.585325180655920121e+03,6.389142945408821106e-03
9.595330739299610286e+03,6.111345253884792328e-03
9.605336297943302270e+03,6.389121059328317642e-03
9.615341856586992435e+03,6.389098707586526871e-03
9.625347415230684419e+03,6.389091257005929947e-03
9.635352973874374584e+03,3.889043582603335381e-03
9.645358532518064749e+03,4.722459707409143448e-03
9.655364091161756733e+03,5.555786658078432083e-03
9.665369649805446898e+03,2.777978079393506050e-03
9.675375208449138881e+03,6.389093585312366486e-03
9.685380767092829046e+03,5.555794108659029007e-03
9.695386325736521030e+03,5.277999211102724075e-03
9.705391884380211195e+03,5.833582486957311630e-03
9.715397443023901360e+03,6.111305207014083862e-03
9.725403001667593344e+03,6.944671738892793655e-03
9.735408560311283509e+03,5.555761978030204773e-03
9.745414118954975493e+03,5.833563394844532013e-03
9.755419677598665658e+03,6.944621913135051727e-03
9.765425236242357641e+03,5.000196862965822220e-03
9.775430794886047806e+03,5.833559203892946243e-03
9.785436353529737971e+03,6.389089394360780716e-03
9.795441912173429955e+03,6.389088463038206100e-03
9.805447470817120120e+03,6.944652181118726730e-03
9.815453029460812104e+03,5.277996882796287537e-03
9.825458588104502269e+03,3.611313644796609879e-03
9.835464146748194253e+03,5.277977325022220612e-03
9.845469705391884418e+03,5.277937278151512146e-03
9.855475264035574583e+03,7.777946535497903824e-03
9.865480822679266566e+03,5.833493545651435852e-03
9.875486381322956731e+03,6.111254915595054626e-03
9.885491939966648715e+03,5.000175908207893372e-03
9.895497498610338880e+03,3.889081999659538269e-03
9.905503057254030864e+03,4.722416400909423828e-03
9.915508615897721029e+03,4.444656427949666977e-03
9.925514174541411194e+03,5.833505187183618546e-03
9.935519733185103178e+03,4.444645252078771591e-03
9.945525291828793343e+03,7.777944207191467285e-03
9.955530850472485326e+03,6.389067973941564560e-03
9.965536409116175491e+03,5.000153556466102600e-03
9.975541967759867475e+03,3.611288964748382568e-03
9.985547526403557640e+03,5.555758718401193619e-03
9.995553085047247805e+03,5.555744282901287079e-03
1.000555864369093979e+04,6.389043759554624557e-03
1.001556420233462995e+04,5.277985706925392151e-03
1.002556976097832194e+04,4.166831728070974350e-03
1.003557531962201210e+04,4.722420591861009598e-03
1.004558087826570227e+04,5.000178702175617218e-03
1.005558643690939425e+04,5.000153090804815292e-03
1.006559199555308442e+04,4.444625228643417358e-03
1.007559755419677640e+04,6.389066111296415329e-03
1.008560311284046657e+04,4.166832659393548965e-03
1.009560867148415855e+04,5.555710755288600922e-03
1.010561423012784871e+04,5.277942866086959839e-03
1.011561978877153888e+04,2.777948975563049316e-03
1.012562534741523086e+04,6.111270282417535782e-03
1.013563090605892103e+04,6.111238617449998856e-03
1.014563646470261301e+04,5.000177305191755295e-03
1.015564202334630318e+04,5.277941003441810608e-03
1.016564758198999516e+04,5.555725190788507462e-03
1.017565314063368533e+04,4.166852682828903198e-03
1.018565869927737549e+04,4.722393117845058441e-03
1.019566425792106747e+04,3.889062674716114998e-03
1.020566981656475764e+04,4.722394049167633057e-03
1.021567537520844962e+04,4.722355864942073822e-03
1.022568093385213979e+04,3.333484521135687828e-03
1.023568649249583177e+04,3.333501284942030907e-03
1.024569205113952194e+04,6.389051210135221481e-03
1.025569760978321210e+04,3.055699169635772705e-03
1.026570316842690409e+04,5.833516828715801239e-03
1.027570872707059425e+04,5.277927499264478683e-03
1.028571428571428623e+04,5.277912598103284836e-03
1.029571984435797640e+04,5.277921911329030991e-03
1.030572540300166838e+04,6.111267954111099243e-03
1.031573096164535855e+04,5.833497736603021622e-03
1.032573652028904871e+04,4.166805185377597809e-03
1.033574207893274070e+04,6.389029324054718018e-03
1.034574763757643086e+04,5.833470262587070465e-03
1.035575319622012285e+04,3.333473810926079750e-03
1.036575875486381301e+04,5.000159610062837601e-03
1.037576431350750499e+04,6.389036308974027634e-03
1.038576987215119516e+04,4.722356796264648438e-03
1.039577543079488532e+04,8.333477191627025604e-03
1.040578098943857731e+04,5.555719602853059769e-03
1.041578654808226747e+04,5.833504721522331238e-03
1.042579210672595946e+04,5.277896765619516373e-03
1.043579766536964962e+04,3.611256834119558334e-03
1.044580322401334161e+04,6.944597698748111725e-03
1.045580878265703177e+04,5.833491683006286621e-03
1.046581434130072194e+04,3.333481028676033020e-03
1.047581989994441392e+04,5.555702373385429382e-03
1.048582545858810408e+04,5.833455827087163925e-03
1.049583101723179607e+04,5.277875345200300217e-03
1.050583657587548623e+04,7.222325541079044342e-03
1.051584213451917640e+04,6.389005575329065323e-03
1.052584769316286838e+04,5.000168923288583755e-03
1.053585325180655855e+04,5.000140983611345291e-03
1.054585881045025053e+04,5.833460483700037003e-03
1.055586436909394070e+04,3.889024723321199417e-03
1.056586992773763268e+04,5.555708892643451691e-03
1.057587548638132284e+04,5.277912598103284836e-03
1.058588104502501301e+04,2.500151051208376884e-03
1.059588660366870499e+04,6.944516673684120178e-03
1.060589216231239516e+04,3.611259860917925835e-03
1.061589772095608714e+04,5.833471193909645081e-03
1.062590327959977731e+04,6.944577209651470184e-03
1.063590883824346929e+04,5.277901422232389450e-03
1.064591439688715946e+04,6.944568362087011337e-03
1.065591995553084962e+04,3.333456581458449364e-03
1.066592551417454160e+04,5.555669777095317841e-03
1.067593107281823177e+04,7.777902297675609589e-03
1.068593663146192375e+04,5.277890246361494064e-03
1.069594219010561392e+04,5.277906078845262527e-03
1.070594774874930590e+04,6.389010231941938400e-03
1.071595330739299607e+04,5.000125151127576828e-03
1.072595886603668623e+04,4.166809376329183578e-03
1.073596442468037822e+04,5.555646959692239761e-03
1.074596998332406838e+04,6.666794884949922562e-03
1.075597554196776036e+04,5.000114440917968750e-03
1.076598110061145053e+04,4.722336772829294205e-03
1.077598665925514251e+04,7.222344167530536652e-03
1.078599221789883268e+04,6.389026995748281479e-03
1.079599777654252284e+04,6.111236289143562317e-03
1.080600333518621483e+04,6.389019545167684555e-03
1.081600889382990499e+04,5.000122822821140289e-03
1.082601445247359698e+04,4.166780970990657806e-03
1.083602001111728714e+04,5.555651150643825531e-03
1.084602556976097912e+04,6.111188791692256927e-03
1.085603112840466929e+04,4.444568417966365814e-03
1.086603668704835945e+04,4.166770260781049728e-03
1.087604224569205144e+04,4.722321871668100357e-03
1.088604780433574160e+04,5.555623676627874374e-03
1.089605336297943359e+04,3.888995852321386337e-03
1.090605892162312375e+04,6.111243739724159241e-03
1.091606448026681574e+04,5.833396222442388535e-03
1.092607003891050590e+04,4.722329322248697281e-03
1.093607559755419607e+04,5.833410657942295074e-03
1.094608115619788805e+04,6.388925015926361084e-03
1.095608671484157821e+04,5.555664189159870148e-03
1.096609227348527020e+04,3.888960462063550949e-03
1.097609783212896036e+04,6.944512482732534409e-03
1.098610339077265235e+04,5.555576179176568985e-03
1.099610894941634251e+04,2.777878427878022194e-03
1.100611450806003268e+04,5.277883261442184448e-03
1.101612006670372466e+04,5.555662792176008224e-03
1.102612562534741483e+04,5.277851596474647522e-03
1.103613118399110681e+04,5.833467934280633926e-03
1.104613674263479697e+04,5.833417177200317383e-03
1.105614230127848714e+04,5.000110715627670288e-03
1.106614785992217912e+04,5.000131204724311829e-03
1.107615341856586929e+04,5.277923308312892914e-03
1.108615897720956127e+04,6.666778121143579483e-03
1.109616453585325144e+04,6.944555789232254028e-03
1.110617009449694342e+04,6.666800007224082947e-03
1.111617565314063359e+04,3.611219115555286407e-03
1.112618121178432375e+04,2.348965704441070557e-01
1.113618677042801573e+04,2.324057966470718384e-01
1.114619232907170590e+04,2.327001392841339111e-01
1.115619788771539788e+04,2.390934675931930542e-01
1.116620344635908805e+04,2.009512335062026978e-01
1.117620900500278003e+04,1.356172114610671997e-01
1.118621456364647020e+04,1.141985431313514709e-01
1.119622012229016036e+04,8.934406191110610962e-02
1.120622568093385235e+04,9.124290198087692261e-02
1.121623123957754251e+04,6.731428205966949463e-02
1.122623679822123449e+04,5.804011970758438110e-02
1.123624235686492466e+04,4.112494736909866333e-02
1.124624791550861664e+04,3.845272585749626160e-02
1.125625347415230681e+04,2.740631997585296631e-02
1.126625903279599697e+04,2.307028137147426605e-02
1.127626459143968896e+04,1.931174844503402710e-02
1.128627015008337912e+04,1.503449399024248123e-02
1.129627570872707111e+04,1.632037013769149780e-02
1.130628126737076127e+04,1.066997554153203964e-02
1.131628682601445325e+04,7.623578421771526337e-03
1.132629238465814342e+04,6.199024152010679245e-03
1.133629794330183358e+04,6.495336070656776428e-03
1.134630350194552557e+04,4.972477443516254425e-03
1.135630906058921573e+04,7.334324531257152557e-03
1.136631461923290772e+04,5.494690965861082077e-03
1.137632017787659788e+04,3.692683298140764236e-03
1.138632573652028987e+04,4.920835606753826141e-03
1.139633129516398003e+04,6.506172940135002136e-03
1.140633685380767020e+04,5.138015374541282654e-03
1.141634241245136218e+04,6.176077295094728470e-03
1.142634797109505234e+04,3.389337565749883652e-03
1.143635352973874433e+04,7.554205134510993958e-03
1.144635908838243449e+04,5.892996210604906082e-03
1.145636464702612648e+04,4.204888362437486649e-03
1.146637020566981664e+04,5.030273925513029099e-03
1.147637576431350681e+04,4.473273176699876785e-03
1.148638132295719879e+04,3.367670346051454544e-03
1.149638688160088896e+04,6.134581286460161209e-03
1.150639244024458094e+04,3.076858352869749069e-03
1.151639799888827110e+04,4.746946971863508224e-03
1.152640355753196127e+04,5.854093004018068314e-03
1.153640911617565325e+04,3.353654639795422554e-03
1.154641467481934342e+04,5.019134376198053360e-03
1.155642023346303540e+04,6.406358443200588226e-03
1.156642579210672557e+04,4.459164105355739594e-03
1.157643135075041755e+04,3.904963610693812370e-03
1.158643690939410772e+04,5.846488755196332932e-03
1.159644246803779788e+04,4.457473754882812500e-03
1.160644802668148986e+04,4.736586473882198334e-03
1.161645358532518003e+04,5.293582566082477570e-03
1.162645914396887201e+04,5.568633321672677994e-03
1.163646470261256218e+04,4.456761758774518967e-03
1.164647026125625416e+04,5.288595333695411682e-03
1.165647581989994433e+04,5.011085886508226395e-03
1.166648137854363449e+04,6.955020129680633545e-03
1.167648693718732648e+04,5.286941304802894592e-03
1.168649249583101664e+04,6.955521646887063980e-03
1.169649805447470862e+04,5.565834231674671173e-03
1.170650361311839879e+04,5.843665916472673416e-03
1.171650917176209077e+04,4.176064860075712204e-03
1.172651473040578094e+04,3.898379625752568245e-03
1.173652028904947110e+04,5.008800420910120010e-03
1.174652584769316309e+04,5.285208579152822495e-03
1.175653140633685325e+04,4.174679983407258987e-03
1.176653696498054524e+04,5.841904785484075546e-03
1.177654252362423540e+04,5.563270766288042068e-03
1.178654808226792738e+04,4.729615524411201477e-03
1.179655364091161755e+04,7.230438292026519775e-03
1.180655919955530771e+04,5.006609484553337097e-03
1.181656475819899970e+04,8.063894696533679962e-03
1.182657031684268986e+04,6.117303855717182159e-03
1.183657587548638185e+04,5.562520120292901993e-03
1.184658143413007201e+04,4.450995940715074539e-03
1.185658699277376400e+04,3.896689508110284805e-03
1.186659255141745416e+04,5.007150582969188690e-03
1.187659811006114433e+04,5.562672391533851624e-03
1.188660366870483631e+04,5.839449819177389145e-03
1.189660922734852647e+04,5.838322918862104416e-03
1.190661478599221846e+04,5.006792023777961731e-03
1.191662034463590862e+04,5.284213460981845856e-03
1.192662590327960061e+04,8.061116561293601990e-03
1.193663146192329077e+04,3.893994493409991264e-03
1.194663702056698094e+04,4.727691877633333206e-03
1.195664257921067292e+04,7.507191039621829987e-03
1.196664813785436309e+04,3.616319736465811729e-03
1.197665369649805507e+04,4.172142129391431808e-03
1.198665925514174523e+04,4.727524705231189728e-03
1.199666481378543722e+04,4.726498853415250778e-03
1.200667037242912738e+04,5.004974547773599625e-03
1.201667593107281755e+04,4.448935389518737793e-03
1.202668148971650953e+04,3.893886459991335869e-03
1.203668704836019970e+04,6.670360919088125229e-03
1.204669260700389168e+04,7.505287416279315948e-03
1.205669816564758185e+04,5.004242062568664551e-03
1.206670372429127201e+04,7.782042957842350006e-03
1.207670928293496399e+04,6.115151569247245789e-03
1.208671484157865416e+04,4.726563580334186554e-03
1.209672040022234614e+04,6.115217227488756180e-03
1.210672595886603631e+04,4.448356572538614273e-03
1.211673151750972829e+04,5.559730343520641327e-03
1.212673707615341846e+04,5.281939171254634857e-03
1.213674263479710862e+04,7.504096720367670059e-03
1.214674819344080061e+04,6.670499686151742935e-03
1.215675375208449077e+04,3.336992813274264336e-03
1.216675931072818275e+04,5.003765691071748734e-03
1.217676486937187292e+04,5.836239084601402283e-03
1.218677042801556490e+04,5.558534525334835052e-03
1.219677598665925507e+04,4.170311614871025085e-03
1.220678154530294523e+04,3.336688270792365074e-03
1.221678710394663722e+04,4.170410800725221634e-03
1.222679266259032738e+04,6.670278497040271759e-03
1.223679822123401937e+04,5.280836019665002823e-03
1.224680377987770953e+04,6.669755559414625168e-03
1.225680933852140151e+04,5.559015553444623947e-03
1.226681489716509168e+04,4.169953055679798126e-03
1.227682045580878184e+04,6.670099217444658279e-03
1.228682601445247383e+04,6.669600959867238998e-03
1.229683157309616399e+04,5.003136117011308670e-03
1.230683713173985598e+04,4.725082311779260635e-03
1.231684269038354614e+04,3.616110654547810555e-03
1.232684824902723813e+04,7.505354471504688263e-03
1.233685380767092829e+04,4.336425568908452988e-03
1.234685936631461846e+04,1.569959893822669983e-02
1.235686492495831044e+04,1.576681621372699738e-02
1.236687048360200060e+04,1.201100740581750870e-02
1.237687604224569259e+04,9.325633756816387177e-03
1.238688160088938275e+04,6.117667071521282196e-03
1.239688715953307474e+04,8.862954564392566681e-03
1.240689271817676490e+04,5.965612363070249557e-03
1.241689827682045507e+04,4.172569140791893005e-03
1.242690383546414705e+04,8.994384668767452240e-03
1.243690939410783722e+04,6.357269361615180969e-03
1.244691495275152920e+04,7.110303267836570740e-03
1.245692051139521936e+04,5.095992237329483032e-03
1.246692607003891135e+04,5.960662849247455597e-03
1.247693162868260151e+04,7.566989399492740631e-03
1.248693718732629168e+04,6.721641402691602707e-03
1.249694274596998366e+04,6.707269698381423950e-03
1.250694830461367383e+04,3.906994126737117767e-03
1.251695386325736581e+04,3.627602243795990944e-03
1.252695942190105598e+04,4.455603659152984619e-03
1.253696498054474796e+04,5.290775094181299210e-03
1.254697053918843812e+04,6.401938386261463165e-03
1.255697609783212829e+04,4.177548456937074661e-03
1.256698165647582027e+04,5.290237255394458771e-03
1.257698721511951044e+04,4.731409251689910889e-03
1.258699277376320242e+04,5.288262851536273956e-03
1.259699833240689259e+04,5.564777646213769913e-03
1.260700389105058275e+04,6.397397257387638092e-03
1.261700944969427474e+04,5.285724066197872162e-03
1.262701500833796490e+04,6.951954215764999390e-03
1.263702056698165688e+04,5.285132676362991333e-03
1.264702612562534705e+04,5.284684710204601288e-03
1.265703168426903903e+04,5.841217935085296631e-03
1.266703724291272920e+04,5.839551333338022232e-03
1.267704280155641936e+04,4.727770108729600906e-03
1.268704836020011135e+04,6.395319942384958267e-03
1.269705391884380151e+04,5.006099585443735123e-03
1.270705947748749350e+04,3.894431050866842270e-03
1.271706503613118366e+04,5.561179015785455704e-03
1.272707059477487564e+04,4.450638312846422195e-03
1.273707615341856581e+04,3.062430536374449730e-03
1.274708171206225597e+04,6.115801632404327393e-03
1.275708727070594796e+04,4.727759864181280136e-03
1.276709282934963812e+04,3.617126960307359695e-03
1.277709838799333011e+04,6.126956082880496979e-03
1.278710394663702027e+04,5.006982944905757904e-03
1.279710950528071226e+04,4.458636976778507233e-03
1.280711506392440242e+04,3.619380528107285500e-03
1.281712062256809259e+04,6.725420244038105011e-03
1.282712618121178457e+04,5.562261678278446198e-03
1.283713173985547473e+04,5.563096143305301666e-03
1.284713729849916672e+04,5.006016697734594345e-03
1.285714285714285688e+04,3.894574474543333054e-03
1.286714841578654887e+04,7.783951237797737122e-03
1.287715397443023903e+04,6.670734845101833344e-03
1.288715953307392920e+04,4.724164493381977081e-03
1.289716509171762118e+04,4.449202213436365128e-03
1.290717065036131135e+04,4.170393571257591248e-03
1.291717620900500333e+04,6.674396339803934097e-03
1.292718176764869349e+04,4.450608510524034500e-03
1.293718732629238548e+04,6.672034971415996552e-03
1.294719288493607564e+04,5.837247241288423538e-03
1.295719844357976581e+04,5.837511736899614334e-03
1.296720400222345779e+04,3.059787210077047348e-03
1.297720956086714796e+04,5.837095901370048523e-03
1.298721511951083994e+04,3.614627290517091751e-03
1.299722067815453011e+04,7.780944462865591049e-03
1.300722623679822209e+04,4.725652281194925308e-03
1.301723179544191225e+04,5.003261845558881760e-03
1.302723735408560242e+04,6.670109927654266357e-03
1.303724291272929440e+04,4.169439431279897690e-03
1.304724847137298457e+04,5.003397818654775620e-03
1.305725403001667655e+04,3.892245469614863396e-03
1.306725958866036672e+04,6.391882430762052536e-03
1.307726514730405688e+04,5.558898206800222397e-03
1.308727070594774887e+04,5.002825055271387100e-03
1.309727626459143903e+04,4.169217310845851898e-03
1.310728182323513101e+04,4.447370767593383789e-03
1.311728738187882118e+04,3.336285473778843880e-03
1.312729294052251316e+04,7.224915083497762680e-03
1.313729849916620333e+04,3.613809356465935707e-03
1.314730405780989349e+04,3.614458488300442696e-03
1.315730961645358548e+04,5.558424163609743118e-03
1.316731517509727564e+04,5.002773832529783249e-03
1.317732073374096763e+04,3.335664048790931702e-03
1.318732629238465779e+04,5.279846955090761185e-03
1.319733185102834977e+04,4.724750760942697525e-03
1.320733740967203994e+04,4.724441561847925186e-03
1.321734296831573010e+04,8.613432757556438446e-03
1.322734852695942209e+04,2.780313137918710709e-03
1.323735408560311225e+04,4.168624058365821838e-03
1.324735964424680424e+04,4.169000312685966492e-03
1.325736520289049440e+04,5.557750351727008820e-03
1.326737076153418639e+04,6.668663118034601212e-03
1.327737632017787655e+04,4.724443890154361725e-03
1.328738187882156672e+04,6.113239098340272903e-03
1.329738743746525870e+04,6.668388377875089645e-03
1.330739299610894886e+04,3.057545283809304237e-03
1.331739855475264085e+04,4.168560728430747986e-03
1.332740411339633101e+04,4.724145401269197464e-03
1.333740967204002300e+04,5.002031568437814713e-03
1.334741523068371316e+04,5.001686047762632370e-03
1.335742078932740333e+04,7.502127904444932938e-03
1.336742634797109531e+04,6.390875671058893204e-03
1.337743190661478548e+04,7.224258035421371460e-03
1.338743746525847746e+04,5.557336378842592239e-03
1.339744302390216762e+04,6.112875416874885559e-03
1.340744858254585961e+04,6.946244742721319199e-03
1.341745414118954977e+04,5.279574077576398849e-03
1.342745969983323994e+04,6.112986709922552109e-03
1.343746525847693192e+04,6.390457507222890854e-03
1.344747081712062209e+04,5.557298194617033005e-03
1.345747637576431407e+04,5.279523786157369614e-03
1.346748193440800424e+04,5.557115655392408371e-03
1.347748749305169622e+04,5.001443438231945038e-03
1.348749305169538638e+04,5.279331933706998825e-03
1.349749861033907655e+04,4.445964004844427109e-03
1.350750416898276853e+04,4.446013364940881729e-03
1.351750972762645870e+04,5.557065363973379135e-03
1.352751528627015068e+04,3.890469437465071678e-03
1.353752084491384085e+04,4.723583813756704330e-03
1.354752640355753283e+04,7.223736494779586792e-03
1.355753196220122300e+04,4.445903468877077103e-03
1.356753752084491316e+04,6.112425122410058975e-03
1.357754307948860514e+04,5.834864452481269836e-03
1.358754863813229531e+04,4.723781719803810120e-03
1.359755419677598729e+04,6.112736184149980545e-03
1.360755975541967746e+04,5.279365461319684982e-03
1.361756531406336762e+04,5.001260899007320404e-03
1.362757087270705961e+04,4.168291110545396805e-03
1.363757643135074977e+04,6.946185138076543808e-03
1.364758198999444176e+04,4.723660182207822800e-03
1.365758754863813192e+04,6.668134126812219620e-03
1.366759310728182390e+04,6.946147419512271881e-03
1.367759866592551407e+04,4.168016370385885239e-03
1.368760422456920423e+04,6.945855915546417236e-03
1.369760978321289622e+04,4.167980048805475235e-03
1.370761534185658638e+04,6.945956032723188400e-03
1.371762090050027837e+04,4.167838953435420990e-03
1.372762645914396853e+04,4.167737904936075211e-03
1.373763201778766052e+04,3.334520850330591202e-03
1.374763757643135068e+04,6.112269591540098190e-03
1.375764313507504085e+04,3.334773238748311996e-03
1.376764869371873283e+04,6.667885463684797287e-03
1.377765425236242299e+04,3.612278494983911514e-03
1.378765981100611498e+04,3.890067804604768753e-03
1.379766536964980514e+04,3.612367669120430946e-03
1.380767092829349713e+04,4.445685073733329773e-03
1.381767648693718729e+04,7.223360240459442139e-03
1.382768204558087746e+04,6.945769302546977997e-03
1.383768760422456944e+04,4.723455291241407394e-03
1.384769316286825961e+04,5.834455601871013641e-03
1.385769872151195159e+04,4.445451311767101288e-03
1.386770428015564175e+04,8.056206628680229187e-03
1.387770983879933374e+04,4.167783074080944061e-03
1.388771539744302390e+04,3.334353910759091377e-03
1.389772095608671407e+04,6.112291477620601654e-03
1.390772651473040605e+04,4.167252220213413239e-03
1.391773207337409622e+04,4.445461090654134750e-03
1.392773763201778820e+04,3.889766521751880646e-03
1.393774319066147837e+04,6.112021394073963165e-03
1.394774874930517035e+04,5.834268406033515930e-03
1.395775430794886051e+04,5.278824362903833389e-03
1.396775986659255068e+04,4.723510239273309708e-03
1.397776542523624266e+04,4.445504862815141678e-03
1.398777098387993283e+04,5.556881427764892578e-03
1.399777654252362481e+04,5.278875119984149933e-03
1.400778210116731498e+04,3.336026798933744431e-03
1.401778765981100696e+04,4.726957995444536209e-03
1.402779321845469713e+04,5.355529021471738815e-03
1.403779877709838729e+04,6.809041835367679596e-03
1.404780433574207927e+04,7.180374860763549805e-02
1.405780989438576944e+04,3.844897821545600891e-02
1.406781545302946142e+04,1.761823333799839020e-02
1.407782101167315159e+04,1.249384600669145584e-02
1.408782657031684357e+04,7.838894613087177277e-03
1.409783212896053374e+04,6.177366245537996292e-03
1.410783768760422390e+04,6.793162785470485687e-03
1.411784324624791589e+04,4.401864483952522278e-03
1.412784880489160605e+04,5.444168578833341599e-03
1.413785436353529803e+04,4.208795726299285889e-03
1.414785992217898820e+04,4.037348087877035141e-03
1.415786548082267836e+04,5.847258027642965317e-03
1.416787103946637035e+04,6.210399325937032700e-03
1.417787659811006051e+04,6.000353023409843445e-03
1.418788215675375250e+04,4.811052232980728149e-03
1.419788771539744266e+04,3.645069198682904243e-03
1.420789327404113465e+04,5.294910166412591934e-03
1.421789883268482481e+04,5.015377420932054520e-03
1.422790439132851498e+04,4.178463015705347061e-03
1.423790994997220696e+04,7.231921423226594925e-03
1.424791550861589712e+04,5.286319181323051453e-03
1.425792106725958911e+04,5.572063382714986801e-03
1.426792662590327927e+04,5.839936435222625732e-03
1.427793218454697126e+04,6.673447322100400925e-03
1.428793774319066142e+04,6.394828204065561295e-03
1.429794330183435159e+04,5.282844882458448410e-03
1.430794886047804357e+04,6.116471253335475922e-03
1.431795441912173374e+04,4.448624327778816223e-03
1.432795997776542572e+04,4.726705607026815414e-03
1.433796553640911588e+04,4.171770997345447540e-03
1.434797109505280787e+04,4.727154504507780075e-03
1.435797665369649803e+04,4.726755898445844650e-03
1.436798221234018820e+04,4.170849919319152832e-03
1.437798777098388018e+04,5.005212500691413879e-03
1.438799332962757035e+04,4.448147024959325790e-03
1.439799888827126233e+04,5.559304729104042053e-03
1.440800444691495250e+04,6.114361807703971863e-03
1.441801000555864448e+04,3.337281057611107826e-03
1.442801556420233464e+04,5.836654920130968094e-03
1.443802112284602481e+04,5.559334531426429749e-03
1.444802668148971679e+04,5.559809971600770950e-03
1.445803224013340696e+04,5.280162673443555832e-03
1.446803779877709894e+04,5.558971781283617020e-03
1.447804335742078911e+04,4.169770050793886185e-03
1.448804891606448109e+04,5.002975929528474808e-03
1.449805447470817126e+04,5.002089310437440872e-03
1.450806003335186142e+04,4.447769373655319214e-03
1.451806559199555340e+04,5.835821386426687241e-03
1.452807115063924357e+04,5.280425772070884705e-03
1.453807670928293555e+04,5.558761302381753922e-03
1.454808226792662572e+04,7.780392188578844070e-03
1.455808782657031770e+04,5.002089776098728180e-03
1.456809338521400787e+04,3.058233298361301422e-03
1.457809894385769803e+04,5.835780408233404160e-03
1.458810450250139002e+04,3.891152795404195786e-03
1.459811006114508018e+04,5.835501477122306824e-03
1.460811561978877216e+04,4.168971441686153412e-03
1.461812117843246233e+04,4.724159371107816696e-03
1.462812673707615249e+04,3.058328991755843163e-03
1.463813229571984448e+04,6.668196059763431549e-03
1.464813785436353464e+04,5.835494957864284515e-03
1.465814341300722663e+04,3.612896194681525230e-03
1.466814897165091679e+04,5.002009216696023941e-03
1.467815453029460878e+04,4.724527243524789810e-03
1.468816008893829894e+04,5.835051648318767548e-03
1.469816564758198911e+04,4.723840393126010895e-03
1.470817120622568109e+04,6.946365814656019211e-03
1.471817676486937125e+04,4.446210805326700211e-03
1.472818232351306324e+04,5.001754965633153915e-03
1.473818788215675340e+04,6.112902425229549408e-03
1.474819344080044539e+04,5.001643672585487366e-03
1.475819899944413555e+04,5.279284901916980743e-03
1.476820455808782572e+04,4.723722580820322037e-03
1.477821011673151770e+04,5.279518663883209229e-03
1.478821567537520787e+04,6.112775765359401703e-03
1.479822123401889985e+04,5.557130090892314911e-03
1.480822679266259001e+04,6.390921305865049362e-03
1.481823235130628200e+04,6.667985115200281143e-03
1.482823790994997216e+04,5.835024639964103699e-03
1.483824346859366233e+04,5.834801122546195984e-03
1.484824902723735431e+04,5.557361524552106857e-03
1.485825458588104448e+04,4.446228500455617905e-03
1.486826014452473646e+04,4.723488818854093552e-03
1.487826570316842663e+04,5.279335658997297287e-03
1.488827126181211861e+04,4.723446443676948547e-03
1.489827682045580877e+04,5.557109136134386063e-03
1.490828237909949894e+04,5.556739866733551025e-03
1.491828793774319092e+04,5.001052282750606537e-03
1.492829349638688109e+04,3.890235675498843193e-03
1.493829905503057307e+04,5.278864875435829163e-03
1.494830461367426324e+04,5.001140292733907700e-03
1.495831017231795522e+04,4.723133519291877747e-03
1.496831573096164539e+04,5.556873045861721039e-03
1.497832128960533555e+04,4.167745355516672134e-03
1.498832684824902753e+04,3.612222149968147278e-03
1.499833240689271770e+04,5.001278128474950790e-03
1.500833796553640968e+04,6.112396717071533203e-03
1.501834352418009985e+04,5.556648131459951401e-03
1.502834908282379183e+04,3.334317822009325027e-03
1.503835464146748200e+04,4.723268095403909683e-03
1.504836020011117216e+04,4.168030340224504471e-03
1.505836575875486415e+04,4.728009458631277084e-03
1.506837131739855431e+04,5.835569463670253754e-03
1.507837687604224629e+04,5.835711490362882614e-03
1.508838243468593646e+04,4.723989870399236679e-03
1.509838799332962844e+04,3.334538778290152550e-03
1.510839355197331861e+04,6.112841423600912094e-03
1.511839911061700877e+04,5.557062104344367981e-03
1.512840466926070076e+04,5.001305136829614639e-03
1.513841022790439092e+04,8.334303274750709534e-03
1.514841578654808291e+04,4.167798906564712524e-03
1.515842134519177307e+04,6.667790468782186508e-03
1.516842690383546324e+04,4.167735576629638672e-03
1.517843246247915522e+04,3.334566019475460052e-03
1.518843802112284538e+04,4.445528145879507065e-03
1.519844357976653737e+04,5.001174751669168472e-03
1.520844913841022753e+04,3.889997024089097977e-03
1.521845469705391952e+04,4.723197314888238907e-03
1.522846025569760968e+04,5.556729156523942947e-03
1.523846581434129985e+04,6.389927119016647339e-03
1.524847137298499183e+04,4.445247817784547806e-03
1.525847693162868200e+04,4.445534199476242065e-03
1.526848249027237398e+04,6.389847490936517715e-03
1.527848804891606414e+04,6.111986469477415085e-03
1.528849360755975613e+04,3.890134161338210106e-03
1.529849916620344629e+04,4.723113030195236206e-03
1.530850472484713646e+04,3.056564135476946831e-03
1.531851028349082844e+04,5.278577562421560287e-03
1.532851584213451861e+04,6.111852824687957764e-03
1.533852140077821059e+04,4.723047837615013123e-03
1.534852695942190076e+04,4.167612642049789429e-03
1.535853251806559274e+04,5.834169220179319382e-03
1.536853807670928290e+04,5.000886041671037674e-03
1.537854363535297307e+04,4.167428705841302872e-03
1.538854919399666505e+04,4.445115104317665100e-03
1.539855475264035522e+04,3.611894790083169937e-03
1.540856031128404720e+04,4.445184022188186646e-03
1.541856586992773737e+04,4.445329308509826660e-03
1.542857142857142935e+04,5.000883247703313828e-03
1.543857698721511952e+04,6.111789494752883911e-03
1.544858254585880968e+04,5.556277465075254440e-03
1.545858810450250166e+04,6.945133209228515625e-03
1.546859366314619183e+04,6.945329252630472183e-03
1.547859922178988381e+04,5.000548902899026871e-03
1.548860478043357398e+04,5.556235089898109436e-03
1.549861033907726596e+04,3.611798631027340889e-03
1.550861589772095613e+04,5.834039766341447830e-03
1.551862145636464629e+04,3.611849155277013779e-03
1.552862701500833828e+04,6.945170927792787552e-03
1.553863257365202844e+04,4.445162601768970490e-03
1.554863813229572042e+04,5.000730510801076889e-03
1.555864369093941059e+04,4.445018712431192398e-03
1.556864924958310257e+04,5.833939183503389359e-03
1.557865480822679274e+04,6.389542948454618454e-03
1.558866036687048290e+04,4.167388658970594406e-03
1.559866592551417489e+04,4.722768906503915787e-03
1.560867148415786505e+04,6.667357403784990311e-03
1.561867704280155704e+04,6.389595102518796921e-03
1.562868260144524720e+04,5.833960603922605515e-03
1.563868816008893737e+04,5.278401076793670654e-03
1.564869371873262935e+04,5.556084681302309036e-03
1.565869927737631951e+04,3.056175541132688522e-03
1.566870483602001150e+04,5.833868402987718582e-03
1.567871039466370166e+04,5.833867471665143967e-03
1.568871595330739365e+04,4.167291335761547089e-03
1.569872151195108381e+04,5.833927076309919357e-03
1.570872707059477398e+04,4.722902551293373108e-03
1.571873262923846596e+04,2.778341528028249741e-03
1.572873818788215613e+04,5.000529810786247253e-03
1.573874374652584811e+04,6.111747119575738907e-03
1.574874930516953827e+04,4.167162813246250153e-03
1.575875486381323026e+04,4.444996826350688934e-03
1.576876042245692042e+04,6.389517337083816528e-03
1.577876598110061059e+04,3.611551830545067787e-03
1.578877153974430257e+04,5.556100513786077499e-03
1.579877709838799274e+04,5.000584293156862259e-03
1.580878265703168472e+04,5.278241820633411407e-03
1.581878821567537489e+04,5.000425968319177628e-03
1.582879377431906687e+04,4.444954916834831238e-03
1.583879933296275703e+04,5.278170108795166016e-03
1.584880489160644720e+04,4.722714889794588089e-03
1.585881045025013918e+04,5.000462289899587631e-03
1.586881600889382935e+04,4.722642712295055389e-03
1.587882156753752133e+04,6.944932043552398682e-03
1.588882712618121150e+04,3.611623076722025871e-03
1.589883268482490348e+04,7.222719024866819382e-03
1.590883824346859365e+04,6.389366928488016129e-03
1.591884380211228381e+04,5.833813454955816269e-03
1.592884936075597579e+04,4.167165141552686691e-03
1.593885491939966596e+04,6.944959517568349838e-03
1.594886047804335794e+04,5.278178490698337555e-03
1.595886603668704811e+04,6.944882217794656754e-03
1.596887159533074009e+04,3.333747619763016701e-03
1.597887715397443026e+04,5.278358701616525650e-03
1.598888271261812042e+04,5.555977579206228256e-03
1.599888827126181241e+04,5.000412464141845703e-03
1.600889382990550257e+04,5.000287666916847229e-03
1.601889938854919455e+04,4.722549580037593842e-03
1.602890494719288472e+04,5.278208293020725250e-03
1.603891050583657670e+04,4.444801714271306992e-03
1.604891606448026687e+04,6.111509166657924652e-03
1.605892162312395703e+04,3.889273619279265404e-03
1.606892718176764902e+04,4.722656216472387314e-03
1.607893274041133918e+04,6.944802589714527130e-03
1.608893829905503117e+04,7.222680374979972839e-03
1.609894385769872133e+04,5.833684932440519333e-03
1.610894941634241331e+04,6.389244925230741501e-03
1.611895497498610348e+04,6.111469119787216187e-03
1.612896053362979364e+04,3.611468477174639702e-03
1.613896609227348563e+04,6.667029578238725662e-03
1.614897165091717579e+04,6.666979286819696426e-03
1.615897720956086778e+04,4.722617566585540771e-03
1.616898276820455794e+04,5.833726376295089722e-03
1.617898832684824811e+04,6.389306858181953430e-03
1.618899388549194009e+04,4.167045932263135910e-03
1.619899944413563026e+04,4.167049657553434372e-03
1.620900500277932224e+04,5.000447388738393784e-03
1.621901056142301240e+04,3.611450549215078354e-03
1.622901612006670439e+04,6.667030975222587585e-03
1.623902167871039455e+04,5.000337958335876465e-03
1.624902723735408472e+04,4.444743506610393524e-03
1.625903279599777670e+04,5.833678878843784332e-03
1.626903835464146687e+04,4.444845486432313919e-03
1.627904391328515885e+04,5.000375211238861084e-03
1.628904947192884902e+04,4.722597543150186539e-03
1.629905503057254100e+04,5.555866286158561707e-03
1.630906058921623116e+04,5.278140772134065628e-03
1.631906614785992133e+04,5.277986638247966766e-03
1.632907170650361331e+04,5.555910523980855942e-03
1.633907726514730348e+04,5.278121680021286011e-03
1.634908282379099546e+04,5.000330507755279541e-03
1.635908838243468563e+04,5.278113763779401779e-03
1.636909394107837761e+04,6.389235146343708038e-03
1.637909949972206778e+04,6.389216519892215729e-03
1.638910505836575976e+04,4.444781690835952759e-03
1.639911061700944992e+04,5.555844865739345551e-03
1.640911617565314009e+04,5.000295117497444153e-03
1.641912173429683025e+04,5.278054159134626389e-03
1.642912729294052406e+04,3.889163490384817123e-03
1.643913285158421422e+04,5.833648610860109329e-03
1.644913841022790439e+04,5.000328645110130310e-03
1.645914396887159455e+04,2.222541486844420433e-03
1.646914952751528472e+04,4.166906699538230896e-03
1.647915508615897852e+04,4.444712772965431213e-03
1.648916064480266868e+04,4.166914615780115128e-03
1.649916620344635885e+04,7.222407497465610504e-03
1.650917176209004901e+04,3.889134852215647697e-03
1.651917732073373918e+04,6.944747176021337509e-03
1.652918287937743298e+04,4.444742109626531601e-03
1.653918843802112315e+04,5.000248085707426071e-03
1.654919399666481331e+04,4.722514655441045761e-03
1.655919955530850348e+04,6.111371330916881561e-03
1.656920511395219728e+04,5.833636503666639328e-03
1.657921067259588744e+04,5.555856041610240936e-03
1.658921623123957761e+04,5.555831361562013626e-03
1.659922178988326777e+04,5.555850453674793243e-03
1.660922734852695794e+04,5.000257398933172226e-03
1.661923290717065174e+04,5.278017371892929077e-03
1.662923846581434191e+04,3.889156505465507507e-03
1.663924402445803207e+04,3.889120882377028465e-03
1.664924958310172224e+04,4.444776568561792374e-03
1.665925514174541240e+04,3.333541564643383026e-03
1.666926070038910620e+04,6.389114540070295334e-03
1.667926625903279637e+04,5.555839743465185165e-03
1.668927181767648653e+04,5.277983378618955612e-03
1.669927737632017670e+04,4.166930448263883591e-03
1.670928293496387050e+04,3.889121580868959427e-03
1.671928849360756067e+04,3.611367195844650269e-03
1.672929405225125083e+04,4.722449462860822678e-03
1.673929961089494100e+04,5.277987569570541382e-03
1.674930516953863116e+04,4.166897386312484741e-03
1.675931072818232497e+04,5.278003402054309845e-03
1.676931628682601513e+04,5.000215023756027222e-03
1.677932184546970529e+04,5.000217817723751068e-03
1.678932740411339546e+04,4.722402896732091904e-03
1.679933296275708562e+04,3.611324122175574303e-03
1.680933852140077943e+04,6.111327558755874634e-03
1.681934408004446959e+04,4.444666206836700439e-03
1.682934963868815976e+04,6.666914094239473343e-03
1.683935519733184992e+04,5.833559669554233551e-03
1.684936075597554373e+04,5.000218749046325684e-03
1.685936631461923389e+04,4.722419660538434982e-03
1.686937187326292405e+04,5.000206176191568375e-03
1.687937743190661422e+04,3.055752255022525787e-03
1.688938299055030438e+04,5.833566654473543167e-03
1.689938854919399819e+04,5.555757321417331696e-03
1.690939410783768835e+04,4.166894592344760895e-03
1.691939966648137852e+04,6.944627035409212112e-03
1.692940522512506868e+04,1.944684539921581745e-03
1.693941078376875885e+04,3.889098530635237694e-03
1.694941634241245265e+04,5.833554081618785858e-03
1.695942190105614281e+04,5.000231321901082993e-03
1.696942745969983298e+04,3.611308988183736801e-03
1.697943301834352314e+04,7.222409825772047043e-03
1.698943857698721331e+04,4.166876431554555893e-03
1.699944413563090711e+04,5.000229924917221069e-03
1.700944969427459728e+04,6.666815374046564102e-03
1.701945525291828744e+04,4.444630816578865051e-03
1.702946081156197761e+04,4.722402431070804596e-03
1.703946637020567141e+04,3.611309919506311417e-03
1.704947192884936157e+04,5.000193137675523758e-03
1.705947748749305174e+04,4.166837316006422043e-03
1.706948304613674190e+04,5.555736366659402847e-03
1.707948860478043207e+04,6.111294031143188477e-03
1.708949416342412587e+04,5.277963355183601379e-03
1.709949972206781604e+04,5.000166594982147217e-03
1.710950528071150620e+04,6.666859611868858337e-03
1.711951083935519637e+04,4.444610793143510818e-03
1.712951639799888653e+04,4.166875034570693970e-03
1.713952195664258034e+04,4.722417797893285751e-03
1.714952751528627050e+04,4.166855011135339737e-03
1.715953307392996066e+04,5.277961026877164841e-03
1.716953863257365083e+04,3.611291758716106415e-03
1.717954419121734463e+04,5.000193137675523758e-03
1.718954974986103480e+04,6.389055401086807251e-03
1.719955530850472496e+04,4.444620106369256973e-03
1.720956086714841513e+04,5.000165197998285294e-03
1.721956642579210529e+04,4.444590304046869278e-03
1.722957198443579910e+04,5.000170320272445679e-03
1.723957754307948926e+04,4.166869912296533585e-03
1.724958310172317942e+04,6.666817236691713333e-03
1.725958866036686959e+04,4.444637335836887360e-03
1.726959421901055975e+04,6.389040034264326096e-03
1.727959977765425356e+04,4.166760947555303574e-03
1.728960533629794372e+04,7.500152569264173508e-03
1.729961089494163389e+04,4.444616381078958511e-03
1.730961645358532405e+04,3.889063606038689613e-03
1.731962201222901786e+04,4.444607533514499664e-03
1.732962757087270802e+04,6.666774861514568329e-03
1.733963312951639818e+04,7.500120904296636581e-03
1.734963868816008835e+04,5.000132601708173752e-03
1.735964424680377851e+04,5.000214092433452606e-03
1.736964980544747232e+04,5.277948919683694839e-03
1.737965536409116248e+04,6.666827946901321411e-03
1.738966092273485265e+04,6.389051210135221481e-03
1.739966648137854281e+04,5.000167526304721832e-03
1.740967204002223298e+04,6.111243739724159241e-03
1.741967759866592678e+04,5.000184290111064911e-03
1.742968315730961694e+04,3.889029379934072495e-03
1.743968871595330711e+04,4.722372628748416901e-03
1.744969427459699727e+04,4.444605670869350433e-03
1.745969983324068744e+04,5.833468399941921234e-03
1.746970539188438124e+04,5.833441391587257385e-03
1.747971095052807141e+04,3.333460306748747826e-03
1.748971650917176157e+04,3.611254272982478142e-03
1.749972206781545174e+04,5.555688869208097458e-03
1.750972762645914554e+04,5.000144708901643753e-03
1.751973318510283571e+04,4.722372628748416901e-03
1.752973874374652587e+04,6.666802335530519485e-03
1.753974430239021603e+04,4.722374025732278824e-03
1.754974986103390620e+04,3.333461703732609749e-03
1.755975541967760000e+04,4.722355864942073822e-03
1.756976097832129017e+04,3.889058716595172882e-03
1.757976653696498033e+04,7.222255226224660873e-03
1.758977209560867050e+04,4.722345620393753052e-03
1.759977765425236066e+04,5.000140052288770676e-03
1.760978321289605447e+04,5.833337549120187759e-03
1.761978877153974463e+04,5.833447445183992386e-03
1.762979433018343479e+04,4.444575868546962738e-03
1.763979988882712496e+04,3.333449363708496094e-03
1.764980544747081876e+04,3.333366243168711662e-03
1.765981100611450893e+04,3.889019135385751724e-03
1.766981656475819909e+04,3.333478700369596481e-03
1.767982212340188926e+04,4.722345154732465744e-03
1.768982768204557942e+04,2.777918474748730659e-03
1.769983324068927323e+04,5.555683281272649765e-03
1.770983879933296339e+04,5.277913063764572144e-03
1.771984435797665355e+04,6.944573950022459030e-03
1.772984991662034372e+04,5.833466071635484695e-03
1.773985547526403388e+04,8.055687882006168365e-03
1.774986103390772769e+04,4.444537684321403503e-03
1.775986659255141785e+04,7.500104140490293503e-03
1.776987215119510802e+04,6.111206021159887314e-03
1.777987770983879818e+04,6.111213006079196930e-03
1.778988326848249199e+04,5.833456292748451233e-03
1.779988882712618215e+04,3.889024024829268456e-03
1.780989438576987231e+04,5.833455361425876617e-03
1.781989994441356248e+04,4.166502039879560471e-03
1.782990550305725264e+04,5.555644631385803223e-03
1.783991106170094645e+04,5.833389237523078918e-03
1.784991662034463661e+04,5.833397153764963150e-03
1.785992217898832678e+04,4.722377751022577286e-03
1.786992773763201694e+04,4.722332581877708435e-03
1.787993329627570711e+04,3.888974897563457489e-03
1.788993885491940091e+04,5.555664189159870148e-03
1.789994441356309108e+04,6.111202295869588852e-03
1.790994997220678124e+04,5.833446979522705078e-03
1.791995553085047140e+04,7.222334388643503189e-03
1.792996108949416521e+04,6.111248861998319626e-03
1.793996664813785537e+04,5.555695388466119766e-03
1.794997220678154554e+04,5.832494702190160751e-03
1.795997776542523570e+04,4.444370511919260025e-03
1.796998332406892587e+04,6.666767876595258713e-03
1.797998888271261967e+04,4.444637335836887360e-03
1.798999444135630984e+04,5.833037663251161575e-03
1.800000000000000000e+04,3.338260110467672348e-03
