# n,accuracy
0.000000000000000000e+00,5.912222266197204590e-01
1.003831417624521016e+01,5.975555777549743652e-01
2.007662835249042033e+01,6.175555586814880371e-01
3.011494252873563227e+01,6.354444622993469238e-01
4.015325670498084065e+01,6.455000042915344238e-01
5.019157088122604904e+01,6.525555849075317383e-01
6.022988505747126453e+01,6.576111316680908203e-01
7.026819923371647292e+01,6.621111035346984863e-01
8.030651340996168130e+01,6.653888821601867676e-01
9.034482758620688969e+01,6.704444289207458496e-01
1.003831417624520981e+02,6.738888621330261230e-01
1.104214559386973065e+02,6.783333420753479004e-01
1.204597701149425291e+02,6.831666827201843262e-01
1.304980842911877232e+02,6.859999895095825195e-01
1.405363984674329458e+02,6.897777915000915527e-01
1.505747126436781400e+02,6.926110982894897461e-01
1.606130268199233626e+02,6.907222270965576172e-01
1.706513409961685852e+02,6.922222375869750977e-01
1.806896551724137794e+02,6.966111063957214355e-01
1.907279693486590020e+02,6.986666917800903320e-01
2.007662835249041962e+02,6.971666812896728516e-01
2.108045977011494188e+02,7.001666426658630371e-01
2.208429118773946129e+02,7.032222151756286621e-01
2.308812260536398355e+02,7.053889036178588867e-01
2.409195402298850581e+02,7.073888778686523438e-01
2.509578544061302523e+02,7.074999809265136719e-01
2.609961685823754465e+02,7.099999785423278809e-01
2.710344827586206975e+02,7.109444737434387207e-01
2.810727969348658917e+02,7.124444246292114258e-01
2.911111111111110858e+02,7.131666541099548340e-01
3.011494252873562800e+02,7.135000228881835938e-01
3.111877394636015310e+02,7.133333086967468262e-01
3.212260536398467252e+02,7.156666517257690430e-01
3.312643678160919194e+02,7.161666750907897949e-01
3.413026819923371704e+02,7.182222008705139160e-01
3.513409961685823646e+02,7.201666831970214844e-01
3.613793103448275588e+02,7.207221984863281250e-01
3.714176245210727529e+02,7.229999899864196777e-01
3.814559386973180040e+02,7.219444513320922852e-01
3.914942528735631981e+02,7.242777943611145020e-01
4.015325670498083923e+02,7.209444642066955566e-01
4.115708812260536433e+02,7.224444150924682617e-01
4.216091954022988375e+02,7.228333353996276855e-01
4.316475095785440317e+02,7.239444255828857422e-01
4.416858237547892259e+02,7.217777967453002930e-01
4.517241379310344769e+02,7.264444231986999512e-01
4.617624521072796711e+02,7.258889079093933105e-01
4.718007662835248652e+02,7.276666760444641113e-01
4.818390804597701162e+02,7.266111373901367188e-01
4.918773946360153104e+02,7.265555262565612793e-01
5.019157088122605046e+02,7.266666889190673828e-01
5.119540229885056988e+02,7.264444231986999512e-01
5.219923371647508930e+02,7.297222018241882324e-01
5.320306513409960871e+02,7.279999852180480957e-01
5.420689655172413950e+02,7.278888821601867676e-01
5.521072796934865892e+02,7.308333516120910645e-01
5.621455938697317833e+02,7.298333048820495605e-01
5.721839080459769775e+02,7.291111350059509277e-01
5.822222222222221717e+02,7.298889160156250000e-01
5.922605363984673659e+02,7.317777872085571289e-01
6.022988505747125600e+02,7.296666502952575684e-01
6.123371647509578679e+02,7.316111326217651367e-01
6.223754789272030621e+02,7.346110939979553223e-01
6.324137931034482563e+02,7.322777509689331055e-01
6.424521072796934504e+02,7.298889160156250000e-01
6.524904214559386446e+02,7.334444522857666016e-01
6.625287356321838388e+02,7.330555319786071777e-01
6.725670498084290330e+02,7.317222356796264648e-01
6.826053639846743408e+02,7.323889136314392090e-01
6.926436781609195350e+02,7.338333129882812500e-01
7.026819923371647292e+02,7.326111197471618652e-01
7.127203065134099234e+02,7.325000166893005371e-01
7.227586206896551175e+02,7.325555682182312012e-01
7.327969348659003117e+02,7.356111407279968262e-01
7.428352490421455059e+02,7.344999909400939941e-01
7.528735632183908137e+02,7.324444651603698730e-01
7.629118773946360079e+02,7.367777824401855469e-01
7.729501915708812021e+02,7.346110939979553223e-01
7.829885057471263963e+02,7.351666688919067383e-01
7.930268199233715904e+02,7.340000271797180176e-01
8.030651340996167846e+02,7.323889136314392090e-01
8.131034482758619788e+02,7.309444546699523926e-01
8.231417624521072867e+02,7.358333468437194824e-01
8.331800766283524808e+02,7.330555319786071777e-01
8.432183908045976750e+02,7.341666817665100098e-01
8.532567049808428692e+02,7.346666455268859863e-01
8.632950191570880634e+02,7.342222332954406738e-01
8.733333333333332575e+02,7.346110939979553223e-01
8.833716475095784517e+02,7.360000014305114746e-01
8.934099616858237596e+02,7.333889007568359375e-01
9.034482758620689538e+02,7.382222414016723633e-01
9.134865900383141479e+02,7.345555424690246582e-01
9.235249042145593421e+02,7.376111149787902832e-01
9.335632183908045363e+02,7.390000224113464355e-01
9.436015325670497305e+02,7.362777590751647949e-01
9.536398467432949246e+02,7.372778058052062988e-01
9.636781609195402325e+02,7.356666922569274902e-01
9.737164750957854267e+02,7.375555634498596191e-01
9.837547892720306209e+02,7.357777953147888184e-01
9.937931034482758150e+02,7.368333339691162109e-01
1.003831417624521009e+03,7.373889088630676270e-01
1.013869731800766203e+03,7.365555763244628906e-01
1.023908045977011398e+03,7.381111383438110352e-01
1.033946360153256592e+03,7.379999756813049316e-01
1.043984674329501786e+03,7.387777566909790039e-01
1.054022988505746980e+03,7.371666431427001953e-01
1.064061302681992174e+03,7.376666665077209473e-01
1.074099616858237596e+03,7.368333339691162109e-01
1.084137931034482790e+03,7.392777800559997559e-01
1.094176245210727984e+03,7.388888597488403320e-01
1.104214559386973178e+03,7.362222075462341309e-01
1.114252873563218373e+03,7.388888597488403320e-01
1.124291187739463567e+03,7.387222051620483398e-01
1.134329501915708761e+03,7.386666536331176758e-01
1.144367816091953955e+03,7.384999990463256836e-01
1.154406130268199149e+03,7.377777695655822754e-01
1.164444444444444343e+03,7.378333210945129395e-01
1.174482758620689538e+03,7.394999861717224121e-01
1.184521072796934732e+03,7.384444475173950195e-01
1.194559386973179926e+03,7.384444475173950195e-01
1.204597701149425120e+03,7.387777566909790039e-01
1.214636015325670542e+03,7.396110892295837402e-01
1.224674329501915736e+03,7.393888831138610840e-01
1.234712643678160930e+03,7.387222051620483398e-01
1.244750957854406124e+03,7.386111021041870117e-01
1.254789272030651318e+03,7.370555400848388672e-01
1.264827586206896513e+03,7.389444708824157715e-01
1.274865900383141707e+03,7.391111254692077637e-01
1.284904214559386901e+03,7.390555739402770996e-01
1.294942528735632095e+03,7.381666898727416992e-01
1.304980842911877289e+03,7.382777929306030273e-01
1.315019157088122483e+03,7.372221946716308594e-01
1.325057471264367678e+03,7.393333315849304199e-01
1.335095785440612872e+03,7.400000095367431641e-01
1.345134099616858066e+03,7.392777800559997559e-01
1.355172413793103260e+03,7.399444580078125000e-01
1.365210727969348682e+03,7.381111383438110352e-01
1.375249042145593876e+03,7.402222156524658203e-01
1.385287356321839070e+03,7.382222414016723633e-01
1.395325670498084264e+03,7.398333549499511719e-01
1.405363984674329458e+03,7.392777800559997559e-01
1.415402298850574653e+03,7.401111125946044922e-01
1.425440613026819847e+03,7.397222518920898438e-01
1.435478927203065041e+03,7.410555481910705566e-01
1.445517241379310235e+03,7.401111125946044922e-01
1.455555555555555429e+03,7.394999861717224121e-01
1.465593869731800623e+03,7.392777800559997559e-01
1.475632183908045818e+03,7.402222156524658203e-01
1.485670498084291012e+03,7.400000095367431641e-01
1.495708812260536206e+03,7.399444580078125000e-01
1.505747126436781627e+03,7.401666641235351562e-01
1.515785440613026822e+03,7.395555377006530762e-01
1.525823754789272016e+03,7.396110892295837402e-01
1.535862068965517210e+03,7.381666898727416992e-01
1.545900383141762404e+03,7.406111359596252441e-01
1.555938697318007598e+03,7.402222156524658203e-01
1.565977011494252793e+03,7.408888936042785645e-01
1.576015325670497987e+03,7.400555610656738281e-01
1.586053639846743181e+03,7.400000095367431641e-01
1.596091954022988375e+03,7.397778034210205078e-01
1.606130268199233569e+03,7.393888831138610840e-01
1.616168582375478763e+03,7.406666874885559082e-01
1.626206896551723958e+03,7.387777566909790039e-01
1.636245210727969152e+03,7.401111125946044922e-01
1.646283524904214573e+03,7.389444708824157715e-01
1.656321839080459768e+03,7.419444322586059570e-01
1.666360153256704962e+03,7.400555610656738281e-01
1.676398467432950156e+03,7.409999966621398926e-01
1.686436781609195350e+03,7.422222495079040527e-01
1.696475095785440544e+03,7.406666874885559082e-01
1.706513409961685738e+03,7.390000224113464355e-01
1.716551724137930933e+03,7.418333292007446289e-01
1.726590038314176127e+03,7.395555377006530762e-01
1.736628352490421321e+03,7.405555844306945801e-01
1.746666666666666515e+03,7.394444346427917480e-01
1.756704980842911709e+03,7.405555844306945801e-01
1.766743295019156903e+03,7.397778034210205078e-01
1.776781609195402098e+03,7.397222518920898438e-01
1.786819923371647519e+03,7.391111254692077637e-01
1.796858237547892713e+03,7.392222285270690918e-01
1.806896551724137908e+03,7.397222518920898438e-01
1.816934865900383102e+03,7.403888702392578125e-01
1.826973180076628296e+03,7.407222390174865723e-01
1.837011494252873490e+03,7.396110892295837402e-01
1.847049808429118684e+03,7.401666641235351562e-01
1.857088122605363878e+03,7.399444580078125000e-01
1.867126436781609073e+03,7.403888702392578125e-01
1.877164750957854267e+03,7.400555610656738281e-01
1.887203065134099461e+03,7.401666641235351562e-01
1.897241379310344655e+03,7.404444217681884766e-01
1.907279693486589849e+03,7.403333187103271484e-01
1.917318007662835043e+03,7.401666641235351562e-01
1.927356321839080465e+03,7.408333420753479004e-01
1.937394636015325659e+03,7.394444346427917480e-01
1.947432950191570853e+03,7.394444346427917480e-01
1.957471264367816048e+03,7.417222261428833008e-01
1.967509578544061242e+03,7.392777800559997559e-01
1.977547892720306436e+03,7.398333549499511719e-01
1.987586206896551630e+03,7.400555610656738281e-01
1.997624521072796824e+03,7.408333420753479004e-01
2.007662835249042018e+03,7.382777929306030273e-01
2.017701149425287213e+03,7.379999756813049316e-01
2.027739463601532407e+03,7.390000224113464355e-01
2.037777777777777601e+03,7.393333315849304199e-01
2.047816091954022795e+03,7.391111254692077637e-01
2.057854406130268217e+03,7.392222285270690918e-01
2.067892720306513183e+03,7.410555481910705566e-01
2.077931034482758605e+03,7.406111359596252441e-01
2.087969348659003572e+03,7.394999861717224121e-01
2.098007662835248993e+03,7.410555481910705566e-01
2.108045977011493960e+03,7.399444580078125000e-01
2.118084291187739382e+03,7.402777671813964844e-01
2.128122605363984349e+03,7.409999966621398926e-01
2.138160919540229770e+03,7.398333549499511719e-01
2.148199233716475192e+03,7.401111125946044922e-01
2.158237547892720158e+03,7.390000224113464355e-01
2.168275862068965580e+03,7.404999732971191406e-01
2.178314176245210547e+03,7.411110997200012207e-01
2.188352490421455968e+03,7.407777905464172363e-01
2.198390804597700935e+03,7.401111125946044922e-01
2.208429118773946357e+03,7.388333082199096680e-01
2.218467432950191323e+03,7.396110892295837402e-01
2.228505747126436745e+03,7.400555610656738281e-01
2.238544061302681712e+03,7.393333315849304199e-01
2.248582375478927133e+03,7.416111230850219727e-01
2.258620689655172100e+03,7.393333315849304199e-01
2.268659003831417522e+03,7.401666641235351562e-01
2.278697318007662489e+03,7.393333315849304199e-01
2.288735632183907910e+03,7.401111125946044922e-01
2.298773946360153332e+03,7.416111230850219727e-01
2.308812260536398298e+03,7.412222027778625488e-01
2.318850574712643720e+03,7.393333315849304199e-01
2.328888888888888687e+03,7.393888831138610840e-01
2.338927203065134108e+03,7.397222518920898438e-01
2.348965517241379075e+03,7.390555739402770996e-01
2.359003831417624497e+03,7.407777905464172363e-01
2.369042145593869463e+03,7.393888831138610840e-01
2.379080459770114885e+03,7.389444708824157715e-01
2.389118773946359852e+03,7.398889064788818359e-01
2.399157088122605273e+03,7.392777800559997559e-01
2.409195402298850240e+03,7.393888831138610840e-01
2.419233716475095662e+03,7.406666874885559082e-01
2.429272030651341083e+03,7.401666641235351562e-01
2.439310344827586050e+03,7.393888831138610840e-01
2.449348659003831472e+03,7.403888702392578125e-01
2.459386973180076438e+03,7.404999732971191406e-01
2.469425287356321860e+03,7.392222285270690918e-01
2.479463601532566827e+03,7.400000095367431641e-01
2.489501915708812248e+03,7.396666407585144043e-01
2.499540229885057215e+03,7.396110892295837402e-01
2.509578544061302637e+03,7.401666641235351562e-01
2.519616858237547603e+03,7.403333187103271484e-01
2.529655172413793025e+03,7.406666874885559082e-01
2.539693486590037992e+03,7.403888702392578125e-01
2.549731800766283413e+03,7.392777800559997559e-01
2.559770114942528380e+03,7.413333058357238770e-01
2.569808429118773802e+03,7.397778034210205078e-01
2.579846743295019223e+03,7.403333187103271484e-01
2.589885057471264190e+03,7.396666407585144043e-01
2.599923371647509612e+03,7.407777905464172363e-01
2.609961685823754578e+03,7.390555739402770996e-01
2.620000000000000000e+03,7.392777800559997559e-01
