# n, training_loss
0.000000000000000000e+00,1.249173209071159363e-01
1.001623376623376593e+01,1.242230683565139771e-01
2.003246753246753187e+01,1.173630878329277039e-01
3.004870129870129603e+01,1.181828901171684265e-01
4.006493506493506374e+01,1.193277761340141296e-01
5.008116883116883145e+01,1.209115162491798401e-01
6.009740259740259205e+01,1.244137883186340332e-01
7.011363636363635976e+01,1.193026378750801086e-01
8.012987012987012747e+01,1.174801215529441833e-01
9.014610389610389518e+01,1.165554374456405640e-01
1.001623376623376629e+02,1.150076761841773987e-01
1.101785714285714306e+02,1.128070503473281860e-01
1.201948051948051841e+02,1.135887652635574341e-01
1.302110389610389518e+02,1.191946864128112793e-01
1.402272727272727195e+02,1.179757565259933472e-01
1.502435064935064872e+02,1.137804687023162842e-01
1.602597402597402549e+02,1.188066303730010986e-01
1.702759740259740227e+02,1.153156161308288574e-01
1.802922077922077904e+02,1.152300685644149780e-01
1.903084415584415581e+02,1.145367845892906189e-01
2.003246753246753258e+02,1.179260686039924622e-01
2.103409090909090935e+02,1.223521903157234192e-01
2.203571428571428612e+02,1.154669672250747681e-01
2.303733766233766289e+02,1.289056390523910522e-01
2.403896103896103682e+02,1.166133061051368713e-01
2.504058441558441359e+02,1.098639145493507385e-01
2.604220779220779036e+02,1.083377152681350708e-01
2.704383116883116713e+02,1.069831475615501404e-01
2.804545454545454390e+02,1.081446111202239990e-01
2.904707792207792068e+02,1.169242337346076965e-01
3.004870129870129745e+02,1.066512465476989746e-01
3.105032467532467422e+02,1.074652895331382751e-01
3.205194805194805099e+02,1.095332354307174683e-01
3.305357142857142776e+02,1.087885648012161255e-01
3.405519480519480453e+02,1.093043535947799683e-01
3.505681818181818130e+02,1.089463084936141968e-01
3.605844155844155807e+02,1.071674004197120667e-01
3.706006493506493484e+02,1.056694909930229187e-01
3.806168831168831161e+02,1.055906191468238831e-01
3.906331168831168839e+02,1.072273105382919312e-01
4.006493506493506516e+02,1.109861731529235840e-01
4.106655844155844193e+02,1.169559732079505920e-01
4.206818181818181870e+02,1.162162050604820251e-01
4.306980519480519547e+02,1.129711270332336426e-01
4.407142857142857224e+02,1.148515716195106506e-01
4.507305194805194901e+02,1.170230209827423096e-01
4.607467532467532578e+02,1.143954321742057800e-01
4.707629870129870255e+02,1.121225655078887939e-01
4.807792207792207364e+02,1.108718439936637878e-01
4.907954545454545041e+02,1.077976375818252563e-01
5.008116883116882718e+02,1.099001541733741760e-01
5.108279220779220395e+02,1.077631488442420959e-01
5.208441558441558072e+02,1.019607409834861755e-01
5.308603896103895750e+02,1.018935218453407288e-01
5.408766233766233427e+02,1.018256098031997681e-01
5.508928571428571104e+02,1.028826907277107239e-01
5.609090909090908781e+02,1.053308695554733276e-01
5.709253246753246458e+02,1.076712161302566528e-01
5.809415584415584135e+02,1.104778572916984558e-01
5.909577922077921812e+02,1.153780221939086914e-01
6.009740259740259489e+02,1.080953627824783325e-01
6.109902597402597166e+02,1.037467867136001587e-01
6.210064935064934843e+02,1.016025319695472717e-01
6.310227272727272521e+02,1.089520975947380066e-01
6.410389610389610198e+02,1.169371679425239563e-01
6.510551948051947875e+02,1.079626008868217468e-01
6.610714285714285552e+02,1.040314659476280212e-01
6.710876623376623229e+02,9.973837435245513916e-02
6.811038961038960906e+02,1.031259968876838684e-01
6.911201298701298583e+02,1.011009067296981812e-01
7.011363636363636260e+02,1.112004965543746948e-01
7.111525974025973937e+02,1.198721900582313538e-01
7.211688311688311614e+02,1.214540600776672363e-01
7.311850649350649292e+02,1.265001296997070312e-01
7.412012987012986969e+02,1.057238280773162842e-01
7.512175324675324646e+02,9.995833784341812134e-02
7.612337662337662323e+02,1.031330004334449768e-01
7.712500000000000000e+02,1.172146573662757874e-01
7.812662337662337677e+02,1.035208925604820251e-01
7.912824675324675354e+02,9.923615306615829468e-02
8.012987012987013031e+02,9.817758202552795410e-02
8.113149350649350708e+02,1.050736233592033386e-01
8.213311688311688386e+02,1.099151968955993652e-01
8.313474025974026063e+02,1.019748821854591370e-01
8.413636363636363740e+02,9.669406712055206299e-02
8.513798701298701417e+02,1.112019941210746765e-01
8.613961038961039094e+02,1.060782447457313538e-01
8.714123376623376771e+02,9.829006344079971313e-02
8.814285714285714448e+02,1.040286123752593994e-01
8.914448051948052125e+02,1.124743670225143433e-01
9.014610389610389802e+02,1.045174300670623779e-01
9.114772727272727479e+02,9.914289414882659912e-02
9.214935064935065157e+02,1.009011417627334595e-01
9.315097402597402834e+02,1.153639480471611023e-01
9.415259740259740511e+02,9.545256197452545166e-02
9.515422077922078188e+02,9.907427430152893066e-02
9.615584415584414728e+02,1.058829724788665771e-01
9.715746753246752405e+02,1.028271019458770752e-01
9.815909090909090082e+02,9.601223468780517578e-02
9.916071428571427759e+02,1.150105372071266174e-01
1.001623376623376544e+03,9.890469908714294434e-02
1.011639610389610311e+03,9.686134755611419678e-02
1.021655844155844079e+03,1.067697480320930481e-01
1.031672077922077960e+03,9.726065397262573242e-02
1.041688311688311614e+03,9.426493942737579346e-02
1.051704545454545496e+03,1.050243675708770752e-01
1.061720779220779150e+03,1.035979539155960083e-01
1.071737012987013031e+03,9.699388593435287476e-02
1.081753246753246685e+03,1.023584231734275818e-01
1.091769480519480567e+03,9.674990177154541016e-02
1.101785714285714221e+03,9.777531027793884277e-02
1.111801948051948102e+03,1.219400689005851746e-01
1.121818181818181756e+03,9.885660558938980103e-02
1.131834415584415638e+03,9.630267322063446045e-02
1.141850649350649292e+03,9.877113252878189087e-02
1.151866883116883173e+03,1.080571413040161133e-01
1.161883116883116827e+03,9.545489400625228882e-02
1.171899350649350708e+03,1.117541044950485229e-01
1.181915584415584362e+03,9.080474823713302612e-02
1.191931818181818244e+03,9.248059988021850586e-02
1.201948051948051898e+03,1.067207828164100647e-01
1.211964285714285779e+03,9.974948316812515259e-02
1.221980519480519433e+03,9.996141493320465088e-02
1.231996753246753315e+03,1.015604883432388306e-01
1.242012987012986969e+03,1.006423830986022949e-01
1.252029220779220850e+03,9.575314819812774658e-02
1.262045454545454504e+03,1.002951413393020630e-01
1.272061688311688386e+03,8.830884844064712524e-02
1.282077922077922040e+03,1.087223961949348450e-01
1.292094155844155694e+03,8.943982422351837158e-02
1.302110389610389575e+03,1.036469638347625732e-01
1.312126623376623229e+03,8.694285899400711060e-02
1.322142857142857110e+03,8.641266822814941406e-02
1.332159090909090764e+03,1.085478365421295166e-01
1.342175324675324646e+03,8.888180553913116455e-02
1.352191558441558300e+03,1.048864722251892090e-01
1.362207792207792181e+03,9.592165052890777588e-02
1.372224025974025835e+03,9.907612949609756470e-02
1.382240259740259717e+03,1.040552780032157898e-01
1.392256493506493371e+03,1.176866516470909119e-01
1.402272727272727252e+03,1.072865575551986694e-01
1.412288961038960906e+03,9.593912959098815918e-02
1.422305194805194787e+03,1.013143211603164673e-01
1.432321428571428442e+03,1.035322174429893494e-01
1.442337662337662323e+03,1.164832860231399536e-01
1.452353896103895977e+03,8.864457905292510986e-02
1.462370129870129858e+03,1.138609051704406738e-01
1.472386363636363512e+03,1.233524382114410400e-01
1.482402597402597394e+03,8.504315465688705444e-02
1.492418831168831048e+03,1.250887066125869751e-01
1.502435064935064929e+03,8.545818924903869629e-02
1.512451298701298583e+03,1.043944731354713440e-01
1.522467532467532465e+03,9.157846868038177490e-02
1.532483766233766119e+03,9.904224425554275513e-02
1.542500000000000000e+03,1.027766019105911255e-01
1.552516233766233654e+03,1.044633314013481140e-01
1.562532467532467535e+03,9.754425287246704102e-02
1.572548701298701189e+03,8.069618791341781616e-02
1.582564935064935071e+03,1.146500408649444580e-01
1.592581168831168725e+03,8.496513217687606812e-02
1.602597402597402606e+03,1.026360988616943359e-01
1.612613636363636260e+03,1.091875210404396057e-01
1.622629870129870142e+03,9.405552595853805542e-02
1.632646103896103796e+03,8.311815559864044189e-02
1.642662337662337677e+03,1.224912479519844055e-01
1.652678571428571331e+03,7.773583382368087769e-02
1.662694805194805213e+03,9.408657252788543701e-02
1.672711038961038867e+03,8.132067322731018066e-02
1.682727272727272748e+03,8.780694007873535156e-02
1.692743506493506402e+03,8.254608511924743652e-02
1.702759740259740283e+03,8.053733408451080322e-02
1.712775974025973937e+03,8.327277004718780518e-02
1.722792207792207819e+03,8.549795299768447876e-02
1.732808441558441473e+03,8.310329914093017578e-02
1.742824675324675354e+03,8.266584575176239014e-02
1.752840909090909008e+03,8.199863880872726440e-02
1.762857142857142890e+03,8.038936555385589600e-02
1.772873376623376544e+03,8.550050854682922363e-02
1.782889610389610425e+03,8.465336263179779053e-02
1.792905844155844079e+03,8.153650164604187012e-02
1.802922077922077960e+03,8.311791718006134033e-02
1.812938311688311614e+03,8.277171105146408081e-02
1.822954545454545496e+03,7.881065458059310913e-02
1.832970779220779150e+03,8.142301440238952637e-02
1.842987012987013031e+03,8.574745804071426392e-02
1.853003246753246685e+03,7.996084541082382202e-02
1.863019480519480567e+03,8.069948852062225342e-02
1.873035714285714221e+03,8.182119578123092651e-02
1.883051948051948102e+03,7.894783467054367065e-02
1.893068181818181756e+03,7.877018302679061890e-02
1.903084415584415638e+03,8.339874446392059326e-02
1.913100649350649292e+03,8.063091337680816650e-02
1.923116883116882946e+03,9.111709892749786377e-02
1.933133116883116827e+03,7.350240647792816162e-02
1.943149350649350481e+03,1.035137698054313660e-01
1.953165584415584362e+03,9.724019467830657959e-02
1.963181818181818016e+03,1.110380515456199646e-01
1.973198051948051898e+03,9.901803731918334961e-02
1.983214285714285552e+03,7.276529073715209961e-02
1.993230519480519433e+03,8.795446157455444336e-02
2.003246753246753087e+03,7.889132201671600342e-02
2.013262987012986969e+03,7.991233468055725098e-02
2.023279220779220623e+03,7.683505862951278687e-02
2.033295454545454504e+03,7.725010812282562256e-02
2.043311688311688158e+03,8.166641741991043091e-02
2.053327922077921812e+03,7.706622034311294556e-02
2.063344155844155921e+03,8.003360033035278320e-02
2.073360389610389575e+03,9.927785396575927734e-02
2.083376623376623229e+03,9.580504149198532104e-02
2.093392857142856883e+03,7.820476591587066650e-02
2.103409090909090992e+03,1.096491292119026184e-01
2.113425324675324646e+03,1.358551234006881714e-01
2.123441558441558300e+03,8.412952721118927002e-02
2.133457792207791954e+03,1.039399579167366028e-01
2.143474025974026063e+03,7.567360252141952515e-02
2.153490259740259717e+03,7.116328179836273193e-02
2.163506493506493371e+03,7.229879498481750488e-02
2.173522727272727025e+03,1.117377355694770813e-01
2.183538961038961133e+03,1.344823092222213745e-01
2.193555194805194787e+03,7.242640107870101929e-02
2.203571428571428442e+03,6.767917424440383911e-02
2.213587662337662096e+03,1.052307114005088806e-01
2.223603896103896204e+03,8.089488744735717773e-02
2.233620129870129858e+03,8.932239562273025513e-02
2.243636363636363512e+03,7.524992525577545166e-02
2.253652597402597166e+03,1.114729940891265869e-01
2.263668831168831275e+03,1.087796911597251892e-01
2.273685064935064929e+03,7.881210744380950928e-02
2.283701298701298583e+03,7.377726584672927856e-02
2.293717532467532237e+03,1.000962629914283752e-01
2.303733766233766346e+03,6.666702777147293091e-02
2.313750000000000000e+03,9.625308215618133545e-02
2.323766233766233654e+03,6.385411322116851807e-02
2.333782467532467308e+03,7.494229078292846680e-02
2.343798701298701417e+03,7.217212021350860596e-02
2.353814935064935071e+03,1.199624389410018921e-01
2.363831168831168725e+03,6.435298174619674683e-02
2.373847402597402379e+03,1.323673427104949951e-01
2.383863636363636488e+03,1.282303184270858765e-01
2.393879870129870142e+03,1.363270133733749390e-01
2.403896103896103796e+03,7.078526169061660767e-02
2.413912337662337450e+03,7.049456238746643066e-02
2.423928571428571558e+03,7.329048216342926025e-02
2.433944805194805213e+03,6.776145845651626587e-02
2.443961038961038867e+03,7.625252008438110352e-02
2.453977272727272521e+03,8.173934370279312134e-02
2.463993506493506629e+03,7.165163755416870117e-02
2.474009740259740283e+03,6.089900434017181396e-02
2.484025974025973937e+03,6.837664544582366943e-02
2.494042207792207591e+03,8.798702806234359741e-02
2.504058441558441700e+03,6.601572781801223755e-02
2.514074675324675354e+03,7.311429083347320557e-02
2.524090909090909008e+03,6.639590859413146973e-02
2.534107142857142662e+03,9.188499301671981812e-02
2.544123376623376771e+03,7.872173935174942017e-02
2.554139610389610425e+03,7.049011439085006714e-02
2.564155844155844079e+03,6.118090450763702393e-02
2.574172077922077733e+03,9.295046329498291016e-02
2.584188311688311387e+03,5.781046673655509949e-02
2.594204545454545496e+03,5.735956132411956787e-02
2.604220779220779150e+03,6.032704561948776245e-02
2.614237012987012804e+03,6.231606751680374146e-02
2.624253246753246458e+03,5.679938569664955139e-02
2.634269480519480567e+03,1.263101994991302490e-01
2.644285714285714221e+03,1.186944767832756042e-01
2.654301948051947875e+03,7.227496057748794556e-02
2.664318181818181529e+03,1.030331775546073914e-01
2.674334415584415638e+03,1.350815147161483765e-01
2.684350649350649292e+03,7.108108699321746826e-02
2.694366883116882946e+03,7.010070234537124634e-02
2.704383116883116600e+03,5.851668864488601685e-02
2.714399350649350708e+03,6.310188770294189453e-02
2.724415584415584362e+03,7.879982143640518188e-02
2.734431818181818016e+03,7.357409596443176270e-02
2.744448051948051670e+03,7.157395780086517334e-02
2.754464285714285779e+03,5.927205458283424377e-02
2.764480519480519433e+03,6.716857105493545532e-02
2.774496753246753087e+03,5.845347046852111816e-02
2.784512987012986741e+03,6.462226808071136475e-02
2.794529220779220850e+03,6.765827536582946777e-02
2.804545454545454504e+03,5.395636707544326782e-02
2.814561688311688158e+03,1.323855072259902954e-01
2.824577922077921812e+03,1.158138886094093323e-01
2.834594155844155921e+03,6.284835189580917358e-02
2.844610389610389575e+03,1.057003885507583618e-01
2.854626623376623229e+03,6.061940640211105347e-02
2.864642857142856883e+03,6.319973617792129517e-02
2.874659090909090992e+03,5.974793061614036560e-02
2.884675324675324646e+03,9.139274060726165771e-02
2.894691558441558300e+03,5.222917348146438599e-02
2.904707792207791954e+03,1.215947791934013367e-01
2.914724025974026063e+03,5.793312191963195801e-02
2.924740259740259717e+03,5.846466496586799622e-02
2.934756493506493371e+03,6.480020284652709961e-02
2.944772727272727025e+03,5.737483873963356018e-02
2.954788961038961133e+03,1.160212233662605286e-01
2.964805194805194787e+03,5.956693366169929504e-02
2.974821428571428442e+03,1.157692223787307739e-01
2.984837662337662096e+03,5.252764746546745300e-02
2.994853896103896204e+03,7.041197270154953003e-02
3.004870129870129858e+03,4.924436286091804504e-02
3.014886363636363512e+03,6.656614691019058228e-02
3.024902597402597166e+03,6.402192264795303345e-02
3.034918831168831275e+03,4.873698949813842773e-02
3.044935064935064929e+03,8.256662636995315552e-02
3.054951298701298583e+03,7.828328758478164673e-02
3.064967532467532237e+03,6.387122720479965210e-02
3.074983766233766346e+03,5.713712424039840698e-02
3.085000000000000000e+03,6.178810447454452515e-02
3.095016233766233654e+03,1.177046224474906921e-01
3.105032467532467308e+03,1.188744902610778809e-01
3.115048701298701417e+03,1.074364930391311646e-01
3.125064935064935071e+03,5.316434428095817566e-02
3.135081168831168725e+03,9.419174492359161377e-02
3.145097402597402379e+03,1.088649481534957886e-01
3.155113636363636488e+03,4.851785674691200256e-02
3.165129870129870142e+03,5.213180929422378540e-02
3.175146103896103796e+03,4.897287860512733459e-02
3.185162337662337450e+03,1.071781888604164124e-01
3.195178571428571558e+03,6.917908042669296265e-02
3.205194805194805213e+03,5.570206418633460999e-02
3.215211038961038867e+03,1.127845793962478638e-01
3.225227272727272521e+03,4.673213511705398560e-02
3.235243506493506175e+03,8.354718983173370361e-02
3.245259740259740283e+03,4.946858063340187073e-02
3.255275974025973937e+03,4.863144457340240479e-02
3.265292207792207591e+03,4.678032919764518738e-02
3.275308441558441245e+03,1.107852309942245483e-01
3.285324675324675354e+03,6.385303288698196411e-02
3.295340909090909008e+03,5.576138943433761597e-02
3.305357142857142662e+03,7.246891409158706665e-02
3.315373376623376316e+03,6.953599303960800171e-02
3.325389610389610425e+03,4.534928873181343079e-02
3.335405844155844079e+03,1.112769022583961487e-01
3.345422077922077733e+03,5.956234410405158997e-02
3.355438311688311387e+03,5.231816694140434265e-02
3.365454545454545496e+03,1.125598847866058350e-01
3.375470779220779150e+03,5.032957717776298523e-02
3.385487012987012804e+03,4.327480867505073547e-02
3.395503246753246458e+03,4.910203814506530762e-02
3.405519480519480567e+03,7.127270847558975220e-02
3.415535714285714221e+03,6.416220217943191528e-02
3.425551948051947875e+03,6.253495812416076660e-02
3.435568181818181529e+03,5.159993097186088562e-02
3.445584415584415638e+03,5.529741197824478149e-02
3.455600649350649292e+03,5.094087868928909302e-02
3.465616883116882946e+03,6.964106112718582153e-02
3.475633116883116600e+03,5.216063186526298523e-02
3.485649350649350708e+03,9.013947844505310059e-02
3.495665584415584362e+03,4.602601379156112671e-02
3.505681818181818016e+03,4.729491844773292542e-02
3.515698051948051670e+03,5.561313033103942871e-02
3.525714285714285779e+03,9.161753952503204346e-02
3.535730519480519433e+03,6.602124124765396118e-02
3.545746753246753087e+03,4.257588833570480347e-02
3.555762987012986741e+03,4.866898059844970703e-02
3.565779220779220850e+03,4.733659699559211731e-02
3.575795454545454504e+03,1.011945605278015137e-01
3.585811688311688158e+03,5.453399568796157837e-02
3.595827922077921812e+03,5.881346389651298523e-02
3.605844155844155921e+03,5.829980224370956421e-02
3.615860389610389575e+03,4.822646453976631165e-02
3.625876623376623229e+03,1.012942641973495483e-01
3.635892857142856883e+03,6.039001420140266418e-02
3.645909090909090992e+03,4.576871544122695923e-02
3.655925324675324646e+03,5.556683987379074097e-02
3.665941558441558300e+03,7.900507003068923950e-02
3.675957792207791954e+03,9.647074341773986816e-02
3.685974025974026063e+03,4.352582246065139771e-02
3.695990259740259717e+03,4.060789197683334351e-02
3.706006493506493371e+03,4.746489971876144409e-02
3.716022727272727025e+03,5.580177530646324158e-02
3.726038961038961133e+03,4.783926904201507568e-02
3.736055194805194787e+03,5.878943577408790588e-02
3.746071428571428442e+03,1.306434571743011475e-01
3.756087662337662096e+03,4.894071072340011597e-02
3.766103896103896204e+03,5.248317122459411621e-02
3.776120129870129858e+03,5.232022702693939209e-02
3.786136363636363512e+03,5.065924301743507385e-02
3.796152597402597166e+03,5.454704165458679199e-02
3.806168831168831275e+03,5.524194613099098206e-02
3.816185064935064929e+03,4.590392112731933594e-02
3.826201298701298583e+03,4.495915025472640991e-02
3.836217532467532237e+03,5.074250325560569763e-02
3.846233766233765891e+03,4.910652339458465576e-02
3.856250000000000000e+03,4.775723069906234741e-02
3.866266233766233654e+03,5.095695331692695618e-02
3.876282467532467308e+03,4.878744482994079590e-02
3.886298701298700962e+03,4.739506915211677551e-02
3.896314935064935071e+03,4.665576666593551636e-02
3.906331168831168725e+03,4.951905459165573120e-02
3.916347402597402379e+03,4.965427145361900330e-02
3.926363636363636033e+03,4.566204547882080078e-02
3.936379870129870142e+03,5.052499100565910339e-02
3.946396103896103796e+03,4.577069729566574097e-02
3.956412337662337450e+03,4.876385256648063660e-02
3.966428571428571104e+03,5.198316648602485657e-02
3.976444805194805213e+03,4.546215012669563293e-02
3.986461038961038867e+03,4.934215918183326721e-02
3.996477272727272521e+03,4.564341902732849121e-02
4.006493506493506175e+03,4.101125150918960571e-02
4.016509740259740283e+03,5.181541293859481812e-02
4.026525974025973937e+03,4.536417499184608459e-02
4.036542207792207591e+03,4.768620058894157410e-02
4.046558441558441245e+03,5.206163600087165833e-02
4.056574675324675354e+03,4.458008334040641785e-02
4.066590909090909008e+03,4.398682340979576111e-02
4.076607142857142662e+03,5.501567199826240540e-02
4.086623376623376316e+03,4.518657550215721130e-02
4.096639610389610425e+03,6.439438462257385254e-02
4.106655844155843624e+03,7.416923344135284424e-02
4.116672077922077733e+03,5.659502372145652771e-02
4.126688311688311842e+03,5.441235750913619995e-02
4.136704545454545041e+03,5.381114780902862549e-02
4.146720779220779150e+03,4.383511468768119812e-02
4.156737012987013259e+03,7.096991688013076782e-02
4.166753246753246458e+03,9.341658651828765869e-02
4.176769480519480567e+03,4.980748891830444336e-02
4.186785714285713766e+03,6.761256605386734009e-02
4.196801948051947875e+03,6.886188685894012451e-02
4.206818181818181984e+03,5.476646870374679565e-02
4.216834415584415183e+03,4.725906997919082642e-02
4.226850649350649292e+03,7.008714973926544189e-02
4.236866883116883400e+03,1.004577279090881348e-01
4.246883116883116600e+03,4.059164598584175110e-02
4.256899350649350708e+03,5.568097159266471863e-02
4.266915584415583908e+03,1.241184473037719727e-01
4.276931818181818016e+03,4.439194500446319580e-02
4.286948051948052125e+03,4.665882140398025513e-02
4.296964285714285325e+03,3.387854620814323425e-02
4.306980519480519433e+03,1.052939295768737793e-01
4.316996753246753542e+03,1.329503208398818970e-01
4.327012987012986741e+03,3.807804733514785767e-02
4.337029220779220850e+03,5.072458833456039429e-02
4.347045454545454049e+03,3.869514912366867065e-02
4.357061688311688158e+03,4.377131164073944092e-02
4.367077922077922267e+03,4.845423996448516846e-02
4.377094155844155466e+03,4.246142506599426270e-02
4.387110389610389575e+03,3.972715511918067932e-02
4.397126623376623684e+03,4.043228179216384888e-02
4.407142857142856883e+03,3.638307377696037292e-02
4.417159090909090992e+03,3.587051481008529663e-02
4.427175324675324191e+03,5.414735153317451477e-02
4.437191558441558300e+03,3.438062965869903564e-02
4.447207792207792409e+03,3.518807888031005859e-02
4.457224025974025608e+03,4.372024908661842346e-02
4.467240259740259717e+03,5.079414695501327515e-02
4.477256493506493825e+03,3.806897625327110291e-02
4.487272727272727025e+03,3.781135380268096924e-02
4.497288961038961133e+03,8.045312017202377319e-02
4.507305194805194333e+03,7.310765236616134644e-02
4.517321428571428442e+03,3.324762359261512756e-02
4.527337662337662550e+03,6.002258136868476868e-02
4.537353896103895750e+03,9.577889740467071533e-02
4.547370129870129858e+03,3.509308025240898132e-02
4.557386363636363058e+03,3.549283742904663086e-02
4.567402597402597166e+03,4.101853072643280029e-02
4.577418831168831275e+03,4.376130923628807068e-02
4.587435064935064474e+03,4.642694070935249329e-02
4.597451298701298583e+03,3.774724155664443970e-02
4.607467532467532692e+03,4.049420729279518127e-02
4.617483766233765891e+03,4.334195330739021301e-02
4.627500000000000000e+03,4.790865257382392883e-02
4.637516233766233199e+03,3.659523278474807739e-02
4.647532467532467308e+03,3.158168494701385498e-02
4.657548701298701417e+03,4.048863798379898071e-02
4.667564935064934616e+03,4.032844677567481995e-02
4.677581168831168725e+03,3.039629384875297546e-02
4.687597402597402834e+03,3.335113078355789185e-02
4.697613636363636033e+03,3.493359312415122986e-02
4.707629870129870142e+03,6.763970106840133667e-02
4.717646103896103341e+03,5.475382879376411438e-02
4.727662337662337450e+03,6.501706689596176147e-02
4.737678571428571558e+03,8.154747635126113892e-02
4.747694805194804758e+03,9.121905267238616943e-02
4.757711038961038867e+03,3.963859379291534424e-02
4.767727272727272975e+03,4.171087592840194702e-02
4.777743506493506175e+03,3.377799317240715027e-02
4.787759740259740283e+03,3.133775293827056885e-02
4.797775974025973483e+03,1.029472723603248596e-01
4.807792207792207591e+03,4.310631752014160156e-02
4.817808441558441700e+03,3.114735335111618042e-02
4.827824675324674899e+03,4.566344618797302246e-02
4.837840909090909008e+03,4.209434613585472107e-02
4.847857142857143117e+03,5.342833325266838074e-02
4.857873376623376316e+03,9.030763059854507446e-02
4.867889610389610425e+03,4.550934210419654846e-02
4.877905844155843624e+03,4.378808289766311646e-02
4.887922077922077733e+03,3.640257194638252258e-02
4.897938311688311842e+03,2.993070892989635468e-02
4.907954545454545041e+03,2.776006981730461121e-02
4.917970779220779150e+03,3.039777465164661407e-02
4.927987012987013259e+03,6.556939333677291870e-02
4.938003246753246458e+03,9.150207042694091797e-02
4.948019480519480567e+03,1.045906916260719299e-01
4.958035714285713766e+03,3.469542413949966431e-02
4.968051948051947875e+03,2.873480133712291718e-02
4.978068181818181984e+03,4.311073571443557739e-02
4.988084415584415183e+03,4.518389329314231873e-02
4.998100649350649292e+03,3.642858937382698059e-02
5.008116883116883400e+03,3.835619986057281494e-02
5.018133116883116600e+03,2.600936591625213623e-02
5.028149350649350708e+03,4.801373556256294250e-02
5.038165584415583908e+03,3.706720471382141113e-02
5.048181818181818016e+03,3.787086904048919678e-02
5.058198051948052125e+03,3.281255811452865601e-02
5.068214285714285325e+03,3.766115382313728333e-02
5.078230519480519433e+03,3.115700557827949524e-02
5.088246753246753542e+03,2.563028410077095032e-02
5.098262987012986741e+03,2.756228484213352203e-02
5.108279220779220850e+03,2.643787860870361328e-02
5.118295454545454049e+03,4.311282932758331299e-02
5.128311688311688158e+03,3.269192203879356384e-02
5.138327922077922267e+03,3.454143926501274109e-02
5.148344155844155466e+03,3.689042851328849792e-02
5.158360389610389575e+03,3.381096571683883667e-02
5.168376623376622774e+03,3.460527211427688599e-02
5.178392857142856883e+03,3.005392476916313171e-02
5.188409090909090992e+03,3.028623200953006744e-02
5.198425324675324191e+03,3.476934880018234253e-02
5.208441558441558300e+03,3.631284460425376892e-02
5.218457792207792409e+03,2.702649123966693878e-02
5.228474025974025608e+03,2.614699490368366241e-02
5.238490259740259717e+03,2.653742767870426178e-02
5.248506493506492916e+03,2.500372380018234253e-02
5.258522727272727025e+03,3.043202683329582214e-02
5.268538961038961133e+03,2.515538595616817474e-02
5.278555194805194333e+03,2.746622450649738312e-02
5.288571428571428442e+03,2.541088871657848358e-02
5.298587662337662550e+03,3.752539679408073425e-02
5.308603896103895750e+03,2.630529366433620453e-02
5.318620129870129858e+03,2.370765618979930878e-02
5.328636363636363058e+03,3.121463581919670105e-02
5.338652597402597166e+03,3.090148977935314178e-02
5.348668831168831275e+03,3.393406793475151062e-02
5.358685064935064474e+03,3.320886194705963135e-02
5.368701298701298583e+03,3.390511497855186462e-02
5.378717532467532692e+03,2.891156822443008423e-02
5.388733766233765891e+03,2.904964238405227661e-02
5.398750000000000000e+03,3.099953196942806244e-02
5.408766233766233199e+03,3.090069815516471863e-02
5.418782467532467308e+03,3.827645629644393921e-02
5.428798701298701417e+03,2.626856416463851929e-02
5.438814935064934616e+03,2.928838692605495453e-02
5.448831168831168725e+03,4.994096979498863220e-02
5.458847402597402834e+03,4.727355390787124634e-02
5.468863636363636033e+03,5.272801592946052551e-02
5.478879870129870142e+03,2.813431993126869202e-02
5.488896103896103341e+03,4.809331893920898438e-02
5.498912337662337450e+03,2.779887802898883820e-02
5.508928571428571558e+03,3.821869567036628723e-02
5.518944805194804758e+03,5.236050486564636230e-02
5.528961038961038867e+03,2.737065404653549194e-02
5.538977272727272975e+03,4.118141904473304749e-02
5.548993506493506175e+03,2.418545261025428772e-02
5.559009740259740283e+03,2.563929744064807892e-02
5.569025974025973483e+03,3.596060723066329956e-02
5.579042207792207591e+03,2.605877257883548737e-02
5.589058441558441700e+03,3.248333558440208435e-02
5.599074675324674899e+03,2.869441360235214233e-02
5.609090909090909008e+03,3.691105172038078308e-02
5.619107142857143117e+03,4.407115280628204346e-02
5.629123376623376316e+03,3.465292602777481079e-02
5.639139610389610425e+03,2.815919928252696991e-02
5.649155844155843624e+03,2.267857268452644348e-02
5.659172077922077733e+03,2.642522938549518585e-02
5.669188311688311842e+03,4.156975448131561279e-02
5.679204545454545041e+03,8.243551850318908691e-02
5.689220779220779150e+03,3.178338333964347839e-02
5.699237012987013259e+03,3.136803209781646729e-02
5.709253246753246458e+03,1.012681722640991211e-01
5.719269480519480567e+03,1.030212864279747009e-01
5.729285714285713766e+03,3.119725175201892853e-02
5.739301948051947875e+03,2.808839641511440277e-02
5.749318181818181984e+03,3.444792702794075012e-02
5.759334415584415183e+03,2.367345429956912994e-02
5.769350649350649292e+03,2.213191613554954529e-02
5.779366883116882491e+03,2.148864790797233582e-02
5.789383116883116600e+03,4.216178506612777710e-02
5.799399350649350708e+03,5.618077516555786133e-02
5.809415584415583908e+03,2.460352331399917603e-02
5.819431818181818016e+03,2.323890291154384613e-02
5.829448051948052125e+03,2.117445878684520721e-02
5.839464285714285325e+03,1.897087506949901581e-02
5.849480519480519433e+03,2.516154758632183075e-02
5.859496753246752633e+03,1.327992975711822510e-01
5.869512987012986741e+03,3.440231829881668091e-02
5.879529220779220850e+03,3.637522459030151367e-02
5.889545454545454049e+03,2.143311314284801483e-02
5.899561688311688158e+03,2.361347153782844543e-02
5.909577922077922267e+03,2.240165509283542633e-02
5.919594155844155466e+03,3.167114779353141785e-02
5.929610389610389575e+03,8.027436584234237671e-02
5.939626623376622774e+03,3.194178268313407898e-02
5.949642857142856883e+03,2.160847745835781097e-02
5.959659090909090992e+03,2.206073142588138580e-02
5.969675324675324191e+03,2.921985834836959839e-02
5.979691558441558300e+03,8.375384658575057983e-02
5.989707792207792409e+03,9.967922419309616089e-02
5.999724025974025608e+03,4.361598938703536987e-02
6.009740259740259717e+03,2.232371270656585693e-02
6.019756493506492916e+03,2.011536993086338043e-02
6.029772727272727025e+03,2.445190958678722382e-02
6.039788961038961133e+03,4.275624081492424011e-02
6.049805194805194333e+03,2.456510253250598907e-02
6.059821428571428442e+03,1.794910989701747894e-02
6.069837662337662550e+03,2.000554464757442474e-02
6.079853896103895750e+03,1.962848193943500519e-02
6.089870129870129858e+03,2.439859695732593536e-02
6.099886363636363058e+03,9.483294188976287842e-02
6.109902597402597166e+03,1.217047348618507385e-01
6.119918831168831275e+03,3.321446850895881653e-02
6.129935064935064474e+03,5.477731674909591675e-02
6.139951298701298583e+03,3.220976889133453369e-02
6.149967532467532692e+03,1.941579952836036682e-02
6.159983766233765891e+03,2.038154006004333496e-02
6.170000000000000000e+03,1.297825276851654053e-01
