# kappa, training_loss
0.000000000000000000e+00,2.500014603137969971e-01
3.460087604470611367e-01,2.515681982040405273e-01
4.393004638594020239e-01,2.418209612369537354e-01
4.954894607646131988e-01,2.391465008258819580e-01
5.358255977705936868e-01,2.360710501670837402e-01
5.673132765061897897e-01,2.304095923900604248e-01
5.931447079502824016e-01,2.285450249910354614e-01
6.150458527094804229e-01,2.293173223733901978e-01
6.340562664852009700e-01,2.287935167551040649e-01
6.508508280855277439e-01,2.302959710359573364e-01
6.658925908297250729e-01,2.238750755786895752e-01
6.795130935362699853e-01,2.233541905879974365e-01
6.919578843395901568e-01,2.243076562881469727e-01
7.034139062765984995e-01,2.229025661945343018e-01
7.140267804180223665e-01,2.206343710422515869e-01
7.239121529930457877e-01,2.203269004821777344e-01
7.331633965453948631e-01,2.196649760007858276e-01
7.418569864253405921e-01,2.182754427194595337e-01
7.500563469525460825e-01,2.179913669824600220e-01
7.578146619146984841e-01,2.162216603755950928e-01
7.651769670196039153e-01,2.192855477333068848e-01
7.721817337819164573e-01,2.143622785806655884e-01
7.788620863205062417e-01,2.142300456762313843e-01
7.852467486537241248e-01,2.162192463874816895e-01
7.913607910931920175e-01,2.123034447431564331e-01
7.972262247908332711e-01,2.139447033405303955e-01
8.028624800644678094e-01,2.113736420869827271e-01
8.082867947419158927e-01,2.114825546741485596e-01
8.135145321017589470e-01,2.090088576078414917e-01
8.185594431925570236e-01,2.127590626478195190e-01
8.234338848135772659e-01,2.073825746774673462e-01
8.281490018569067635e-01,2.100880146026611328e-01
8.327148807821762588e-01,2.071315795183181763e-01
8.371406795401445944e-01,2.049834728240966797e-01
8.414347381531067649e-01,2.090332359075546265e-01
8.456046733082374089e-01,2.066219449043273926e-01
8.496574596596789819e-01,2.073359936475753784e-01
8.535995000193126181e-01,2.060357183218002319e-01
8.574366862100908371e-01,2.012509554624557495e-01
8.611744520339701392e-01,2.031414806842803955e-01
8.648178195496830645e-01,2.016132026910781860e-01
8.683714396494245369e-01,2.044091671705245972e-01
8.718396277570242825e-01,2.002962827682495117e-01
8.752263953349598280e-01,2.033228576183319092e-01
8.785354777771650081e-01,2.003954499959945679e-01
8.817703591740051472e-01,1.983635574579238892e-01
8.849342943610988277e-01,1.956260800361633301e-01
8.880303286018079723e-01,1.974408179521560669e-01
8.910613152017544669e-01,2.025344222784042358e-01
8.940299313107366030e-01,1.989454180002212524e-01
8.969386921313683425e-01,1.986517310142517090e-01
8.997899637234116899e-01,1.920920908451080322e-01
9.025859745671332979e-01,1.974063813686370850e-01
9.053288260272730481e-01,1.949110925197601318e-01
9.080205018407159212e-01,1.996861547231674194e-01
9.106628767351770959e-01,1.933726519346237183e-01
9.132577242726921396e-01,1.963790208101272583e-01
9.158067240001058762e-01,1.925301104784011841e-01
9.183114679787615087e-01,1.944540739059448242e-01
9.207734667569620335e-01,1.936474591493606567e-01
9.231941548413140630e-01,1.918112188577651978e-01
9.255748957165744750e-01,1.913771629333496094e-01
9.279169864579864813e-01,1.903312206268310547e-01
9.302216619751688675e-01,1.903673410415649414e-01
9.324900989223231518e-01,1.913744956254959106e-01
9.347234193057537555e-01,1.885949820280075073e-01
9.369226938163938145e-01,1.898964941501617432e-01
9.390889449121090360e-01,1.924740374088287354e-01
9.412231496719969392e-01,1.881572455167770386e-01
9.433262424426215320e-01,1.909373551607131958e-01
9.453991172941261789e-01,1.863278895616531372e-01
9.474426303023814055e-01,1.859280467033386230e-01
9.494576016717489741e-01,1.875684112310409546e-01
9.514448177116359151e-01,1.858853250741958618e-01
9.534050326787582019e-01,1.903249621391296387e-01
9.553389704959178719e-01,1.871982216835021973e-01
9.572473263570921986e-01,1.843262463808059692e-01
9.591307682277451230e-01,1.890669763088226318e-01
9.609899382484581309e-01,1.871505379676818848e-01
9.628254540492666713e-01,1.864116787910461426e-01
9.646379099814290647e-01,1.831848174333572388e-01
9.664278782727777628e-01,1.855376660823822021e-01
9.681959101122710187e-01,1.845163553953170776e-01
9.699425366688896322e-01,1.812985986471176147e-01
9.716682700495886671e-01,1.833214312791824341e-01
9.733736042006306821e-01,1.822271496057510376e-01
9.750590157562651905e-01,1.803563535213470459e-01
9.767249648384065397e-01,1.764980107545852661e-01
9.783718958106631947e-01,1.781637221574783325e-01
9.800002379898135052e-01,1.836677491664886475e-01
9.816104063175752348e-01,1.810798794031143188e-01
9.832028019952986364e-01,1.784392744302749634e-01
9.847778130840142419e-01,1.800449937582015991e-01
9.863358150720769046e-01,1.783332973718643188e-01
9.878771714124866543e-01,1.759815067052841187e-01
9.894022340318076036e-01,1.823624223470687866e-01
9.909113438124680373e-01,1.751488596200942993e-01
9.924048310500953596e-01,1.773738414049148560e-01
9.938830158874222276e-01,1.750411689281463623e-01
9.953462087261852886e-01,1.763855069875717163e-01
9.967947106183480122e-01,1.763121634721755981e-01
9.982288136378762999e-01,1.760331988334655762e-01
9.996488012342179541e-01,1.754964888095855713e-01
1.001054948568554481e+00,1.759161353111267090e-01
1.002447522833824989e+00,1.736225038766860962e-01
1.003826783559450320e+00,1.741093993186950684e-01
1.005192982901629284e+00,1.700059324502944946e-01
1.006546365920018005e+00,1.764813661575317383e-01
1.007887170841551550e+00,1.722585111856460571e-01
1.009215629312119056e+00,1.747493892908096313e-01
1.010531966636755596e+00,1.744018942117691040e-01
1.011836402008977398e+00,1.752524226903915405e-01
1.013129148729838391e+00,1.727097630500793457e-01
1.014410414417262540e+00,1.713580638170242310e-01
1.015680401206159988e+00,1.706449389457702637e-01
1.016939305939812632e+00,1.748692840337753296e-01
1.018187320352981651e+00,1.731890290975570679e-01
1.019424631247161761e+00,1.763014793395996094e-01
1.020651420658385433e+00,1.744166165590286255e-01
1.021867866017950988e+00,1.697038412094116211e-01
1.023074140306432067e+00,1.725851595401763916e-01
1.024270412201301550e+00,1.689192801713943481e-01
1.025456846218484541e+00,1.701111197471618652e-01
1.026633602848139093e+00,1.707284897565841675e-01
1.027800838684943319e+00,1.658127009868621826e-01
1.028958706553154245e+00,1.658287942409515381e-01
1.030107355626689314e+00,1.729677766561508179e-01
1.031246931544462342e+00,1.667192578315734863e-01
1.032377576521202878e+00,1.691420078277587891e-01
1.033499429453965224e+00,1.646500676870346069e-01
1.034612626024527859e+00,1.657562702894210815e-01
1.035717298797873553e+00,1.640630066394805908e-01
1.036813577316927137e+00,1.657435148954391479e-01
1.037901588193720803e+00,1.675494015216827393e-01
1.038981455197147019e+00,1.645156741142272949e-01
1.040053299337452941e+00,1.673389971256256104e-01
1.041117238947617540e+00,1.637684851884841919e-01
1.042173389761750668e+00,1.666440218687057495e-01
1.043221864990644399e+00,1.667530983686447144e-01
1.044262775394596110e+00,1.626404523849487305e-01
1.045296229353626094e+00,1.629302352666854858e-01
1.046322332935195609e+00,1.626808196306228638e-01
1.047341189959536178e+00,1.640162169933319092e-01
1.048352902062685388e+00,1.617325842380523682e-01
1.049357568757329773e+00,1.647186726331710815e-01
1.050355287491544054e+00,1.618581563234329224e-01
1.051346153705511099e+00,1.632913202047348022e-01
1.052330260886309210e+00,1.619863957166671753e-01
1.053307700620842891e+00,1.586213558912277222e-01
1.054278562646992379e+00,1.597074568271636963e-01
1.055242934903054319e+00,1.587957590818405151e-01
1.056200903575539085e+00,1.580398380756378174e-01
1.057152553145394247e+00,1.611012518405914307e-01
1.058097966432711035e+00,1.577498465776443481e-01
1.059037224639978181e+00,1.607821583747863770e-01
1.059970407393933112e+00,1.600092947483062744e-01
1.060897592786072430e+00,1.577389538288116455e-01
1.061818857411865213e+00,1.568552702665328979e-01
1.062734276408725531e+00,1.586665958166122437e-01
1.063643923492785026e+00,1.565754562616348267e-01
1.064547870994515089e+00,1.598390787839889526e-01
1.065446189893239470e+00,1.569742858409881592e-01
1.066338949850579310e+00,1.553846299648284912e-01
1.067226219242868313e+00,1.582065671682357788e-01
1.068108065192580725e+00,1.551847755908966064e-01
1.068984553598799625e+00,1.551061570644378662e-01
1.069855749166769732e+00,1.596257835626602173e-01
1.070721715436560695e+00,1.574532389640808105e-01
1.071582514810876408e+00,1.541920900344848633e-01
1.072438208582037866e+00,1.545779407024383545e-01
1.073288856958174220e+00,1.536160856485366821e-01
1.074134519088641770e+00,1.533501744270324707e-01
1.074975253088704896e+00,1.530218571424484253e-01
1.075811116063501771e+00,1.557420939207077026e-01
1.076642164131319968e+00,1.486588567495346069e-01
1.077468452446203262e+00,1.528650671243667603e-01
1.078290035219918508e+00,1.535950154066085815e-01
1.079106965743297231e+00,1.529220640659332275e-01
1.079919296406978146e+00,1.502457261085510254e-01
1.080727078721569034e+00,1.570425182580947876e-01
1.081530363337245726e+00,1.509291976690292358e-01
1.082329200062810193e+00,1.547728925943374634e-01
1.083123637884223500e+00,1.526316404342651367e-01
1.083913724982630056e+00,1.495661288499832153e-01
1.084699508751893360e+00,1.506171077489852905e-01
1.085481035815654138e+00,1.519429534673690796e-01
1.086258352043930842e+00,1.508458852767944336e-01
1.087031502569274499e+00,1.491644382476806641e-01
1.087800531802493031e+00,1.466240882873535156e-01
1.088565483447959226e+00,1.546289771795272827e-01
1.089326400518514149e+00,1.519718319177627563e-01
1.090083325349980203e+00,1.501079946756362915e-01
1.090836299615295601e+00,1.497929394245147705e-01
1.091585364338280906e+00,1.482499241828918457e-01
1.092330559907051191e+00,1.491012126207351685e-01
1.093071926087083590e+00,1.499212235212326050e-01
1.093809502033948888e+00,1.487440019845962524e-01
1.094543326305722708e+00,1.477287560701370239e-01
1.095273436875078277e+00,1.507615745067596436e-01
1.095999871141079662e+00,1.487599909305572510e-01
1.096722665940675023e+00,1.500525921583175659e-01
1.097441857559906975e+00,1.453818231821060181e-01
1.098157481744842068e+00,1.462165564298629761e-01
1.098869573712232928e+00,1.473810970783233643e-01
1.099578168159916158e+00,1.458249986171722412e-01
1.100283299276959115e+00,1.455751508474349976e-01
1.100985000753556875e+00,1.488250941038131714e-01
1.101683305790691847e+00,1.484601944684982300e-01
1.102378247109559117e+00,1.477040350437164307e-01
1.103069856960767536e+00,1.466016173362731934e-01
1.103758167133320089e+00,1.481278836727142334e-01
1.104443208963381107e+00,1.410614699125289917e-01
1.105125013342837637e+00,1.454992592334747314e-01
1.105803610727656761e+00,1.447384953498840332e-01
1.106479031146050618e+00,1.480307728052139282e-01
1.107151304206449138e+00,1.509180366992950439e-01
1.107820459105287370e+00,1.481456011533737183e-01
1.108486524634614945e+00,1.425144523382186890e-01
1.109149529189529249e+00,1.409872770309448242e-01
1.109809500775439606e+00,1.393292397260665894e-01
1.110466467015164271e+00,1.440486013889312744e-01
1.111120455155869324e+00,1.455905139446258545e-01
1.111771492075848133e+00,1.404595375061035156e-01
1.112419604291150499e+00,1.449909210205078125e-01
1.113064817962062802e+00,1.409246176481246948e-01
1.113707158899444050e+00,1.414094120264053345e-01
1.114346652570921359e+00,1.426055878400802612e-01
1.114983324106949114e+00,1.390658617019653320e-01
1.115617198306734004e+00,1.458755880594253540e-01
1.116248299644032160e+00,1.397430151700973511e-01
1.116876652272817960e+00,1.409636437892913818e-01
1.117502280032832251e+00,1.430990993976593018e-01
1.118125206455008458e+00,1.406466513872146606e-01
1.118745454766784109e+00,1.397210359573364258e-01
1.119363047897296903e+00,1.392084956169128418e-01
1.119978008482471088e+00,1.397490501403808594e-01
1.120590358869996361e+00,1.405284553766250610e-01
1.121200121124199756e+00,1.388595402240753174e-01
1.121807317030816709e+00,1.414709687232971191e-01
1.122411968101661772e+00,1.379340887069702148e-01
1.123014095579200511e+00,1.382123529911041260e-01
1.123613720441029251e+00,1.390256583690643311e-01
1.124210863404258243e+00,1.379683166742324829e-01
1.124805544929808887e+00,1.373164206743240356e-01
1.125397785226618597e+00,1.378244459629058838e-01
1.125987604255762164e+00,1.387892067432403564e-01
1.126575021734489424e+00,1.396813839673995972e-01
1.127160057140179195e+00,1.363541334867477417e-01
1.127742729714214853e+00,1.378956735134124756e-01
1.128323058465781514e+00,1.355360001325607300e-01
1.128901062175587500e+00,1.362177133560180664e-01
1.129476759399510977e+00,1.383439600467681885e-01
1.130050168472174210e+00,1.363928020000457764e-01
1.130621307510447204e+00,1.374569088220596313e-01
1.131190194416882955e+00,1.354034841060638428e-01
1.131756846883084089e+00,1.380267590284347534e-01
1.132321282393004003e+00,1.384736597537994385e-01
1.132883518226184050e+00,1.328961551189422607e-01
1.133443571460927668e+00,1.308533698320388794e-01
1.134001458977413224e+00,1.335894167423248291e-01
1.134557197460746680e+00,1.332643479108810425e-01
1.135110803403955426e+00,1.345130056142807007e-01
1.135662293110926147e+00,1.360081285238265991e-01
1.136211682699285186e+00,1.337176859378814697e-01
1.136758988103225176e+00,1.323509812355041504e-01
1.137304225076278152e+00,1.340141892433166504e-01
1.137847409194036263e+00,1.360685974359512329e-01
1.138388555856821416e+00,1.334697455167770386e-01
1.138927680292305844e+00,1.375784724950790405e-01
1.139464797558081832e+00,1.361723989248275757e-01
1.139999922544186806e+00,1.344323903322219849e-01
1.140533069975578906e+00,1.335007995367050171e-01
1.141064254414569268e+00,1.286645531654357910e-01
1.141593490263207444e+00,1.322317719459533691e-01
1.142120791765625532e+00,1.305501163005828857e-01
1.142646173010337662e+00,1.294157356023788452e-01
1.143169647932499089e+00,1.325375437736511230e-01
1.143691230316123963e+00,1.295949369668960571e-01
1.144210933796262930e+00,1.318231970071792603e-01
1.144728771861142080e+00,1.284859180450439453e-01
1.145244757854263273e+00,1.340772509574890137e-01
1.145758904976468040e+00,1.325283348560333252e-01
1.146271226287962186e+00,1.328915208578109741e-01
1.146781734710308642e+00,1.296521276235580444e-01
1.147290443028380791e+00,1.282862275838851929e-01
1.147797363892285594e+00,1.314125061035156250e-01
1.148302509819249639e+00,1.274970173835754395e-01
1.148805893195474326e+00,1.316468864679336548e-01
1.149307526277958402e+00,1.270845830440521240e-01
1.149807421196288093e+00,1.296320110559463501e-01
1.150305589954397689e+00,1.284620463848114014e-01
1.150802044432298388e+00,1.277719289064407349e-01
1.151296796387778487e+00,1.312675625085830688e-01
1.151789857458074717e+00,1.272336542606353760e-01
1.152281239161514037e+00,1.243060752749443054e-01
1.152770952899128121e+00,1.287509799003601074e-01
1.153259009956241199e+00,1.275351941585540771e-01
1.153745421504029922e+00,1.260331571102142334e-01
1.154230198601057689e+00,1.288474500179290771e-01
1.154713352194783882e+00,1.270709782838821411e-01
1.155194893123046018e+00,1.282310634851455688e-01
1.155674832115519690e+00,1.260414868593215942e-01
1.156153179795152308e+00,1.274071484804153442e-01
1.156629946679573973e+00,1.261423677206039429e-01
1.157105143182485696e+00,1.280972957611083984e-01
1.157578779615023423e+00,1.287845373153686523e-01
1.158050866187100514e+00,1.263554543256759644e-01
1.158521413008729350e+00,1.256980597972869873e-01
1.158990430091319634e+00,1.225845515727996826e-01
1.159457927348956030e+00,1.244479045271873474e-01
1.159923914599656714e+00,1.270532310009002686e-01
1.160388401566609495e+00,1.226905956864356995e-01
1.160851397879389957e+00,1.239200904965400696e-01
1.161312913075158937e+00,1.268304586410522461e-01
1.161772956599841145e+00,1.237579435110092163e-01
1.162231537809286230e+00,1.251322627067565918e-01
1.162688665970408319e+00,1.247048452496528625e-01
1.163144350262311777e+00,1.233949139714241028e-01
1.163598599777396103e+00,1.225304380059242249e-01
1.164051423522444839e+00,1.201818287372589111e-01
1.164502830419696267e+00,1.286881566047668457e-01
1.164952829307899895e+00,1.222153007984161377e-01
1.165401428943353190e+00,1.223484203219413757e-01
1.165848638000925419e+00,1.252478361129760742e-01
1.166294465075062625e+00,1.244452446699142456e-01
1.166738918680779724e+00,1.235423311591148376e-01
1.167182007254636389e+00,1.257022619247436523e-01
1.167623739155697393e+00,1.218651682138442993e-01
1.168064122666478966e+00,1.194705590605735779e-01
1.168503165993880932e+00,1.250566691160202026e-01
1.168940877270103762e+00,1.200892999768257141e-01
1.169377264553552953e+00,1.216033473610877991e-01
1.169812335829729655e+00,1.201080530881881714e-01
1.170246099012105523e+00,1.219802200794219971e-01
1.170678561942988694e+00,1.222844496369361877e-01
1.171109732394373326e+00,1.196860074996948242e-01
1.171539618068777155e+00,1.200696602463722229e-01
1.171968226600069052e+00,1.192196160554885864e-01
1.172395565554280150e+00,1.202710196375846863e-01
1.172821642430406541e+00,1.235383078455924988e-01
1.173246464661198640e+00,1.202978938817977905e-01
1.173670039613939009e+00,1.183518841862678528e-01
1.174092374591209298e+00,1.184733211994171143e-01
1.174513476831645198e+00,1.204682439565658569e-01
1.174933353510680956e+00,1.206692457199096680e-01
1.175352011741283453e+00,1.167181432247161865e-01
1.175769458574674520e+00,1.199831366539001465e-01
1.176185701001044359e+00,1.173649206757545471e-01
1.176600745950252991e+00,1.208375319838523865e-01
1.177014600292522806e+00,1.152080669999122620e-01
1.177427270839121798e+00,1.190299838781356812e-01
1.177838764343034139e+00,1.152654513716697693e-01
1.178249087499626091e+00,1.199373751878738403e-01
1.178658246947296595e+00,1.163608953356742859e-01
1.179066249268124089e+00,1.145904660224914551e-01
1.179473100988500445e+00,1.167863234877586365e-01
1.179878808579758465e+00,1.167931631207466125e-01
1.180283378458787835e+00,1.165665686130523682e-01
1.180686816988646415e+00,1.172640025615692139e-01
1.181089130479157756e+00,1.170043572783470154e-01
1.181490325187506629e+00,1.182827800512313843e-01
1.181890407318820335e+00,1.172743067145347595e-01
1.182289383026745355e+00,1.126991659402847290e-01
1.182687258414015563e+00,1.153942123055458069e-01
1.183084039533012444e+00,1.162929981946945190e-01
1.183479732386316430e+00,1.146474704146385193e-01
1.183874342927253132e+00,1.177126765251159668e-01
1.184267877060429797e+00,1.179919242858886719e-01
1.184660340642266219e+00,1.129563823342323303e-01
1.185051739481516542e+00,1.171974986791610718e-01
1.185442079339786181e+00,1.149321198463439941e-01
1.185831365932041193e+00,1.158579885959625244e-01
1.186219604927107429e+00,1.167453676462173462e-01
1.186606801948169920e+00,1.153257116675376892e-01
1.186992962573258703e+00,1.122188493609428406e-01
1.187378092335731328e+00,1.165426596999168396e-01
1.187762196724750030e+00,1.152858138084411621e-01
1.188145281185749358e+00,1.115965247154235840e-01
1.188527351120901354e+00,1.124224811792373657e-01
1.188908411889570305e+00,1.128116399049758911e-01
1.189288468808765264e+00,1.118297502398490906e-01
1.189667527153585702e+00,1.124950498342514038e-01
1.190045592157659815e+00,1.123106554150581360e-01
1.190422669013577739e+00,1.129133775830268860e-01
1.190798762873320538e+00,1.106872186064720154e-01
1.191173878848682532e+00,1.112746298313140869e-01
1.191548022011686969e+00,1.114263087511062622e-01
1.191921197394998577e+00,1.115699559450149536e-01
1.192293409992330133e+00,1.118694469332695007e-01
1.192664664758841697e+00,1.160439252853393555e-01
1.193034966611538517e+00,1.106542497873306274e-01
1.193404320429659826e+00,1.094197928905487061e-01
1.193772731055066094e+00,1.091959476470947266e-01
1.194140203292618940e+00,1.062738075852394104e-01
1.194506741910557945e+00,1.080674380064010620e-01
1.194872351640871022e+00,1.106654405593872070e-01
1.195237037179661232e+00,1.131461933255195618e-01
1.195600803187509165e+00,1.074362173676490784e-01
1.195963654289829980e+00,1.091421693563461304e-01
1.196325595077226245e+00,1.108794659376144409e-01
1.196686630105836313e+00,1.090675741434097290e-01
1.197046763897678945e+00,1.088373959064483643e-01
1.197406000940992365e+00,1.095248684287071228e-01
1.197764345690570442e+00,1.128100603818893433e-01
1.198121802568094640e+00,1.104756370186805725e-01
1.198478375962459763e+00,1.091979295015335083e-01
1.198834070230099025e+00,1.091089099645614624e-01
1.199188889695302462e+00,1.128928139805793762e-01
1.199542838650532683e+00,1.083031371235847473e-01
1.199895921356736173e+00,1.097478568553924561e-01
1.200248142043651267e+00,1.084058731794357300e-01
1.200599504910112358e+00,1.082914248108863831e-01
1.200950014124349652e+00,1.054341346025466919e-01
1.201299673824286929e+00,1.079541891813278198e-01
1.201648488117833313e+00,1.041277199983596802e-01
1.201996461083173484e+00,1.068258285522460938e-01
1.202343596769054113e+00,1.087644472718238831e-01
1.202689899195065859e+00,1.092438399791717529e-01
1.203035372351923593e+00,1.094839945435523987e-01
1.203380020201741063e+00,1.050281450152397156e-01
1.203723846678303788e+00,1.070563048124313354e-01
1.204066855687339732e+00,1.077585965394973755e-01
1.204409051106784645e+00,1.059458926320075989e-01
1.204750436787044299e+00,1.082257553935050964e-01
1.205091016551255612e+00,1.047789677977561951e-01
1.205430794195543331e+00,1.042605787515640259e-01
1.205769773489273611e+00,1.053454056382179260e-01
1.206107958175305361e+00,1.071961522102355957e-01
1.206445351970237390e+00,1.032861322164535522e-01
1.206781958564654422e+00,1.068731024861335754e-01
1.207117781623368469e+00,1.060450449585914612e-01
1.207452824785659296e+00,1.046210080385208130e-01
1.207787091665509571e+00,1.015250161290168762e-01
1.208120585851840678e+00,1.014492660760879517e-01
1.208453310908741862e+00,1.053246185183525085e-01
1.208785270375700271e+00,1.073299273848533630e-01
1.209116467767826331e+00,1.041387617588043213e-01
1.209446906576077119e+00,1.035914272069931030e-01
1.209776590267476859e+00,1.032644137740135193e-01
1.210105522285335855e+00,1.044084355235099792e-01
1.210433706049466096e+00,1.044547110795974731e-01
1.210761144956393531e+00,1.044643819332122803e-01
1.211087842379570789e+00,1.019738912582397461e-01
1.211413801669584123e+00,1.047878265380859375e-01
1.211739026154360133e+00,1.047992631793022156e-01
1.212063519139370493e+00,1.049721464514732361e-01
1.212387283907832236e+00,1.036626473069190979e-01
1.212710323720907590e+00,1.003396436572074890e-01
1.213032641817901158e+00,1.025895625352859497e-01
1.213354241416454871e+00,1.023076027631759644e-01
1.213675125712740055e+00,1.045562103390693665e-01
1.213995297881649504e+00,1.040309518575668335e-01
1.214314761076984439e+00,1.006822362542152405e-01
1.214633518431641246e+00,1.029290407896041870e-01
1.214951573057796663e+00,1.058273762464523315e-01
1.215268928047089192e+00,1.024714335799217224e-01
1.215585586470799395e+00,1.029292494058609009e-01
1.215901551380029089e+00,9.948381781578063965e-02
1.216216825805877200e+00,1.024425476789474487e-01
1.216531412759613406e+00,1.038081496953964233e-01
1.216845315232852887e+00,1.002913936972618103e-01
1.217158536197724406e+00,9.896808117628097534e-02
1.217471078607041068e+00,1.014228016138076782e-01
1.217782945394467076e+00,1.032539978623390198e-01
1.218094139474681370e+00,1.007523313164710999e-01
1.218404663743543948e+00,1.009010672569274902e-01
1.218714521078254176e+00,1.002888530492782593e-01
1.219023714337513331e+00,1.017614081501960754e-01
1.219332246361682248e+00,1.011679098010063171e-01
1.219640119972937198e+00,9.971997141838073730e-02
1.219947337975425095e+00,1.006271392107009888e-01
1.220253903155417152e+00,9.945301711559295654e-02
1.220559818281460096e+00,1.014748513698577881e-01
1.220865086104525821e+00,9.751746803522109985e-02
1.221169709358161048e+00,9.840112179517745972e-02
1.221473690758632547e+00,1.003058701753616333e-01
1.221777033005074342e+00,9.938275068998336792e-02
1.222079738779629610e+00,9.768757224082946777e-02
1.222381810747594111e+00,1.005057469010353088e-01
1.222683251557557416e+00,9.779175370931625366e-02
1.222984063841540348e+00,9.947059303522109985e-02
1.223284250215135316e+00,9.845904260873794556e-02
1.223583813277640653e+00,9.959051012992858887e-02
1.223882755612197171e+00,9.988507628440856934e-02
1.224181079785920945e+00,1.000894904136657715e-01
1.224478788350035652e+00,9.751883894205093384e-02
1.224775883840004465e+00,9.847395122051239014e-02
1.225072368775657949e+00,9.871632605791091919e-02
1.225368245661323297e+00,9.825990349054336548e-02
1.225663516985951551e+00,9.741571545600891113e-02
1.225958185223242625e+00,9.649134427309036255e-02
1.226252252831769862e+00,9.755422919988632202e-02
1.226545722255103055e+00,1.003183349967002869e-01
1.226838595921929898e+00,9.756641089916229248e-02
1.227130876246177671e+00,9.814865142107009888e-02
1.227422565627131812e+00,9.683127701282501221e-02
1.227713666449553820e+00,9.736552089452743530e-02
1.228004181083798718e+00,9.709225594997406006e-02
1.228294111885931184e+00,9.618080407381057739e-02
1.228583461197839455e+00,9.522656351327896118e-02
1.228872231347349242e+00,9.765903651714324951e-02
1.229160424648336303e+00,9.666217863559722900e-02
1.229448043400836577e+00,9.519563615322113037e-02
1.229735089891158317e+00,9.480431675910949707e-02
1.230021566391988896e+00,9.559617191553115845e-02
1.230307475162504494e+00,9.446621686220169067e-02
1.230592818448476233e+00,9.829299896955490112e-02
1.230877598482376323e+00,9.347253292798995972e-02
1.231161817483481746e+00,9.477910399436950684e-02
1.231445477657980625e+00,9.553205221891403198e-02
1.231728581199071471e+00,9.520715475082397461e-02
1.232011130287068212e+00,9.506545960903167725e-02
1.232293127089498119e+00,9.509148448705673218e-02
1.232574573761204828e+00,9.408210217952728271e-02
1.232855472444443601e+00,9.377687424421310425e-02
1.233135825268981467e+00,9.368751198053359985e-02
1.233415634352192924e+00,9.411580860614776611e-02
1.233694901799157861e+00,9.522093087434768677e-02
1.233973629702753705e+00,9.570009261369705200e-02
1.234251820143751122e+00,9.206476807594299316e-02
1.234529475190908165e+00,9.305911511182785034e-02
1.234806596901059983e+00,9.287160634994506836e-02
1.235083187319212961e+00,9.279327839612960815e-02
1.235359248478633543e+00,9.480208158493041992e-02
1.235634782400938603e+00,9.333575516939163208e-02
1.235909791096183596e+00,9.243864566087722778e-02
1.236184276562951823e+00,9.581983834505081177e-02
1.236458240788439911e+00,9.462353587150573730e-02
1.236731685748546195e+00,9.428820759057998657e-02
1.237004613407953757e+00,9.679675847291946411e-02
1.237277025720217249e+00,9.372191131114959717e-02
1.237548924627845714e+00,9.293918311595916748e-02
1.237820312062385852e+00,9.290388226509094238e-02
1.238091189944504844e+00,9.050133824348449707e-02
1.238361560184070731e+00,9.236186742782592773e-02
1.238631424680235016e+00,9.120568633079528809e-02
1.238900785321510600e+00,9.214373677968978882e-02
1.239169643985852831e+00,8.989512920379638672e-02
1.239438002540736994e+00,9.306918829679489136e-02
1.239705862843237139e+00,9.203595668077468872e-02
1.239973226740102019e+00,9.059694409370422363e-02
1.240240096067832143e+00,9.185945242643356323e-02
1.240506472652755710e+00,9.117969125509262085e-02
1.240772358311102552e+00,9.388253837823867798e-02
1.241037754849080077e+00,9.016115218400955200e-02
1.241302664062944761e+00,9.255456179380416870e-02
1.241567087739077868e+00,9.115438163280487061e-02
1.241831027654054509e+00,8.983274549245834351e-02
1.242094485574718021e+00,8.736841380596160889e-02
1.242357463258249473e+00,9.145563840866088867e-02
1.242619962452238047e+00,8.914088457822799683e-02
1.242881984894751435e+00,9.052287787199020386e-02
1.243143532314404442e+00,9.218796342611312866e-02
1.243404606430426496e+00,8.990903943777084351e-02
1.243665208952731804e+00,8.819252997636795044e-02
1.243925341581984201e+00,8.693527430295944214e-02
1.244185006009665084e+00,9.133528172969818115e-02
1.244444203918138259e+00,9.338156878948211670e-02
1.244702936980716990e+00,8.929366618394851685e-02
1.244961206861727510e+00,8.868286013603210449e-02
1.245219015216573410e+00,8.757006376981735229e-02
1.245476363691800037e+00,8.665032684803009033e-02
1.245733253925156436e+00,8.941680192947387695e-02
1.245989687545658864e+00,8.874429017305374146e-02
1.246245666173652511e+00,8.793797343969345093e-02
1.246501191420873234e+00,8.831754326820373535e-02
1.246756264890506838e+00,8.858826011419296265e-02
1.247010888177251919e+00,8.922821283340454102e-02
1.247265062867378038e+00,8.869212120771408081e-02
1.247518790538785005e+00,8.585097640752792358e-02
1.247772072761062612e+00,8.843459933996200562e-02
1.248024911095547695e+00,8.863832801580429077e-02
1.248277307095383648e+00,8.890465646982192993e-02
1.248529262305575038e+00,8.904668688774108887e-02
1.248780778263047342e+00,8.804986625909805298e-02
1.249031856496700010e+00,8.542875945568084717e-02
1.249282498527465979e+00,8.867403864860534668e-02
1.249532705868362958e+00,8.534087985754013062e-02
1.249782480024551612e+00,8.879248797893524170e-02
1.250031822493387512e+00,8.464360982179641724e-02
1.250280734764476431e+00,9.082596004009246826e-02
1.250529218319727187e+00,8.760566264390945435e-02
1.250777274633404268e+00,8.609956502914428711e-02
1.251024905172181345e+00,8.311852812767028809e-02
1.251272111395191677e+00,8.643123507499694824e-02
1.251518894754081845e+00,9.017307311296463013e-02
1.251765256693060824e+00,8.396185189485549927e-02
1.252011198648951718e+00,8.621428161859512329e-02
1.252256722051241944e+00,8.498566597700119019e-02
1.252501828322133415e+00,8.596505969762802124e-02
1.252746518876591386e+00,8.546394854784011841e-02
1.252990795122393308e+00,8.888928592205047607e-02
1.253234658460178341e+00,8.446779847145080566e-02
1.253478110283494429e+00,8.496045321226119995e-02
1.253721151978847370e+00,8.523968607187271118e-02
1.253963784925746561e+00,8.652145415544509888e-02
1.254206010496753620e+00,8.546439558267593384e-02
1.254447830057528135e+00,8.636846393346786499e-02
1.254689244966873396e+00,8.354280143976211548e-02
1.254930256576783698e+00,8.531052619218826294e-02
1.255170866232488081e+00,8.554463833570480347e-02
1.255411075272496513e+00,8.246273547410964966e-02
1.255650885028644081e+00,8.592437207698822021e-02
1.255890296826135621e+00,8.464475721120834351e-02
1.256129311983589014e+00,8.563894033432006836e-02
1.256367931813079819e+00,8.279438316822052002e-02
1.256606157620183017e+00,8.359276503324508667e-02
1.256843990704017866e+00,8.315487205982208252e-02
1.257081432357288309e+00,8.205142617225646973e-02
1.257318483866326497e+00,8.517342805862426758e-02
1.257555146511134536e+00,8.078610897064208984e-02
1.257791421565424672e+00,8.437411487102508545e-02
1.258027310296662371e+00,8.282056450843811035e-02
1.258262813966105398e+00,8.139736950397491455e-02
1.258497933828845561e+00,8.175459504127502441e-02
1.258732671133847569e+00,8.383809775114059448e-02
1.258967027123990556e+00,8.089891076087951660e-02
1.259201003036105604e+00,8.414257317781448364e-02
1.259434600101016377e+00,8.417145162820816040e-02
1.259667819543577094e+00,8.279344439506530762e-02
1.259900662582712050e+00,8.355082571506500244e-02
1.260133130431452919e+00,8.040432631969451904e-02
1.260365224296976283e+00,8.223184943199157715e-02
1.260596945380642708e+00,8.126609772443771362e-02
1.260828294878033384e+00,8.285067230463027954e-02
1.261059273978986761e+00,8.254031836986541748e-02
1.261289883867635409e+00,8.411677926778793335e-02
1.261520125722442431e+00,8.329552412033081055e-02
1.261750000716238329e+00,8.109504729509353638e-02
1.261979510016255857e+00,8.245930820703506470e-02
1.262208654784165995e+00,8.176233619451522827e-02
1.262437436176113259e+00,8.053765445947647095e-02
1.262665855342750554e+00,8.320952206850051880e-02
1.262893913429274262e+00,8.015675842761993408e-02
1.263121611575458214e+00,8.149111270904541016e-02
1.263348950915687885e+00,8.248186111450195312e-02
1.263575932578995253e+00,8.249625563621520996e-02
1.263802557689090778e+00,7.786680012941360474e-02
1.264028827364398255e+00,7.899562269449234009e-02
1.264254742718087687e+00,8.019918203353881836e-02
1.264480304858106363e+00,7.931490987539291382e-02
1.264705514887214832e+00,7.966854423284530640e-02
1.264930373903015992e+00,7.802119106054306030e-02
1.265154882997988839e+00,7.870443165302276611e-02
1.265379043259520664e+00,8.274950087070465088e-02
1.265602855769937030e+00,8.317934721708297729e-02
1.265826321606534854e+00,7.986313104629516602e-02
1.266049441841612389e+00,8.198123425245285034e-02
1.266272217542500522e+00,8.045398443937301636e-02
1.266494649771593428e+00,7.893837988376617432e-02
1.266716739586378759e+00,8.035824447870254517e-02
1.266938488039468069e+00,8.030900359153747559e-02
1.267159896178627010e+00,7.939259707927703857e-02
1.267380965046803976e+00,7.739867269992828369e-02
1.267601695682160301e+00,7.870204001665115356e-02
1.267822089118100237e+00,7.882671058177947998e-02
1.268042146383298263e+00,7.531928271055221558e-02
1.268261868501729506e+00,7.647693157196044922e-02
1.268481256492697273e+00,7.822301238775253296e-02
1.268700311370862366e+00,7.942551374435424805e-02
1.268919034146269942e+00,7.976356148719787598e-02
1.269137425824379051e+00,7.822055369615554810e-02
1.269355487406088390e+00,8.014638721942901611e-02
1.269573219887766502e+00,7.758775353431701660e-02
1.269790624261275980e+00,7.923246920108795166e-02
1.270007701514002996e+00,7.831400632858276367e-02
1.270224452628883283e+00,7.944990694522857666e-02
1.270440878584429001e+00,7.816316932439804077e-02
1.270656980354754939e+00,7.797022163867950439e-02
1.270872758909604938e+00,7.796072959899902344e-02
1.271088215214378314e+00,7.932032644748687744e-02
1.271303350230155838e+00,7.814346253871917725e-02
1.271518164913724824e+00,7.404514402151107788e-02
1.271732660217604671e+00,7.676509767770767212e-02
1.271946837090073501e+00,7.746496051549911499e-02
1.272160696475191033e+00,7.700019329786300659e-02
1.272374239312826782e+00,7.659339159727096558e-02
1.272587466538680934e+00,7.699873298406600952e-02
1.272800379084312095e+00,7.521611452102661133e-02
1.273012977877160612e+00,7.844813913106918335e-02
1.273225263840572108e+00,7.509365677833557129e-02
1.273437237893823015e+00,7.592097669839859009e-02
1.273648900952143004e+00,7.677405327558517456e-02
1.273860253926739627e+00,7.632490247488021851e-02
1.274071297724821195e+00,7.488875091075897217e-02
1.274282033249621415e+00,7.806636393070220947e-02
1.274492461400420718e+00,7.708828896284103394e-02
1.274702583072570894e+00,7.641135156154632568e-02
1.274912399157516862e+00,7.559480518102645874e-02
1.275121910542819981e+00,7.566025108098983765e-02
1.275331118112180695e+00,7.499763369560241699e-02
1.275540022745460300e+00,7.472173124551773071e-02
1.275748625318703144e+00,7.660097628831863403e-02
1.275956926704159944e+00,7.586027681827545166e-02
1.276164927770307544e+00,7.494213432073593140e-02
1.276372629381872903e+00,7.789599895477294922e-02
1.276580032399852405e+00,7.338894158601760864e-02
1.276787137681535622e+00,7.573323696851730347e-02
1.276993946080524411e+00,7.500598579645156860e-02
1.277200458446755560e+00,7.421930879354476929e-02
1.277406675626521215e+00,7.569577544927597046e-02
1.277612598462489313e+00,7.565523684024810791e-02
1.277818227793724892e+00,7.605590671300888062e-02
1.278023564455710082e+00,7.605361938476562500e-02
1.278228609280364525e+00,7.486109435558319092e-02
1.278433363096066255e+00,7.486946880817413330e-02
1.278637826727671012e+00,7.477378100156784058e-02
1.278842000996532668e+00,7.497282326221466064e-02
1.279045886720522551e+00,7.319173216819763184e-02
1.279249484714049201e+00,7.282208651304244995e-02
1.279452795788078578e+00,7.044817507266998291e-02
1.279655820750152717e+00,7.587119191884994507e-02
1.279858560404408818e+00,7.408557832241058350e-02
1.280061015551599235e+00,7.287626713514328003e-02
1.280263186989109681e+00,7.419757544994354248e-02
1.280465075510978101e+00,7.384791225194931030e-02
1.280666681907913773e+00,7.500457018613815308e-02
1.280868006967316397e+00,7.441981881856918335e-02
1.281069051473292308e+00,7.267276197671890259e-02
1.281269816206676238e+00,7.354738563299179077e-02
1.281470301945046186e+00,7.358954846858978271e-02
1.281670509462743635e+00,7.352133840322494507e-02
1.281870439530890415e+00,7.263725996017456055e-02
1.282070092917407145e+00,7.268068194389343262e-02
1.282269470387030763e+00,7.231784611940383911e-02
1.282468572701331855e+00,7.231294363737106323e-02
1.282667400618732190e+00,6.956330686807632446e-02
1.282865954894522487e+00,7.205791771411895752e-02
1.283064236280879067e+00,7.155210524797439575e-02
1.283262245526880951e+00,7.081625610589981079e-02
1.283459983378528069e+00,7.196407020092010498e-02
1.283657450578755466e+00,7.530445605516433716e-02
1.283854647867453069e+00,7.394617795944213867e-02
1.284051575981480564e+00,6.966056674718856812e-02
1.284248235654683823e+00,7.163009792566299438e-02
1.284444627617912671e+00,7.286796718835830688e-02
1.284640752599035318e+00,7.209619134664535522e-02
1.284836611322956568e+00,7.176648080348968506e-02
1.285032204511632248e+00,7.333793491125106812e-02
1.285227532884085422e+00,7.063855975866317749e-02
1.285422597156423485e+00,7.033946365118026733e-02
1.285617398041852599e+00,7.235394418239593506e-02
1.285811936250693677e+00,7.220906764268875122e-02
1.286006212490398148e+00,6.830205768346786499e-02
1.286200227465563506e+00,7.214666903018951416e-02
1.286393981877948178e+00,7.023303955793380737e-02
1.286587476426486853e+00,6.959377229213714600e-02
1.286780711807306021e+00,7.126798480749130249e-02
1.286973688713738406e+00,7.082210481166839600e-02
1.287166407836338733e+00,7.226954400539398193e-02
1.287358869862897937e+00,6.832283735275268555e-02
1.287551075478457152e+00,6.928170472383499146e-02
1.287743025365324145e+00,6.895800679922103882e-02
1.287934720203086636e+00,7.077138125896453857e-02
1.288126160668626952e+00,7.003002613782882690e-02
1.288317347436135796e+00,7.139004021883010864e-02
1.288508281177128012e+00,6.970843672752380371e-02
1.288698962560455463e+00,6.902649253606796265e-02
1.288889392252321020e+00,6.994347274303436279e-02
1.289079570916294104e+00,7.141777873039245605e-02
1.289269499213321568e+00,6.868952512741088867e-02
1.289459177801745238e+00,6.639676541090011597e-02
1.289648607337312791e+00,6.957823783159255981e-02
1.289837788473191527e+00,7.152752578258514404e-02
1.290026721859984127e+00,6.955617666244506836e-02
1.290215408145739540e+00,6.745501607656478882e-02
1.290403847975967411e+00,6.774327903985977173e-02
1.290592041993651851e+00,7.019633799791336060e-02
1.290779990839263203e+00,6.755660474300384521e-02
1.290967695150772476e+00,6.929320096969604492e-02
1.291155155563663337e+00,7.141365110874176025e-02
1.291342372710946096e+00,6.960356235504150391e-02
1.291529347223169255e+00,6.925588101148605347e-02
1.291716079728433497e+00,6.823632121086120605e-02
1.291902570852403453e+00,6.602625548839569092e-02
1.292088821218320360e+00,6.785630434751510620e-02
1.292274831447014938e+00,6.836833804845809937e-02
1.292460602156919824e+00,6.686933338642120361e-02
1.292646133964081567e+00,6.594267487525939941e-02
1.292831427482173057e+00,6.801065057516098022e-02
1.293016483322505739e+00,6.809467077255249023e-02
1.293201302094041383e+00,6.715641915798187256e-02
1.293385884403404962e+00,6.707096099853515625e-02
1.293570230854895531e+00,6.505530327558517456e-02
1.293754342050498440e+00,6.931920349597930908e-02
1.293938218589898215e+00,6.673628091812133789e-02
1.294121861070488322e+00,6.614220142364501953e-02
1.294305270087384274e+00,6.952677667140960693e-02
1.294488446233434953e+00,6.786733120679855347e-02
1.294671390099233266e+00,6.758208572864532471e-02
1.294854102273129248e+00,6.796497106552124023e-02
1.295036583341239611e+00,6.658115237951278687e-02
1.295218833887459731e+00,6.692693382501602173e-02
1.295400854493475196e+00,6.816463917493820190e-02
1.295582645738773131e+00,6.793501973152160645e-02
1.295764208200651524e+00,6.797273457050323486e-02
1.295945542454233435e+00,6.665564328432083130e-02
1.296126649072473880e+00,6.812243163585662842e-02
1.296307528626174710e+00,6.726594269275665283e-02
1.296488181683992158e+00,6.512223184108734131e-02
1.296668608812449719e+00,6.508947908878326416e-02
1.296848810575947697e+00,6.511325389146804810e-02
1.297028787536774086e+00,6.790491193532943726e-02
1.297208540255115228e+00,6.494663655757904053e-02
1.297388069289066248e+00,6.748362630605697632e-02
1.297567375194641048e+00,6.550221145153045654e-02
1.297746458525783630e+00,6.463345140218734741e-02
1.297925319834376978e+00,6.720073521137237549e-02
1.298103959670254381e+00,6.670173257589340210e-02
1.298282378581208985e+00,6.518062204122543335e-02
1.298460577113004444e+00,6.530798226594924927e-02
1.298638555809384254e+00,6.594599038362503052e-02
1.298816315212081740e+00,6.607969105243682861e-02
1.298993855860830715e+00,6.535670906305313110e-02
1.299171178293374807e+00,6.466478854417800903e-02
1.299348283045477004e+00,6.511362642049789429e-02
1.299525170650929429e+00,6.362143903970718384e-02
1.299701841641563993e+00,6.485585123300552368e-02
1.299878296547260170e+00,6.366575509309768677e-02
1.300054535895955876e+00,6.318164616823196411e-02
1.300230560213657238e+00,6.526139378547668457e-02
1.300406370024446590e+00,6.452833861112594604e-02
1.300581965850492905e+00,6.562644243240356445e-02
1.300757348212060460e+00,6.269548833370208740e-02
1.300932517627519269e+00,6.555265188217163086e-02
1.301107474613352633e+00,6.266150623559951782e-02
1.301282219684167574e+00,6.624417006969451904e-02
1.301456753352703277e+00,6.570133566856384277e-02
1.301631076129840192e+00,6.574473530054092407e-02
1.301805188524609136e+00,6.560591608285903931e-02
1.301979091044200842e+00,6.316740810871124268e-02
1.302152784193972623e+00,6.426199525594711304e-02
1.302326268477460136e+00,6.446810066699981689e-02
1.302499544396383824e+00,6.251720339059829712e-02
1.302672612450659573e+00,6.570173054933547974e-02
1.302845473138404708e+00,6.221836060285568237e-02
1.303018126955949763e+00,6.183161959052085876e-02
1.303190574397844470e+00,6.503964960575103760e-02
1.303362815956867982e+00,6.329510360956192017e-02
1.303534852124035526e+00,6.378053873777389526e-02
1.303706683388608845e+00,6.290902942419052124e-02
1.303878310238103300e+00,6.398748606443405151e-02
1.304049733158296087e+00,6.416669487953186035e-02
1.304220952633235786e+00,6.524445861577987671e-02
1.304391969145248353e+00,6.153459474444389343e-02
1.304562783174946894e+00,6.203657388687133789e-02
1.304733395201240320e+00,6.415380537509918213e-02
1.304903805701339570e+00,6.318718194961547852e-02
1.305074015150766487e+00,6.275183707475662231e-02
1.305244024023362259e+00,6.277175992727279663e-02
1.305413832791294970e+00,6.195756420493125916e-02
1.305583441925066923e+00,6.197167560458183289e-02
1.305752851893523303e+00,6.157670170068740845e-02
1.305922063163859503e+00,6.210815533995628357e-02
1.306091076201629120e+00,6.018924340605735779e-02
1.306259891470751056e+00,6.179209426045417786e-02
1.306428509433517737e+00,6.264621764421463013e-02
1.306596930550602886e+00,6.246741488575935364e-02
1.306765155281068180e+00,6.096991524100303650e-02
1.306933184082371469e+00,6.157677620649337769e-02
1.307101017410374988e+00,6.199231743812561035e-02
1.307268655719350026e+00,6.025569513440132141e-02
1.307436099461987578e+00,6.152252480387687683e-02
1.307603349089404121e+00,6.410340219736099243e-02
1.307770405051148277e+00,6.336344778537750244e-02
1.307937267795209468e+00,6.129540875554084778e-02
1.308103937768024361e+00,6.180254742503166199e-02
1.308270415414483967e+00,6.211863458156585693e-02
1.308436701177941197e+00,6.084949895739555359e-02
1.308602795500217297e+00,6.010955944657325745e-02
1.308768698821609844e+00,6.060355529189109802e-02
1.308934411580898960e+00,6.026050448417663574e-02
1.309099934215353978e+00,6.062885001301765442e-02
1.309265267160741653e+00,5.874368548393249512e-02
1.309430410851331938e+00,5.961544066667556763e-02
1.309595365719905313e+00,6.052701547741889954e-02
1.309760132197759219e+00,5.975252017378807068e-02
1.309924710714715612e+00,5.864793807268142700e-02
1.310089101699126068e+00,6.051089614629745483e-02
1.310253305577881111e+00,6.166943162679672241e-02
1.310417322776413540e+00,5.997392907738685608e-02
1.310581153718707981e+00,6.002607569098472595e-02
1.310744798827306434e+00,6.055082008242607117e-02
1.310908258523313608e+00,5.987007170915603638e-02
1.311071533226404906e+00,6.205235421657562256e-02
1.311234623354833317e+00,5.995694547891616821e-02
1.311397529325433631e+00,6.068614497780799866e-02
1.311560251553631540e+00,6.058136001229286194e-02
1.311722790453447196e+00,5.873489379882812500e-02
1.311885146437504090e+00,6.062659248709678650e-02
1.312047319917033716e+00,5.923816934227943420e-02
1.312209311301882675e+00,5.786864459514617920e-02
1.312371121000518226e+00,5.991777777671813965e-02
1.312532749420034728e+00,5.874138697981834412e-02
1.312694196966160076e+00,5.884837359189987183e-02
1.312855464043261478e+00,5.913623794913291931e-02
1.313016551054351666e+00,5.925973132252693176e-02
1.313177458401094899e+00,5.904803797602653503e-02
1.313338186483813175e+00,5.674760043621063232e-02
1.313498735701491560e+00,5.937920510768890381e-02
1.313659106451784631e+00,5.783392488956451416e-02
1.313819299131022467e+00,5.890307202935218811e-02
1.313979314134216869e+00,5.937337502837181091e-02
1.314139151855065801e+00,5.921694636344909668e-02
1.314298812685960938e+00,5.714718997478485107e-02
1.314458297017992328e+00,5.796010419726371765e-02
1.314617605240954390e+00,5.940806120634078979e-02
1.314776737743351465e+00,5.606595426797866821e-02
1.314935694912404252e+00,5.879498273134231567e-02
1.315094477134054252e+00,5.907153338193893433e-02
1.315253084792970872e+00,5.702717229723930359e-02
1.315411518272555647e+00,5.832364410161972046e-02
1.315569777954948893e+00,5.754002928733825684e-02
1.315727864221033938e+00,5.647778883576393127e-02
1.315885777450443772e+00,5.727485939860343933e-02
1.316043518021566605e+00,5.760637298226356506e-02
1.316201086311550084e+00,5.999012663960456848e-02
1.316358482696307508e+00,5.791961401700973511e-02
1.316515707550524494e+00,5.836722627282142639e-02
1.316672761247660750e+00,5.815858393907546997e-02
1.316829644159959622e+00,5.948867276310920715e-02
1.316986356658450541e+00,5.759094282984733582e-02
1.317142899112955234e+00,5.817413330078125000e-02
1.317299271892092838e+00,5.816648900508880615e-02
1.317455475363285000e+00,5.780512094497680664e-02
1.317611509892761879e+00,5.745784938335418701e-02
1.317767375845565914e+00,5.751505494117736816e-02
1.317923073585558269e+00,5.557031556963920593e-02
1.318078603475422605e+00,5.585489049553871155e-02
1.318233965876671743e+00,5.616494268178939819e-02
1.318389161149650990e+00,5.751800164580345154e-02
1.318544189653544363e+00,5.373993143439292908e-02
1.318699051746379469e+00,5.638039484620094299e-02
1.318853747785031727e+00,5.722811818122863770e-02
1.319008278125230138e+00,5.561543628573417664e-02
1.319162643121561507e+00,5.501482635736465454e-02
1.319316843127476435e+00,5.624483525753021240e-02
1.319470878495292210e+00,5.451066792011260986e-02
1.319624749576199685e+00,5.543435364961624146e-02
1.319778456720267057e+00,5.582452192902565002e-02
1.319932000276444306e+00,5.617024004459381104e-02
1.320085380592569413e+00,5.623563379049301147e-02
1.320238598015371245e+00,5.605382099747657776e-02
1.320391652890475553e+00,5.575036257505416870e-02
1.320544545562408967e+00,5.355508625507354736e-02
1.320697276374604545e+00,5.486435070633888245e-02
1.320849845669405109e+00,5.572931468486785889e-02
1.321002253788068570e+00,5.745187774300575256e-02
1.321154501070772813e+00,5.402990803122520447e-02
1.321306587856619918e+00,5.500933900475502014e-02
1.321458514483639712e+00,5.558593943715095520e-02
1.321610281288796651e+00,5.546655878424644470e-02
1.321761888607992041e+00,5.662231147289276123e-02
1.321913336776069148e+00,5.715164169669151306e-02
1.322064626126818521e+00,5.550020560622215271e-02
1.322215756992981328e+00,5.660917982459068298e-02
1.322366729706254240e+00,5.336118116974830627e-02
1.322517544597293648e+00,5.605287477374076843e-02
1.322668201995719883e+00,5.466177314519882202e-02
1.322818702230121657e+00,5.368956923484802246e-02
1.322969045628060947e+00,5.703115463256835938e-02
1.323119232516076327e+00,5.797360464930534363e-02
1.323269263219687630e+00,5.489289760589599609e-02
1.323419138063400391e+00,5.334666743874549866e-02
1.323568857370709839e+00,5.199082940816879272e-02
1.323718421464104456e+00,5.443439632654190063e-02
1.323867830665071743e+00,5.408672988414764404e-02
1.324017085294101115e+00,5.660603567957878113e-02
1.324166185670687890e+00,5.541083589196205139e-02
1.324315132113338400e+00,5.359843745827674866e-02
1.324463924939573101e+00,5.344039946794509888e-02
1.324612564465931008e+00,5.416924878954887390e-02
1.324761051007974366e+00,5.368014052510261536e-02
1.324909384880291086e+00,5.510044470429420471e-02
1.325057566396500963e+00,5.298976600170135498e-02
1.325205595869256792e+00,5.275690928101539612e-02
1.325353473610251687e+00,5.385271832346916199e-02
1.325501199930220197e+00,5.338787660002708435e-02
1.325648775138943192e+00,5.620721727609634399e-02
1.325796199545252740e+00,5.324200913310050964e-02
1.325943473457034782e+00,5.496254563331604004e-02
1.326090597181232233e+00,5.514558032155036926e-02
1.326237571023852091e+00,5.146735161542892456e-02
1.326384395289964768e+00,5.270357057452201843e-02
1.326531070283712088e+00,5.381593480706214905e-02
1.326677596308307949e+00,5.467907339334487915e-02
1.326823973666043877e+00,5.487059801816940308e-02
1.326970202658292131e+00,5.418032035231590271e-02
1.327116283585509038e+00,5.238272622227668762e-02
1.327262216747240098e+00,5.551201105117797852e-02
1.327408002442121981e+00,5.500873178243637085e-02
1.327553640967886972e+00,5.084279179573059082e-02
1.327699132621367184e+00,5.154003202915191650e-02
1.327844477698497005e+00,5.109327659010887146e-02
1.327989676494317317e+00,5.179436877369880676e-02
1.328134729302979267e+00,5.383111163973808289e-02
1.328279636417748044e+00,5.191092565655708313e-02
1.328424398131005102e+00,5.140106752514839172e-02
1.328569014734253262e+00,5.374672636389732361e-02
1.328713486518119824e+00,5.076310783624649048e-02
1.328857813772359453e+00,5.217259749770164490e-02
1.329001996785857731e+00,5.062357708811759949e-02
1.329146035846635820e+00,5.247084796428680420e-02
1.329289931241852463e+00,5.202153697609901428e-02
1.329433683257808196e+00,5.311193317174911499e-02
1.329577292179948689e+00,5.228483676910400391e-02
1.329720758292867844e+00,5.109072476625442505e-02
1.329864081880311577e+00,5.243847519159317017e-02
1.330007263225180703e+00,5.090780556201934814e-02
1.330150302609534929e+00,5.389732867479324341e-02
1.330293200314595303e+00,4.957988113164901733e-02
1.330435956620748872e+00,5.156118422746658325e-02
1.330578571807550459e+00,5.149500817060470581e-02
1.330721046153726661e+00,5.358789116144180298e-02
1.330863379937179625e+00,5.031995102763175964e-02
1.331005573434989708e+00,5.354031920433044434e-02
1.331147626923418148e+00,5.360507965087890625e-02
1.331289540677911276e+00,5.326898023486137390e-02
1.331431314973104296e+00,5.217910185456275940e-02
1.331572950082821949e+00,5.335716530680656433e-02
1.331714446280084285e+00,5.153185501694679260e-02
1.331855803837108887e+00,5.096498504281044006e-02
1.331997023025313531e+00,4.963945969939231873e-02
1.332138104115319521e+00,5.378426611423492432e-02
1.332279047376955683e+00,5.176288262009620667e-02
1.332419853079260808e+00,5.067612603306770325e-02
1.332560521490485872e+00,5.101450905203819275e-02
1.332701052878098702e+00,5.150982365012168884e-02
1.332841447508786192e+00,5.131864920258522034e-02
1.332981705648456972e+00,4.961885511875152588e-02
1.333121827562245398e+00,4.911129176616668701e-02
1.333261813514513561e+00,5.059697106480598450e-02
1.333401663768855272e+00,5.072268843650817871e-02
1.333541378588098514e+00,4.932396113872528076e-02
1.333680958234307656e+00,4.921253025531768799e-02
1.333820402968787899e+00,5.134171620011329651e-02
1.333959713052087270e+00,5.085970833897590637e-02
1.334098888743999733e+00,5.148502066731452942e-02
1.334237930303568298e+00,4.924428462982177734e-02
1.334376837989087461e+00,5.131542682647705078e-02
1.334515612058106315e+00,4.880799725651741028e-02
1.334654252767431659e+00,5.004241690039634705e-02
1.334792760373130438e+00,4.982687160372734070e-02
1.334931135130533297e+00,4.879987239837646484e-02
1.335069377294235915e+00,4.968134313821792603e-02
1.335207487118104108e+00,5.019384622573852539e-02
1.335345464855273834e+00,5.069344863295555115e-02
1.335483310758156739e+00,5.087113752961158752e-02
1.335621025078441049e+00,5.067666620016098022e-02
1.335758608067094899e+00,4.896976053714752197e-02
1.335896059974368999e+00,4.858174920082092285e-02
1.336033381049799740e+00,4.893892630934715271e-02
1.336170571542211638e+00,4.805732145905494690e-02
1.336307631699720000e+00,5.137737095355987549e-02
1.336444561769733363e+00,4.897315427660942078e-02
1.336581361998956829e+00,4.982649534940719604e-02
1.336718032633394282e+00,4.700053110718727112e-02
1.336854573918351052e+00,5.018146336078643799e-02
1.336990986098436363e+00,5.157390981912612915e-02
1.337127269417567099e+00,4.740674421191215515e-02
1.337263424118968480e+00,4.985017701983451843e-02
1.337399450445178717e+00,4.915697127580642700e-02
1.337535348638049904e+00,4.987934231758117676e-02
1.337671118938751347e+00,5.037943646311759949e-02
1.337806761587772675e+00,4.996220022439956665e-02
1.337942276824925392e+00,4.894807562232017517e-02
1.338077664889345764e+00,4.753496497869491577e-02
1.338212926019497928e+00,4.986180737614631653e-02
1.338348060453175226e+00,4.804072901606559753e-02
1.338483068427504419e+00,4.787095636129379272e-02
1.338617950178946137e+00,4.814368858933448792e-02
1.338752705943299093e+00,4.910174012184143066e-02
1.338887335955701419e+00,5.005676299333572388e-02
1.339021840450633771e+00,4.800876975059509277e-02
1.339156219661921998e+00,4.997634887695312500e-02
1.339290473822738248e+00,4.802025109529495239e-02
1.339424603165605188e+00,4.673240706324577332e-02
1.339558607922396671e+00,4.829405248165130615e-02
1.339692488324342401e+00,4.625237360596656799e-02
1.339826244602027483e+00,4.736049473285675049e-02
1.339959876985397091e+00,4.780300334095954895e-02
1.340093385703758022e+00,4.868987202644348145e-02
1.340226770985780247e+00,4.797101765871047974e-02
1.340360033059501133e+00,4.869528114795684814e-02
1.340493172152326107e+00,4.723087698221206665e-02
1.340626188491031545e+00,4.636945948004722595e-02
1.340759082301768101e+00,4.776926711201667786e-02
1.340891853810060041e+00,4.897686094045639038e-02
1.341024503240811683e+00,4.730059951543807983e-02
1.341157030818306728e+00,4.738124832510948181e-02
1.341289436766210486e+00,4.744319617748260498e-02
1.341421721307574089e+00,4.813977703452110291e-02
1.341553884664836049e+00,4.586376622319221497e-02
1.341685927059822481e+00,4.862464964389801025e-02
1.341817848713752648e+00,4.580439627170562744e-02
1.341949649847238302e+00,4.590376093983650208e-02
1.342081330680288120e+00,4.670552164316177368e-02
1.342212891432307709e+00,4.748523235321044922e-02
1.342344332322104261e+00,4.661383107304573059e-02
1.342475653567886784e+00,4.743437469005584717e-02
1.342606855387268983e+00,4.584472626447677612e-02
1.342737937997271258e+00,4.415914043784141541e-02
1.342868901614323374e+00,4.769371822476387024e-02
1.342999746454265564e+00,4.636870697140693665e-02
1.343130472732352754e+00,4.614791274070739746e-02
1.343261080663253448e+00,4.701847955584526062e-02
1.343391570461054840e+00,4.593127965927124023e-02
1.343521942339263475e+00,4.663800820708274841e-02
1.343652196510807473e+00,4.670961946249008179e-02
1.343782333188038525e+00,4.453145340085029602e-02
1.343912352582734560e+00,4.716962575912475586e-02
1.344042254906101963e+00,4.697146639227867126e-02
1.344172040368775356e+00,4.521097242832183838e-02
1.344301709180823812e+00,4.581435397267341614e-02
1.344431261551748191e+00,4.479246586561203003e-02
1.344560697690487139e+00,4.455322399735450745e-02
1.344690017805416637e+00,4.482307657599449158e-02
1.344819222104352896e+00,4.527725279331207275e-02
1.344948310794554347e+00,4.523098096251487732e-02
1.345077284082723645e+00,4.660512506961822510e-02
1.345206142175009223e+00,4.409456998109817505e-02
1.345334885277008841e+00,4.509062692523002625e-02
1.345463513593768257e+00,4.366875067353248596e-02
1.345592027329787221e+00,4.644279554486274719e-02
1.345720426689018367e+00,4.610807821154594421e-02
1.345848711874870762e+00,4.546147212386131287e-02
1.345976883090210796e+00,4.516047239303588867e-02
1.346104940537365513e+00,4.711749777197837830e-02
1.346232884418122833e+00,4.377972334623336792e-02
1.346360714933734437e+00,4.408704116940498352e-02
1.346488432284918213e+00,4.485263675451278687e-02
1.346616036671858696e+00,4.585864022374153137e-02
1.346743528294209957e+00,4.469947144389152527e-02
1.346870907351096935e+00,4.565954953432083130e-02
1.346998174041118546e+00,4.390855506062507629e-02
1.347125328562347235e+00,4.581430926918983459e-02
1.347252371112333202e+00,4.589814320206642151e-02
1.347379301888105063e+00,4.587719589471817017e-02
1.347506121086170960e+00,4.464811459183692932e-02
1.347632828902523006e+00,4.492099955677986145e-02
1.347759425532635946e+00,4.457552358508110046e-02
1.347885911171470275e+00,4.248224943876266479e-02
1.348012286013475336e+00,4.328957572579383850e-02
1.348138550252589107e+00,4.386897385120391846e-02
1.348264704082240861e+00,4.454931989312171936e-02
1.348390747695352943e+00,4.494262486696243286e-02
1.348516681284342544e+00,4.287625849246978760e-02
1.348642505041123485e+00,4.452983289957046509e-02
1.348768219157107984e+00,4.449721425771713257e-02
1.348893823823207994e+00,4.314580559730529785e-02
1.349019319229837199e+00,4.278949275612831116e-02
1.349144705566913460e+00,4.418385773897171021e-02
1.349269983023858810e+00,4.472770914435386658e-02
1.349395151789603675e+00,4.264267161488533020e-02
1.349520212052585988e+00,4.342685267329216003e-02
1.349645164000754516e+00,4.543077200651168823e-02
1.349770007821569751e+00,4.338141530752182007e-02
1.349894743702006794e+00,4.317470639944076538e-02
1.350019371828555137e+00,4.251861572265625000e-02
1.350143892387221989e+00,4.186115041375160217e-02
1.350268305563533389e+00,4.428077861666679382e-02
1.350392611542535537e+00,4.310655593872070312e-02
1.350516810508797017e+00,4.385409876704216003e-02
1.350640902646409902e+00,4.256171360611915588e-02
1.350764888138991315e+00,4.249328747391700745e-02
1.350888767169686311e+00,4.248271510004997253e-02
1.351012539921167876e+00,4.395145177841186523e-02
1.351136206575639376e+00,4.347288608551025391e-02
1.351259767314836102e+00,4.412961751222610474e-02
1.351383222320026389e+00,4.391810297966003418e-02
1.351506571772014720e+00,4.404781386256217957e-02
1.351629815851140615e+00,4.357662424445152283e-02
1.351752954737283297e+00,4.408393055200576782e-02
1.351875988609861245e+00,4.349572956562042236e-02
1.351998917647833531e+00,4.374484717845916748e-02
1.352121742029703588e+00,4.311041161417961121e-02
1.352244461933517883e+00,4.360653460025787354e-02
1.352367077536870354e+00,4.238583892583847046e-02
1.352489589016901306e+00,4.361331462860107422e-02
1.352611996550300510e+00,4.281239211559295654e-02
1.352734300313308768e+00,4.381578043103218079e-02
1.352856500481718793e+00,4.096924886107444763e-02
1.352978597230876767e+00,4.106718301773071289e-02
1.353100590735684339e+00,4.212571680545806885e-02
1.353222481170599290e+00,4.196168109774589539e-02
1.353344268709638865e+00,4.107590392231941223e-02
1.353465953526378440e+00,4.096315428614616394e-02
1.353587535793955299e+00,4.205670207738876343e-02
1.353709015685069961e+00,4.271008074283599854e-02
1.353830393371985519e+00,4.091387614607810974e-02
1.353951669026531857e+00,4.061803221702575684e-02
1.354072842820106093e+00,4.254553467035293579e-02
1.354193914923672581e+00,4.057316854596138000e-02
1.354314885507766686e+00,4.304672405123710632e-02
1.354435754742494558e+00,4.056611657142639160e-02
1.354556522797535800e+00,4.172594845294952393e-02
1.354677189842143692e+00,4.318700358271598816e-02
1.354797756045147183e+00,4.223683476448059082e-02
1.354918221574952675e+00,4.139044135808944702e-02
1.355038586599544459e+00,4.258876293897628784e-02
1.355158851286487831e+00,4.078328609466552734e-02
1.355279015802927756e+00,4.088217392563819885e-02
1.355399080315593530e+00,4.228025674819946289e-02
1.355519044990797672e+00,4.083518311381340027e-02
1.355638909994437924e+00,4.197769984602928162e-02
1.355758675491999687e+00,4.084084555506706238e-02
1.355878341648555585e+00,4.138408228754997253e-02
1.355997908628769233e+00,4.133590683341026306e-02
1.356117376596893243e+00,4.016160964965820312e-02
1.356236745716774328e+00,4.031035304069519043e-02
1.356356016151851751e+00,3.973571583628654480e-02
1.356475188065160209e+00,4.115734621882438660e-02
1.356594261619330499e+00,3.880466148257255554e-02
1.356713236976591297e+00,4.059317708015441895e-02
1.356832114298769820e+00,4.139618575572967529e-02
1.356950893747294051e+00,4.118448123335838318e-02
1.357069575483193624e+00,3.976233676075935364e-02
1.357188159667100269e+00,4.042660444974899292e-02
1.357306646459251365e+00,4.071002453565597534e-02
1.357425036019488163e+00,4.290544241666793823e-02
1.357543328507260005e+00,4.062546044588088989e-02
1.357661524081623883e+00,3.899593278765678406e-02
1.357779622901246208e+00,4.048484936356544495e-02
1.357897625124403485e+00,4.052671417593955994e-02
1.358015530908985635e+00,3.973015025258064270e-02
1.358133340412494006e+00,4.060176014900207520e-02
1.358251053792045804e+00,4.046592116355895996e-02
1.358368671204373435e+00,4.273491352796554565e-02
1.358486192805825832e+00,3.943835943937301636e-02
1.358603618752371123e+00,3.899965062737464905e-02
1.358720949199595740e+00,4.036440700292587280e-02
1.358838184302707752e+00,4.078956693410873413e-02
1.358955324216537308e+00,3.950945660471916199e-02
1.359072369095536414e+00,3.930453956127166748e-02
1.359189319093783155e+00,4.006421566009521484e-02
1.359306174364980135e+00,3.935581818222999573e-02
1.359422935062456483e+00,4.014172032475471497e-02
1.359539601339170511e+00,3.958858922123908997e-02
1.359656173347708830e+00,3.821988776326179504e-02
1.359772651240289010e+00,4.135353863239288330e-02
1.359889035168760030e+00,3.814659267663955688e-02
1.360005325284603162e+00,3.903670981526374817e-02
1.360121521738934636e+00,3.989025205373764038e-02
1.360237624682504975e+00,4.031865671277046204e-02
1.360353634265701661e+00,4.043044149875640869e-02
1.360469550638549574e+00,3.936637192964553833e-02
1.360585373950711885e+00,4.049360007047653198e-02
1.360701104351491608e+00,3.932327404618263245e-02
1.360816741989833156e+00,4.019650071859359741e-02
1.360932287014323006e+00,4.064252600073814392e-02
1.361047739573190807e+00,4.042893275618553162e-02
1.361163099814310495e+00,4.060093313455581665e-02
1.361278367885201623e+00,3.796915709972381592e-02
1.361393543933030692e+00,3.869089856743812561e-02
1.361508628104611374e+00,3.771162778139114380e-02
1.361623620546407176e+00,4.008162394165992737e-02
1.361738521404530999e+00,3.933861851692199707e-02
1.361853330824746910e+00,3.660373389720916748e-02
1.361968048952471699e+00,4.045036807656288147e-02
1.362082675932775544e+00,3.933189436793327332e-02
1.362197211910382233e+00,3.828455880284309387e-02
1.362311657029672274e+00,3.933914378285408020e-02
1.362426011434682227e+00,3.771724924445152283e-02
1.362540275269106482e+00,3.856722638010978699e-02
1.362654448676297925e+00,3.962742537260055542e-02
1.362768531799270599e+00,3.851720318198204041e-02
1.362882524780698157e+00,3.853735327720642090e-02
1.362996427762917184e+00,3.737436980009078979e-02
1.363110240887926539e+00,3.912588953971862793e-02
1.363223964297390456e+00,3.680936992168426514e-02
1.363337598132637218e+00,3.836223110556602478e-02
1.363451142534662486e+00,3.854541853070259094e-02
1.363564597644128629e+00,3.838016465306282043e-02
1.363677963601366505e+00,3.877360001206398010e-02
1.363791240546376793e+00,3.834290429949760437e-02
1.363904428618829989e+00,3.906092420220375061e-02
1.364017527958068632e+00,3.751671686768531799e-02
1.364130538703107742e+00,3.758767247200012207e-02
1.364243460992635493e+00,3.849609568715095520e-02
1.364356294965015426e+00,3.710317239165306091e-02
1.364469040758286011e+00,3.892811387777328491e-02
1.364581698510162644e+00,3.725177422165870667e-02
1.364694268358038309e+00,3.597203642129898071e-02
1.364806750438984251e+00,3.812991082668304443e-02
1.364919144889752189e+00,3.771005570888519287e-02
1.365031451846773880e+00,3.828667104244232178e-02
1.365143671446162887e+00,3.789214417338371277e-02
1.365255803823715031e+00,3.752509132027626038e-02
1.365367849114910381e+00,3.636823967099189758e-02
1.365479807454913042e+00,3.794490173459053040e-02
1.365591678978572920e+00,3.800411149859428406e-02
1.365703463820426622e+00,3.695784881711006165e-02
1.365815162114697889e+00,3.843964636325836182e-02
1.365926773995299159e+00,3.720254823565483093e-02
1.366038299595832450e+00,3.585267066955566406e-02
1.366149739049590250e+00,3.822669386863708496e-02
1.366261092489555740e+00,3.801699727773666382e-02
1.366372360048404566e+00,3.843738138675689697e-02
1.366483541858506845e+00,3.710583224892616272e-02
1.366594638051925381e+00,3.555734455585479736e-02
1.366705648760418779e+00,3.740201890468597412e-02
1.366816574115441441e+00,3.771255537867546082e-02
1.366927414248145789e+00,3.720232471823692322e-02
1.367038169289380711e+00,3.739576786756515503e-02
1.367148839369694446e+00,3.554731234908103943e-02
1.367259424619336139e+00,3.537122905254364014e-02
1.367369925168253841e+00,3.708936274051666260e-02
1.367480341146098954e+00,3.624938055872917175e-02
1.367590672682224007e+00,3.539657965302467346e-02
1.367700919905685764e+00,3.521261736750602722e-02
1.367811082945245449e+00,3.693910315632820129e-02
1.367921161929369189e+00,3.657256439328193665e-02
1.368031156986229124e+00,3.584226965904235840e-02
1.368141068243704739e+00,3.800651803612709045e-02
1.368250895829383973e+00,3.801525756716728210e-02
1.368360639870562556e+00,3.532307967543601990e-02
1.368470300494246228e+00,3.662502765655517578e-02
1.368579877827151847e+00,3.657360747456550598e-02
1.368689371995707615e+00,3.720821440219879150e-02
1.368798783126053742e+00,3.600848838686943054e-02
1.368908111344043999e+00,3.644637390971183777e-02
1.369017356775245498e+00,3.694095835089683533e-02
1.369126519544942022e+00,3.475905954837799072e-02
1.369235599778130918e+00,3.569866716861724854e-02
1.369344597599528424e+00,3.631830587983131409e-02
1.369453513133566780e+00,3.652915358543395996e-02
1.369562346504397121e+00,3.656039014458656311e-02
1.369671097835889695e+00,3.747317939996719360e-02
1.369779767251635416e+00,3.611447662115097046e-02
1.369888354874945202e+00,3.559762984514236450e-02
1.369996860828852414e+00,3.618026152253150940e-02
1.370105285236113080e+00,3.446082398295402527e-02
1.370213628219206115e+00,3.526533767580986023e-02
1.370321889900334877e+00,3.582860156893730164e-02
1.370430070401428280e+00,3.560084849596023560e-02
1.370538169844140564e+00,3.660697489976882935e-02
1.370646188349853523e+00,3.480896353721618652e-02
1.370754126039675169e+00,3.507076948881149292e-02
1.370861983034443066e+00,3.542267531156539917e-02
1.370969759454723436e+00,3.413372859358787537e-02
1.371077455420812941e+00,3.526604548096656799e-02
1.371185071052738680e+00,3.528187423944473267e-02
1.371292606470259301e+00,3.405945748090744019e-02
1.371400061792865666e+00,3.470576554536819458e-02
1.371507437139782848e+00,3.647635504603385925e-02
1.371614732629968358e+00,3.812142461538314819e-02
1.371721948382116141e+00,3.557922691106796265e-02
1.371829084514654351e+00,3.433557227253913879e-02
1.371936141145748245e+00,3.464510664343833923e-02
1.372043118393300176e+00,3.572856634855270386e-02
1.372150016374950043e+00,3.474526852369308472e-02
1.372256835208076842e+00,3.405477479100227356e-02
1.372363575009798664e+00,3.550264239311218262e-02
1.372470235896974033e+00,3.444853797554969788e-02
1.372576817986202791e+00,3.377912938594818115e-02
1.372683321393826095e+00,3.426923602819442749e-02
1.372789746235927533e+00,3.534287586808204651e-02
1.372896092628334452e+00,3.460414335131645203e-02
1.373002360686617740e+00,3.442497923970222473e-02
1.373108550526093818e+00,3.620218858122825623e-02
1.373214662261823982e+00,3.695437684655189514e-02
1.373320696008615949e+00,3.347295522689819336e-02
1.373426651881024751e+00,3.428874164819717407e-02
1.373532529993352735e+00,3.370934352278709412e-02
1.373638330459651558e+00,3.442271053791046143e-02
1.373744053393721298e+00,3.428057581186294556e-02
1.373849698909112682e+00,3.494758531451225281e-02
1.373955267119126633e+00,3.480025380849838257e-02
1.374060758136815608e+00,3.274663910269737244e-02
1.374166172074985148e+00,3.529065474867820740e-02
1.374271509046192108e+00,3.429055213928222656e-02
1.374376769162748202e+00,3.531319648027420044e-02
1.374481952536719565e+00,3.359192237257957458e-02
1.374587059279926526e+00,3.350112214684486389e-02
1.374692089503945613e+00,3.293945640325546265e-02
1.374797043320109990e+00,3.378233686089515686e-02
1.374901920839509906e+00,3.430021181702613831e-02
1.375006722172993356e+00,3.318553045392036438e-02
1.375111447431167422e+00,3.388820588588714600e-02
1.375216096724397818e+00,3.336930647492408752e-02
1.375320670162810677e+00,3.539926558732986450e-02
1.375425167856292985e+00,3.494267538189888000e-02
1.375529589914492590e+00,3.296084702014923096e-02
1.375633936446819972e+00,3.461917489767074585e-02
1.375738207562448245e+00,3.388713672757148743e-02
1.375842403370313383e+00,3.405455872416496277e-02
1.375946523979116209e+00,3.372130542993545532e-02
1.376050569497322185e+00,3.399022668600082397e-02
1.376154540033162288e+00,3.441485017538070679e-02
1.376258435694633464e+00,3.551014885306358337e-02
1.376362256589499955e+00,3.397310152649879456e-02
1.376466002825292634e+00,3.375324979424476624e-02
1.376569674509311891e+00,3.539022058248519897e-02
1.376673271748625638e+00,3.307005390524864197e-02
1.376776794650072189e+00,3.285317122936248779e-02
1.376880243320259378e+00,3.463961929082870483e-02
1.376983617865566334e+00,3.303216397762298584e-02
1.377086918392143700e+00,3.359864279627799988e-02
1.377190145005914079e+00,3.227547183632850647e-02
1.377293297812572925e+00,3.206328302621841431e-02
1.377396376917588983e+00,3.200504556298255920e-02
1.377499382426205399e+00,3.311963751912117004e-02
1.377602314443439946e+00,3.197952359914779663e-02
1.377705173074085465e+00,3.350723907351493835e-02
1.377807958422710755e+00,3.240622952580451965e-02
1.377910670593662568e+00,3.282919153571128845e-02
1.378013309691062949e+00,3.272167965769767761e-02
1.378115875818813674e+00,3.192497789859771729e-02
1.378218369080593808e+00,3.404689580202102661e-02
1.378320789579862371e+00,3.184984996914863586e-02
1.378423137419857447e+00,3.231025859713554382e-02
1.378525412703598407e+00,3.381486237049102783e-02
1.378627615533885020e+00,3.203684091567993164e-02
1.378729746013299451e+00,3.173022344708442688e-02
1.378831804244205372e+00,3.152339160442352295e-02
1.378933790328749742e+00,3.348635509610176086e-02
1.379035704368862802e+00,3.098418563604354858e-02
1.379137546466259856e+00,3.192841634154319763e-02
1.379239316722439268e+00,3.332535549998283386e-02
1.379341015238686463e+00,3.127667680382728577e-02
1.379442642116071926e+00,3.162976354360580444e-02
1.379544197455452759e+00,3.158710896968841553e-02
1.379645681357472897e+00,3.362720459699630737e-02
1.379747093922565337e+00,3.147881478071212769e-02
1.379848435250949912e+00,3.225336968898773193e-02
1.379949705442636398e+00,3.187948837876319885e-02
1.380050904597423855e+00,3.136903792619705200e-02
1.380152032814900842e+00,3.287839889526367188e-02
1.380253090194447640e+00,3.141029924154281616e-02
1.380354076835235366e+00,3.237067162990570068e-02
1.380454992836226857e+00,3.035869821906089783e-02
1.380555838296178006e+00,3.116931766271591187e-02
1.380656613313636871e+00,3.106266073882579803e-02
1.380757317986945676e+00,3.229841962456703186e-02
1.380857952414241030e+00,3.070757538080215454e-02
1.380958516693453930e+00,3.171375021338462830e-02
1.381059010922311314e+00,3.135875239968299866e-02
1.381159435198334950e+00,3.066646307706832886e-02
1.381259789618844325e+00,3.154059126973152161e-02
1.381360074280954864e+00,3.147004544734954834e-02
1.381460289281580822e+00,3.167042136192321777e-02
1.381560434717433727e+00,3.165078163146972656e-02
1.381660510685023713e+00,3.163937479257583618e-02
1.381760517280661293e+00,3.237189725041389465e-02
1.381860454600455368e+00,3.214085474610328674e-02
1.381960322740316771e+00,3.116249851882457733e-02
1.382060121795956054e+00,3.181953355669975281e-02
1.382159851862885702e+00,3.155505657196044922e-02
1.382259513036421028e+00,3.214345499873161316e-02
1.382359105411678613e+00,3.215088322758674622e-02
1.382458629083578749e+00,3.096654266119003296e-02
1.382558084146846111e+00,3.262160718441009521e-02
1.382657470696008417e+00,2.962892875075340271e-02
1.382756788825398875e+00,3.216335549950599670e-02
1.382856038629156181e+00,3.127091377973556519e-02
1.382955220201224300e+00,3.089735284447669983e-02
1.383054333635354016e+00,3.221984207630157471e-02
1.383153379025102492e+00,3.215280547738075256e-02
1.383252356463835264e+00,3.007545880973339081e-02
1.383351266044724914e+00,3.089440241456031799e-02
1.383450107860753064e+00,3.109588660299777985e-02
1.383548882004709712e+00,3.091780841350555420e-02
1.383647588569195452e+00,3.080089017748832703e-02
1.383746227646620142e+00,3.055926971137523651e-02
1.383844799329204012e+00,3.005396947264671326e-02
1.383943303708979444e+00,3.117099404335021973e-02
1.384041740877789861e+00,2.917256765067577362e-02
1.384140110927290168e+00,3.136656433343887329e-02
1.384238413948948754e+00,3.097658790647983551e-02
1.384336650034046823e+00,3.102967143058776855e-02
1.384434819273679507e+00,3.021943569183349609e-02
1.384532921758756085e+00,2.976422011852264404e-02
1.384630957579999988e+00,3.021412342786788940e-02
1.384728926827950124e+00,3.063541650772094727e-02
1.384826829592961550e+00,3.029026463627815247e-02
1.384924665965205026e+00,3.048880584537982941e-02
1.385022436034667459e+00,2.957755886018276215e-02
1.385120139891154345e+00,2.990397810935974121e-02
1.385217777624287550e+00,2.982515655457973480e-02
1.385315349323507750e+00,3.088366612792015076e-02
1.385412855078073990e+00,2.948507666587829590e-02
1.385510294977064349e+00,3.004040941596031189e-02
1.385607669109377271e+00,3.109202161431312561e-02
1.385704977563730456e+00,3.003107570111751556e-02
1.385802220428662634e+00,2.939385361969470978e-02
1.385899397792533572e+00,2.986502461135387421e-02
1.385996509743524507e+00,3.048389591276645660e-02
1.386093556369639046e+00,2.934003248810768127e-02
1.386190537758702490e+00,2.936533652245998383e-02
1.386287453998364283e+00,2.911144308745861053e-02
1.386384305176096454e+00,3.010986745357513428e-02
1.386481091379195618e+00,2.926214784383773804e-02
1.386577812694782086e+00,3.105458617210388184e-02
1.386674469209801863e+00,2.909711003303527832e-02
1.386771061011025541e+00,3.087856806814670563e-02
1.386867588185050515e+00,2.909532003104686737e-02
1.386964050818299432e+00,2.991798520088195801e-02
1.387060448997022410e+00,2.948205545544624329e-02
1.387156782807296374e+00,2.952218428254127502e-02
1.387253052335026160e+00,2.892675064504146576e-02
1.387349257665944746e+00,2.945662662386894226e-02
1.387445398885613912e+00,2.842343226075172424e-02
1.387541476079423575e+00,2.887325733900070190e-02
1.387637489332594676e+00,2.966990135610103607e-02
1.387733438730176738e+00,2.932904474437236786e-02
1.387829324357050309e+00,2.994430810213088989e-02
1.387925146297927181e+00,2.847818844020366669e-02
1.388020904637349284e+00,3.009393997490406036e-02
1.388116599459691791e+00,2.921138890087604523e-02
1.388212230849160900e+00,2.904949896037578583e-02
1.388307798889796496e+00,2.904899232089519501e-02
1.388403303665470379e+00,2.929790131747722626e-02
1.388498745259888700e+00,2.938828989863395691e-02
1.388594123756591525e+00,2.933956682682037354e-02
1.388689439238953272e+00,2.936353906989097595e-02
1.388784691790182935e+00,2.857539802789688110e-02
1.388879881493325419e+00,2.979334071278572083e-02
1.388975008431260427e+00,2.869500033557415009e-02
1.389070072686704904e+00,2.987792342901229858e-02
1.389165074342211703e+00,2.931481413543224335e-02
1.389260013480170697e+00,2.987695299088954926e-02
1.389354890182809443e+00,2.900555916130542755e-02
1.389449704532193186e+00,2.871243096888065338e-02
1.389544456610225964e+00,2.868408337235450745e-02
1.389639146498649946e+00,2.960801497101783752e-02
1.389733774279046763e+00,2.899127267301082611e-02
1.389828340032837284e+00,2.847034484148025513e-02
1.389922843841282951e+00,2.879417501389980316e-02
1.390017285785485113e+00,2.835334651172161102e-02
1.390111665946386355e+00,2.820277027785778046e-02
1.390205984404769834e+00,2.910571731626987457e-02
1.390300241241261281e+00,2.854093164205551147e-02
1.390394436536327882e+00,3.037929907441139221e-02
1.390488570370279620e+00,2.826239354908466339e-02
1.390582642823268822e+00,2.791621536016464233e-02
1.390676653975292165e+00,2.807967551052570343e-02
1.390770603906188896e+00,2.770966105163097382e-02
1.390864492695643273e+00,2.807130292057991028e-02
1.390958320423183237e+00,2.880924008786678314e-02
1.391052087168182627e+00,2.832242660224437714e-02
1.391145793009860077e+00,2.805727720260620117e-02
1.391239438027279673e+00,2.987018600106239319e-02
1.391333022299352296e+00,2.762146107852458954e-02
1.391426545904834944e+00,2.842873707413673401e-02
1.391520008922331852e+00,2.857331745326519012e-02
1.391613411430294045e+00,2.845942229032516479e-02
1.391706753507020888e+00,2.791978605091571808e-02
1.391800035230659427e+00,2.771678566932678223e-02
1.391893256679205493e+00,2.795735746622085571e-02
1.391986417930503706e+00,2.732039242982864380e-02
1.392079519062248139e+00,2.842003293335437775e-02
1.392172560151982097e+00,2.719800360500812531e-02
1.392265541277099228e+00,2.791447564959526062e-02
1.392358462514844186e+00,2.869576774537563324e-02
1.392451323942311525e+00,2.764606103301048279e-02
1.392544125636447472e+00,2.810059487819671631e-02
1.392636867674049928e+00,2.739942818880081177e-02
1.392729550131768690e+00,2.739509195089340210e-02
1.392822173086106119e+00,2.686628140509128571e-02
1.392914736613416693e+00,2.770150266587734222e-02
1.393007240789908563e+00,2.803367935121059418e-02
1.393099685691643774e+00,2.700248733162879944e-02
1.393192071394537379e+00,2.816430479288101196e-02
1.393284397974358990e+00,2.675089612603187561e-02
1.393376665506733003e+00,2.778642997145652771e-02
1.393468874067138596e+00,2.650675363838672638e-02
1.393561023730910842e+00,2.773246355354785919e-02
1.393653114573239593e+00,2.807754464447498322e-02
1.393745146669171930e+00,2.658288180828094482e-02
1.393837120093609938e+00,2.835229597985744476e-02
1.393929034921314480e+00,2.660119347274303436e-02
1.394020891226902092e+00,2.670800499618053436e-02
1.394112689084846979e+00,2.760701999068260193e-02
1.394204428569482346e+00,2.654882892966270447e-02
1.394296109754998625e+00,2.722964808344841003e-02
1.394387732715445471e+00,2.824456989765167236e-02
1.394479297524730876e+00,2.786807529628276825e-02
1.394570804256622942e+00,2.694669924676418304e-02
1.394662252984749218e+00,2.646969817578792572e-02
1.394753643782597585e+00,2.694578655064105988e-02
1.394844976723515595e+00,2.780565991997718811e-02
1.394936251880712463e+00,2.795706689357757568e-02
1.395027469327257741e+00,2.893760614097118378e-02
1.395118629136083310e+00,2.758374623954296112e-02
1.395209731379982276e+00,2.746746689081192017e-02
1.395300776131610077e+00,2.568937279284000397e-02
1.395391763463484480e+00,2.708728983998298645e-02
1.395482693447987144e+00,2.691505104303359985e-02
1.395573566157361611e+00,2.604174055159091949e-02
1.395664381663715314e+00,2.641167119145393372e-02
1.395755140039020459e+00,2.713800966739654541e-02
1.395845841355112693e+00,2.677361108362674713e-02
1.395936485683691997e+00,2.594115398824214935e-02
1.396027073096324678e+00,2.744205668568611145e-02
1.396117603664440932e+00,2.706818096339702606e-02
1.396208077459336616e+00,2.648578025400638580e-02
1.396298494552174585e+00,2.681523561477661133e-02
1.396388855013983132e+00,2.637250721454620361e-02
1.396479158915657326e+00,2.551179379224777222e-02
1.396569406327959451e+00,2.589115500450134277e-02
1.396659597321518564e+00,2.611453272402286530e-02
1.396749731966832053e+00,2.584178745746612549e-02
1.396839810334264520e+00,2.698175050318241119e-02
1.396929832494049561e+00,2.690695598721504211e-02
1.397019798516288658e+00,2.623177133500576019e-02
1.397109708470952727e+00,2.706558443605899811e-02
1.397199562427881903e+00,2.565265260636806488e-02
1.397289360456785534e+00,2.533364482223987579e-02
1.397379102627243519e+00,2.553202025592327118e-02
1.397468789008705414e+00,2.611558325588703156e-02
1.397558419670491769e+00,2.660644240677356720e-02
1.397647994681793460e+00,2.658149600028991699e-02
1.397737514111673018e+00,2.700820937752723694e-02
1.397826978029064637e+00,2.593411318957805634e-02
1.397916386502773722e+00,2.662914991378784180e-02
1.398005739601478226e+00,2.562529593706130981e-02
1.398095037393728868e+00,2.522600442171096802e-02
1.398184279947948694e+00,2.527763508260250092e-02
1.398273467332433739e+00,2.589014358818531036e-02
1.398362599615354140e+00,2.573797851800918579e-02
1.398451676864752802e+00,2.644951082766056061e-02
1.398540699148547617e+00,2.536253072321414948e-02
1.398629666534530136e+00,2.525968663394451141e-02
1.398718579090367342e+00,2.444364130496978760e-02
1.398807436883600097e+00,2.510800771415233612e-02
1.398896239981645584e+00,2.553668804466724396e-02
1.398984988451795530e+00,2.563160471618175507e-02
1.399073682361218873e+00,2.434280328452587128e-02
1.399162321776959317e+00,2.584346011281013489e-02
1.399250906765938440e+00,2.542453445494174957e-02
1.399339437394953478e+00,2.452268078923225403e-02
1.399427913730679318e+00,2.536012418568134308e-02
1.399516335839668280e+00,2.533767558634281158e-02
1.399604703788350335e+00,2.613996341824531555e-02
1.399693017643033111e+00,2.535545267164707184e-02
1.399781277469902996e+00,2.515858598053455353e-02
1.399869483335024922e+00,2.597995847463607788e-02
1.399957635304342807e+00,2.637290582060813904e-02
1.400045733443678886e+00,2.531543746590614319e-02
1.400133777818736380e+00,2.495603822171688080e-02
1.400221768495097052e+00,2.453162707388401031e-02
1.400309705538222982e+00,2.445091307163238525e-02
1.400397589013457456e+00,2.609946206212043762e-02
1.400485418986022967e+00,2.517873235046863556e-02
1.400573195521024550e+00,2.490316517651081085e-02
1.400660918683447331e+00,2.455973438918590546e-02
1.400748588538158090e+00,2.617140486836433411e-02
1.400836205149905922e+00,2.664602361619472504e-02
1.400923768583322016e+00,2.486189454793930054e-02
1.401011278902919432e+00,2.521200850605964661e-02
1.401098736173093995e+00,2.452096343040466309e-02
1.401186140458124729e+00,2.706799842417240143e-02
1.401273491822174533e+00,2.407375350594520569e-02
1.401360790329288175e+00,2.531843446195125580e-02
1.401448036043395629e+00,2.481081336736679077e-02
1.401535229028310514e+00,2.380588650703430176e-02
1.401622369347730768e+00,2.422529831528663635e-02
1.401709457065239306e+00,2.512714453041553497e-02
1.401796492244303360e+00,2.533477172255516052e-02
1.401883474948275587e+00,2.496830746531486511e-02
1.401970405240394735e+00,2.403929270803928375e-02
1.402057283183784309e+00,2.499457448720932007e-02
1.402144108841454573e+00,2.528032101690769196e-02
1.402230882276301660e+00,2.492678165435791016e-02
1.402317603551109126e+00,2.452822774648666382e-02
1.402404272728545953e+00,2.593767829239368439e-02
1.402490889871169433e+00,2.514588087797164917e-02
1.402577455041423615e+00,2.493808604776859283e-02
1.402663968301640640e+00,2.562514878809452057e-02
1.402750429714040514e+00,2.466891333460807800e-02
1.402836839340731112e+00,2.443918026983737946e-02
1.402923197243708842e+00,2.591870725154876709e-02
1.403009503484859311e+00,2.394180931150913239e-02
1.403095758125956438e+00,2.391286753118038177e-02
1.403181961228664232e+00,2.418170496821403503e-02
1.403268112854535232e+00,2.445403486490249634e-02
1.403354213065012956e+00,2.312316186726093292e-02
1.403440261921429899e+00,2.473629452288150787e-02
1.403526259485009309e+00,2.375370077788829803e-02
1.403612205816865188e+00,2.498645149171352386e-02
1.403698100978002072e+00,2.451479993760585785e-02
1.403783945029315916e+00,2.327722311019897461e-02
1.403869738031593650e+00,2.463550679385662079e-02
1.403955480045514070e+00,2.471910044550895691e-02
1.404041171131648280e+00,2.386157959699630737e-02
1.404126811350458137e+00,2.417119778692722321e-02
1.404212400762299806e+00,2.446015551686286926e-02
1.404297939427420427e+00,2.507057227194309235e-02
1.404383427405961005e+00,2.366467379033565521e-02
1.404468864757955071e+00,2.372211590409278870e-02
1.404554251543330246e+00,2.413824014365673065e-02
1.404639587821907343e+00,2.477782405912876129e-02
1.404724873653401040e+00,2.425807155668735504e-02
1.404810109097420545e+00,2.278835326433181763e-02
1.404895294213469148e+00,2.388423122465610504e-02
1.404980429060945113e+00,2.383963763713836670e-02
1.405065513699140789e+00,2.282955683767795563e-02
1.405150548187245052e+00,2.365619130432605743e-02
1.405235532584341085e+00,2.440769225358963013e-02
1.405320466949408154e+00,2.446584589779376984e-02
1.405405351341320941e+00,2.428330294787883759e-02
1.405490185818851323e+00,2.283606678247451782e-02
1.405574970440666371e+00,2.352152764797210693e-02
1.405659705265330572e+00,2.307082153856754303e-02
1.405744390351304718e+00,2.440268918871879578e-02
1.405829025756947459e+00,2.380817756056785583e-02
1.405913611540513974e+00,2.166958525776863098e-02
1.405998147760157968e+00,2.333784289658069611e-02
1.406082634473929227e+00,2.433655411005020142e-02
1.406167071739778285e+00,2.321776933968067169e-02
1.406251459615551536e+00,2.293443121016025543e-02
1.406335798158995010e+00,2.267806045711040497e-02
1.406420087427753707e+00,2.250665798783302307e-02
1.406504327479371375e+00,2.331774868071079254e-02
1.406588518371290730e+00,2.267236635088920593e-02
1.406672660160854127e+00,2.336750924587249756e-02
1.406756752905304220e+00,2.387833036482334137e-02
1.406840796661783077e+00,2.247031219303607941e-02
1.406924791487332627e+00,2.302400767803192139e-02
1.407008737438895984e+00,2.296316809952259064e-02
1.407092634573316792e+00,2.332154661417007446e-02
1.407176482947338769e+00,2.422291226685047150e-02
1.407260282617607938e+00,2.339860610663890839e-02
1.407344033640670844e+00,2.351004257798194885e-02
1.407427736072976110e+00,2.372947521507740021e-02
1.407511389970873550e+00,2.334437891840934753e-02
1.407594995390615722e+00,2.298642508685588837e-02
1.407678552388356819e+00,2.353863418102264404e-02
1.407762061020153999e+00,2.293130382895469666e-02
1.407845521341966721e+00,2.362900599837303162e-02
1.407928933409657857e+00,2.388591878116130829e-02
1.408012297278993019e+00,2.256396785378456116e-02
1.408095613005641455e+00,2.285143174231052399e-02
1.408178880645176045e+00,2.332361415028572083e-02
1.408262100253073301e+00,2.244568057358264923e-02
1.408345271884713368e+00,2.260070480406284332e-02
1.408428395595382021e+00,2.334130182862281799e-02
1.408511471440268226e+00,2.348309010267257690e-02
1.408594499474466577e+00,2.233373932540416718e-02
1.408677479752975303e+00,2.321436256170272827e-02
1.408760412330699152e+00,2.141847833991050720e-02
1.408843297262447836e+00,2.242792956531047821e-02
1.408926134602936253e+00,2.387718483805656433e-02
1.409008924406785379e+00,2.257115952670574188e-02
1.409091666728522485e+00,2.253528684377670288e-02
1.409174361622580918e+00,2.245304360985755920e-02
1.409257009143299655e+00,2.218984439969062805e-02
1.409339609344925748e+00,2.298713475465774536e-02
1.409422162281612101e+00,2.272595837712287903e-02
1.409504668007419248e+00,2.250210195779800415e-02
1.409587126576314908e+00,2.298342436552047729e-02
1.409669538042173986e+00,2.258696779608726501e-02
1.409751902458779238e+00,2.275446243584156036e-02
1.409834219879821715e+00,2.356971986591815948e-02
1.409916490358900099e+00,2.249075658619403839e-02
1.409998713949522253e+00,2.213993109762668610e-02
1.410080890705103673e+00,2.247040718793869019e-02
1.410163020678969037e+00,2.251170948147773743e-02
1.410245103924351984e+00,2.252040617167949677e-02
1.410327140494395337e+00,2.226006053388118744e-02
1.410409130442151548e+00,2.292348630726337433e-02
1.410491073820582031e+00,2.326335571706295013e-02
1.410572970682558713e+00,2.180952951312065125e-02
1.410654821080863153e+00,2.140107564628124237e-02
1.410736625068187422e+00,2.256584167480468750e-02
1.410818382697133222e+00,2.209867723286151886e-02
1.410900094020214102e+00,2.258261479437351227e-02
1.410981759089853238e+00,2.190070599317550659e-02
1.411063377958385434e+00,2.385011129081249237e-02
1.411144950678057342e+00,2.214872278273105621e-02
1.411226477301025461e+00,2.250731550157070160e-02
1.411307957879359476e+00,2.234752476215362549e-02
1.411389392465040027e+00,2.184190787374973297e-02
1.411470781109959827e+00,2.178932540118694305e-02
1.411552123865923880e+00,2.182817272841930389e-02
1.411633420784650150e+00,2.258015982806682587e-02
1.411714671917768449e+00,2.155185490846633911e-02
1.411795877316821990e+00,2.202798612415790558e-02
1.411877037033266502e+00,2.189697884023189545e-02
1.411958151118471338e+00,2.241997234523296356e-02
1.412039219623719033e+00,2.228556014597415924e-02
1.412120242600205966e+00,2.162277139723300934e-02
1.412201220099041477e+00,2.105183526873588562e-02
1.412282152171250083e+00,2.298353239893913269e-02
1.412363038867769927e+00,2.253190800547599792e-02
1.412443880239453442e+00,2.203962579369544983e-02
1.412524676337067353e+00,2.161412127315998077e-02
1.412605427211294007e+00,2.122419327497482300e-02
1.412686132912729597e+00,2.127975597977638245e-02
1.412766793491886830e+00,2.133186347782611847e-02
1.412847408999192034e+00,2.248495444655418396e-02
1.412927979484988716e+00,2.140419930219650269e-02
1.413008504999534676e+00,2.114533819258213043e-02
1.413088985593004887e+00,2.176219969987869263e-02
1.413169421315489505e+00,2.158404514193534851e-02
1.413249812216994972e+00,2.165969461202621460e-02
1.413330158347444243e+00,2.046133391559123993e-02
1.413410459756677895e+00,2.150024473667144775e-02
1.413490716494451904e+00,1.979327574372291565e-02
1.413570928610440092e+00,2.108292654156684875e-02
