# n, training_loss
0.000000000000000000e+00,2.502287924289703369e-01
1.003030303030303116e+01,2.492393255233764648e-01
2.006060606060606233e+01,2.481243014335632324e-01
3.009090909090909349e+01,2.472540736198425293e-01
4.012121212121212466e+01,2.459256052970886230e-01
5.015151515151515582e+01,2.444187700748443604e-01
6.018181818181818699e+01,2.433110922574996948e-01
7.021212121212121815e+01,2.426057755947113037e-01
8.024242424242424931e+01,2.419941276311874390e-01
9.027272727272728048e+01,2.399705648422241211e-01
1.003030303030303116e+02,2.400560230016708374e-01
1.103333333333333428e+02,2.387714236974716187e-01
1.203636363636363740e+02,2.373967319726943970e-01
1.303939393939394051e+02,2.354240417480468750e-01
1.404242424242424363e+02,2.364041656255722046e-01
1.504545454545454675e+02,2.338833659887313843e-01
1.604848484848484986e+02,2.370299100875854492e-01
1.705151515151515298e+02,2.353519946336746216e-01
1.805454545454545610e+02,2.319186776876449585e-01
1.905757575757575921e+02,2.332227081060409546e-01
2.006060606060606233e+02,2.339493334293365479e-01
2.106363636363636545e+02,2.327745705842971802e-01
2.206666666666666856e+02,2.335381209850311279e-01
2.306969696969697168e+02,2.317163348197937012e-01
2.407272727272727479e+02,2.314417362213134766e-01
2.507575757575757791e+02,2.310618758201599121e-01
2.607878787878788103e+02,2.317464202642440796e-01
2.708181818181818699e+02,2.315439134836196899e-01
2.808484848484848726e+02,2.297399044036865234e-01
2.908787878787878753e+02,2.287396043539047241e-01
3.009090909090909349e+02,2.305946648120880127e-01
3.109393939393939945e+02,2.282686829566955566e-01
3.209696969696969973e+02,2.284429520368576050e-01
3.310000000000000000e+02,2.283097803592681885e-01
3.410303030303030596e+02,2.283392548561096191e-01
3.510606060606061192e+02,2.273499965667724609e-01
3.610909090909091219e+02,2.244880795478820801e-01
3.711212121212121247e+02,2.246014624834060669e-01
3.811515151515151842e+02,2.250682860612869263e-01
3.911818181818182438e+02,2.264931499958038330e-01
4.012121212121212466e+02,2.222162932157516479e-01
4.112424242424242493e+02,2.249686717987060547e-01
4.212727272727273089e+02,2.242767065763473511e-01
4.313030303030303685e+02,2.257005423307418823e-01
4.413333333333333712e+02,2.233089208602905273e-01
4.513636363636363740e+02,2.203715443611145020e-01
4.613939393939394336e+02,2.247659415006637573e-01
4.714242424242424931e+02,2.204234004020690918e-01
4.814545454545454959e+02,2.207826524972915649e-01
4.914848484848484986e+02,2.220612019300460815e-01
5.015151515151515582e+02,2.195591032505035400e-01
5.115454545454546178e+02,2.207924425601959229e-01
5.215757575757576205e+02,2.197324335575103760e-01
5.316060606060606233e+02,2.174371629953384399e-01
5.416363636363637397e+02,2.197967767715454102e-01
5.516666666666667425e+02,2.152802199125289917e-01
5.616969696969697452e+02,2.161404043436050415e-01
5.717272727272727479e+02,2.162624150514602661e-01
5.817575757575757507e+02,2.173456698656082153e-01
5.917878787878788671e+02,2.167551070451736450e-01
6.018181818181818699e+02,2.137457728385925293e-01
6.118484848484848726e+02,2.158780694007873535e-01
6.218787878787879890e+02,2.170703858137130737e-01
6.319090909090909918e+02,2.146013975143432617e-01
6.419393939393939945e+02,2.112455070018768311e-01
6.519696969696969973e+02,2.127449512481689453e-01
6.620000000000000000e+02,2.125213891267776489e-01
6.720303030303031164e+02,2.136207222938537598e-01
6.820606060606061192e+02,2.103968262672424316e-01
6.920909090909091219e+02,2.118973284959793091e-01
7.021212121212122383e+02,2.136746793985366821e-01
7.121515151515152411e+02,2.114064544439315796e-01
7.221818181818182438e+02,2.114107310771942139e-01
7.322121212121212466e+02,2.114455401897430420e-01
7.422424242424242493e+02,2.110804319381713867e-01
7.522727272727273657e+02,2.106912285089492798e-01
7.623030303030303685e+02,2.110907137393951416e-01
7.723333333333333712e+02,2.086552977561950684e-01
7.823636363636364877e+02,2.091661393642425537e-01
7.923939393939394904e+02,2.091372758150100708e-01
8.024242424242424931e+02,2.084645777940750122e-01
8.124545454545454959e+02,2.071853280067443848e-01
8.224848484848484986e+02,2.045757770538330078e-01
8.325151515151516151e+02,2.072455734014511108e-01
8.425454545454546178e+02,2.060093879699707031e-01
8.525757575757576205e+02,2.041524499654769897e-01
8.626060606060607370e+02,2.042181789875030518e-01
8.726363636363637397e+02,2.033421546220779419e-01
8.826666666666667425e+02,2.028723806142807007e-01
8.926969696969697452e+02,2.052474617958068848e-01
9.027272727272727479e+02,2.026598453521728516e-01
9.127575757575758644e+02,2.042727619409561157e-01
9.227878787878788671e+02,2.027360051870346069e-01
9.328181818181818699e+02,2.007524967193603516e-01
9.428484848484849863e+02,2.030882388353347778e-01
9.528787878787879890e+02,1.997454166412353516e-01
9.629090909090909918e+02,2.009101957082748413e-01
9.729393939393939945e+02,1.998451054096221924e-01
9.829696969696969973e+02,1.982601135969161987e-01
9.930000000000001137e+02,2.002492547035217285e-01
1.003030303030303116e+03,1.979870647192001343e-01
1.013060606060606119e+03,1.982609480619430542e-01
1.023090909090909236e+03,1.984812170267105103e-01
1.033121212121212238e+03,1.984686553478240967e-01
1.043151515151515241e+03,1.993414461612701416e-01
1.053181818181818244e+03,1.935145407915115356e-01
1.063212121212121247e+03,1.962314248085021973e-01
1.073242424242424249e+03,1.978887319564819336e-01
1.083272727272727479e+03,1.960828602313995361e-01
1.093303030303030482e+03,1.948329955339431763e-01
1.103333333333333485e+03,1.928793936967849731e-01
1.113363636363636488e+03,1.957411020994186401e-01
1.123393939393939490e+03,1.944342106580734253e-01
1.133424242424242493e+03,1.927773654460906982e-01
1.143454545454545496e+03,1.926697641611099243e-01
1.153484848484848499e+03,1.916679292917251587e-01
1.163515151515151501e+03,1.925187557935714722e-01
1.173545454545454731e+03,1.926194429397583008e-01
1.183575757575757734e+03,1.892613768577575684e-01
1.193606060606060737e+03,1.913366764783859253e-01
1.203636363636363740e+03,1.900617182254791260e-01
1.213666666666666742e+03,1.895313560962677002e-01
1.223696969696969745e+03,1.899329572916030884e-01
1.233727272727272748e+03,1.897307187318801880e-01
1.243757575757575978e+03,1.863848268985748291e-01
1.253787878787878981e+03,1.900726705789566040e-01
1.263818181818181984e+03,1.882187277078628540e-01
1.273848484848484986e+03,1.868814975023269653e-01
1.283878787878787989e+03,1.879675239324569702e-01
1.293909090909090992e+03,1.877347975969314575e-01
1.303939393939393995e+03,1.862644255161285400e-01
1.313969696969696997e+03,1.856732815504074097e-01
1.324000000000000000e+03,1.864564418792724609e-01
1.334030303030303230e+03,1.852739900350570679e-01
1.344060606060606233e+03,1.823983788490295410e-01
1.354090909090909236e+03,1.834162622690200806e-01
1.364121212121212238e+03,1.847248673439025879e-01
1.374151515151515241e+03,1.824830770492553711e-01
1.384181818181818244e+03,1.797605901956558228e-01
1.394212121212121247e+03,1.806366145610809326e-01
1.404242424242424477e+03,1.807676702737808228e-01
1.414272727272727479e+03,1.784920096397399902e-01
1.424303030303030482e+03,1.781407743692398071e-01
1.434333333333333485e+03,1.810265779495239258e-01
1.444363636363636488e+03,1.793362945318222046e-01
1.454393939393939490e+03,1.811068058013916016e-01
1.464424242424242493e+03,1.784347146749496460e-01
1.474454545454545496e+03,1.800233125686645508e-01
1.484484848484848499e+03,1.774950623512268066e-01
1.494515151515151729e+03,1.780743002891540527e-01
1.504545454545454731e+03,1.780009567737579346e-01
1.514575757575757734e+03,1.768525838851928711e-01
1.524606060606060737e+03,1.747020184993743896e-01
1.534636363636363740e+03,1.781028360128402710e-01
1.544666666666666742e+03,1.744160503149032593e-01
1.554696969696969745e+03,1.747347712516784668e-01
1.564727272727272975e+03,1.747759431600570679e-01
1.574757575757575978e+03,1.729532480239868164e-01
1.584787878787878981e+03,1.707517653703689575e-01
1.594818181818181984e+03,1.724499613046646118e-01
1.604848484848484986e+03,1.707496643066406250e-01
1.614878787878787989e+03,1.705766320228576660e-01
1.624909090909090992e+03,1.701439023017883301e-01
1.634939393939393995e+03,1.706656366586685181e-01
1.644969696969696997e+03,1.697427332401275635e-01
1.655000000000000227e+03,1.710896939039230347e-01
1.665030303030303230e+03,1.663687825202941895e-01
1.675060606060606233e+03,1.666689068078994751e-01
1.685090909090909236e+03,1.683508008718490601e-01
1.695121212121212238e+03,1.655382513999938965e-01
1.705151515151515241e+03,1.671081036329269409e-01
1.715181818181818244e+03,1.664957851171493530e-01
1.725212121212121474e+03,1.653713732957839966e-01
1.735242424242424477e+03,1.658036857843399048e-01
1.745272727272727479e+03,1.632177680730819702e-01
1.755303030303030482e+03,1.623470336198806763e-01
1.765333333333333485e+03,1.638568639755249023e-01
1.775363636363636488e+03,1.671113371849060059e-01
1.785393939393939490e+03,1.648370474576950073e-01
1.795424242424242493e+03,1.630821824073791504e-01
1.805454545454545496e+03,1.642484515905380249e-01
1.815484848484848726e+03,1.605325192213058472e-01
1.825515151515151729e+03,1.611087769269943237e-01
1.835545454545454731e+03,1.633041948080062866e-01
1.845575757575757734e+03,1.640972346067428589e-01
1.855606060606060737e+03,1.592700034379959106e-01
1.865636363636363740e+03,1.583199501037597656e-01
1.875666666666666742e+03,1.593282222747802734e-01
1.885696969696969973e+03,1.610346138477325439e-01
1.895727272727272975e+03,1.584751307964324951e-01
1.905757575757575978e+03,1.590717434883117676e-01
1.915787878787878981e+03,1.594410985708236694e-01
1.925818181818181984e+03,1.580473035573959351e-01
1.935848484848484986e+03,1.568811535835266113e-01
1.945878787878787989e+03,1.569329798221588135e-01
1.955909090909090992e+03,1.582028269767761230e-01
1.965939393939393995e+03,1.557528525590896606e-01
1.975969696969697225e+03,1.550407558679580688e-01
1.986000000000000227e+03,1.548994928598403931e-01
1.996030303030303230e+03,1.571002006530761719e-01
2.006060606060606233e+03,1.552211493253707886e-01
2.016090909090909236e+03,1.533039510250091553e-01
2.026121212121212238e+03,1.548034697771072388e-01
2.036151515151515241e+03,1.535263061523437500e-01
2.046181818181818471e+03,1.503301262855529785e-01
2.056212121212121474e+03,1.526006460189819336e-01
2.066242424242424477e+03,1.548657417297363281e-01
2.076272727272727479e+03,1.489285379648208618e-01
2.086303030303030482e+03,1.522224992513656616e-01
2.096333333333333485e+03,1.508573591709136963e-01
2.106363636363636488e+03,1.498258411884307861e-01
2.116393939393939490e+03,1.494208723306655884e-01
2.126424242424242493e+03,1.489991545677185059e-01
2.136454545454545496e+03,1.502173244953155518e-01
2.146484848484848499e+03,1.486738920211791992e-01
2.156515151515151501e+03,1.490973979234695435e-01
2.166545454545454959e+03,1.464641690254211426e-01
2.176575757575757962e+03,1.499355733394622803e-01
2.186606060606060964e+03,1.493579298257827759e-01
2.196636363636363967e+03,1.473532319068908691e-01
2.206666666666666970e+03,1.464031040668487549e-01
2.216696969696969973e+03,1.478256583213806152e-01
2.226727272727272975e+03,1.459845155477523804e-01
2.236757575757575978e+03,1.433405280113220215e-01
2.246787878787878981e+03,1.434850394725799561e-01
2.256818181818181984e+03,1.439185142517089844e-01
2.266848484848484986e+03,1.451838463544845581e-01
2.276878787878787989e+03,1.445196717977523804e-01
2.286909090909090992e+03,1.443955302238464355e-01
2.296939393939393995e+03,1.434863507747650146e-01
2.306969696969696997e+03,1.412269920110702515e-01
2.317000000000000000e+03,1.423375755548477173e-01
2.327030303030303003e+03,1.424629539251327515e-01
2.337060606060606460e+03,1.421183943748474121e-01
2.347090909090909463e+03,1.419708728790283203e-01
2.357121212121212466e+03,1.436574757099151611e-01
2.367151515151515468e+03,1.398560404777526855e-01
2.377181818181818471e+03,1.398987472057342529e-01
2.387212121212121474e+03,1.400796324014663696e-01
2.397242424242424477e+03,1.433834433555603027e-01
2.407272727272727479e+03,1.365244239568710327e-01
2.417303030303030482e+03,1.408012956380844116e-01
2.427333333333333485e+03,1.405728757381439209e-01
2.437363636363636488e+03,1.391982138156890869e-01
2.447393939393939490e+03,1.382599174976348877e-01
2.457424242424242493e+03,1.392606794834136963e-01
2.467454545454545496e+03,1.373640298843383789e-01
2.477484848484848499e+03,1.354123353958129883e-01
2.487515151515151956e+03,1.330704391002655029e-01
2.497545454545454959e+03,1.358683556318283081e-01
2.507575757575757962e+03,1.367344111204147339e-01
2.517606060606060964e+03,1.360142529010772705e-01
2.527636363636363967e+03,1.338402032852172852e-01
2.537666666666666970e+03,1.380920708179473877e-01
2.547696969696969973e+03,1.326498091220855713e-01
2.557727272727272975e+03,1.316009014844894409e-01
2.567757575757575978e+03,1.371099054813385010e-01
2.577787878787878981e+03,1.317632347345352173e-01
2.587818181818181984e+03,1.327178776264190674e-01
2.597848484848484986e+03,1.330867260694503784e-01
2.607878787878787989e+03,1.302450895309448242e-01
2.617909090909090992e+03,1.321176737546920776e-01
2.627939393939393995e+03,1.325844079256057739e-01
2.637969696969696997e+03,1.288821697235107422e-01
2.648000000000000000e+03,1.306715607643127441e-01
2.658030303030303457e+03,1.289971917867660522e-01
2.668060606060606460e+03,1.310144662857055664e-01
2.678090909090909463e+03,1.316074579954147339e-01
2.688121212121212466e+03,1.300280690193176270e-01
2.698151515151515468e+03,1.300881803035736084e-01
2.708181818181818471e+03,1.306612789630889893e-01
2.718212121212121474e+03,1.280300915241241455e-01
2.728242424242424477e+03,1.309770196676254272e-01
2.738272727272727479e+03,1.289535760879516602e-01
2.748303030303030482e+03,1.278172284364700317e-01
2.758333333333333485e+03,1.276665329933166504e-01
2.768363636363636488e+03,1.260643899440765381e-01
2.778393939393939490e+03,1.267080754041671753e-01
2.788424242424242493e+03,1.253669857978820801e-01
2.798454545454545496e+03,1.250787526369094849e-01
2.808484848484848953e+03,1.266525238752365112e-01
2.818515151515151956e+03,1.222836300730705261e-01
2.828545454545454959e+03,1.251758486032485962e-01
2.838575757575757962e+03,1.242673620581626892e-01
2.848606060606060964e+03,1.209120228886604309e-01
2.858636363636363967e+03,1.222428306937217712e-01
2.868666666666666970e+03,1.224229633808135986e-01
2.878696969696969973e+03,1.216336637735366821e-01
2.888727272727272975e+03,1.213936358690261841e-01
2.898757575757575978e+03,1.210842579603195190e-01
2.908787878787878981e+03,1.239152252674102783e-01
2.918818181818181984e+03,1.247314885258674622e-01
2.928848484848484986e+03,1.198551431298255920e-01
2.938878787878787989e+03,1.229417100548744202e-01
2.948909090909090992e+03,1.194899752736091614e-01
2.958939393939393995e+03,1.218372061848640442e-01
2.968969696969696997e+03,1.204367503523826599e-01
2.979000000000000455e+03,1.186360195279121399e-01
2.989030303030303457e+03,1.190684437751770020e-01
2.999060606060606460e+03,1.189223229885101318e-01
3.009090909090909463e+03,1.204683184623718262e-01
3.019121212121212466e+03,1.172367557883262634e-01
3.029151515151515468e+03,1.167734563350677490e-01
3.039181818181818471e+03,1.183761581778526306e-01
3.049212121212121474e+03,1.172659173607826233e-01
3.059242424242424477e+03,1.168186068534851074e-01
3.069272727272727479e+03,1.187290921807289124e-01
3.079303030303030482e+03,1.192963793873786926e-01
3.089333333333333485e+03,1.198211908340454102e-01
3.099363636363636488e+03,1.189682334661483765e-01
3.109393939393939490e+03,1.194669902324676514e-01
3.119424242424242493e+03,1.196070834994316101e-01
3.129454545454545951e+03,1.169448867440223694e-01
3.139484848484848953e+03,1.175004392862319946e-01
3.149515151515151956e+03,1.164144128561019897e-01
3.159545454545454959e+03,1.170631945133209229e-01
3.169575757575757962e+03,1.205345094203948975e-01
3.179606060606060964e+03,1.167356818914413452e-01
3.189636363636363967e+03,1.166706010699272156e-01
3.199666666666666970e+03,1.175637841224670410e-01
3.209696969696969973e+03,1.159377470612525940e-01
3.219727272727272975e+03,1.187997013330459595e-01
3.229757575757575978e+03,1.154839545488357544e-01
3.239787878787878981e+03,1.177078112959861755e-01
3.249818181818181984e+03,1.182378232479095459e-01
3.259848484848484986e+03,1.163157001137733459e-01
3.269878787878787989e+03,1.187141686677932739e-01
3.279909090909090992e+03,1.167840212583541870e-01
3.289939393939393995e+03,1.173346266150474548e-01
3.299969696969697452e+03,1.165818423032760620e-01
3.310000000000000000e+03,1.190376803278923035e-01
