# n, training_loss
0.000000000000000000e+00,3.705866038799285889e-01
1.000667111407605070e+01,2.085296362638473511e-01
2.001334222815210140e+01,1.610326319932937622e-01
3.002001334222815387e+01,1.509861499071121216e-01
4.002668445630420280e+01,1.387260407209396362e-01
5.003335557038025172e+01,1.314492225646972656e-01
6.004002668445630775e+01,1.252045184373855591e-01
7.004669779853234957e+01,1.195827871561050415e-01
8.005336891260840559e+01,1.146402955055236816e-01
9.006004002668446162e+01,1.100655272603034973e-01
1.000667111407605034e+02,1.059871166944503784e-01
1.100733822548365595e+02,1.022796779870986938e-01
1.200800533689126155e+02,9.881906211376190186e-02
1.300867244829886715e+02,9.558300673961639404e-02
1.400933955970646991e+02,9.246893972158432007e-02
1.501000667111407552e+02,8.947184681892395020e-02
1.601067378252168112e+02,8.659834414720535278e-02
1.701134089392928672e+02,8.384706825017929077e-02
1.801200800533689232e+02,8.124144375324249268e-02
1.901267511674449509e+02,7.890322804450988770e-02
2.001334222815210069e+02,7.658073306083679199e-02
2.101400933955970629e+02,7.447444647550582886e-02
2.201467645096731189e+02,7.244122028350830078e-02
2.301534356237491750e+02,7.050048559904098511e-02
2.401601067378252310e+02,6.869230419397354126e-02
2.501667778519012586e+02,6.695944815874099731e-02
2.601734489659773431e+02,6.536083668470382690e-02
2.701801200800533707e+02,6.371669471263885498e-02
2.801867911941293983e+02,6.248762831091880798e-02
2.901934623082054827e+02,6.094559282064437866e-02
3.002001334222815103e+02,5.952977016568183899e-02
3.102068045363575948e+02,5.820029228925704956e-02
3.202134756504336224e+02,5.690256878733634949e-02
3.302201467645096500e+02,5.588969588279724121e-02
3.402268178785857344e+02,5.454232171177864075e-02
3.502334889926617620e+02,5.345465987920761108e-02
3.602401601067378465e+02,5.241258442401885986e-02
3.702468312208138741e+02,5.131606385111808777e-02
3.802535023348899017e+02,5.034149810671806335e-02
3.902601734489659862e+02,4.927466437220573425e-02
4.002668445630420138e+02,4.843572899699211121e-02
4.102735156771180982e+02,4.735517129302024841e-02
4.202801867911941258e+02,4.659478738903999329e-02
4.302868579052701534e+02,4.557951539754867554e-02
4.402935290193462379e+02,4.481222853064537048e-02
4.503002001334222655e+02,4.399238154292106628e-02
4.603068712474983499e+02,4.325647652149200439e-02
4.703135423615743775e+02,4.231546446681022644e-02
4.803202134756504620e+02,4.165633395314216614e-02
4.903268845897264896e+02,4.077299311757087708e-02
5.003335557038025172e+02,4.005721956491470337e-02
5.103402268178786017e+02,4.003787785768508911e-02
5.203468979319546861e+02,3.890993073582649231e-02
5.303535690460306569e+02,3.802329674363136292e-02
5.403602401601067413e+02,3.735014051198959351e-02
5.503669112741828258e+02,3.674234449863433838e-02
5.603735823882587965e+02,3.608507663011550903e-02
5.703802535023348810e+02,3.553656488656997681e-02
5.803869246164109654e+02,3.498754277825355530e-02
5.903935957304869362e+02,3.437057137489318848e-02
6.004002668445630206e+02,3.385633975267410278e-02
6.104069379586391051e+02,3.334958478808403015e-02
6.204136090727151895e+02,3.268859162926673889e-02
6.304202801867911603e+02,3.238900750875473022e-02
6.404269513008672448e+02,3.163655474781990051e-02
6.504336224149433292e+02,3.129760921001434326e-02
6.604402935290193000e+02,3.064221143722534180e-02
6.704469646430953844e+02,3.029694780707359314e-02
6.804536357571714689e+02,2.973336726427078247e-02
6.904603068712475533e+02,2.928795665502548218e-02
7.004669779853235241e+02,2.890015766024589539e-02
7.104736490993996085e+02,2.833419665694236755e-02
7.204803202134756930e+02,2.805536799132823944e-02
7.304869913275516637e+02,2.750104852020740509e-02
7.404936624416277482e+02,2.714378573000431061e-02
7.505003335557038326e+02,2.671782486140727997e-02
7.605070046697798034e+02,2.626351639628410339e-02
7.705136757838558879e+02,2.603745646774768829e-02
7.805203468979319723e+02,2.547470107674598694e-02
7.905270180120080568e+02,2.522527053952217102e-02
8.005336891260840275e+02,2.476263791322708130e-02
8.105403602401601120e+02,2.440630272030830383e-02
8.205470313542361964e+02,2.418331615626811981e-02
8.305537024683121672e+02,2.368117868900299072e-02
8.405603735823882516e+02,2.345663122832775116e-02
8.505670446964643361e+02,2.302866801619529724e-02
8.605737158105403068e+02,2.272339165210723877e-02
8.705803869246163913e+02,2.247207798063755035e-02
8.805870580386924757e+02,2.204360999166965485e-02
8.905937291527685602e+02,2.181636914610862732e-02
9.006004002668445310e+02,2.147204987704753876e-02
9.106070713809206154e+02,2.112161554396152496e-02
9.206137424949966999e+02,2.095734141767024994e-02
9.306204136090726706e+02,2.053407579660415649e-02
9.406270847231487551e+02,2.032516710460186005e-02
9.506337558372248395e+02,1.996688544750213623e-02
9.606404269513009240e+02,1.969041861593723297e-02
9.706470980653768947e+02,1.950856670737266541e-02
9.806537691794529792e+02,1.911945641040802002e-02
9.906604402935290636e+02,1.894756592810153961e-02
1.000667111407605034e+03,1.860082522034645081e-02
1.010673782521681119e+03,1.838312856853008270e-02
1.020680453635757203e+03,1.813535764813423157e-02
1.030687124749833174e+03,1.784533821046352386e-02
1.040693795863909372e+03,1.769546978175640106e-02
1.050700466977985343e+03,1.736052520573139191e-02
1.060707138092061314e+03,1.716645993292331696e-02
1.070713809206137512e+03,1.693478412926197052e-02
1.080720480320213483e+03,1.667048037052154541e-02
1.090727151434289453e+03,1.652373373508453369e-02
1.100733822548365652e+03,1.622965000569820404e-02
1.110740493662441622e+03,1.602845638990402222e-02
1.120747164776517593e+03,1.585347391664981842e-02
1.130753835890593791e+03,1.558696292340755463e-02
1.140760507004669762e+03,1.543456036597490311e-02
1.150767178118745733e+03,1.518581062555313110e-02
1.160773849232821931e+03,1.498108822852373123e-02
1.170780520346897902e+03,1.485464163124561310e-02
1.180787191460973872e+03,1.458381582051515579e-02
1.190793862575050071e+03,1.443649549037218094e-02
1.200800533689126041e+03,1.421714108437299728e-02
1.210807204803202239e+03,1.402162760496139526e-02
1.220813875917278210e+03,1.390006858855485916e-02
1.230820547031354181e+03,1.365777850151062012e-02
1.240827218145430379e+03,1.351282279938459396e-02
1.250833889259506350e+03,1.331913098692893982e-02
1.260840560373582321e+03,1.314038783311843872e-02
1.270847231487658519e+03,1.300357189029455185e-02
1.280853902601734490e+03,1.280372124165296555e-02
1.290860573715810460e+03,1.263943035155534744e-02
1.300867244829886658e+03,1.251770742237567902e-02
1.310873915943962629e+03,1.232887990772724152e-02
1.320880587058038600e+03,1.219426561146974564e-02
1.330887258172114798e+03,1.202304381877183914e-02
1.340893929286190769e+03,1.186902076005935669e-02
1.350900600400266740e+03,1.175202894955873489e-02
1.360907271514342938e+03,1.157777570188045502e-02
1.370913942628418908e+03,1.145236194133758545e-02
1.380920613742495107e+03,1.130060665309429169e-02
1.390927284856571077e+03,1.116407383233308792e-02
1.400933955970647048e+03,1.103475783020257950e-02
1.410940627084723246e+03,1.088965777307748795e-02
1.420947298198799217e+03,1.076694484800100327e-02
1.430953969312875188e+03,1.063971035182476044e-02
1.440960640426951386e+03,1.050323713570833206e-02
1.450967311541027357e+03,1.038837712258100510e-02
1.460973982655103327e+03,1.025658939033746719e-02
1.470980653769179526e+03,1.013549789786338806e-02
1.480987324883255496e+03,1.002448424696922302e-02
1.490993995997331467e+03,9.897444397211074829e-03
1.501000667111407665e+03,9.784623049199581146e-03
1.511007338225483636e+03,9.671625681221485138e-03
1.521014009339559607e+03,9.552698582410812378e-03
1.531020680453635805e+03,9.446031413972377777e-03
1.541027351567711776e+03,9.332532994449138641e-03
1.551034022681787746e+03,9.221650660037994385e-03
1.561040693795863945e+03,9.126923978328704834e-03
1.571047364909939915e+03,9.009268134832382202e-03
1.581054036024016114e+03,8.905747905373573303e-03
1.591060707138092084e+03,8.810824714601039886e-03
1.601067378252168055e+03,8.702367544174194336e-03
1.611074049366244253e+03,8.604938164353370667e-03
1.621080720480320224e+03,8.502065204083919525e-03
1.631087391594396195e+03,8.408342488110065460e-03
1.641094062708472393e+03,8.310403674840927124e-03
1.651100733822548364e+03,8.215670473873615265e-03
1.661107404936624334e+03,8.126909844577312469e-03
1.671114076050700533e+03,8.030851371586322784e-03
1.681120747164776503e+03,7.941258139908313751e-03
1.691127418278852474e+03,7.854829542338848114e-03
1.701134089392928672e+03,7.764497306197881699e-03
1.711140760507004643e+03,7.680139038711786270e-03
1.721147431621080614e+03,7.594708818942308426e-03
1.731154102735156812e+03,7.510753348469734192e-03
1.741160773849232783e+03,7.429644465446472168e-03
1.751167444963308981e+03,7.346585858613252640e-03
1.761174116077384951e+03,7.267545908689498901e-03
1.771180787191460922e+03,7.187622599303722382e-03
1.781187458305537120e+03,7.109017111361026764e-03
1.791194129419613091e+03,7.029910106211900711e-03
1.801200800533689062e+03,6.951865274459123611e-03
1.811207471647765260e+03,6.872918456792831421e-03
1.821214142761841231e+03,6.793084554374217987e-03
1.831220813875917202e+03,6.712420377880334854e-03
1.841227484989993400e+03,6.633324082940816879e-03
1.851234156104069370e+03,6.556985434144735336e-03
1.861240827218145341e+03,6.483633071184158325e-03
1.871247498332221539e+03,6.412317510694265366e-03
1.881254169446297510e+03,6.344021297991275787e-03
1.891260840560373481e+03,6.276031956076622009e-03
1.901267511674449679e+03,6.210095714777708054e-03
1.911274182788525650e+03,6.145220715552568436e-03
1.921280853902601848e+03,6.081805098801851273e-03
1.931287525016677819e+03,6.019720807671546936e-03
1.941294196130753789e+03,5.958277732133865356e-03
1.951300867244829988e+03,5.897802766412496567e-03
1.961307538358905958e+03,5.838422570377588272e-03
1.971314209472981929e+03,5.779845640063285828e-03
1.981320880587058127e+03,5.721967201679944992e-03
1.991327551701134098e+03,5.665124393999576569e-03
2.001334222815210069e+03,5.608717910945415497e-03
2.011340893929286267e+03,5.553415510803461075e-03
2.021347565043362238e+03,5.499551072716712952e-03
2.031354236157438208e+03,5.445589311420917511e-03
2.041360907271514407e+03,5.391894839704036713e-03
2.051367578385590605e+03,5.339178256690502167e-03
2.061374249499666348e+03,5.287509877234697342e-03
2.071380920613742546e+03,5.236192140728235245e-03
2.081387591727818744e+03,5.185401998460292816e-03
2.091394262841894488e+03,5.134487058967351913e-03
2.101400933955970686e+03,5.084678530693054199e-03
2.111407605070046884e+03,5.035040900111198425e-03
2.121414276184122627e+03,4.985970910638570786e-03
2.131420947298198826e+03,4.937340971082448959e-03
2.141427618412275024e+03,4.889493342489004135e-03
2.151434289526350767e+03,4.842045251280069351e-03
2.161440960640426965e+03,4.794929642230272293e-03
2.171447631754503163e+03,4.748519975692033768e-03
2.181454302868578907e+03,4.702495876699686050e-03
2.191460973982655105e+03,4.656767472624778748e-03
2.201467645096731303e+03,4.611836280673742294e-03
2.211474316210807046e+03,4.567094612866640091e-03
2.221480987324883245e+03,4.523070994764566422e-03
2.231487658438959443e+03,4.479288123548030853e-03
2.241494329553035186e+03,4.436214920133352280e-03
2.251501000667111384e+03,4.393532406538724899e-03
2.261507671781187582e+03,4.351418931037187576e-03
2.271514342895263326e+03,4.309789277613162994e-03
2.281521014009339524e+03,4.268774762749671936e-03
2.291527685123415722e+03,4.228173755109310150e-03
2.301534356237491465e+03,4.187955986708402634e-03
2.311541027351567664e+03,4.148293286561965942e-03
2.321547698465643862e+03,4.108755383640527725e-03
2.331554369579719605e+03,4.069612827152013779e-03
2.341561040693795803e+03,4.030693788081407547e-03
2.351567711807872001e+03,3.992245532572269440e-03
2.361574382921947745e+03,3.954040352255105972e-03
2.371581054036023943e+03,3.916479181498289108e-03
2.381587725150100141e+03,3.879360156133770943e-03
2.391594396264176339e+03,3.842871868982911110e-03
2.401601067378252083e+03,3.807182889431715012e-03
2.411607738492328281e+03,3.772064112126827240e-03
2.421614409606404479e+03,3.737553022801876068e-03
2.431621080720480222e+03,3.703388851135969162e-03
2.441627751834556420e+03,3.670157631859183311e-03
2.451634422948632618e+03,3.637395333498716354e-03
2.461641094062708362e+03,3.604894271120429039e-03
2.471647765176784560e+03,3.573050489649176598e-03
2.481654436290860758e+03,3.541774582117795944e-03
2.491661107404936502e+03,3.510755719617009163e-03
2.501667778519012700e+03,3.480076789855957031e-03
2.511674449633088898e+03,3.449897747486829758e-03
2.521681120747164641e+03,3.420128952711820602e-03
2.531687791861240839e+03,3.390442114323377609e-03
2.541694462975317037e+03,3.361093113198876381e-03
2.551701134089392781e+03,3.331847954541444778e-03
2.561707805203468979e+03,3.302802564576268196e-03
2.571714476317545177e+03,3.273707116022706032e-03
2.581721147431620921e+03,3.244459861889481544e-03
2.591727818545697119e+03,3.214786527678370476e-03
2.601734489659773317e+03,3.184407018125057220e-03
2.611741160773849060e+03,3.152864519506692886e-03
2.621747831887925258e+03,3.119303612038493156e-03
2.631754503002001456e+03,3.082674928009510040e-03
2.641761174116077200e+03,3.042842494323849678e-03
2.651767845230153398e+03,3.000777447596192360e-03
2.661774516344229596e+03,2.959013450890779495e-03
2.671781187458305340e+03,2.919997321441769600e-03
2.681787858572381538e+03,2.884235233068466187e-03
2.691794529686457736e+03,2.851413562893867493e-03
2.701801200800533479e+03,2.820614259690046310e-03
2.711807871914609677e+03,2.791633829474449158e-03
2.721814543028685875e+03,2.763847121968865395e-03
2.731821214142761619e+03,2.736932830885052681e-03
2.741827885256837817e+03,2.710830653086304665e-03
2.751834556370914015e+03,2.685373649001121521e-03
2.761841227484990213e+03,2.660427708178758621e-03
2.771847898599065957e+03,2.635930432006716728e-03
2.781854569713142155e+03,2.611922100186347961e-03
2.791861240827218353e+03,2.588365226984024048e-03
2.801867911941294096e+03,2.565001137554645538e-03
2.811874583055370294e+03,2.542149508371949196e-03
2.821881254169446493e+03,2.519651083275675774e-03
2.831887925283522236e+03,2.497341483831405640e-03
2.841894596397598434e+03,2.475148299708962440e-03
2.851901267511674632e+03,2.453444292768836021e-03
2.861907938625750376e+03,2.431895118206739426e-03
2.871914609739826574e+03,2.410527784377336502e-03
2.881921280853902772e+03,2.389487111940979958e-03
2.891927951967978515e+03,2.368927234783768654e-03
2.901934623082054713e+03,2.348532434552907944e-03
2.911941294196130912e+03,2.328444272279739380e-03
2.921947965310206655e+03,2.308659721165895462e-03
2.931954636424282853e+03,2.289214171469211578e-03
2.941961307538359051e+03,2.270179800689220428e-03
2.951967978652434795e+03,2.251374302431941032e-03
2.961974649766510993e+03,2.232981147244572639e-03
2.971981320880587191e+03,2.214971929788589478e-03
2.981987991994662934e+03,2.197319408878684044e-03
2.991994663108739132e+03,2.179944189265370369e-03
3.002001334222815331e+03,2.163029508665204048e-03
3.012008005336891074e+03,2.146282000467181206e-03
3.022014676450967272e+03,2.129912143573164940e-03
3.032021347565043470e+03,2.113827038556337357e-03
3.042028018679119214e+03,2.097995253279805183e-03
3.052034689793195412e+03,2.082435181364417076e-03
3.062041360907271610e+03,2.067112596705555916e-03
3.072048032021347353e+03,2.052160911262035370e-03
3.082054703135423551e+03,2.037402940914034843e-03
3.092061374249499750e+03,2.022816333919763565e-03
3.102068045363575493e+03,2.008399926126003265e-03
3.112074716477651691e+03,1.994322985410690308e-03
3.122081387591727889e+03,1.980448141694068909e-03
3.132088058705804087e+03,1.966562820598483086e-03
3.142094729819879831e+03,1.953065278939902782e-03
3.152101400933956029e+03,1.939494279213249683e-03
3.162108072048032227e+03,1.926176948472857475e-03
3.172114743162107970e+03,1.913001528009772301e-03
3.182121414276184169e+03,1.899937749840319157e-03
3.192128085390260367e+03,1.887052436359226704e-03
3.202134756504336110e+03,1.874182838946580887e-03
3.212141427618412308e+03,1.861505443230271339e-03
3.222148098732488506e+03,1.848860643804073334e-03
3.232154769846564250e+03,1.836374984122812748e-03
3.242161440960640448e+03,1.823955448344349861e-03
3.252168112074716646e+03,1.811577589251101017e-03
3.262174783188792389e+03,1.799189951270818710e-03
3.272181454302868588e+03,1.786922570317983627e-03
3.282188125416944786e+03,1.774756237864494324e-03
3.292194796531020529e+03,1.762564410455524921e-03
3.302201467645096727e+03,1.750434865243732929e-03
3.312208138759172925e+03,1.738321967422962189e-03
3.322214809873248669e+03,1.726213376969099045e-03
3.332221480987324867e+03,1.714205835014581680e-03
3.342228152101401065e+03,1.702326931990683079e-03
3.352234823215476808e+03,1.690467935986816883e-03
3.362241494329553007e+03,1.678725588135421276e-03
3.372248165443629205e+03,1.667306059971451759e-03
3.382254836557704948e+03,1.655968488194048405e-03
3.392261507671781146e+03,1.644787145778536797e-03
3.402268178785857344e+03,1.633821870200335979e-03
3.412274849899933088e+03,1.623010612092912197e-03
3.422281521014009286e+03,1.612467924132943153e-03
3.432288192128085484e+03,1.602051896043121815e-03
3.442294863242161227e+03,1.591905136592686176e-03
3.452301534356237426e+03,1.581951626576483250e-03
3.462308205470313624e+03,1.572167500853538513e-03
3.472314876584389367e+03,1.562578021548688412e-03
3.482321547698465565e+03,1.553188660182058811e-03
3.492328218812541763e+03,1.543988590128719807e-03
3.502334889926617961e+03,1.534960931167006493e-03
3.512341561040693705e+03,1.526053179986774921e-03
3.522348232154769903e+03,1.517372205853462219e-03
3.532354903268846101e+03,1.508800894953310490e-03
3.542361574382921845e+03,1.500403159298002720e-03
3.552368245496998043e+03,1.492092618718743324e-03
3.562374916611074241e+03,1.483945758081972599e-03
3.572381587725149984e+03,1.475900062359869480e-03
3.582388258839226182e+03,1.468003378249704838e-03
3.592394929953302380e+03,1.460237428545951843e-03
3.602401601067378124e+03,1.452615833841264248e-03
3.612408272181454322e+03,1.445097266696393490e-03
3.622414943295530520e+03,1.437670318409800529e-03
3.632421614409606264e+03,1.430363510735332966e-03
3.642428285523682462e+03,1.423166599124670029e-03
3.652434956637758660e+03,1.416128361597657204e-03
3.662441627751834403e+03,1.409117714501917362e-03
3.672448298865910601e+03,1.402219291776418686e-03
3.682454969979986799e+03,1.395417610183358192e-03
3.692461641094062543e+03,1.388662727549672127e-03
3.702468312208138741e+03,1.382019487209618092e-03
3.712474983322214939e+03,1.375459018163383007e-03
3.722481654436290682e+03,1.369054196402430534e-03
3.732488325550366881e+03,1.362663926556706429e-03
3.742494996664443079e+03,1.356399734504520893e-03
3.752501667778518822e+03,1.350149512290954590e-03
3.762508338892595020e+03,1.344010699540376663e-03
3.772515010006671218e+03,1.337958965450525284e-03
3.782521681120746962e+03,1.331978011876344681e-03
3.792528352234823160e+03,1.326086930930614471e-03
3.802535023348899358e+03,1.320278504863381386e-03
3.812541694462975101e+03,1.314504304900765419e-03
3.822548365577051300e+03,1.308802398853003979e-03
3.832555036691127498e+03,1.303173252381384373e-03
3.842561707805203696e+03,1.297635259106755257e-03
3.852568378919279439e+03,1.292161876335740089e-03
3.862575050033355637e+03,1.286754733882844448e-03
3.872581721147431836e+03,1.281381933949887753e-03
3.882588392261507579e+03,1.276097260415554047e-03
3.892595063375583777e+03,1.270889653824269772e-03
3.902601734489659975e+03,1.265711383894085884e-03
3.912608405603735719e+03,1.260635675862431526e-03
3.922615076717811917e+03,1.255576498806476593e-03
3.932621747831888115e+03,1.250567031092941761e-03
3.942628418945963858e+03,1.245669089257717133e-03
3.952635090060040056e+03,1.240788376890122890e-03
3.962641761174116255e+03,1.235998002812266350e-03
3.972648432288191998e+03,1.231225905939936638e-03
3.982655103402268196e+03,1.226500724442303181e-03
3.992661774516344394e+03,1.221860875375568867e-03
4.002668445630420138e+03,1.217251759953796864e-03
4.012675116744496336e+03,1.212730188854038715e-03
4.022681787858572534e+03,1.208222587592899799e-03
4.032688458972648277e+03,1.203773543238639832e-03
4.042695130086724475e+03,1.199372927658259869e-03
4.052701801200800674e+03,1.195048913359642029e-03
4.062708472314876417e+03,1.190727809444069862e-03
4.072715143428952615e+03,1.186455017887055874e-03
4.082721814543028813e+03,1.182246836833655834e-03
4.092728485657104557e+03,1.178082078695297241e-03
4.102735156771181209e+03,1.173968543298542500e-03
4.112741827885256498e+03,1.169884228147566319e-03
4.122748498999332696e+03,1.165859634056687355e-03
4.132755170113408894e+03,1.161866588518023491e-03
4.142761841227485093e+03,1.157954917289316654e-03
4.152768512341561291e+03,1.154034747742116451e-03
4.162775183455637489e+03,1.150178839452564716e-03
4.172781854569712777e+03,1.146353664807975292e-03
4.182788525683788976e+03,1.142557128332555294e-03
4.192795196797865174e+03,1.138821127824485302e-03
4.202801867911941372e+03,1.135109341703355312e-03
4.212808539026017570e+03,1.131433993577957153e-03
4.222815210140093768e+03,1.127817551605403423e-03
4.232821881254169057e+03,1.124262344092130661e-03
4.242828552368245255e+03,1.120701897889375687e-03
4.252835223482321453e+03,1.117202918976545334e-03
4.262841894596397651e+03,1.113712787628173828e-03
4.272848565710473849e+03,1.110283075831830502e-03
4.282855236824550047e+03,1.106883632019162178e-03
4.292861907938625336e+03,1.103523187339305878e-03
4.302868579052701534e+03,1.100200810469686985e-03
4.312875250166777732e+03,1.096892287023365498e-03
4.322881921280853931e+03,1.093627884984016418e-03
4.332888592394930129e+03,1.090390374884009361e-03
4.342895263509006327e+03,1.087186508812010288e-03
4.352901934623081615e+03,1.084005692973732948e-03
4.362908605737157814e+03,1.080888556316494942e-03
4.372915276851234012e+03,1.077780849300324917e-03
4.382921947965310210e+03,1.074707251973450184e-03
4.392928619079386408e+03,1.071656122803688049e-03
4.402935290193462606e+03,1.068642595782876015e-03
4.412941961307538804e+03,1.065649557858705521e-03
4.422948632421614093e+03,1.062679220922291279e-03
4.432955303535690291e+03,1.059752306900918484e-03
4.442961974649766489e+03,1.056855544447898865e-03
4.452968645763842687e+03,1.054000575095415115e-03
4.462975316877918885e+03,1.051130122505128384e-03
4.472981987991995084e+03,1.048310077749192715e-03
4.482988659106070372e+03,1.045525190420448780e-03
4.492995330220146570e+03,1.042770920321345329e-03
4.503002001334222768e+03,1.040007336996495724e-03
4.513008672448298967e+03,1.037289155647158623e-03
4.523015343562375165e+03,1.034610206261277199e-03
4.533022014676451363e+03,1.031952328048646450e-03
4.543028685790526652e+03,1.029317150823771954e-03
4.553035356904602850e+03,1.026700367219746113e-03
4.563042028018679048e+03,1.024093362502753735e-03
4.573048699132755246e+03,1.021536765620112419e-03
4.583055370246831444e+03,1.019001589156687260e-03
4.593062041360907642e+03,1.016477122902870178e-03
4.603068712474982931e+03,1.013995963148772717e-03
4.613075383589059129e+03,1.011514454148709774e-03
4.623082054703135327e+03,1.009072642773389816e-03
4.633088725817211525e+03,1.006635488010942936e-03
4.643095396931287723e+03,1.004256424494087696e-03
4.653102068045363922e+03,1.001863507553935051e-03
4.663108739159439210e+03,9.995031869038939476e-04
4.673115410273515408e+03,9.971729014068841934e-04
4.683122081387591606e+03,9.948518127202987671e-04
4.693128752501667805e+03,9.925641352310776711e-04
4.703135423615744003e+03,9.902927558869123459e-04
4.713142094729820201e+03,9.880311554297804832e-04
4.723148765843895490e+03,9.858108824118971825e-04
4.733155436957971688e+03,9.835928212851285934e-04
4.743162108072047886e+03,9.814098011702299118e-04
4.753168779186124084e+03,9.792398195713758469e-04
4.763175450300200282e+03,9.770896285772323608e-04
4.773182121414276480e+03,9.749410673975944519e-04
4.783188792528352678e+03,9.728320874273777008e-04
4.793195463642427967e+03,9.707302087917923927e-04
4.803202134756504165e+03,9.686404955573379993e-04
4.813208805870580363e+03,9.665782563388347626e-04
4.823215476984656561e+03,9.645437239669263363e-04
4.833222148098732760e+03,9.625245002098381519e-04
4.843228819212808958e+03,9.605109808035194874e-04
4.853235490326884246e+03,9.585345978848636150e-04
4.863242161440960444e+03,9.565582149662077427e-04
4.873248832555036643e+03,9.546029032208025455e-04
4.883255503669112841e+03,9.526546346023678780e-04
4.893262174783189039e+03,9.507249342277646065e-04
4.903268845897265237e+03,9.488178184255957603e-04
4.913275517011340526e+03,9.469242650084197521e-04
4.923282188125416724e+03,9.450567886233329773e-04
4.933288859239492922e+03,9.431943763047456741e-04
4.943295530353569120e+03,9.413548395968973637e-04
4.953302201467645318e+03,9.395280503667891026e-04
4.963308872581721516e+03,9.377073729410767555e-04
4.973315543695796805e+03,9.359073592349886894e-04
4.983322214809873003e+03,9.341291151940822601e-04
4.993328885923949201e+03,9.323653648607432842e-04
5.003335557038025399e+03,9.306121501140296459e-04
5.013342228152101598e+03,9.288698201999068260e-04
5.023348899266177796e+03,9.271398303098976612e-04
5.033355570380253084e+03,9.254278847947716713e-04
5.043362241494329282e+03,9.237319463863968849e-04
5.053368912608405481e+03,9.220531210303306580e-04
5.063375583722481679e+03,9.203819208778440952e-04
5.073382254836557877e+03,9.187243413180112839e-04
5.083388925950634075e+03,9.170903940685093403e-04
5.093395597064709364e+03,9.154542931355535984e-04
5.103402268178785562e+03,9.138296009041368961e-04
5.113408939292861760e+03,9.122174815274775028e-04
5.123415610406937958e+03,9.106311481446027756e-04
5.133422281521014156e+03,9.090536041185259819e-04
5.143428952635090354e+03,9.074900299310684204e-04
5.153435623749166552e+03,9.059371659532189369e-04
5.163442294863241841e+03,9.043876198120415211e-04
5.173448965977318039e+03,9.028510539792478085e-04
5.183455637091394237e+03,9.013430099003016949e-04
5.193462308205470435e+03,8.998254779726266861e-04
5.203468979319546634e+03,8.983209263533353806e-04
5.213475650433622832e+03,8.968228939920663834e-04
5.223482321547698120e+03,8.953427895903587341e-04
5.233488992661774319e+03,8.938708924688398838e-04
5.243495663775850517e+03,8.923984132707118988e-04
5.253502334889926715e+03,8.909492171369493008e-04
5.263509006004002913e+03,8.894926868379116058e-04
5.273515677118079111e+03,8.880409295670688152e-04
5.283522348232154400e+03,8.865934214554727077e-04
5.293529019346230598e+03,8.851528982631862164e-04
5.303535690460306796e+03,8.837110362946987152e-04
5.313542361574382994e+03,8.822646923363208771e-04
5.323549032688459192e+03,8.808017591945827007e-04
5.333555703802535390e+03,8.793125161901116371e-04
5.343562374916610679e+03,8.777907351031899452e-04
5.353569046030686877e+03,8.762053330428898335e-04
5.363575717144763075e+03,8.744587539695203304e-04
5.373582388258839273e+03,8.722495986148715019e-04
5.383589059372915472e+03,8.667598594911396503e-04
5.393595730486991670e+03,8.330956916324794292e-04
5.403602401601066958e+03,8.202668977901339531e-04
5.413609072715143157e+03,8.105042506940662861e-04
5.423615743829219355e+03,8.039840613491833210e-04
5.433622414943295553e+03,7.990847807377576828e-04
5.443629086057371751e+03,7.950387080200016499e-04
5.453635757171447949e+03,7.915214519016444683e-04
5.463642428285523238e+03,7.883807411417365074e-04
5.473649099399599436e+03,7.855385774746537209e-04
5.483655770513675634e+03,7.829005480743944645e-04
5.493662441627751832e+03,7.804097258485853672e-04
5.503669112741828030e+03,7.781022577546536922e-04
5.513675783855904228e+03,7.758710416965186596e-04
5.523682454969980427e+03,7.737990235909819603e-04
5.533689126084055715e+03,7.717936532571911812e-04
5.543695797198131913e+03,7.699003908783197403e-04
5.553702468312208111e+03,7.680583512410521507e-04
5.563709139426284310e+03,7.662920979782938957e-04
5.573715810540360508e+03,7.645871955901384354e-04
5.583722481654436706e+03,7.629349129274487495e-04
5.593729152768511995e+03,7.613324560225009918e-04
5.603735823882588193e+03,7.597721414640545845e-04
5.613742494996664391e+03,7.582503021694719791e-04
5.623749166110740589e+03,7.567705470137298107e-04
5.633755837224816787e+03,7.553321775048971176e-04
5.643762508338892985e+03,7.538996287621557713e-04
5.653769179452968274e+03,7.525044493377208710e-04
5.663775850567044472e+03,7.511379662901163101e-04
5.673782521681120670e+03,7.497929036617279053e-04
5.683789192795196868e+03,7.484680972993373871e-04
5.693795863909273066e+03,7.471734425053000450e-04
5.703802535023349265e+03,7.458889740519225597e-04
5.713809206137424553e+03,7.446300587616860867e-04
5.723815877251500751e+03,7.433824939653277397e-04
5.733822548365576949e+03,7.421656628139317036e-04
5.743829219479653148e+03,7.409577374346554279e-04
5.753835890593729346e+03,7.397598237730562687e-04
5.763842561707805544e+03,7.385756471194326878e-04
5.773849232821880832e+03,7.373972912319004536e-04
5.783855903935957031e+03,7.362248143181204796e-04
5.793862575050033229e+03,7.350569358095526695e-04
5.803869246164109427e+03,7.338814903050661087e-04
5.813875917278185625e+03,7.326890481635928154e-04
5.823882588392261823e+03,7.314530084840953350e-04
5.833889259506337112e+03,7.301107980310916901e-04
5.843895930620413310e+03,7.284682942554354668e-04
5.853902601734489508e+03,7.253755466081202030e-04
5.863909272848565706e+03,6.674980977550148964e-04
5.873915943962641904e+03,6.503212498500943184e-04
5.883922615076718103e+03,6.393977673724293709e-04
5.893929286190794301e+03,6.338438251987099648e-04
5.903935957304869589e+03,6.307417643256485462e-04
5.913942628418945787e+03,6.285734707489609718e-04
5.923949299533021986e+03,6.268557626754045486e-04
5.933955970647098184e+03,6.253679166547954082e-04
5.943962641761174382e+03,6.240292568691074848e-04
5.953969312875250580e+03,6.227889680303633213e-04
5.963975983989325869e+03,6.216182373464107513e-04
5.973982655103402067e+03,6.204991368576884270e-04
5.983989326217478265e+03,6.194275920279324055e-04
5.993995997331554463e+03,6.183887599036097527e-04
6.004002668445630661e+03,6.173767615109682083e-04
6.014009339559706859e+03,6.163919460959732533e-04
6.024016010673782148e+03,6.154259317554533482e-04
6.034022681787858346e+03,6.144766812212765217e-04
6.044029352901934544e+03,6.135436124168336391e-04
6.054036024016010742e+03,6.126295775175094604e-04
6.064042695130086940e+03,6.117317243479192257e-04
6.074049366244163139e+03,6.108504603616893291e-04
6.084056037358238427e+03,6.099814781919121742e-04
6.094062708472314625e+03,6.091220420785248280e-04
6.104069379586390824e+03,6.082778563722968102e-04
6.114076050700467022e+03,6.074463017284870148e-04
6.124082721814543220e+03,6.066175410524010658e-04
6.134089392928619418e+03,6.058033904992043972e-04
6.144096064042694707e+03,6.049964576959609985e-04
6.154102735156770905e+03,6.042025634087622166e-04
6.164109406270847103e+03,6.034166435711085796e-04
6.174116077384923301e+03,6.026371847838163376e-04
6.184122748498999499e+03,6.018693093210458755e-04
6.194129419613075697e+03,6.011063233017921448e-04
6.204136090727150986e+03,6.003550952300429344e-04
6.214142761841227184e+03,5.996098043397068977e-04
6.224149432955303382e+03,5.988734774291515350e-04
6.234156104069379580e+03,5.981438443996012211e-04
6.244162775183455778e+03,5.974217783659696579e-04
6.254169446297531977e+03,5.967054166831076145e-04
6.264176117411608175e+03,5.959976115263998508e-04
6.274182788525683463e+03,5.952991778030991554e-04
6.284189459639759662e+03,5.946065066382288933e-04
6.294196130753835860e+03,5.939178518019616604e-04
6.304202801867912058e+03,5.932360654696822166e-04
6.314209472981988256e+03,5.925611476413905621e-04
6.324216144096064454e+03,5.918934475630521774e-04
6.334222815210139743e+03,5.912344204261898994e-04
6.344229486324215941e+03,5.905830184929072857e-04
6.354236157438292139e+03,5.899333627894520760e-04
6.364242828552368337e+03,5.892884219065308571e-04
6.374249499666444535e+03,5.886529106646776199e-04
6.384256170780520733e+03,5.880239186808466911e-04
6.394262841894596022e+03,5.873974878340959549e-04
6.404269513008672220e+03,5.867800791747868061e-04
6.414276184122748418e+03,5.861661629751324654e-04
6.424282855236824616e+03,5.855576600879430771e-04
6.434289526350900815e+03,5.849575391039252281e-04
6.444296197464977013e+03,5.843584658578038216e-04
6.454302868579052301e+03,5.837659700773656368e-04
6.464309539693128499e+03,5.831808666698634624e-04
6.474316210807204698e+03,5.826013511978089809e-04
6.484322881921280896e+03,5.820256192237138748e-04
6.494329553035357094e+03,5.814547184854745865e-04
6.504336224149433292e+03,5.808861460536718369e-04
6.514342895263508581e+03,5.803271196782588959e-04
6.524349566377584779e+03,5.797708290629088879e-04
6.534356237491660977e+03,5.792205920442938805e-04
6.544362908605737175e+03,5.786719848401844501e-04
6.554369579719813373e+03,5.781321087852120399e-04
6.564376250833889571e+03,5.775926983915269375e-04
6.574382921947964860e+03,5.770596326328814030e-04
6.584389593062041058e+03,5.765310488641262054e-04
6.594396264176117256e+03,5.760075291618704796e-04
6.604402935290193454e+03,5.754870944656431675e-04
6.614409606404269653e+03,5.749680567532777786e-04
6.624416277518345851e+03,5.744562949985265732e-04
6.634422948632422049e+03,5.739504122175276279e-04
6.644429619746497337e+03,5.734460428357124329e-04
6.654436290860573536e+03,5.729450494982302189e-04
6.664442961974649734e+03,5.724509246647357941e-04
6.674449633088725932e+03,5.719567998312413692e-04
6.684456304202802130e+03,5.714696599170565605e-04
6.694462975316878328e+03,5.709864199161529541e-04
6.704469646430953617e+03,5.705084186047315598e-04
6.714476317545029815e+03,5.700301844626665115e-04
6.724482988659106013e+03,5.695553845725953579e-04
6.734489659773182211e+03,5.690850084647536278e-04
6.744496330887258409e+03,5.686180666089057922e-04
6.754503002001334607e+03,5.681557231582701206e-04
6.764509673115409896e+03,5.676972796209156513e-04
6.774516344229486094e+03,5.672429688274860382e-04
6.784523015343562292e+03,5.667906370945274830e-04
6.794529686457638491e+03,5.663420306518673897e-04
6.804536357571714689e+03,5.658972659148275852e-04
6.814543028685790887e+03,5.654587876051664352e-04
6.824549699799866175e+03,5.650208913721144199e-04
6.834556370913942374e+03,5.645856144838035107e-04
6.844563042028018572e+03,5.641545867547392845e-04
6.854569713142094770e+03,5.637260619550943375e-04
6.864576384256170968e+03,5.633009714074432850e-04
6.874583055370247166e+03,5.628796061500906944e-04
6.884589726484322455e+03,5.624600453302264214e-04
6.894596397598398653e+03,5.620456067845225334e-04
6.904603068712474851e+03,5.616340786218643188e-04
6.914609739826551049e+03,5.612280801869928837e-04
6.924616410940627247e+03,5.608213250525295734e-04
6.934623082054703445e+03,5.604200414381921291e-04
6.944629753168778734e+03,5.600193981081247330e-04
6.954636424282854932e+03,5.596243427135050297e-04
6.964643095396931130e+03,5.592319066636264324e-04
6.974649766511007329e+03,5.588429048657417297e-04
6.984656437625083527e+03,5.584552418440580368e-04
6.994663108739159725e+03,5.580712459050118923e-04
7.004669779853235923e+03,5.576906260102987289e-04
7.014676450967311212e+03,5.573127418756484985e-04
7.024683122081387410e+03,5.569395143538713455e-04
7.034689793195463608e+03,5.565663450397551060e-04
7.044696464309539806e+03,5.561950965784490108e-04
7.054703135423616004e+03,5.558278062380850315e-04
7.064709806537692202e+03,5.554633680731058121e-04
7.074716477651767491e+03,5.551038193516433239e-04
7.084723148765843689e+03,5.547433975152671337e-04
7.094729819879919887e+03,5.543880397453904152e-04
7.104736490993996085e+03,5.540332058444619179e-04
7.114743162108072283e+03,5.536823300644755363e-04
7.124749833222148482e+03,5.533329676836729050e-04
7.134756504336223770e+03,5.529884365387260914e-04
7.144763175450299968e+03,5.526462919078767300e-04
7.154769846564376166e+03,5.523039726540446281e-04
7.164776517678452365e+03,5.519648548215627670e-04
7.174783188792528563e+03,5.516287055797874928e-04
7.184789859906604761e+03,5.512927891686558723e-04
7.194796531020680050e+03,5.509633338078856468e-04
7.204803202134756248e+03,5.506334127858281136e-04
7.214809873248832446e+03,5.503051215782761574e-04
7.224816544362908644e+03,5.499802646227180958e-04
7.234823215476984842e+03,5.496592493727803230e-04
7.244829886591061040e+03,5.493403295986354351e-04
7.254836557705136329e+03,5.490228068083524704e-04
7.264843228819212527e+03,5.487072048708796501e-04
7.274849899933288725e+03,5.483936984091997147e-04
7.284856571047364923e+03,5.480826366692781448e-04
7.294863242161441121e+03,5.477750091813504696e-04
7.304869913275517320e+03,5.474676145240664482e-04
7.314876584389592608e+03,5.471614422276616096e-04
7.324883255503668806e+03,5.468599265441298485e-04
7.334889926617745004e+03,5.465606809593737125e-04
7.344896597731821203e+03,5.462630651891231537e-04
7.354903268845897401e+03,5.459681269712746143e-04
7.364909939959973599e+03,5.456723738461732864e-04
7.374916611074049797e+03,5.453820922411978245e-04
7.384923282188125086e+03,5.450922762975096703e-04
7.394929953302201284e+03,5.448044394142925739e-04
7.404936624416277482e+03,5.445170681923627853e-04
7.414943295530353680e+03,5.442330730147659779e-04
7.424949966644429878e+03,5.439529195427894592e-04
7.434956637758506076e+03,5.436718929558992386e-04
7.444963308872581365e+03,5.433939513750374317e-04
7.454969979986657563e+03,5.431191530078649521e-04
7.464976651100733761e+03,5.428441800177097321e-04
7.474983322214809959e+03,5.425718263722956181e-04
7.484989993328886158e+03,5.423009861260652542e-04
7.494996664442962356e+03,5.420322995632886887e-04
7.505003335557037644e+03,5.417662323452532291e-04
7.515010006671113842e+03,5.415007472038269043e-04
7.525016677785190041e+03,5.412390455603599548e-04
7.535023348899266239e+03,5.409787991084158421e-04
7.545030020013342437e+03,5.407187272794544697e-04
7.555036691127418635e+03,5.404619150795042515e-04
7.565043362241493924e+03,5.402064416557550430e-04
7.575050033355570122e+03,5.399521323852241039e-04
7.585056704469646320e+03,5.396993947215378284e-04
7.595063375583722518e+03,5.394489853642880917e-04
7.605070046697798716e+03,5.392013699747622013e-04
7.615076717811874914e+03,5.389538710005581379e-04
7.625083388925950203e+03,5.387073615565896034e-04
7.635090060040026401e+03,5.384628893807530403e-04
7.645096731154102599e+03,5.382213275879621506e-04
7.655103402268178797e+03,5.379827343858778477e-04
7.665110073382254996e+03,5.377425113692879677e-04
7.675116744496331194e+03,5.375049076974391937e-04
7.685123415610407392e+03,5.372681771405041218e-04
7.695130086724482680e+03,5.370353464968502522e-04
7.705136757838558879e+03,5.368035053834319115e-04
7.715143428952635077e+03,5.365709075704216957e-04
7.725150100066711275e+03,5.363420350477099419e-04
7.735156771180787473e+03,5.361149087548255920e-04
7.745163442294863671e+03,5.358884227462112904e-04
7.755170113408938960e+03,5.356633919291198254e-04
7.765176784523015158e+03,5.354392924346029758e-04
7.775183455637091356e+03,5.352169973775744438e-04
7.785190126751167554e+03,5.349960410967469215e-04
7.795196797865243752e+03,5.347768892534077168e-04
7.805203468979319950e+03,5.345593090169131756e-04
7.815210140093395239e+03,5.343437078408896923e-04
7.825216811207471437e+03,5.341278156265616417e-04
7.835223482321547635e+03,5.339161725714802742e-04
7.845230153435623834e+03,5.337058682925999165e-04
7.855236824549700032e+03,5.334943416528403759e-04
7.865243495663776230e+03,5.332833388820290565e-04
7.875250166777851518e+03,5.330770509317517281e-04
7.885256837891927717e+03,5.328703555278480053e-04
7.895263509006003915e+03,5.326659884303808212e-04
7.905270180120080113e+03,5.324620869942009449e-04
7.915276851234156311e+03,5.322597571648657322e-04
7.925283522348232509e+03,5.320581840351223946e-04
7.935290193462307798e+03,5.318593466654419899e-04
7.945296864576383996e+03,5.316621391102671623e-04
7.955303535690460194e+03,5.314656300470232964e-04
7.965310206804536392e+03,5.312690627761185169e-04
7.975316877918612590e+03,5.310740089043974876e-04
7.985323549032688788e+03,5.308808758854866028e-04
7.995330220146764077e+03,5.306900129653513432e-04
8.005336891260840275e+03,5.305005470290780067e-04
8.015343562374916473e+03,5.303110228851437569e-04
8.025350233488992671e+03,5.301221390254795551e-04
8.035356904603068870e+03,5.299362237565219402e-04
8.045363575717145068e+03,5.297503084875643253e-04
8.055370246831221266e+03,5.295661976560950279e-04
8.065376917945296555e+03,5.293833673931658268e-04
8.075383589059372753e+03,5.292017594911158085e-04
8.085390260173448951e+03,5.290200351737439632e-04
8.095396931287525149e+03,5.288402317091822624e-04
8.105403602401601347e+03,5.286611267365515232e-04
8.115410273515677545e+03,5.284849321469664574e-04
8.125416944629752834e+03,5.283092614263296127e-04
8.135423615743829032e+03,5.281344056129455566e-04
8.145430286857905230e+03,5.279596080072224140e-04
8.155436957971981428e+03,5.277862655930221081e-04
8.165443629086057626e+03,5.276154843159019947e-04
8.175450300200133825e+03,5.274463328532874584e-04
8.185456971314209113e+03,5.272764828987419605e-04
8.195463642428285311e+03,5.271071568131446838e-04
8.205470313542362419e+03,5.269399262033402920e-04
8.215476984656437708e+03,5.267748492769896984e-04
8.225483655770512996e+03,5.266091902740299702e-04
8.235490326884590104e+03,5.264463252387940884e-04
8.245496997998665393e+03,5.262837512418627739e-04
8.255503669112742500e+03,5.261224578134715557e-04
8.265510340226817789e+03,5.259614554233849049e-04
8.275517011340893077e+03,5.258015007711946964e-04
8.285523682454970185e+03,5.256444565020501614e-04
8.295530353569045474e+03,5.254869465716183186e-04
8.305537024683122581e+03,5.253306007944047451e-04
8.315543695797197870e+03,5.251753027550876141e-04
8.325550366911274978e+03,5.250210524536669254e-04
8.335557038025350266e+03,5.248677334748208523e-04
8.345563709139425555e+03,5.247152876108884811e-04
8.355570380253502663e+03,5.245633656159043312e-04
8.365577051367577951e+03,5.244136555120348930e-04
8.375583722481655059e+03,5.242645274847745895e-04
8.385590393595730347e+03,5.241164471954107285e-04
8.395597064709805636e+03,5.239686579443514347e-04
8.405603735823882744e+03,5.238219164311885834e-04
8.415610406937958032e+03,5.236758152022957802e-04
8.425617078052035140e+03,5.235314602032303810e-04
8.435623749166110429e+03,5.233873380348086357e-04
8.445630420280187536e+03,5.232446128502488136e-04
8.455637091394262825e+03,5.231019458733499050e-04
8.465643762508338114e+03,5.229609669186174870e-04
8.475650433622415221e+03,5.228208610787987709e-04
8.485657104736490510e+03,5.226808716543018818e-04
8.495663775850567617e+03,5.225434433668851852e-04
8.505670446964642906e+03,5.224057240411639214e-04
8.515677118078720014e+03,5.222684703767299652e-04
8.525683789192795302e+03,5.221333121880888939e-04
8.535690460306870591e+03,5.219992017373442650e-04
8.545697131420947699e+03,5.218642763793468475e-04
8.555703802535022987e+03,5.217318539507687092e-04
8.565710473649100095e+03,5.215998389758169651e-04
8.575717144763175384e+03,5.214687553234398365e-04
8.585723815877250672e+03,5.213384283706545830e-04
8.595730486991327780e+03,5.212089745327830315e-04
8.605737158105403068e+03,5.210794042795896530e-04
8.615743829219480176e+03,5.209508817642927170e-04
8.625750500333555465e+03,5.208238726481795311e-04
8.635757171447632572e+03,5.206971545703709126e-04
8.645763842561707861e+03,5.205718916840851307e-04
8.655770513675783150e+03,5.204462795518338680e-04
8.665777184789860257e+03,5.203224136494100094e-04
8.675783855903935546e+03,5.201991298235952854e-04
8.685790527018012654e+03,5.200774758122861385e-04
8.695797198132087942e+03,5.199554143473505974e-04
8.705803869246163231e+03,5.198345752432942390e-04
8.715810540360240338e+03,5.197144346311688423e-04
8.725817211474315627e+03,5.195945268496870995e-04
8.735823882588392735e+03,5.194754921831190586e-04
8.745830553702468023e+03,5.193573888391256332e-04
8.755837224816545131e+03,5.192403914406895638e-04
8.765843895930620420e+03,5.191228701733052731e-04
8.775850567044695708e+03,5.190064548514783382e-04
8.785857238158772816e+03,5.188907962292432785e-04
8.795863909272848105e+03,5.187768256291747093e-04
8.805870580386925212e+03,5.186630296520888805e-04
8.815877251501000501e+03,5.185496993362903595e-04
8.825883922615077608e+03,5.184378242120146751e-04
8.835890593729152897e+03,5.183260655030608177e-04
8.845897264843228186e+03,5.182147142477333546e-04
8.855903935957305293e+03,5.181035958230495453e-04
8.865910607071380582e+03,5.179938161745667458e-04
8.875917278185457690e+03,5.178852006793022156e-04
8.885923949299532978e+03,5.177761777304112911e-04
8.895930620413608267e+03,5.176683189347386360e-04
8.905937291527685375e+03,5.175605183467268944e-04
8.915943962641760663e+03,5.174538237042725086e-04
8.925950633755837771e+03,5.173474201001226902e-04
8.935957304869913060e+03,5.172412493266165257e-04
8.945963975983990167e+03,5.171363009139895439e-04
8.955970647098065456e+03,5.170312942937016487e-04
8.965977318212140744e+03,5.169263458810746670e-04
8.975983989326217852e+03,5.168226198293268681e-04
8.985990660440293141e+03,5.167180788703262806e-04
8.995997331554370248e+03,5.166143528185784817e-04
9.006004002668445537e+03,5.165098118595778942e-04
9.016010673782520826e+03,5.164056783542037010e-04
9.026017344896597933e+03,5.163008463568985462e-04
9.036024016010673222e+03,5.161943263374269009e-04
9.046030687124750330e+03,5.160875152796506882e-04
9.056037358238825618e+03,5.159759311936795712e-04
9.066044029352902726e+03,5.158589920029044151e-04
9.076050700466978014e+03,5.157303530722856522e-04
9.086057371581053303e+03,5.155738908797502518e-04
9.096064042695130411e+03,5.153201636858284473e-04
9.106070713809205699e+03,5.139335407875478268e-04
9.116077384923282807e+03,2.468411028385162354e-01
9.126084056037358096e+03,7.266572117805480957e-02
9.136090727151433384e+03,2.681937813758850098e-02
9.146097398265510492e+03,1.792278327047824860e-02
9.156104069379585781e+03,4.342630971223115921e-03
9.166110740493662888e+03,2.977276220917701721e-03
9.176117411607738177e+03,1.635116757825016975e-03
9.186124082721815284e+03,1.245130319148302078e-03
9.196130753835890573e+03,1.071079750545322895e-03
9.206137424949965862e+03,9.584543877281248569e-04
9.216144096064042969e+03,8.894460625015199184e-04
9.226150767178118258e+03,8.466880535706877708e-04
9.236157438292195366e+03,8.121377904899418354e-04
9.246164109406270654e+03,7.850131951272487640e-04
9.256170780520347762e+03,7.624198333360254765e-04
9.266177451634423051e+03,7.432163110934197903e-04
9.276184122748498339e+03,7.266053580678999424e-04
9.286190793862575447e+03,7.118196226656436920e-04
9.296197464976650735e+03,6.987506640143692493e-04
9.306204136090727843e+03,6.871701916679739952e-04
9.316210807204803132e+03,6.768230232410132885e-04
9.326217478318878420e+03,6.673068855889141560e-04
9.336224149432955528e+03,6.584462244063615799e-04
9.346230820547030817e+03,6.501972093246877193e-04
9.356237491661107924e+03,6.424612365663051605e-04
9.366244162775183213e+03,6.352582713589072227e-04
9.376250833889260321e+03,6.284527480602264404e-04
9.386257505003335609e+03,6.219984497874975204e-04
9.396264176117410898e+03,6.158922915346920490e-04
9.406270847231488005e+03,6.101293256506323814e-04
9.416277518345563294e+03,6.046488415449857712e-04
9.426284189459640402e+03,5.993928643874824047e-04
9.436290860573715690e+03,5.943969590589404106e-04
9.446297531687790979e+03,5.896133370697498322e-04
9.456304202801868087e+03,5.850296001881361008e-04
9.466310873915943375e+03,5.806944682262837887e-04
9.476317545030020483e+03,5.766232497990131378e-04
9.486324216144095772e+03,5.727433599531650543e-04
9.496330887258172879e+03,5.691160331480205059e-04
9.506337558372248168e+03,5.656699067912995815e-04
9.516344229486323457e+03,5.623384495265781879e-04
9.526350900600400564e+03,5.591362714767456055e-04
9.536357571714475853e+03,5.560665740631520748e-04
9.546364242828552960e+03,5.531236529350280762e-04
9.556370913942628249e+03,5.503071588464081287e-04
9.566377585056705357e+03,5.476123187690973282e-04
9.576384256170780645e+03,5.450056632980704308e-04
9.586390927284855934e+03,5.424965638667345047e-04
9.596397598398933042e+03,5.400597583502531052e-04
9.606404269513008330e+03,5.377141060307621956e-04
9.616410940627085438e+03,5.354557652026414871e-04
9.626417611741160727e+03,5.332763539627194405e-04
9.636424282855236015e+03,5.311594577506184578e-04
9.646430953969313123e+03,5.291070556268095970e-04
9.656437625083388411e+03,5.271228728815913200e-04
9.666444296197465519e+03,5.252203554846346378e-04
9.676450967311540808e+03,5.233953124843537807e-04
9.686457638425617915e+03,5.216177087277173996e-04
9.696464309539693204e+03,5.198962171562016010e-04
9.706470980653768493e+03,5.182356690056622028e-04
9.716477651767845600e+03,5.166417686268687248e-04
9.726484322881920889e+03,5.150833749212324619e-04
9.736490993995997997e+03,5.135741666890680790e-04
9.746497665110073285e+03,5.120920832268893719e-04
9.756504336224148574e+03,5.106404423713684082e-04
9.766511007338225681e+03,5.092272767797112465e-04
9.776517678452300970e+03,5.078798858448863029e-04
9.786524349566378078e+03,5.065886653028428555e-04
9.796531020680453366e+03,5.053390632383525372e-04
9.806537691794530474e+03,5.041220574639737606e-04
9.816544362908605763e+03,5.029335152357816696e-04
9.826551034022681051e+03,5.017772782593965530e-04
9.836557705136758159e+03,5.006503779441118240e-04
9.846564376250833448e+03,4.995586932636797428e-04
9.856571047364910555e+03,4.984986153431236744e-04
9.866577718478985844e+03,4.974721814505755901e-04
9.876584389593061132e+03,4.964735708199441433e-04
9.886591060707138240e+03,4.955050535500049591e-04
9.896597731821213529e+03,4.945665714330971241e-04
9.906604402935290636e+03,4.936528857797384262e-04
9.916611074049365925e+03,4.927560221403837204e-04
9.926617745163443033e+03,4.918824997730553150e-04
9.936624416277518321e+03,4.910240531899034977e-04
9.946631087391593610e+03,4.901831271126866341e-04
9.956637758505670718e+03,4.893614095635712147e-04
9.966644429619746006e+03,4.885588423348963261e-04
9.976651100733823114e+03,4.877771134488284588e-04
9.986657771847898402e+03,4.870181437581777573e-04
9.996664442961975510e+03,4.862762289121747017e-04
1.000667111407605080e+04,4.855478764511644840e-04
1.001667778519012609e+04,4.848258977290242910e-04
1.002668445630420320e+04,4.841114860028028488e-04
1.003669112741827848e+04,4.834004794247448444e-04
1.004669779853235559e+04,4.827051016036421061e-04
1.005670446964643088e+04,4.820204630959779024e-04
1.006671114076050617e+04,4.813431005459278822e-04
1.007671781187458328e+04,4.806779616046696901e-04
1.008672448298865856e+04,4.800165188498795033e-04
1.009673115410273567e+04,4.793666303157806396e-04
1.010673782521681096e+04,4.787263751495629549e-04
1.011674449633088807e+04,4.780959861818701029e-04
1.012675116744496336e+04,4.774784902110695839e-04
1.013675783855903865e+04,4.768714716192334890e-04
1.014676450967311575e+04,4.762719909194856882e-04
1.015677118078719104e+04,4.756845883093774319e-04
1.016677785190126815e+04,4.751045198645442724e-04
1.017678452301534344e+04,4.745285259559750557e-04
1.018679119412941873e+04,4.739520081784576178e-04
1.019679786524349583e+04,4.733822133857756853e-04
1.020680453635757112e+04,4.728172789327800274e-04
1.021681120747164823e+04,4.722617159131914377e-04
1.022681787858572352e+04,4.717159026768058538e-04
1.023682454969980063e+04,4.711737565230578184e-04
1.024683122081387592e+04,4.706384497694671154e-04
1.025683789192795120e+04,4.701120196841657162e-04
1.026684456304202831e+04,4.695967654697597027e-04
1.027685123415610360e+04,4.690918431151658297e-04
1.028685790527018071e+04,4.685920139309018850e-04
1.029686457638425600e+04,4.681021673604846001e-04
1.030687124749833310e+04,4.676238459069281816e-04
1.031687791861240839e+04,4.671585338655859232e-04
1.032688458972648368e+04,4.667019238695502281e-04
1.033689126084056079e+04,4.662518331315368414e-04
1.034689793195463608e+04,4.658118705265223980e-04
1.035690460306871319e+04,4.653831711038947105e-04
1.036691127418278847e+04,4.649612237699329853e-04
1.037691794529686376e+04,4.645455628633499146e-04
1.038692461641094087e+04,4.641307750716805458e-04
1.039693128752501616e+04,4.637202073354274035e-04
1.040693795863909327e+04,4.633139469660818577e-04
1.041694462975316856e+04,4.629127506632357836e-04
1.042695130086724566e+04,4.625174333341419697e-04
1.043695797198132095e+04,4.621281987056136131e-04
1.044696464309539624e+04,4.617453378159552813e-04
1.045697131420947335e+04,4.613689379766583443e-04
1.046697798532354864e+04,4.610007163137197495e-04
1.047698465643762574e+04,4.606377624440938234e-04
1.048699132755170103e+04,4.602762928698211908e-04
1.049699799866577632e+04,4.599156382028013468e-04
1.050700466977985343e+04,4.595560894813388586e-04
1.051701134089392872e+04,4.591972101479768753e-04
1.052701801200800583e+04,4.588430165313184261e-04
1.053702468312208111e+04,4.584926937241107225e-04
1.054703135423615822e+04,4.581448447424918413e-04
1.055703802535023351e+04,4.578003718052059412e-04
1.056704469646430880e+04,4.574598569888621569e-04
1.057705136757838591e+04,4.571214667521417141e-04
1.058705803869246120e+04,4.567904397845268250e-04
1.059706470980653830e+04,4.564635746646672487e-04
1.060707138092061359e+04,4.561404057312756777e-04
1.061707805203469070e+04,4.558191576506942511e-04
1.062708472314876599e+04,4.555006744340062141e-04
1.063709139426284128e+04,4.551835299935191870e-04
1.064709806537691838e+04,4.548686847556382418e-04
1.065710473649099367e+04,4.545581177808344364e-04
1.066711140760507078e+04,4.542506940197199583e-04
1.067711807871914607e+04,4.539451911114156246e-04
1.068712474983322136e+04,4.536431806627660990e-04
1.069713142094729847e+04,4.533444298431277275e-04
1.070713809206137375e+04,4.530482692644000053e-04
1.071714476317545086e+04,4.527559212874621153e-04
1.072715143428952615e+04,4.524638061411678791e-04
1.073715810540360326e+04,4.521748342085629702e-04
1.074716477651767855e+04,4.518895584624260664e-04
1.075717144763175384e+04,4.516075423453003168e-04
1.076717811874583094e+04,4.513302119448781013e-04
1.077718478985990623e+04,4.510554135777056217e-04
1.078719146097398334e+04,4.507811099756509066e-04
1.079719813208805863e+04,4.505105025600641966e-04
1.080720480320213392e+04,4.502420197241008282e-04
1.081721147431621102e+04,4.499792121350765228e-04
1.082721814543028631e+04,4.497201880440115929e-04
1.083722481654436342e+04,4.494643653742969036e-04
1.084723148765843871e+04,4.492115986067801714e-04
1.085723815877251582e+04,4.489624989219009876e-04
1.086724482988659111e+04,4.487161058932542801e-04
1.087725150100066639e+04,4.484730015974491835e-04
1.088725817211474350e+04,4.482323420234024525e-04
1.089726484322881879e+04,4.479939816519618034e-04
1.090727151434289590e+04,4.477574257180094719e-04
1.091727818545697119e+04,4.475234018173068762e-04
1.092728485657104648e+04,4.472909786272794008e-04
1.093729152768512358e+04,4.470612911973148584e-04
1.094729819879919887e+04,4.468355618882924318e-04
1.095730486991327598e+04,4.466129175852984190e-04
1.096731154102735127e+04,4.463925142772495747e-04
1.097731821214142838e+04,4.461725475266575813e-04
1.098732488325550366e+04,4.459545016288757324e-04
1.099733155436957895e+04,4.457394534256309271e-04
1.100733822548365606e+04,4.455276357475668192e-04
1.101734489659773135e+04,4.453187866602092981e-04
1.102735156771180846e+04,4.451124696061015129e-04
1.103735823882588375e+04,4.449076077435165644e-04
1.104736490993996085e+04,4.447036189958453178e-04
1.105737158105403614e+04,4.445021040737628937e-04
1.106737825216811143e+04,4.443021316546946764e-04
1.107738492328218854e+04,4.441054188646376133e-04
1.108739159439626383e+04,4.439117328729480505e-04
1.109739826551034093e+04,4.437201423570513725e-04
1.110740493662441622e+04,4.435306473169475794e-04
1.111741160773849151e+04,4.433401918504387140e-04
1.112741827885256862e+04,4.431506968103349209e-04
1.113742494996664391e+04,4.429625405464321375e-04
1.114743162108072102e+04,4.427769163157790899e-04
1.115743829219479630e+04,4.425931256264448166e-04
1.116744496330887341e+04,4.424125654622912407e-04
1.117745163442294870e+04,4.422334895934909582e-04
1.118745830553702399e+04,4.420551122166216373e-04
1.119746497665110110e+04,4.418765020091086626e-04
1.120747164776517639e+04,4.416995507199317217e-04
1.121747831887925349e+04,4.415251605678349733e-04
1.122748498999332878e+04,4.413534479681402445e-04
1.123749166110740407e+04,4.411845002323389053e-04
1.124749833222148118e+04,4.410177934914827347e-04
1.125750500333555647e+04,4.408534441608935595e-04
1.126751167444963357e+04,4.406908992677927017e-04
1.127751834556370886e+04,4.405298095662146807e-04
1.128752501667778597e+04,4.403703496791422367e-04
1.129753168779186126e+04,4.402128106448799372e-04
1.130753835890593655e+04,4.400564648676663637e-04
1.131754503002001366e+04,4.399013414513319731e-04
1.132755170113408894e+04,4.397473821882158518e-04
1.133755837224816605e+04,4.395937430672347546e-04
1.134756504336224134e+04,4.394413845147937536e-04
1.135757171447631845e+04,4.392901319079101086e-04
1.136757838559039374e+04,4.391403927002102137e-04
1.137758505670446903e+04,4.389931564219295979e-04
1.138759172781854613e+04,4.388472880236804485e-04
1.139759839893262142e+04,4.387027584016323090e-04
1.140760507004669853e+04,4.385589563753455877e-04
1.141761174116077382e+04,4.384153289720416069e-04
1.142761841227484911e+04,4.382714978419244289e-04
1.143762508338892621e+04,4.381280450616031885e-04
1.144763175450300150e+04,4.379856982268393040e-04
1.145763842561707861e+04,4.378449229989200830e-04
1.146764509673115390e+04,4.377057775855064392e-04
1.147765176784523101e+04,4.375679418444633484e-04
1.148765843895930630e+04,4.374306590761989355e-04
1.149766511007338158e+04,4.372939001768827438e-04
1.150767178118745869e+04,4.371575778350234032e-04
1.151767845230153398e+04,4.370221577119082212e-04
1.152768512341561109e+04,4.368877271190285683e-04
1.153769179452968638e+04,4.367539368104189634e-04
1.154769846564376166e+04,4.366215725895017385e-04
1.155770513675783877e+04,4.364902852103114128e-04
1.156771180787191406e+04,4.363596672192215919e-04
1.157771847898599117e+04,4.362296895124018192e-04
1.158772515010006646e+04,4.360993334557861090e-04
1.159773182121414357e+04,4.359691520221531391e-04
1.160773849232821885e+04,4.358383885119110346e-04
1.161774516344229414e+04,4.357080324552953243e-04
1.162775183455637125e+04,4.355788987595587969e-04
1.163775850567044654e+04,4.354505508672446012e-04
1.164776517678452365e+04,4.353227850515395403e-04
1.165777184789859893e+04,4.351961542852222919e-04
1.166777851901267422e+04,4.350709787104278803e-04
1.167778519012675133e+04,4.349463270045816898e-04
1.168779186124082662e+04,4.348226357251405716e-04
1.169779853235490373e+04,4.346995847299695015e-04
1.170780520346897902e+04,4.345768829807639122e-04
1.171781187458305612e+04,4.344541521277278662e-04
1.172781854569713141e+04,4.343312757555395365e-04
1.173782521681120670e+04,4.342094180174171925e-04
1.174783188792528381e+04,4.340880259405821562e-04
1.175783855903935910e+04,4.339669249020516872e-04
1.176784523015343621e+04,4.338455910328775644e-04
1.177785190126751149e+04,4.337245773058384657e-04
1.178785857238158860e+04,4.336049314588308334e-04
1.179786524349566389e+04,4.334861296229064465e-04
1.180787191460973918e+04,4.333682882133871317e-04
1.181787858572381629e+04,4.332515236455947161e-04
1.182788525683789157e+04,4.331353120505809784e-04
1.183789192795196868e+04,4.330200899858027697e-04
1.184789859906604397e+04,4.329048097133636475e-04
1.185790527018011926e+04,4.327897331677377224e-04
1.186791194129419637e+04,4.326758207753300667e-04
1.187791861240827166e+04,4.325632471591234207e-04
1.188792528352234876e+04,4.324518085923045874e-04
1.189793195463642405e+04,4.323420289438217878e-04
1.190793862575050116e+04,4.322343738749623299e-04
1.191794529686457645e+04,4.321284068282693624e-04
1.192795196797865174e+04,4.320244770497083664e-04
1.193795863909272884e+04,4.319222352933138609e-04
1.194796531020680413e+04,4.318214778322726488e-04
1.195797198132088124e+04,4.317220009397715330e-04
1.196797865243495653e+04,4.316238337196409702e-04
1.197798532354903182e+04,4.315265687182545662e-04
1.198799199466310893e+04,4.314301768317818642e-04
1.199799866577718421e+04,4.313347744755446911e-04
1.200800533689126132e+04,4.312401579227298498e-04
1.201801200800533661e+04,4.311454249545931816e-04
1.202801867911941372e+04,4.310510121285915375e-04
1.203802535023348901e+04,4.309578216634690762e-04
1.204803202134756430e+04,4.308655625209212303e-04
1.205803869246164140e+04,4.307743511162698269e-04
1.206804536357571669e+04,4.306829359848052263e-04
1.207805203468979380e+04,4.305917536839842796e-04
1.208805870580386909e+04,4.304999310988932848e-04
1.209806537691794620e+04,4.304087487980723381e-04
1.210807204803202148e+04,4.303182940930128098e-04
1.211807871914609677e+04,4.302287998143583536e-04
1.212808539026017388e+04,4.301400913391262293e-04
1.213809206137424917e+04,4.300525179132819176e-04
1.214809873248832628e+04,4.299662832636386156e-04
1.215810540360240157e+04,4.298813582863658667e-04
1.216811207471647685e+04,4.297974810469895601e-04
1.217811874583055396e+04,4.297145642340183258e-04
1.218812541694462925e+04,4.296318511478602886e-04
1.219813208805870636e+04,4.295492544770240784e-04
1.220813875917278165e+04,4.294666287023574114e-04
1.221814543028685875e+04,4.293844685889780521e-04
1.222815210140093404e+04,4.293018719181418419e-04
1.223815877251500933e+04,4.292192461434751749e-04
1.224816544362908644e+04,4.291370860300958157e-04
1.225817211474316173e+04,4.290555370971560478e-04
1.226817878585723884e+04,4.289739881642162800e-04
1.227818545697131412e+04,4.288926138542592525e-04
1.228819212808538941e+04,4.288115887902677059e-04
1.229819879919946652e+04,4.287310584913939238e-04
1.230820547031354181e+04,4.286509065423160791e-04
1.231821214142761892e+04,4.285713948775082827e-04
1.232821881254169421e+04,4.284928145352751017e-04
1.233822548365577131e+04,4.284147289581596851e-04
1.234823215476984660e+04,4.283367597963660955e-04
1.235823882588392189e+04,4.282584122847765684e-04
1.236824549699799900e+04,4.281804431229829788e-04
1.237825216811207429e+04,4.281024739611893892e-04
1.238825883922615139e+04,4.280249122530221939e-04
1.239826551034022668e+04,4.279479908291250467e-04
1.240827218145430197e+04,4.278706328477710485e-04
1.241827885256837908e+04,4.277933912817388773e-04
1.242828552368245437e+04,4.277161497157067060e-04
1.243829219479653148e+04,4.276387917343527079e-04
1.244829886591060676e+04,4.275616665836423635e-04
1.245830553702468387e+04,4.274844541214406490e-04
1.246831220813875916e+04,4.274070670362561941e-04
1.247831887925283445e+04,4.273300874046981335e-04
1.248832555036691156e+04,4.272535152267664671e-04
1.249833222148098685e+04,4.271771467756479979e-04
1.250833889259506395e+04,4.271017387509346008e-04
1.251834556370913924e+04,4.270268254913389683e-04
1.252835223482321635e+04,4.269522614777088165e-04
1.253835890593729164e+04,4.268779593985527754e-04
1.254836557705136693e+04,4.268039483577013016e-04
1.255837224816544403e+04,4.267296753823757172e-04
1.256837891927951932e+04,4.266549076419323683e-04
1.257838559039359643e+04,4.265800816938281059e-04
1.258839226150767172e+04,4.265054012648761272e-04
1.259839893262174701e+04,4.264312738087028265e-04
1.260840560373582412e+04,4.263574955984950066e-04
1.261841227484989940e+04,4.262844449840486050e-04
1.262841894596397651e+04,4.262104339431971312e-04
1.263842561707805180e+04,4.261361027602106333e-04
1.264843228819212891e+04,4.260614223312586546e-04
1.265843895930620420e+04,4.259864217601716518e-04
1.266844563042027949e+04,4.259120905771851540e-04
1.267845230153435659e+04,4.258385160937905312e-04
1.268845897264843188e+04,4.257649416103959084e-04
1.269846564376250899e+04,4.256900283508002758e-04
1.270847231487658428e+04,4.256143583916127682e-04
1.271847898599065957e+04,4.255382518749684095e-04
1.272848565710473667e+04,4.254610976204276085e-04
1.273849232821881196e+04,4.253840888850390911e-04
1.274849899933288907e+04,4.253073711879551411e-04
1.275850567044696436e+04,4.252306825947016478e-04
1.276851234156104147e+04,4.251534410286694765e-04
1.277851901267511676e+04,4.250758502166718245e-04
1.278852568378919204e+04,4.249983176123350859e-04
1.279853235490326915e+04,4.249213088769465685e-04
1.280853902601734444e+04,4.248457844369113445e-04
1.281854569713142155e+04,4.247711913194507360e-04
1.282855236824549684e+04,4.246982862241566181e-04
1.283855903935957394e+04,4.246254684403538704e-04
1.284856571047364923e+04,4.245523887220770121e-04
1.285857238158772452e+04,4.244795709382742643e-04
1.286857905270180163e+04,4.244076553732156754e-04
1.287858572381587692e+04,4.243358562234789133e-04
1.288859239492995403e+04,4.242644063197076321e-04
1.289859906604402931e+04,4.241928108967840672e-04
1.290860573715810460e+04,4.241208080202341080e-04
1.291861240827218171e+04,4.240483103785663843e-04
1.292861907938625700e+04,4.239757545292377472e-04
1.293862575050033411e+04,4.239037516526877880e-04
1.294863242161440940e+04,4.238334076944738626e-04
1.295863909272848650e+04,4.237646062392741442e-04
1.296864576384256179e+04,4.236968525219708681e-04
1.297865243495663708e+04,4.236306995153427124e-04
1.298865910607071419e+04,4.235656524542719126e-04
1.299866577718478948e+04,4.235013911966234446e-04
1.300867244829886658e+04,4.234385269228368998e-04
1.301867911941294187e+04,4.233759827911853790e-04
1.302868579052701716e+04,4.233133804518729448e-04
1.303869246164109427e+04,4.232517967466264963e-04
1.304869913275516956e+04,4.231914936099201441e-04
1.305870580386924667e+04,4.231322091072797775e-04
1.306871247498332195e+04,4.230735648889094591e-04
1.307871914609739906e+04,4.230153572279959917e-04
1.308872581721147435e+04,4.229570622555911541e-04
1.309873248832554964e+04,4.228985344525426626e-04
1.310873915943962675e+04,4.228402394801378250e-04
1.311874583055370204e+04,4.227824683766812086e-04
1.312875250166777914e+04,4.227249010000377893e-04
1.313875917278185443e+04,4.226678865961730480e-04
1.314876584389592972e+04,4.226109012961387634e-04
1.315877251501000683e+04,4.225542070344090462e-04
1.316877918612408212e+04,4.224979202263057232e-04
1.317878585723815922e+04,4.224421281833201647e-04
1.318879252835223451e+04,4.223866853863000870e-04
1.319879919946631162e+04,4.223316209390759468e-04
1.320880587058038691e+04,4.222769639454782009e-04
1.321881254169446220e+04,4.222226561978459358e-04
1.322881921280853931e+04,4.221686394885182381e-04
1.323882588392261459e+04,4.221144481562077999e-04
1.324883255503669170e+04,4.220600530970841646e-04
1.325883922615076699e+04,4.220044065732508898e-04
1.326884589726484410e+04,4.219482652842998505e-04
1.327885256837891939e+04,4.218921530991792679e-04
1.328885923949299467e+04,4.218363610561937094e-04
1.329886591060707178e+04,4.217814421281218529e-04
1.330887258172114707e+04,4.217275418341159821e-04
1.331887925283522418e+04,4.216742818243801594e-04
1.332888592394929947e+04,4.216207889840006828e-04
1.333889259506337476e+04,4.215675289742648602e-04
1.334889926617745186e+04,4.215142980683594942e-04
1.335890593729152715e+04,4.214614746160805225e-04
1.336891260840560426e+04,4.214092623442411423e-04
1.337891927951967955e+04,4.213571082800626755e-04
1.338892595063375666e+04,4.213047504890710115e-04
1.339893262174783194e+04,4.212524218019098043e-04
1.340893929286190723e+04,4.212002095300704241e-04
1.341894596397598434e+04,4.211483465041965246e-04
1.342895263509005963e+04,4.210962215438485146e-04
1.343895930620413674e+04,4.210444749332964420e-04
1.344896597731821203e+04,4.209931357763707638e-04
1.345897264843228731e+04,4.209425242152065039e-04
1.346897931954636442e+04,4.208918835502117872e-04
1.347898599066043971e+04,4.208410973660647869e-04
1.348899266177451682e+04,4.207904567010700703e-04
1.349899933288859211e+04,4.207398742437362671e-04
1.350900600400266921e+04,4.206897574476897717e-04
1.351901267511674450e+04,4.206399898976087570e-04
1.352901934623081979e+04,4.205909208394587040e-04
1.353902601734489690e+04,4.205426084809005260e-04
1.354903268845897219e+04,4.204943543300032616e-04
1.355903935957304930e+04,4.204460128676146269e-04
1.356904603068712458e+04,4.203979333397001028e-04
1.357905270180120169e+04,4.203507851343601942e-04
1.358905937291527698e+04,4.203044227324426174e-04
1.359906604402935227e+04,4.202586133033037186e-04
1.360907271514342938e+04,4.202135896775871515e-04
1.361907938625750467e+04,4.201691481284797192e-04
1.362908605737158177e+04,4.201252304483205080e-04
1.363909272848565706e+04,4.200814582873135805e-04
1.364909939959973235e+04,4.200375988148152828e-04
1.365910607071380946e+04,4.199929535388946533e-04
1.366911274182788475e+04,4.199479008093476295e-04
1.367911941294196185e+04,4.199030809104442596e-04
1.368912608405603714e+04,4.198582901153713465e-04
1.369913275517011425e+04,4.198145761620253325e-04
1.370913942628418954e+04,4.197710950393229723e-04
1.371914609739826483e+04,4.197276139166206121e-04
1.372915276851234194e+04,4.196841036900877953e-04
1.373915943962641722e+04,4.196404479444026947e-04
1.374916611074049433e+04,4.195965593680739403e-04
1.375917278185456962e+04,4.195526998955756426e-04
1.376917945296864491e+04,4.195092187728732824e-04
1.377918612408272202e+04,4.194657085463404655e-04
1.378919279519679731e+04,4.194219945929944515e-04
1.379919946631087441e+04,4.193783679511398077e-04
1.380920613742494970e+04,4.193347413092851639e-04
1.381921280853902681e+04,4.192908236291259527e-04
1.382921947965310210e+04,4.192465567030012608e-04
1.383922615076717739e+04,4.192021151538938284e-04
1.384923282188125449e+04,4.191580228507518768e-04
1.385923949299532978e+04,4.191141924820840359e-04
1.386924616410940689e+04,4.190702456980943680e-04
1.387925283522348218e+04,4.190262116026133299e-04
1.388925950633755747e+04,4.189824976492673159e-04
1.389926617745163458e+04,4.189387254882603884e-04
1.390927284856570986e+04,4.188949533272534609e-04
1.391927951967978697e+04,4.188511229585856199e-04
1.392928619079386226e+04,4.188073507975786924e-04
1.393929286190793937e+04,4.187634331174194813e-04
1.394929953302201466e+04,4.187192826066166162e-04
1.395930620413608995e+04,4.186751611996442080e-04
1.396931287525016705e+04,4.186311562079936266e-04
1.397931954636424234e+04,4.185872094240039587e-04
1.398932621747831945e+04,4.185436118859797716e-04
1.399933288859239474e+04,4.185004218015819788e-04
1.400933955970647185e+04,4.184574936516582966e-04
1.401934623082054713e+04,4.184145946055650711e-04
1.402935290193462242e+04,4.183718119747936726e-04
1.403935957304869953e+04,4.183289420325309038e-04
1.404936624416277482e+04,4.182859265711158514e-04
1.405937291527685193e+04,4.182427655905485153e-04
1.406937958639092722e+04,4.181989934295415878e-04
1.407938625750500250e+04,4.181549302302300930e-04
1.408939292861907961e+04,4.181105468887835741e-04
1.409939959973315490e+04,4.180656396783888340e-04
1.410940627084723201e+04,4.180206742603331804e-04
1.411941294196130730e+04,4.179752140771597624e-04
1.412941961307538440e+04,4.179289098829030991e-04
1.413942628418945969e+04,4.178821982350200415e-04
1.414943295530353498e+04,4.178356030024588108e-04
1.415943962641761209e+04,4.177893570158630610e-04
1.416944629753168738e+04,4.177428199909627438e-04
1.417945296864576449e+04,4.176965740043669939e-04
1.418945963975983977e+04,4.176504153292626143e-04
1.419946631087391506e+04,4.176042566541582346e-04
1.420947298198799217e+04,4.175587673671543598e-04
1.421947965310206746e+04,4.175132780801504850e-04
1.422948632421614457e+04,4.174672358203679323e-04
1.423949299533021986e+04,4.174206696916371584e-04
1.424949966644429696e+04,4.173737834207713604e-04
1.425950633755837225e+04,4.173265479039400816e-04
1.426951300867244754e+04,4.172787594143301249e-04
1.427951967978652465e+04,4.172310582362115383e-04
1.428952635090059994e+04,4.171838518232107162e-04
1.429953302201467704e+04,4.171373147983103991e-04
1.430953969312875233e+04,4.170915053691715002e-04
1.431954636424282944e+04,4.170463362243026495e-04
1.432955303535690473e+04,4.170015163253992796e-04
1.433955970647098002e+04,4.169571329839527607e-04
1.434956637758505713e+04,4.169128660578280687e-04
1.435957304869913241e+04,4.168689483776688576e-04
1.436957971981320952e+04,4.168253217358142138e-04
1.437958639092728481e+04,4.167824517935514450e-04
1.438959306204136010e+04,4.167403967585414648e-04
1.439959973315543721e+04,4.166974104009568691e-04
1.440960640426951250e+04,4.166542785242199898e-04
1.441961307538358960e+04,4.166112921666353941e-04
1.442961974649766489e+04,4.165684513282030821e-04
1.443962641761174200e+04,4.165260179433971643e-04
1.444963308872581729e+04,4.164838755968958139e-04
1.445963975983989258e+04,4.164425190538167953e-04
1.446964643095396968e+04,4.164017445873469114e-04
1.447965310206804497e+04,4.163615230936557055e-04
1.448965977318212208e+04,4.163219418842345476e-04
1.449966644429619737e+04,4.162828263361006975e-04
1.450967311541027266e+04,4.162441182415932417e-04
1.451967978652434977e+04,4.162056720815598965e-04
1.452968645763842505e+04,4.161674005445092916e-04
1.453969312875250216e+04,4.161297110840678215e-04
1.454969979986657745e+04,4.160923708695918322e-04
1.455970647098065456e+04,4.160552052780985832e-04
1.456971314209472985e+04,4.160180105827748775e-04
1.457971981320880514e+04,4.159809905104339123e-04
1.458972648432288224e+04,4.159437958151102066e-04
1.459973315543695753e+04,4.159069794695824385e-04
1.460973982655103464e+04,4.158707160968333483e-04
1.461974649766510993e+04,4.158345982432365417e-04
1.462975316877918522e+04,4.157985094934701920e-04
1.463975983989326232e+04,4.157625080551952124e-04
1.464976651100733761e+04,4.157267103437334299e-04
1.465977318212141472e+04,4.156907962169498205e-04
1.466977985323549001e+04,4.156552313361316919e-04
1.467978652434956712e+04,4.156196373514831066e-04
1.468979319546364241e+04,4.155841597821563482e-04
1.469979986657771769e+04,4.155488859396427870e-04
1.470980653769179480e+04,4.155137867201119661e-04
1.471981320880587009e+04,4.154788912273943424e-04
1.472981987991994720e+04,4.154441121499985456e-04
1.473982655103402249e+04,4.154098278377205133e-04
1.474983322214809959e+04,4.153763293288648129e-04
1.475983989326217488e+04,4.153432382736355066e-04
1.476984656437625017e+04,4.153101472184062004e-04
1.477985323549032728e+04,4.152771434746682644e-04
1.478985990660440257e+04,4.152442852500826120e-04
1.479986657771847968e+04,4.152115725446492434e-04
1.480987324883255496e+04,4.151790635660290718e-04
1.481987991994663025e+04,4.151465254835784435e-04
1.482988659106070736e+04,4.151140165049582720e-04
1.483989326217478265e+04,4.150818276684731245e-04
1.484989993328885976e+04,4.150495806243270636e-04
1.485990660440293505e+04,4.150176828261464834e-04
1.486991327551701215e+04,4.149860760662704706e-04
1.487991994663108744e+04,4.149545566178858280e-04
1.488992661774516273e+04,4.149230953771620989e-04
1.489993328885923984e+04,4.148918960709124804e-04
1.490993995997331513e+04,4.148606676608324051e-04
1.491994663108739223e+04,4.148291482124477625e-04
1.492995330220146752e+04,4.147976869717240334e-04
1.493995997331554281e+04,4.147663421463221312e-04
1.494996664442961992e+04,4.147350264247506857e-04
1.495997331554369521e+04,4.147037980146706104e-04
1.496997998665777232e+04,4.146726569160819054e-04
1.497998665777184760e+04,4.146417486481368542e-04
1.498999332888592471e+04,4.146109567955136299e-04
1.500000000000000000e+04,4.145802522543817759e-04
