# n, training_loss
0.000000000000000000e+00,2.502272129058837891e-01
1.000555864369093939e+01,2.414759993553161621e-01
2.001111728738187878e+01,2.373600602149963379e-01
3.001667593107281817e+01,2.387420088052749634e-01
4.002223457476375756e+01,2.340590655803680420e-01
5.002779321845469696e+01,2.324947714805603027e-01
6.003335186214563635e+01,2.302016615867614746e-01
7.003891050583658284e+01,2.272266149520874023e-01
8.004446914952751513e+01,2.275830060243606567e-01
9.005002779321844741e+01,2.279801219701766968e-01
1.000555864369093939e+02,2.264454513788223267e-01
1.100611450806003404e+02,2.248666435480117798e-01
1.200667037242912727e+02,2.253855168819427490e-01
1.300722623679822050e+02,2.285783290863037109e-01
1.400778210116731657e+02,2.221367806196212769e-01
1.500833796553640980e+02,2.203003615140914917e-01
1.600889382990550303e+02,2.206827998161315918e-01
1.700944969427459625e+02,2.183171957731246948e-01
1.801000555864368948e+02,2.177448570728302002e-01
1.901056142301278555e+02,2.184948176145553589e-01
2.001111728738187878e+02,2.147691398859024048e-01
2.101167315175097201e+02,2.154674530029296875e-01
2.201222901612006808e+02,2.144218832254409790e-01
2.301278488048916131e+02,2.114806026220321655e-01
2.401334074485825454e+02,2.138089984655380249e-01
2.501389660922734777e+02,2.118644863367080688e-01
2.601445247359644100e+02,2.131891995668411255e-01
2.701500833796553707e+02,2.069439142942428589e-01
2.801556420233463314e+02,2.088230252265930176e-01
2.901612006670372352e+02,2.100097835063934326e-01
3.001667593107281959e+02,2.063877731561660767e-01
3.101723179544190998e+02,2.068056464195251465e-01
3.201778765981100605e+02,2.050426602363586426e-01
3.301834352418010212e+02,2.061516642570495605e-01
3.401889938854919251e+02,2.031089961528778076e-01
3.501945525291828858e+02,2.054686248302459717e-01
3.602001111728737897e+02,2.054565548896789551e-01
3.702056698165647504e+02,2.025786340236663818e-01
3.802112284602557111e+02,2.033574134111404419e-01
3.902167871039466149e+02,2.016787081956863403e-01
4.002223457476375756e+02,1.984362900257110596e-01
4.102279043913285363e+02,2.001616805791854858e-01
4.202334630350194402e+02,2.004428505897521973e-01
4.302390216787104009e+02,2.014381289482116699e-01
4.402445803224013616e+02,1.980222016572952271e-01
4.502501389660922655e+02,1.978898942470550537e-01
4.602556976097832262e+02,1.973910778760910034e-01
4.702612562534741301e+02,1.978470534086227417e-01
4.802668148971650908e+02,1.976175159215927124e-01
4.902723735408560515e+02,1.940192580223083496e-01
5.002779321845469553e+02,1.935181021690368652e-01
5.102834908282379160e+02,1.932654678821563721e-01
5.202890494719288199e+02,1.963270604610443115e-01
5.302946081156197806e+02,1.937688291072845459e-01
5.403001667593107413e+02,1.923997700214385986e-01
5.503057254030017020e+02,1.948744952678680420e-01
5.603112840466926627e+02,1.948867440223693848e-01
5.703168426903835098e+02,1.928187757730484009e-01
5.803224013340744705e+02,1.906223148107528687e-01
5.903279599777654312e+02,1.914907693862915039e-01
6.003335186214563919e+02,1.904969960451126099e-01
6.103390772651473526e+02,1.897089630365371704e-01
6.203446359088381996e+02,1.883050799369812012e-01
6.303501945525291603e+02,1.905345320701599121e-01
6.403557531962201210e+02,1.906962096691131592e-01
6.503613118399110817e+02,1.860613673925399780e-01
6.603668704836020424e+02,1.862031817436218262e-01
6.703724291272928895e+02,1.862476766109466553e-01
6.803779877709838502e+02,1.820870041847229004e-01
6.903835464146748109e+02,1.873136758804321289e-01
7.003891050583657716e+02,1.836373656988143921e-01
7.103946637020567323e+02,1.864322572946548462e-01
7.204002223457475793e+02,1.827243715524673462e-01
7.304057809894385400e+02,1.820590943098068237e-01
7.404113396331295007e+02,1.841984242200851440e-01
7.504168982768204614e+02,1.834071278572082520e-01
7.604224569205114221e+02,1.828803569078445435e-01
7.704280155642023828e+02,1.825924217700958252e-01
7.804335742078932299e+02,1.835202276706695557e-01
7.904391328515841906e+02,1.820767223834991455e-01
8.004446914952751513e+02,1.804671287536621094e-01
8.104502501389661120e+02,1.791320890188217163e-01
8.204558087826570727e+02,1.843050122261047363e-01
8.304613674263479197e+02,1.802470982074737549e-01
8.404669260700388804e+02,1.777746677398681641e-01
8.504724847137298411e+02,1.810145229101181030e-01
8.604780433574208018e+02,1.795727610588073730e-01
8.704836020011117625e+02,1.791485399007797241e-01
8.804891606448027233e+02,1.736584305763244629e-01
8.904947192884935703e+02,1.746377646923065186e-01
9.005002779321845310e+02,1.790733188390731812e-01
9.105058365758754917e+02,1.780750602483749390e-01
9.205113952195664524e+02,1.746907532215118408e-01
9.305169538632574131e+02,1.722861379384994507e-01
9.405225125069482601e+02,1.746704429388046265e-01
9.505280711506392208e+02,1.738589555025100708e-01
9.605336297943301815e+02,1.741897463798522949e-01
9.705391884380211422e+02,1.748430281877517700e-01
9.805447470817121030e+02,1.743746101856231689e-01
9.905503057254029500e+02,1.728419065475463867e-01
1.000555864369093911e+03,1.710952073335647583e-01
1.010561423012784871e+03,1.726119965314865112e-01
1.020566981656475832e+03,1.691259443759918213e-01
1.030572540300166793e+03,1.726997196674346924e-01
1.040578098943857640e+03,1.725120544433593750e-01
1.050583657587548714e+03,1.701244711875915527e-01
1.060589216231239561e+03,1.727792769670486450e-01
1.070594774874930408e+03,1.702108979225158691e-01
1.080600333518621483e+03,1.689264923334121704e-01
1.090605892162312330e+03,1.705957800149917603e-01
1.100611450806003404e+03,1.709736883640289307e-01
1.110617009449694251e+03,1.697072386741638184e-01
1.120622568093385325e+03,1.695559769868850708e-01
1.130628126737076173e+03,1.701809465885162354e-01
1.140633685380767020e+03,1.665025949478149414e-01
1.150639244024458094e+03,1.646787226200103760e-01
1.160644802668148941e+03,1.668716073036193848e-01
1.170650361311840015e+03,1.663293987512588501e-01
1.180655919955530862e+03,1.676861643791198730e-01
1.190661478599221709e+03,1.640061438083648682e-01
1.200667037242912784e+03,1.662333160638809204e-01
1.210672595886603631e+03,1.639520823955535889e-01
1.220678154530294705e+03,1.623352020978927612e-01
1.230683713173985552e+03,1.671731770038604736e-01
1.240689271817676399e+03,1.626919955015182495e-01
1.250694830461367474e+03,1.614311635494232178e-01
1.260700389105058321e+03,1.642043143510818481e-01
1.270705947748749395e+03,1.614213138818740845e-01
1.280711506392440242e+03,1.628175973892211914e-01
1.290717065036131089e+03,1.608745008707046509e-01
1.300722623679822163e+03,1.598634570837020874e-01
1.310728182323513010e+03,1.580146253108978271e-01
1.320733740967204085e+03,1.647877395153045654e-01
1.330739299610894932e+03,1.587322503328323364e-01
1.340744858254585779e+03,1.614955067634582520e-01
1.350750416898276853e+03,1.597573161125183105e-01
1.360755975541967700e+03,1.589233130216598511e-01
1.370761534185658775e+03,1.547521799802780151e-01
1.380767092829349622e+03,1.597579270601272583e-01
1.390772651473040469e+03,1.571055203676223755e-01
1.400778210116731543e+03,1.585640311241149902e-01
1.410783768760422390e+03,1.584589779376983643e-01
1.420789327404113465e+03,1.583888232707977295e-01
1.430794886047804312e+03,1.585889160633087158e-01
1.440800444691495159e+03,1.568638831377029419e-01
1.450806003335186233e+03,1.565141826868057251e-01
1.460811561978877080e+03,1.578299701213836670e-01
1.470817120622568154e+03,1.589543372392654419e-01
1.480822679266259001e+03,1.547625809907913208e-01
1.490828237909950076e+03,1.550228297710418701e-01
1.500833796553640923e+03,1.504761129617691040e-01
1.510839355197331770e+03,1.493246108293533325e-01
1.520844913841022844e+03,1.530767828226089478e-01
1.530850472484713691e+03,1.537214964628219604e-01
1.540856031128404766e+03,1.566193401813507080e-01
1.550861589772095613e+03,1.550451368093490601e-01
1.560867148415786460e+03,1.524442881345748901e-01
1.570872707059477534e+03,1.543644219636917114e-01
1.580878265703168381e+03,1.521700024604797363e-01
1.590883824346859456e+03,1.521202325820922852e-01
1.600889382990550303e+03,1.508424729108810425e-01
1.610894941634241150e+03,1.526543200016021729e-01
1.620900500277932224e+03,1.519468426704406738e-01
1.630906058921623071e+03,1.503674983978271484e-01
1.640911617565314145e+03,1.514097750186920166e-01
1.650917176209004992e+03,1.538593024015426636e-01
1.660922734852695839e+03,1.499083191156387329e-01
1.670928293496386914e+03,1.529639959335327148e-01
1.680933852140077761e+03,1.497277915477752686e-01
1.690939410783768835e+03,1.451693624258041382e-01
1.700944969427459682e+03,1.469212472438812256e-01
1.710950528071150529e+03,1.506674736738204956e-01
1.720956086714841604e+03,1.467806398868560791e-01
1.730961645358532451e+03,1.476225703954696655e-01
1.740967204002223525e+03,1.469886153936386108e-01
1.750972762645914372e+03,1.465374082326889038e-01
1.760978321289605447e+03,1.493292003870010376e-01
1.770983879933296294e+03,1.482125818729400635e-01
1.780989438576987141e+03,1.498574167490005493e-01
1.790994997220678215e+03,1.468675136566162109e-01
1.801000555864369062e+03,1.493675261735916138e-01
1.811006114508060136e+03,1.459552049636840820e-01
1.821011673151750983e+03,1.458636224269866943e-01
1.831017231795441830e+03,1.456191688776016235e-01
1.841022790439132905e+03,1.465619206428527832e-01
1.851028349082823752e+03,1.442757099866867065e-01
1.861033907726514826e+03,1.433553844690322876e-01
1.871039466370205673e+03,1.450213938951492310e-01
1.881045025013896520e+03,1.455085277557373047e-01
1.891050583657587595e+03,1.412754803895950317e-01
1.901056142301278442e+03,1.459241509437561035e-01
1.911061700944969516e+03,1.433705240488052368e-01
1.921067259588660363e+03,1.430178284645080566e-01
1.931072818232351210e+03,1.424781680107116699e-01
1.941078376876042284e+03,1.418582648038864136e-01
1.951083935519733132e+03,1.402684450149536133e-01
1.961089494163424206e+03,1.425692588090896606e-01
1.971095052807115053e+03,1.407881975173950195e-01
1.981100611450805900e+03,1.401631087064743042e-01
1.991106170094496974e+03,1.388342082500457764e-01
2.001111728738187821e+03,1.424870491027832031e-01
2.011117287381878896e+03,1.401381492614746094e-01
2.021122846025569743e+03,1.412813514471054077e-01
2.031128404669260590e+03,1.406325548887252808e-01
2.041133963312951664e+03,1.398283392190933228e-01
2.051139521956642511e+03,1.377172470092773438e-01
2.061145080600333586e+03,1.401569247245788574e-01
2.071150639244024660e+03,1.383336931467056274e-01
2.081156197887715280e+03,1.367580145597457886e-01
2.091161756531406354e+03,1.363911926746368408e-01
2.101167315175097428e+03,1.365502774715423584e-01
2.111172873818788048e+03,1.389148682355880737e-01
2.121178432462479122e+03,1.378913670778274536e-01
2.131183991106170197e+03,1.386297643184661865e-01
2.141189549749860817e+03,1.353055387735366821e-01
2.151195108393551891e+03,1.364089697599411011e-01
2.161200667037242965e+03,1.361218243837356567e-01
2.171206225680934040e+03,1.358427703380584717e-01
2.181211784324624659e+03,1.370948553085327148e-01
2.191217342968315734e+03,1.366879940032958984e-01
2.201222901612006808e+03,1.367047131061553955e-01
2.211228460255697428e+03,1.360964775085449219e-01
2.221234018899388502e+03,1.358085423707962036e-01
2.231239577543079577e+03,1.345696896314620972e-01
2.241245136186770651e+03,1.355714797973632812e-01
2.251250694830461271e+03,1.328504085540771484e-01
2.261256253474152345e+03,1.385414898395538330e-01
2.271261812117843419e+03,1.345526874065399170e-01
2.281267370761534039e+03,1.339181214570999146e-01
2.291272929405225113e+03,1.315863132476806641e-01
2.301278488048916188e+03,1.307688206434249878e-01
2.311284046692606807e+03,1.337343901395797729e-01
2.321289605336297882e+03,1.309702396392822266e-01
2.331295163979988956e+03,1.328002065420150757e-01
2.341300722623680031e+03,1.324810385704040527e-01
2.351306281267370650e+03,1.328434050083160400e-01
2.361311839911061725e+03,1.302115917205810547e-01
2.371317398554752799e+03,1.324120312929153442e-01
2.381322957198443419e+03,1.316325366497039795e-01
2.391328515842134493e+03,1.301368474960327148e-01
2.401334074485825568e+03,1.320362389087677002e-01
2.411339633129516187e+03,1.322982609272003174e-01
2.421345191773207262e+03,1.332039982080459595e-01
2.431350750416898336e+03,1.275495737791061401e-01
2.441356309060589410e+03,1.328355222940444946e-01
2.451361867704280030e+03,1.318900734186172485e-01
2.461367426347971104e+03,1.307628452777862549e-01
2.471372984991662179e+03,1.255809962749481201e-01
2.481378543635352798e+03,1.274874955415725708e-01
2.491384102279043873e+03,1.298532336950302124e-01
2.501389660922734947e+03,1.263804882764816284e-01
2.511395219566425567e+03,1.279044896364212036e-01
2.521400778210116641e+03,1.259755194187164307e-01
2.531406336853807716e+03,1.270212829113006592e-01
2.541411895497498790e+03,1.252341121435165405e-01
2.551417454141189410e+03,1.275642067193984985e-01
2.561423012784880484e+03,1.246369481086730957e-01
2.571428571428571558e+03,1.238556802272796631e-01
2.581434130072262178e+03,1.247586607933044434e-01
2.591439688715953253e+03,1.277072429656982422e-01
2.601445247359644327e+03,1.250444203615188599e-01
2.611450806003335401e+03,1.258684098720550537e-01
2.621456364647026021e+03,1.250523179769515991e-01
2.631461923290717095e+03,1.244193539023399353e-01
2.641467481934408170e+03,1.246509850025177002e-01
2.651473040578098789e+03,1.249990984797477722e-01
2.661478599221789864e+03,1.240831241011619568e-01
2.671484157865480938e+03,1.254201084375381470e-01
2.681489716509171558e+03,1.239611506462097168e-01
2.691495275152862632e+03,1.216491311788558960e-01
2.701500833796553707e+03,1.242610737681388855e-01
2.711506392440244781e+03,1.225393041968345642e-01
2.721511951083935401e+03,1.252980679273605347e-01
2.731517509727626475e+03,1.261160969734191895e-01
2.741523068371317549e+03,1.204148605465888977e-01
2.751528627015008169e+03,1.234171465039253235e-01
2.761534185658699244e+03,1.231999695301055908e-01
2.771539744302390318e+03,1.213772445917129517e-01
2.781545302946080938e+03,1.199090182781219482e-01
2.791550861589772012e+03,1.228449717164039612e-01
2.801556420233463086e+03,1.225636675953865051e-01
2.811561978877154161e+03,1.211339905858039856e-01
2.821567537520844780e+03,1.215210855007171631e-01
2.831573096164535855e+03,1.200923323631286621e-01
2.841578654808226929e+03,1.186113208532333374e-01
2.851584213451917549e+03,1.183215677738189697e-01
2.861589772095608623e+03,1.210319697856903076e-01
2.871595330739299698e+03,1.179047822952270508e-01
2.881600889382990317e+03,1.171432659029960632e-01
2.891606448026681392e+03,1.186842396855354309e-01
2.901612006670372466e+03,1.200178414583206177e-01
2.911617565314063540e+03,1.166642978787422180e-01
2.921623123957754160e+03,1.203704848885536194e-01
2.931628682601445234e+03,1.170646324753761292e-01
2.941634241245136309e+03,1.157015934586524963e-01
2.951639799888826929e+03,1.170302554965019226e-01
2.961645358532518003e+03,1.156955286860466003e-01
2.971650917176209077e+03,1.195697411894798279e-01
2.981656475819900152e+03,1.163800507783889771e-01
2.991662034463590771e+03,1.192993670701980591e-01
3.001667593107281846e+03,1.164135187864303589e-01
3.011673151750972920e+03,1.156371682882308960e-01
3.021678710394663540e+03,1.196409389376640320e-01
3.031684269038354614e+03,1.143646761775016785e-01
3.041689827682045689e+03,1.166663318872451782e-01
3.051695386325736308e+03,1.169872879981994629e-01
3.061700944969427383e+03,1.165566742420196533e-01
3.071706503613118457e+03,1.151144132018089294e-01
3.081712062256809531e+03,1.170203834772109985e-01
3.091717620900500151e+03,1.156929060816764832e-01
3.101723179544191225e+03,1.153060942888259888e-01
3.111728738187882300e+03,1.170816347002983093e-01
3.121734296831572919e+03,1.161361783742904663e-01
3.131739855475263994e+03,1.134286522865295410e-01
3.141745414118955068e+03,1.171799376606941223e-01
3.151750972762645688e+03,1.137018054723739624e-01
3.161756531406336762e+03,1.121589764952659607e-01
3.171762090050027837e+03,1.122554913163185120e-01
3.181767648693718911e+03,1.152687296271324158e-01
3.191773207337409531e+03,1.143041327595710754e-01
3.201778765981100605e+03,1.121260523796081543e-01
3.211784324624791680e+03,1.156272292137145996e-01
3.221789883268482299e+03,1.135811731219291687e-01
3.231795441912173374e+03,1.128027811646461487e-01
3.241801000555864448e+03,1.111530363559722900e-01
3.251806559199555522e+03,1.120886653661727905e-01
3.261812117843246142e+03,1.119119450449943542e-01
3.271817676486937216e+03,1.093145534396171570e-01
3.281823235130628291e+03,1.133390814065933228e-01
3.291828793774318910e+03,1.097800880670547485e-01
3.301834352418009985e+03,1.103960871696472168e-01
3.311839911061701059e+03,1.107294484972953796e-01
3.321845469705391679e+03,1.115881204605102539e-01
3.331851028349082753e+03,1.071575134992599487e-01
3.341856586992773828e+03,1.115197613835334778e-01
3.351862145636464902e+03,1.129296720027923584e-01
3.361867704280155522e+03,1.088255196809768677e-01
3.371873262923846596e+03,1.120869219303131104e-01
3.381878821567537670e+03,1.089906245470046997e-01
3.391884380211228290e+03,1.113322228193283081e-01
3.401889938854919365e+03,1.088504344224929810e-01
3.411895497498610439e+03,1.092770919203758240e-01
3.421901056142301059e+03,1.105345711112022400e-01
3.431906614785992133e+03,1.095384135842323303e-01
3.441912173429683207e+03,1.109298020601272583e-01
3.451917732073374282e+03,1.104160770773887634e-01
3.461923290717064901e+03,1.095528453588485718e-01
3.471928849360755976e+03,1.096798032522201538e-01
3.481934408004447050e+03,1.088003367185592651e-01
3.491939966648137670e+03,1.063628271222114563e-01
3.501945525291828744e+03,1.061838194727897644e-01
3.511951083935519819e+03,1.074998602271080017e-01
3.521956642579210893e+03,1.066370010375976562e-01
3.531962201222901513e+03,1.093880608677864075e-01
3.541967759866592587e+03,1.075452864170074463e-01
3.551973318510283661e+03,1.086808815598487854e-01
3.561978877153974281e+03,1.071623936295509338e-01
3.571984435797665355e+03,1.074923649430274963e-01
3.581989994441356430e+03,1.059677228331565857e-01
3.591995553085047050e+03,1.055518388748168945e-01
3.602001111728738124e+03,1.047979146242141724e-01
3.612006670372429198e+03,1.074198111891746521e-01
3.622012229016120273e+03,1.059133931994438171e-01
3.632017787659810892e+03,1.037980988621711731e-01
3.642023346303501967e+03,1.058636009693145752e-01
3.652028904947193041e+03,1.039521247148513794e-01
3.662034463590883661e+03,1.050635948777198792e-01
3.672040022234574735e+03,1.027375534176826477e-01
3.682045580878265810e+03,1.039209142327308655e-01
3.692051139521956429e+03,1.047555580735206604e-01
3.702056698165647504e+03,1.053663864731788635e-01
3.712062256809338578e+03,1.078410595655441284e-01
3.722067815453029652e+03,1.052181348204612732e-01
3.732073374096720272e+03,1.032395958900451660e-01
3.742078932740411346e+03,1.018117517232894897e-01
3.752084491384102421e+03,1.029264330863952637e-01
3.762090050027793040e+03,1.039487794041633606e-01
3.772095608671484115e+03,1.025871634483337402e-01
3.782101167315175189e+03,1.038030162453651428e-01
3.792106725958865809e+03,1.031038463115692139e-01
3.802112284602556883e+03,1.038040220737457275e-01
3.812117843246247958e+03,1.028958261013031006e-01
3.822123401889939032e+03,1.003346964716911316e-01
3.832128960533629652e+03,1.023565530776977539e-01
3.842134519177320726e+03,1.043112576007843018e-01
3.852140077821011801e+03,1.019142195582389832e-01
3.862145636464702420e+03,1.014593765139579773e-01
3.872151195108393495e+03,1.030336171388626099e-01
3.882156753752084569e+03,1.027422696352005005e-01
3.892162312395775643e+03,9.746738523244857788e-02
3.902167871039466263e+03,9.998604655265808105e-02
3.912173429683157337e+03,1.003614664077758789e-01
3.922178988326848412e+03,1.007585078477859497e-01
3.932184546970539031e+03,9.728477150201797485e-02
3.942190105614230106e+03,1.020812988281250000e-01
3.952195664257921180e+03,9.967209398746490479e-02
3.962201222901611800e+03,1.008213683962821960e-01
3.972206781545302874e+03,9.984187781810760498e-02
3.982212340188993949e+03,9.588878601789474487e-02
3.992217898832685023e+03,1.002345234155654907e-01
4.002223457476375643e+03,9.836779534816741943e-02
4.012229016120066717e+03,9.746516495943069458e-02
4.022234574763757792e+03,9.667420387268066406e-02
4.032240133407448411e+03,1.023154333233833313e-01
4.042245692051139486e+03,9.954122453927993774e-02
4.052251250694830560e+03,9.701365232467651367e-02
4.062256809338521180e+03,9.742565453052520752e-02
4.072262367982212254e+03,9.671199321746826172e-02
4.082267926625903328e+03,1.000741422176361084e-01
4.092273485269594403e+03,9.817177802324295044e-02
4.102279043913285022e+03,9.670656174421310425e-02
4.112284602556976097e+03,9.704829007387161255e-02
4.122290161200667171e+03,9.727935492992401123e-02
4.132295719844358246e+03,9.554318338632583618e-02
4.142301278488049320e+03,9.635187685489654541e-02
4.152306837131739485e+03,9.585396200418472290e-02
4.162312395775430559e+03,9.741145372390747070e-02
4.172317954419121634e+03,9.656885266304016113e-02
4.182323513062812708e+03,9.621170163154602051e-02
4.192329071706503782e+03,9.308619052171707153e-02
4.202334630350194857e+03,9.624466300010681152e-02
4.212340188993885931e+03,9.565085172653198242e-02
4.222345747637576096e+03,9.680230170488357544e-02
4.232351306281267171e+03,9.335847944021224976e-02
4.242356864924958245e+03,9.607228636741638184e-02
4.252362423568649319e+03,9.734740853309631348e-02
4.262367982212340394e+03,9.842911362648010254e-02
4.272373540856031468e+03,9.431774169206619263e-02
4.282379099499721633e+03,9.405799210071563721e-02
4.292384658143412707e+03,9.468165040016174316e-02
4.302390216787103782e+03,9.322214871644973755e-02
4.312395775430794856e+03,9.545861184597015381e-02
4.322401334074485931e+03,9.591408073902130127e-02
4.332406892718177005e+03,9.444709122180938721e-02
4.342412451361868079e+03,9.270367026329040527e-02
4.352418010005558244e+03,9.733247756958007812e-02
4.362423568649249319e+03,9.188022464513778687e-02
4.372429127292940393e+03,9.354873746633529663e-02
4.382434685936631467e+03,9.538883715867996216e-02
4.392440244580322542e+03,9.408179670572280884e-02
4.402445803224013616e+03,9.290315955877304077e-02
4.412451361867704691e+03,9.297303855419158936e-02
4.422456920511394856e+03,9.329664707183837891e-02
4.432462479155085930e+03,9.457530081272125244e-02
4.442468037798777004e+03,9.325654804706573486e-02
4.452473596442468079e+03,9.202991425991058350e-02
4.462479155086159153e+03,9.072009474039077759e-02
4.472484713729850228e+03,9.219736605882644653e-02
4.482490272373541302e+03,9.386053681373596191e-02
4.492495831017231467e+03,9.285963326692581177e-02
4.502501389660922541e+03,9.209217131137847900e-02
4.512506948304613616e+03,8.936704695224761963e-02
4.522512506948304690e+03,8.836892247200012207e-02
4.532518065591995764e+03,9.068275988101959229e-02
4.542523624235686839e+03,8.807173371315002441e-02
4.552529182879377004e+03,9.106688201427459717e-02
4.562534741523068078e+03,9.133718162775039673e-02
4.572540300166759152e+03,9.012439846992492676e-02
4.582545858810450227e+03,8.938638120889663696e-02
4.592551417454141301e+03,8.889331668615341187e-02
4.602556976097832376e+03,9.062386304140090942e-02
4.612562534741523450e+03,9.142880141735076904e-02
4.622568093385213615e+03,9.182327240705490112e-02
4.632573652028904689e+03,8.595735579729080200e-02
4.642579210672595764e+03,9.129671007394790649e-02
4.652584769316286838e+03,8.803421258926391602e-02
4.662590327959977913e+03,9.033147245645523071e-02
4.672595886603668987e+03,8.615866303443908691e-02
4.682601445247360061e+03,8.871965110301971436e-02
4.692607003891050226e+03,8.636055886745452881e-02
4.702612562534741301e+03,8.930914849042892456e-02
4.712618121178432375e+03,8.519804477691650391e-02
4.722623679822123449e+03,8.678150177001953125e-02
4.732629238465814524e+03,8.841622620820999146e-02
4.742634797109505598e+03,8.804672956466674805e-02
4.752640355753195763e+03,8.898503333330154419e-02
4.762645914396886837e+03,8.695572614669799805e-02
4.772651473040577912e+03,8.676149696111679077e-02
4.782657031684268986e+03,8.772806078195571899e-02
4.792662590327960061e+03,8.692686259746551514e-02
4.802668148971651135e+03,8.664143085479736328e-02
4.812673707615342209e+03,8.710926026105880737e-02
4.822679266259032374e+03,8.841677755117416382e-02
4.832684824902723449e+03,8.619061112403869629e-02
4.842690383546414523e+03,8.792914450168609619e-02
4.852695942190105598e+03,8.620980381965637207e-02
4.862701500833796672e+03,8.751027286052703857e-02
4.872707059477487746e+03,8.520422875881195068e-02
4.882712618121178821e+03,8.591656386852264404e-02
4.892718176764868986e+03,8.382520824670791626e-02
4.902723735408560060e+03,8.428311347961425781e-02
4.912729294052251134e+03,8.515529334545135498e-02
4.922734852695942209e+03,8.270361274480819702e-02
4.932740411339633283e+03,8.687135577201843262e-02
4.942745969983324358e+03,8.324460685253143311e-02
4.952751528627015432e+03,8.545494079589843750e-02
4.962757087270705597e+03,8.429057896137237549e-02
4.972762645914396671e+03,8.438293635845184326e-02
4.982768204558087746e+03,8.443422615528106689e-02
4.992773763201778820e+03,8.698879927396774292e-02
5.002779321845469894e+03,8.297499269247055054e-02
5.012784880489160969e+03,8.622685819864273071e-02
5.022790439132851134e+03,8.384114503860473633e-02
5.032795997776542208e+03,8.393019437789916992e-02
5.042801556420233283e+03,8.207546919584274292e-02
5.052807115063924357e+03,8.586929738521575928e-02
5.062812673707615431e+03,8.192544430494308472e-02
5.072818232351306506e+03,8.156638592481613159e-02
5.082823790994997580e+03,8.466273546218872070e-02
5.092829349638687745e+03,8.211247622966766357e-02
5.102834908282378819e+03,8.483126014471054077e-02
5.112840466926069894e+03,8.273887634277343750e-02
5.122846025569760968e+03,8.091386407613754272e-02
5.132851584213452043e+03,7.984301447868347168e-02
5.142857142857143117e+03,8.313746005296707153e-02
5.152862701500834191e+03,8.097763359546661377e-02
5.162868260144524356e+03,8.147580921649932861e-02
5.172873818788215431e+03,7.996126264333724976e-02
5.182879377431906505e+03,8.319063484668731689e-02
5.192884936075597579e+03,8.202306181192398071e-02
5.202890494719288654e+03,8.458243310451507568e-02
5.212896053362979728e+03,8.220162987709045410e-02
5.222901612006670803e+03,8.069562166929244995e-02
5.232907170650360968e+03,8.117976039648056030e-02
5.242912729294052042e+03,8.117324858903884888e-02
5.252918287937743116e+03,8.186025917530059814e-02
5.262923846581434191e+03,8.244034647941589355e-02
5.272929405225125265e+03,8.104188740253448486e-02
5.282934963868816340e+03,8.011472225189208984e-02
5.292940522512506504e+03,7.924516499042510986e-02
5.302946081156197579e+03,8.105998486280441284e-02
5.312951639799888653e+03,7.840988039970397949e-02
5.322957198443579728e+03,8.095850795507431030e-02
5.332962757087270802e+03,7.908971607685089111e-02
5.342968315730961876e+03,7.827766239643096924e-02
5.352973874374652951e+03,7.980599254369735718e-02
5.362979433018343116e+03,7.983051240444183350e-02
5.372984991662034190e+03,8.166497945785522461e-02
5.382990550305725264e+03,7.817364484071731567e-02
5.392996108949416339e+03,7.957256585359573364e-02
5.403001667593107413e+03,7.671251147985458374e-02
5.413007226236798488e+03,7.760342210531234741e-02
5.423012784880489562e+03,8.022285997867584229e-02
5.433018343524179727e+03,7.830235362052917480e-02
5.443023902167870801e+03,8.021508157253265381e-02
5.453029460811561876e+03,7.879396528005599976e-02
5.463035019455252950e+03,7.829263061285018921e-02
5.473040578098944025e+03,7.749015092849731445e-02
5.483046136742635099e+03,7.744849473237991333e-02
5.493051695386326173e+03,7.858495414257049561e-02
5.503057254030016338e+03,7.851554453372955322e-02
5.513062812673707413e+03,7.737687230110168457e-02
5.523068371317398487e+03,7.629188150167465210e-02
5.533073929961089561e+03,8.040394634008407593e-02
5.543079488604780636e+03,7.849745452404022217e-02
5.553085047248471710e+03,7.691374421119689941e-02
5.563090605892161875e+03,7.736021280288696289e-02
5.573096164535852949e+03,7.596364617347717285e-02
5.583101723179544024e+03,7.748048007488250732e-02
5.593107281823235098e+03,7.673090696334838867e-02
5.603112840466926173e+03,7.741329818964004517e-02
5.613118399110617247e+03,7.776962220668792725e-02
5.623123957754308321e+03,7.458218932151794434e-02
5.633129516397998486e+03,7.521194964647293091e-02
5.643135075041689561e+03,7.800038903951644897e-02
5.653140633685380635e+03,7.603412121534347534e-02
5.663146192329071710e+03,7.541932910680770874e-02
5.673151750972762784e+03,7.518556714057922363e-02
5.683157309616453858e+03,7.339388132095336914e-02
5.693162868260144933e+03,7.246929407119750977e-02
5.703168426903835098e+03,7.366911321878433228e-02
5.713173985547526172e+03,7.521612197160720825e-02
5.723179544191217246e+03,7.324858754873275757e-02
5.733185102834908321e+03,7.304296642541885376e-02
5.743190661478599395e+03,7.469049096107482910e-02
5.753196220122290470e+03,7.229654490947723389e-02
5.763201778765980634e+03,7.325732707977294922e-02
5.773207337409671709e+03,7.359865307807922363e-02
5.783212896053362783e+03,7.401721924543380737e-02
5.793218454697053858e+03,7.358541339635848999e-02
5.803224013340744932e+03,7.377652823925018311e-02
5.813229571984436006e+03,7.373560220003128052e-02
5.823235130628127081e+03,7.419784367084503174e-02
5.833240689271817246e+03,7.387481629848480225e-02
5.843246247915508320e+03,7.149024307727813721e-02
5.853251806559199395e+03,7.484838366508483887e-02
5.863257365202890469e+03,7.468753308057785034e-02
5.873262923846581543e+03,7.259719818830490112e-02
5.883268482490272618e+03,7.068367302417755127e-02
5.893274041133963692e+03,7.155392318964004517e-02
5.903279599777653857e+03,7.374956458806991577e-02
5.913285158421344931e+03,7.150526344776153564e-02
5.923290717065036006e+03,7.209846377372741699e-02
5.933296275708727080e+03,7.224014401435852051e-02
5.943301834352418155e+03,7.353244721889495850e-02
5.953307392996109229e+03,7.144546508789062500e-02
5.963312951639800303e+03,7.057543098926544189e-02
5.973318510283490468e+03,7.187822461128234863e-02
5.983324068927181543e+03,7.095357775688171387e-02
5.993329627570872617e+03,7.033965736627578735e-02
6.003335186214563691e+03,7.055202126502990723e-02
6.013340744858254766e+03,7.318625599145889282e-02
6.023346303501945840e+03,7.131630927324295044e-02
6.033351862145636005e+03,7.125645130872726440e-02
6.043357420789327080e+03,7.016618549823760986e-02
6.053362979433018154e+03,7.283508777618408203e-02
6.063368538076709228e+03,7.158430665731430054e-02
6.073374096720400303e+03,6.932595372200012207e-02
6.083379655364091377e+03,6.895533204078674316e-02
6.093385214007782452e+03,7.077842950820922852e-02
6.103390772651472616e+03,6.984587758779525757e-02
6.113396331295163691e+03,6.921321153640747070e-02
6.123401889938854765e+03,6.954515725374221802e-02
6.133407448582545840e+03,6.969009339809417725e-02
6.143413007226236914e+03,6.996445357799530029e-02
6.153418565869927988e+03,6.889867037534713745e-02
6.163424124513619063e+03,7.047767937183380127e-02
6.173429683157309228e+03,7.109051942825317383e-02
6.183435241801000302e+03,6.813620030879974365e-02
6.193440800444691376e+03,6.776484102010726929e-02
6.203446359088382451e+03,7.212691754102706909e-02
6.213451917732073525e+03,6.701733916997909546e-02
6.223457476375764600e+03,6.966695934534072876e-02
6.233463035019455674e+03,6.946981698274612427e-02
6.243468593663145839e+03,6.550541520118713379e-02
6.253474152306836913e+03,6.981086730957031250e-02
6.263479710950527988e+03,6.913086026906967163e-02
6.273485269594219062e+03,6.994222104549407959e-02
6.283490828237910137e+03,6.687722355127334595e-02
6.293496386881601211e+03,6.583337485790252686e-02
6.303501945525291376e+03,6.974937021732330322e-02
6.313507504168982450e+03,6.732263416051864624e-02
6.323513062812673525e+03,6.833986192941665649e-02
6.333518621456364599e+03,6.643353402614593506e-02
6.343524180100055673e+03,6.984257698059082031e-02
6.353529738743746748e+03,6.784538179636001587e-02
6.363535297387437822e+03,6.705456227064132690e-02
6.373540856031127987e+03,6.828422844409942627e-02
6.383546414674819061e+03,6.721847504377365112e-02
6.393551973318510136e+03,6.877947598695755005e-02
6.403557531962201210e+03,6.816985458135604858e-02
6.413563090605892285e+03,6.453867256641387939e-02
6.423568649249583359e+03,6.816118210554122925e-02
6.433574207893274433e+03,6.683273613452911377e-02
6.443579766536964598e+03,6.798566132783889771e-02
6.453585325180655673e+03,6.755655258893966675e-02
6.463590883824346747e+03,6.696022301912307739e-02
6.473596442468037822e+03,6.472077220678329468e-02
6.483602001111728896e+03,6.570275872945785522e-02
6.493607559755419970e+03,6.621684879064559937e-02
6.503613118399111045e+03,6.602142751216888428e-02
6.513618677042801210e+03,6.665074080228805542e-02
6.523624235686492284e+03,6.395423412322998047e-02
6.533629794330183358e+03,6.652756035327911377e-02
6.543635352973874433e+03,6.439124047756195068e-02
6.553640911617565507e+03,6.306177377700805664e-02
6.563646470261256582e+03,6.549093127250671387e-02
6.573652028904946746e+03,6.526663154363632202e-02
6.583657587548637821e+03,6.272125989198684692e-02
6.593663146192328895e+03,6.446287035942077637e-02
6.603668704836019970e+03,6.335099786520004272e-02
6.613674263479711044e+03,6.384917348623275757e-02
6.623679822123402118e+03,6.353791058063507080e-02
6.633685380767093193e+03,6.398021429777145386e-02
6.643690939410783358e+03,6.393210589885711670e-02
6.653696498054474432e+03,6.557352095842361450e-02
6.663702056698165507e+03,6.613559275865554810e-02
6.673707615341856581e+03,6.373365968465805054e-02
6.683713173985547655e+03,6.389157474040985107e-02
6.693718732629238730e+03,6.461963057518005371e-02
6.703724291272929804e+03,6.518110632896423340e-02
6.713729849916619969e+03,6.293876469135284424e-02
6.723735408560311043e+03,6.475070863962173462e-02
6.733740967204002118e+03,6.245381012558937073e-02
6.743746525847693192e+03,6.296926736831665039e-02
6.753752084491384267e+03,6.336749345064163208e-02
6.763757643135075341e+03,6.523227691650390625e-02
6.773763201778766415e+03,6.325218081474304199e-02
6.783768760422456580e+03,6.422261893749237061e-02
6.793774319066147655e+03,6.503613293170928955e-02
6.803779877709838729e+03,6.280849128961563110e-02
6.813785436353529803e+03,6.326760351657867432e-02
6.823790994997220878e+03,6.372209638357162476e-02
6.833796553640911952e+03,6.175667047500610352e-02
6.843802112284602117e+03,6.285794824361801147e-02
6.853807670928293192e+03,6.412507593631744385e-02
6.863813229571984266e+03,6.247684359550476074e-02
6.873818788215675340e+03,6.182141602039337158e-02
6.883824346859366415e+03,6.159858033061027527e-02
6.893829905503057489e+03,6.074882671236991882e-02
6.903835464146748564e+03,6.161846593022346497e-02
6.913841022790438728e+03,6.080466508865356445e-02
6.923846581434129803e+03,6.244105845689773560e-02
6.933852140077820877e+03,6.278847157955169678e-02
6.943857698721511952e+03,6.005864962935447693e-02
6.953863257365203026e+03,6.239456310868263245e-02
6.963868816008894100e+03,6.258821487426757812e-02
6.973874374652585175e+03,6.068529933691024780e-02
6.983879933296275340e+03,6.084695830941200256e-02
6.993885491939966414e+03,6.171740218997001648e-02
7.003891050583657488e+03,5.965959653258323669e-02
7.013896609227348563e+03,6.176791712641716003e-02
7.023902167871039637e+03,6.209889426827430725e-02
7.033907726514730712e+03,6.019926443696022034e-02
7.043913285158421786e+03,5.922616645693778992e-02
7.053918843802111951e+03,6.171437725424766541e-02
7.063924402445803025e+03,5.802735686302185059e-02
7.073929961089494100e+03,6.102382391691207886e-02
7.083935519733185174e+03,5.902627855539321899e-02
7.093941078376876249e+03,6.100253760814666748e-02
7.103946637020567323e+03,5.942248180508613586e-02
7.113952195664257488e+03,5.938489362597465515e-02
7.123957754307948562e+03,6.095666065812110901e-02
7.133963312951639637e+03,6.051687151193618774e-02
7.143968871595330711e+03,6.063164025545120239e-02
7.153974430239021785e+03,5.936576426029205322e-02
7.163979988882712860e+03,5.766629427671432495e-02
7.173985547526403934e+03,5.946671590209007263e-02
7.183991106170094099e+03,5.919132754206657410e-02
7.193996664813785173e+03,6.117543950676918030e-02
7.204002223457476248e+03,6.113847345113754272e-02
7.214007782101167322e+03,5.961201339960098267e-02
7.224013340744858397e+03,5.891736596822738647e-02
7.234018899388549471e+03,5.731222778558731079e-02
7.244024458032240545e+03,5.978101119399070740e-02
7.254030016675930710e+03,6.059224531054496765e-02
7.264035575319621785e+03,5.700793862342834473e-02
7.274041133963312859e+03,5.951186269521713257e-02
7.284046692607003934e+03,5.766396224498748779e-02
7.294052251250695008e+03,5.928898602724075317e-02
7.304057809894386082e+03,5.650266259908676147e-02
7.314063368538076247e+03,5.721643194556236267e-02
7.324068927181767322e+03,5.728542804718017578e-02
7.334074485825458396e+03,5.790638923645019531e-02
7.344080044469149470e+03,5.753920972347259521e-02
7.354085603112840545e+03,5.826680734753608704e-02
7.364091161756531619e+03,5.740953981876373291e-02
7.374096720400222694e+03,5.778672173619270325e-02
7.384102279043912858e+03,5.707316100597381592e-02
7.394107837687603933e+03,5.744776129722595215e-02
7.404113396331295007e+03,5.800845846533775330e-02
7.414118954974986082e+03,5.606512352824211121e-02
7.424124513618677156e+03,5.985841155052185059e-02
7.434130072262368230e+03,5.909279361367225647e-02
7.444135630906059305e+03,5.805303156375885010e-02
7.454141189549749470e+03,5.725213140249252319e-02
7.464146748193440544e+03,5.655133724212646484e-02
7.474152306837131619e+03,5.568359792232513428e-02
7.484157865480822693e+03,5.764873325824737549e-02
7.494163424124513767e+03,5.729379877448081970e-02
7.504168982768204842e+03,5.713701993227005005e-02
7.514174541411895916e+03,5.806201696395874023e-02
7.524180100055586081e+03,5.864499881863594055e-02
7.534185658699277155e+03,5.634087696671485901e-02
7.544191217342968230e+03,5.612471327185630798e-02
7.554196775986659304e+03,5.549941584467887878e-02
7.564202334630350379e+03,5.565109476447105408e-02
7.574207893274041453e+03,5.436398833990097046e-02
7.584213451917731618e+03,5.521322414278984070e-02
7.594219010561422692e+03,5.650922283530235291e-02
7.604224569205113767e+03,5.656983703374862671e-02
7.614230127848804841e+03,5.776228383183479309e-02
7.624235686492495915e+03,5.462190136313438416e-02
7.634241245136186990e+03,5.645432323217391968e-02
7.644246803779878064e+03,5.468561872839927673e-02
7.654252362423568229e+03,5.720786750316619873e-02
7.664257921067259304e+03,5.505556613206863403e-02
7.674263479710950378e+03,5.578239634633064270e-02
7.684269038354641452e+03,5.397094786167144775e-02
7.694274596998332527e+03,5.548087507486343384e-02
7.704280155642023601e+03,5.303756892681121826e-02
7.714285714285714675e+03,5.471429228782653809e-02
7.724291272929404840e+03,5.437144264578819275e-02
7.734296831573095915e+03,5.502820387482643127e-02
7.744302390216786989e+03,5.461836978793144226e-02
7.754307948860478064e+03,5.637463927268981934e-02
7.764313507504169138e+03,5.384795367717742920e-02
7.774319066147860212e+03,5.387419089674949646e-02
7.784324624791551287e+03,5.290922895073890686e-02
7.794330183435241452e+03,5.191787332296371460e-02
7.804335742078932526e+03,5.317206680774688721e-02
7.814341300722623600e+03,5.270762369036674500e-02
7.824346859366314675e+03,5.240696668624877930e-02
7.834352418010005749e+03,5.379019677639007568e-02
7.844357976653696824e+03,5.324117839336395264e-02
7.854363535297386989e+03,5.482146888971328735e-02
7.864369093941078063e+03,5.273571610450744629e-02
7.874374652584769137e+03,5.288799852132797241e-02
7.884380211228460212e+03,5.244312062859535217e-02
7.894385769872151286e+03,5.435503646731376648e-02
7.904391328515842361e+03,4.989014938473701477e-02
7.914396887159533435e+03,5.334525927901268005e-02
7.924402445803223600e+03,5.118245631456375122e-02
7.934408004446914674e+03,5.103464052081108093e-02
7.944413563090605749e+03,5.328312516212463379e-02
7.954419121734296823e+03,5.335890501737594604e-02
7.964424680377987897e+03,5.272456258535385132e-02
7.974430239021678972e+03,5.343215167522430420e-02
7.984435797665370046e+03,4.883380606770515442e-02
7.994441356309060211e+03,5.268189311027526855e-02
8.004446914952751285e+03,5.156566202640533447e-02
8.014452473596442360e+03,5.211218073964118958e-02
8.024458032240133434e+03,5.256018042564392090e-02
8.034463590883824509e+03,5.239586904644966125e-02
8.044469149527515583e+03,5.251075699925422668e-02
8.054474708171206657e+03,5.135235562920570374e-02
8.064480266814896822e+03,5.127294361591339111e-02
8.074485825458587897e+03,5.267893522977828979e-02
8.084491384102278971e+03,5.153234675526618958e-02
8.094496942745970046e+03,5.131533369421958923e-02
8.104502501389661120e+03,5.178979039192199707e-02
8.114508060033352194e+03,5.193837732076644897e-02
8.124513618677042359e+03,5.092231184244155884e-02
8.134519177320733434e+03,5.242606252431869507e-02
8.144524735964424508e+03,5.099166929721832275e-02
8.154530294608115582e+03,5.002495646476745605e-02
8.164535853251806657e+03,5.080530792474746704e-02
8.174541411895497731e+03,5.130873993039131165e-02
8.184546970539188806e+03,4.961423203349113464e-02
8.194552529182879880e+03,5.013759061694145203e-02
8.204558087826570045e+03,5.053554102778434753e-02
8.214563646470262029e+03,4.948880523443222046e-02
8.224569205113952194e+03,5.194386839866638184e-02
8.234574763757642359e+03,4.945667833089828491e-02
8.244580322401334342e+03,5.075147375464439392e-02
8.254585881045024507e+03,5.038842186331748962e-02
8.264591439688716491e+03,4.979988932609558105e-02
8.274596998332406656e+03,4.990620166063308716e-02
8.284602556976098640e+03,5.160747095942497253e-02
8.294608115619788805e+03,4.984204843640327454e-02
8.304613674263478970e+03,4.884226247668266296e-02
8.314619232907170954e+03,4.869199171662330627e-02
8.324624791550861119e+03,4.721985012292861938e-02
8.334630350194553102e+03,5.128236860036849976e-02
8.344635908838243267e+03,5.041080340743064880e-02
8.354641467481935251e+03,4.975172504782676697e-02
8.364647026125625416e+03,5.013001337647438049e-02
8.374652584769315581e+03,5.064684152603149414e-02
8.384658143413007565e+03,4.717219993472099304e-02
8.394663702056697730e+03,4.883489012718200684e-02
8.404669260700389714e+03,4.984074085950851440e-02
8.414674819344079879e+03,4.927587136626243591e-02
8.424680377987771863e+03,5.029880255460739136e-02
8.434685936631462027e+03,4.894490167498588562e-02
8.444691495275152192e+03,4.813943803310394287e-02
8.454697053918844176e+03,4.914291948080062866e-02
8.464702612562534341e+03,4.677171260118484497e-02
8.474708171206226325e+03,4.790619760751724243e-02
8.484713729849916490e+03,4.972402378916740417e-02
8.494719288493606655e+03,4.897397384047508240e-02
8.504724847137298639e+03,4.896867647767066956e-02
8.514730405780988804e+03,4.688896983861923218e-02
8.524735964424680787e+03,4.679611697793006897e-02
8.534741523068370952e+03,4.879894107580184937e-02
8.544747081712062936e+03,4.793003201484680176e-02
8.554752640355753101e+03,4.860962554812431335e-02
8.564758198999443266e+03,5.002070590853691101e-02
8.574763757643135250e+03,4.747694358229637146e-02
8.584769316286825415e+03,4.936107248067855835e-02
8.594774874930517399e+03,4.714971780776977539e-02
8.604780433574207564e+03,4.851394891738891602e-02
8.614785992217899548e+03,4.595792666077613831e-02
8.624791550861589712e+03,4.620204120874404907e-02
8.634797109505279877e+03,4.642249643802642822e-02
8.644802668148971861e+03,4.851930588483810425e-02
8.654808226792662026e+03,4.683072492480278015e-02
8.664813785436354010e+03,4.730683192610740662e-02
8.674819344080044175e+03,4.700163751840591431e-02
8.684824902723736159e+03,4.820396378636360168e-02
8.694830461367426324e+03,4.764831066131591797e-02
8.704836020011116489e+03,4.573031887412071228e-02
8.714841578654808472e+03,4.761316254734992981e-02
8.724847137298498637e+03,4.779181629419326782e-02
8.734852695942190621e+03,4.715859517455101013e-02
8.744858254585880786e+03,4.474973678588867188e-02
8.754863813229572770e+03,4.675891622900962830e-02
8.764869371873262935e+03,4.775741696357727051e-02
8.774874930516953100e+03,4.645023867487907410e-02
8.784880489160645084e+03,4.644395038485527039e-02
8.794886047804335249e+03,4.584598541259765625e-02
8.804891606448027233e+03,4.648006707429885864e-02
8.814897165091717397e+03,4.674345254898071289e-02
8.824902723735409381e+03,4.538250342011451721e-02
8.834908282379099546e+03,4.559314250946044922e-02
8.844913841022789711e+03,4.717128351330757141e-02
8.854919399666481695e+03,4.491237178444862366e-02
8.864924958310171860e+03,4.460402205586433411e-02
8.874930516953863844e+03,4.473963379859924316e-02
8.884936075597554009e+03,4.609516635537147522e-02
8.894941634241245993e+03,4.416564106941223145e-02
8.904947192884936157e+03,4.594779387116432190e-02
8.914952751528626322e+03,4.655526205897331238e-02
8.924958310172318306e+03,4.474179819226264954e-02
8.934963868816008471e+03,4.649685323238372803e-02
8.944969427459700455e+03,4.418691247701644897e-02
8.954974986103390620e+03,4.695308208465576172e-02
8.964980544747082604e+03,4.564962536096572876e-02
8.974986103390772769e+03,4.543503746390342712e-02
8.984991662034462934e+03,4.636654257774353027e-02
8.994997220678154918e+03,4.647812992334365845e-02
9.005002779321845082e+03,4.584210738539695740e-02
9.015008337965537066e+03,4.588612914085388184e-02
9.025013896609227231e+03,4.642472416162490845e-02
9.035019455252917396e+03,4.605984687805175781e-02
9.045025013896609380e+03,4.504262283444404602e-02
9.055030572540299545e+03,4.411846771836280823e-02
9.065036131183991529e+03,4.398889467120170593e-02
9.075041689827681694e+03,4.418726637959480286e-02
9.085047248471373678e+03,4.495897144079208374e-02
9.095052807115063843e+03,4.463983327150344849e-02
9.105058365758754007e+03,4.466341063380241394e-02
9.115063924402445991e+03,4.465372115373611450e-02
9.125069483046136156e+03,4.431292042136192322e-02
9.135075041689828140e+03,4.440008848905563354e-02
9.145080600333518305e+03,4.455858469009399414e-02
9.155086158977210289e+03,4.517009481787681580e-02
9.165091717620900454e+03,4.556878656148910522e-02
9.175097276264590619e+03,4.293613880872726440e-02
9.185102834908282603e+03,4.319155588746070862e-02
9.195108393551972767e+03,4.535450413823127747e-02
9.205113952195664751e+03,4.327869415283203125e-02
9.215119510839354916e+03,4.404800385236740112e-02
9.225125069483046900e+03,4.327305406332015991e-02
9.235130628126737065e+03,4.346219450235366821e-02
9.245136186770427230e+03,4.354947432875633240e-02
9.255141745414119214e+03,4.442078992724418640e-02
9.265147304057809379e+03,4.311754927039146423e-02
9.275152862701501363e+03,4.331400990486145020e-02
9.285158421345191528e+03,4.278208687901496887e-02
9.295163979988883511e+03,4.201355203986167908e-02
9.305169538632573676e+03,4.336446151137351990e-02
9.315175097276263841e+03,4.233150184154510498e-02
9.325180655919955825e+03,4.267803579568862915e-02
9.335186214563645990e+03,4.284029081463813782e-02
9.345191773207337974e+03,4.201504960656166077e-02
9.355197331851028139e+03,4.283876344561576843e-02
9.365202890494720123e+03,4.270693659782409668e-02
9.375208449138410288e+03,4.336246848106384277e-02
9.385214007782100452e+03,4.198026284575462341e-02
9.395219566425792436e+03,4.082423076033592224e-02
9.405225125069482601e+03,4.274069890379905701e-02
9.415230683713174585e+03,4.191112145781517029e-02
9.425236242356864750e+03,4.254087433218955994e-02
9.435241801000556734e+03,4.146071523427963257e-02
9.445247359644246899e+03,4.235468804836273193e-02
9.455252918287937064e+03,4.274493828415870667e-02
9.465258476931629048e+03,4.142138361930847168e-02
9.475264035575319213e+03,4.312493652105331421e-02
9.485269594219011196e+03,4.145232588052749634e-02
9.495275152862701361e+03,4.125418886542320251e-02
9.505280711506391526e+03,4.146916791796684265e-02
9.515286270150083510e+03,4.075092077255249023e-02
9.525291828793773675e+03,4.157385975122451782e-02
9.535297387437465659e+03,4.192267358303070068e-02
9.545302946081155824e+03,4.053584486246109009e-02
9.555308504724847808e+03,4.232098162174224854e-02
9.565314063368537973e+03,4.063095152378082275e-02
9.575319622012228137e+03,4.174010828137397766e-02
9.585325180655920121e+03,4.236387461423873901e-02
9.595330739299610286e+03,3.952915221452713013e-02
9.605336297943302270e+03,4.134047031402587891e-02
9.615341856586992435e+03,4.224610328674316406e-02
9.625347415230684419e+03,4.095514118671417236e-02
9.635352973874374584e+03,4.112562164664268494e-02
9.645358532518064749e+03,3.978158161044120789e-02
9.655364091161756733e+03,3.940042480826377869e-02
9.665369649805446898e+03,4.079190641641616821e-02
9.675375208449138881e+03,4.116349667310714722e-02
9.685380767092829046e+03,4.061301425099372864e-02
9.695386325736521030e+03,3.972060233354568481e-02
9.705391884380211195e+03,4.040105268359184265e-02
9.715397443023901360e+03,4.147037118673324585e-02
9.725403001667593344e+03,4.070232808589935303e-02
9.735408560311283509e+03,3.932870924472808838e-02
9.745414118954975493e+03,4.063485935330390930e-02
9.755419677598665658e+03,3.946768492460250854e-02
9.765425236242357641e+03,3.993252292275428772e-02
9.775430794886047806e+03,4.142516478896141052e-02
9.785436353529737971e+03,4.035379737615585327e-02
9.795441912173429955e+03,4.053631052374839783e-02
9.805447470817120120e+03,4.103820770978927612e-02
9.815453029460812104e+03,4.122763499617576599e-02
9.825458588104502269e+03,3.950358927249908447e-02
9.835464146748194253e+03,3.893125802278518677e-02
9.845469705391884418e+03,4.050354659557342529e-02
9.855475264035574583e+03,3.913940489292144775e-02
9.865480822679266566e+03,3.963917121291160583e-02
9.875486381322956731e+03,4.018637165427207947e-02
9.885491939966648715e+03,3.997097536921501160e-02
9.895497498610338880e+03,3.924187645316123962e-02
9.905503057254030864e+03,3.718688338994979858e-02
9.915508615897721029e+03,3.870118409395217896e-02
9.925514174541411194e+03,3.945836052298545837e-02
9.935519733185103178e+03,3.776196762919425964e-02
9.945525291828793343e+03,3.856406733393669128e-02
9.955530850472485326e+03,3.936710208654403687e-02
9.965536409116175491e+03,3.850215673446655273e-02
9.975541967759867475e+03,3.899854049086570740e-02
9.985547526403557640e+03,3.810622543096542358e-02
9.995553085047247805e+03,3.845618292689323425e-02
1.000555864369093979e+04,3.960067406296730042e-02
1.001556420233462995e+04,3.805530071258544922e-02
1.002556976097832194e+04,4.006209224462509155e-02
1.003557531962201210e+04,3.768288716673851013e-02
1.004558087826570227e+04,3.889132663607597351e-02
1.005558643690939425e+04,3.672444447875022888e-02
1.006559199555308442e+04,3.747005015611648560e-02
1.007559755419677640e+04,3.951948881149291992e-02
1.008560311284046657e+04,3.758371993899345398e-02
1.009560867148415855e+04,3.786245360970497131e-02
1.010561423012784871e+04,3.801643475890159607e-02
1.011561978877153888e+04,3.789334744215011597e-02
1.012562534741523086e+04,3.750604391098022461e-02
1.013563090605892103e+04,3.837873414158821106e-02
1.014563646470261301e+04,3.827147558331489563e-02
1.015564202334630318e+04,3.777154907584190369e-02
1.016564758198999516e+04,3.813025727868080139e-02
1.017565314063368533e+04,3.785932064056396484e-02
1.018565869927737549e+04,3.748437017202377319e-02
1.019566425792106747e+04,3.688883036375045776e-02
1.020566981656475764e+04,3.871504962444305420e-02
1.021567537520844962e+04,3.740734979510307312e-02
1.022568093385213979e+04,3.922782093286514282e-02
1.023568649249583177e+04,3.722159564495086670e-02
1.024569205113952194e+04,3.752645850181579590e-02
1.025569760978321210e+04,3.709595650434494019e-02
1.026570316842690409e+04,3.708175569772720337e-02
1.027570872707059425e+04,3.720615431666374207e-02
1.028571428571428623e+04,3.683121502399444580e-02
1.029571984435797640e+04,3.756461292505264282e-02
1.030572540300166838e+04,3.775901719927787781e-02
1.031573096164535855e+04,3.824903815984725952e-02
1.032573652028904871e+04,3.775280341506004333e-02
1.033574207893274070e+04,3.613740205764770508e-02
1.034574763757643086e+04,3.745537623763084412e-02
1.035575319622012285e+04,3.714741393923759460e-02
1.036575875486381301e+04,3.780610114336013794e-02
1.037576431350750499e+04,3.573795780539512634e-02
1.038576987215119516e+04,3.601947799324989319e-02
1.039577543079488532e+04,3.585313260555267334e-02
1.040578098943857731e+04,3.644055500626564026e-02
1.041578654808226747e+04,3.680236637592315674e-02
1.042579210672595946e+04,3.528616577386856079e-02
1.043579766536964962e+04,3.507518395781517029e-02
1.044580322401334161e+04,3.650888428092002869e-02
1.045580878265703177e+04,3.589150682091712952e-02
1.046581434130072194e+04,3.577038273215293884e-02
1.047581989994441392e+04,3.567207604646682739e-02
1.048582545858810408e+04,3.649987280368804932e-02
1.049583101723179607e+04,3.405952081084251404e-02
1.050583657587548623e+04,3.609665483236312866e-02
1.051584213451917640e+04,3.694266825914382935e-02
1.052584769316286838e+04,3.598877042531967163e-02
1.053585325180655855e+04,3.598241135478019714e-02
1.054585881045025053e+04,3.661561012268066406e-02
1.055586436909394070e+04,3.604055196046829224e-02
1.056586992773763268e+04,3.585054725408554077e-02
1.057587548638132284e+04,3.507777675986289978e-02
1.058588104502501301e+04,3.717601299285888672e-02
1.059588660366870499e+04,3.522580489516258240e-02
1.060589216231239516e+04,3.519914299249649048e-02
1.061589772095608714e+04,3.533240035176277161e-02
1.062590327959977731e+04,3.453547134995460510e-02
1.063590883824346929e+04,3.478744998574256897e-02
1.064591439688715946e+04,3.519147261977195740e-02
1.065591995553084962e+04,3.464230149984359741e-02
1.066592551417454160e+04,3.639341145753860474e-02
1.067593107281823177e+04,3.467699885368347168e-02
1.068593663146192375e+04,3.448540717363357544e-02
1.069594219010561392e+04,3.422613441944122314e-02
1.070594774874930590e+04,3.480176627635955811e-02
1.071595330739299607e+04,3.530403599143028259e-02
1.072595886603668623e+04,3.502108901739120483e-02
1.073596442468037822e+04,3.503364324569702148e-02
1.074596998332406838e+04,3.449194505810737610e-02
1.075597554196776036e+04,3.595735132694244385e-02
1.076598110061145053e+04,3.419027477502822876e-02
1.077598665925514251e+04,3.369159623980522156e-02
1.078599221789883268e+04,3.484969213604927063e-02
1.079599777654252284e+04,3.457033634185791016e-02
1.080600333518621483e+04,3.422252833843231201e-02
1.081600889382990499e+04,3.503630682826042175e-02
1.082601445247359698e+04,3.455259650945663452e-02
1.083602001111728714e+04,3.423920273780822754e-02
1.084602556976097912e+04,3.297172114253044128e-02
1.085603112840466929e+04,3.352475166320800781e-02
1.086603668704835945e+04,3.363377228379249573e-02
1.087604224569205144e+04,3.562214225530624390e-02
1.088604780433574160e+04,3.318247944116592407e-02
1.089605336297943359e+04,3.441599011421203613e-02
1.090605892162312375e+04,3.323873132467269897e-02
1.091606448026681574e+04,3.409247472882270813e-02
1.092607003891050590e+04,3.256360068917274475e-02
1.093607559755419607e+04,3.236074373126029968e-02
1.094608115619788805e+04,3.352785110473632812e-02
1.095608671484157821e+04,3.238011896610260010e-02
1.096609227348527020e+04,3.403840959072113037e-02
1.097609783212896036e+04,3.294968232512474060e-02
1.098610339077265235e+04,3.287771344184875488e-02
1.099610894941634251e+04,3.267193585634231567e-02
1.100611450806003268e+04,3.182701766490936279e-02
1.101612006670372466e+04,3.434502705931663513e-02
1.102612562534741483e+04,3.303231671452522278e-02
1.103613118399110681e+04,3.301491588354110718e-02
1.104613674263479697e+04,3.349735587835311890e-02
1.105614230127848714e+04,3.473831340670585632e-02
1.106614785992217912e+04,3.279817476868629456e-02
1.107615341856586929e+04,3.318957984447479248e-02
1.108615897720956127e+04,3.223718330264091492e-02
1.109616453585325144e+04,3.179183229804039001e-02
1.110617009449694342e+04,3.236843645572662354e-02
1.111617565314063359e+04,3.264717385172843933e-02
1.112618121178432375e+04,3.344405069947242737e-02
1.113618677042801573e+04,3.146428614854812622e-02
1.114619232907170590e+04,3.356701880693435669e-02
1.115619788771539788e+04,3.270281851291656494e-02
1.116620344635908805e+04,3.239000961184501648e-02
1.117620900500278003e+04,3.263750299811363220e-02
1.118621456364647020e+04,3.368769958615303040e-02
1.119622012229016036e+04,3.231717646121978760e-02
1.120622568093385235e+04,3.133869916200637817e-02
1.121623123957754251e+04,3.263587132096290588e-02
1.122623679822123449e+04,3.211606666445732117e-02
1.123624235686492466e+04,3.141090646386146545e-02
1.124624791550861664e+04,3.149311989545822144e-02
1.125625347415230681e+04,3.143126890063285828e-02
1.126625903279599697e+04,3.354194760322570801e-02
1.127626459143968896e+04,3.116016089916229248e-02
1.128627015008337912e+04,3.141076117753982544e-02
1.129627570872707111e+04,3.234281390905380249e-02
1.130628126737076127e+04,3.219616413116455078e-02
1.131628682601445325e+04,3.133100643754005432e-02
1.132629238465814342e+04,3.196115791797637939e-02
1.133629794330183358e+04,3.143864497542381287e-02
1.134630350194552557e+04,3.142201155424118042e-02
1.135630906058921573e+04,3.199298679828643799e-02
1.136631461923290772e+04,3.222746774554252625e-02
1.137632017787659788e+04,3.063586167991161346e-02
1.138632573652028987e+04,3.050836361944675446e-02
1.139633129516398003e+04,3.082326240837574005e-02
1.140633685380767020e+04,3.076808527112007141e-02
1.141634241245136218e+04,3.178067877888679504e-02
1.142634797109505234e+04,3.094738163053989410e-02
1.143635352973874433e+04,3.181426599621772766e-02
1.144635908838243449e+04,3.178728371858596802e-02
1.145636464702612648e+04,2.959782630205154419e-02
1.146637020566981664e+04,3.151066228747367859e-02
1.147637576431350681e+04,3.093901835381984711e-02
1.148638132295719879e+04,3.066200576722621918e-02
1.149638688160088896e+04,2.964014001190662384e-02
1.150639244024458094e+04,3.113963454961776733e-02
1.151639799888827110e+04,3.036764077842235565e-02
1.152640355753196127e+04,3.055683895945549011e-02
1.153640911617565325e+04,3.048235177993774414e-02
1.154641467481934342e+04,3.121766448020935059e-02
1.155642023346303540e+04,3.132319450378417969e-02
1.156642579210672557e+04,3.167742863297462463e-02
1.157643135075041755e+04,3.018583171069622040e-02
1.158643690939410772e+04,2.960571274161338806e-02
1.159644246803779788e+04,3.080879710614681244e-02
1.160644802668148986e+04,3.074786812067031860e-02
1.161645358532518003e+04,3.117243573069572449e-02
1.162645914396887201e+04,3.026353567838668823e-02
1.163646470261256218e+04,2.892566472291946411e-02
1.164647026125625416e+04,2.995980530977249146e-02
1.165647581989994433e+04,2.928201667964458466e-02
1.166648137854363449e+04,3.087182715535163879e-02
1.167648693718732648e+04,3.010381571948528290e-02
1.168649249583101664e+04,2.996802516281604767e-02
1.169649805447470862e+04,3.093046694993972778e-02
1.170650361311839879e+04,2.980660833418369293e-02
1.171650917176209077e+04,3.037483431398868561e-02
1.172651473040578094e+04,2.924829721450805664e-02
1.173652028904947110e+04,3.051060810685157776e-02
1.174652584769316309e+04,3.097363375127315521e-02
1.175653140633685325e+04,2.959526889026165009e-02
1.176653696498054524e+04,2.981645800173282623e-02
1.177654252362423540e+04,2.962850406765937805e-02
1.178654808226792738e+04,2.943854779005050659e-02
1.179655364091161755e+04,2.997447177767753601e-02
1.180655919955530771e+04,2.934702672064304352e-02
1.181656475819899970e+04,2.861345931887626648e-02
1.182657031684268986e+04,2.951835095882415771e-02
1.183657587548638185e+04,2.875933423638343811e-02
1.184658143413007201e+04,2.916954085230827332e-02
1.185658699277376400e+04,2.921210043132305145e-02
1.186659255141745416e+04,2.888791076838970184e-02
1.187659811006114433e+04,2.901436574757099152e-02
1.188660366870483631e+04,2.907651290297508240e-02
1.189660922734852647e+04,2.892458811402320862e-02
1.190661478599221846e+04,2.930050343275070190e-02
1.191662034463590862e+04,2.805268205702304840e-02
1.192662590327960061e+04,2.966209501028060913e-02
1.193663146192329077e+04,2.934413217008113861e-02
1.194663702056698094e+04,2.922382578253746033e-02
1.195664257921067292e+04,2.906220406293869019e-02
1.196664813785436309e+04,2.815348096191883087e-02
1.197665369649805507e+04,2.938822284340858459e-02
1.198665925514174523e+04,2.958440780639648438e-02
1.199666481378543722e+04,2.809232845902442932e-02
1.200667037242912738e+04,2.930462360382080078e-02
1.201667593107281755e+04,2.893119491636753082e-02
1.202668148971650953e+04,3.008727170526981354e-02
1.203668704836019970e+04,3.052906133234500885e-02
1.204669260700389168e+04,2.854643948376178741e-02
1.205669816564758185e+04,2.820731699466705322e-02
1.206670372429127201e+04,2.794102579355239868e-02
1.207670928293496399e+04,2.914108149707317352e-02
1.208671484157865416e+04,2.909517847001552582e-02
1.209672040022234614e+04,2.843927219510078430e-02
1.210672595886603631e+04,2.930404990911483765e-02
1.211673151750972829e+04,2.824343927204608917e-02
1.212673707615341846e+04,2.762947604060173035e-02
1.213674263479710862e+04,2.834698930382728577e-02
1.214674819344080061e+04,2.767998166382312775e-02
1.215675375208449077e+04,2.824028581380844116e-02
1.216675931072818275e+04,2.707318961620330811e-02
1.217676486937187292e+04,2.811816893517971039e-02
1.218677042801556490e+04,2.912097238004207611e-02
1.219677598665925507e+04,2.851570211350917816e-02
1.220678154530294523e+04,2.696633711457252502e-02
1.221678710394663722e+04,2.769815549254417419e-02
1.222679266259032738e+04,2.715198881924152374e-02
1.223679822123401937e+04,2.848343737423419952e-02
1.224680377987770953e+04,2.792235091328620911e-02
1.225680933852140151e+04,2.807334065437316895e-02
1.226681489716509168e+04,2.665059454739093781e-02
1.227682045580878184e+04,2.742728777229785919e-02
1.228682601445247383e+04,2.847340330481529236e-02
1.229683157309616399e+04,2.802817896008491516e-02
1.230683713173985598e+04,2.651617676019668579e-02
1.231684269038354614e+04,2.738710679113864899e-02
1.232684824902723813e+04,2.845972962677478790e-02
1.233685380767092829e+04,2.815494127571582794e-02
1.234685936631461846e+04,2.792744152247905731e-02
1.235686492495831044e+04,2.681853808462619781e-02
1.236687048360200060e+04,2.792944945394992828e-02
1.237687604224569259e+04,2.668992243707180023e-02
1.238688160088938275e+04,2.732319198548793793e-02
1.239688715953307474e+04,2.925481088459491730e-02
1.240689271817676490e+04,2.658114768564701080e-02
1.241689827682045507e+04,2.664628624916076660e-02
1.242690383546414705e+04,2.762609906494617462e-02
1.243690939410783722e+04,2.734327130019664764e-02
1.244691495275152920e+04,2.651526778936386108e-02
1.245692051139521936e+04,2.670434303581714630e-02
1.246692607003891135e+04,2.707940153777599335e-02
1.247693162868260151e+04,2.634769864380359650e-02
1.248693718732629168e+04,2.675529196858406067e-02
1.249694274596998366e+04,2.722248621284961700e-02
1.250694830461367383e+04,2.718634158372879028e-02
1.251695386325736581e+04,2.698415145277976990e-02
1.252695942190105598e+04,2.487660944461822510e-02
1.253696498054474796e+04,2.684600837528705597e-02
1.254697053918843812e+04,2.659777365624904633e-02
1.255697609783212829e+04,2.521378919482231140e-02
1.256698165647582027e+04,2.602639608085155487e-02
1.257698721511951044e+04,2.650261856615543365e-02
1.258699277376320242e+04,2.612350322306156158e-02
1.259699833240689259e+04,2.633086964488029480e-02
1.260700389105058275e+04,2.646104805171489716e-02
1.261700944969427474e+04,2.595607377588748932e-02
1.262701500833796490e+04,2.574147842824459076e-02
1.263702056698165688e+04,2.654570341110229492e-02
1.264702612562534705e+04,2.584910951554775238e-02
1.265703168426903903e+04,2.649331279098987579e-02
1.266703724291272920e+04,2.538692578673362732e-02
1.267704280155641936e+04,2.738771215081214905e-02
1.268704836020011135e+04,2.523095905780792236e-02
1.269705391884380151e+04,2.571918629109859467e-02
1.270705947748749350e+04,2.625410817563533783e-02
1.271706503613118366e+04,2.566994354128837585e-02
1.272707059477487564e+04,2.629472501575946808e-02
1.273707615341856581e+04,2.634791843593120575e-02
1.274708171206225597e+04,2.639508992433547974e-02
1.275708727070594796e+04,2.552113123238086700e-02
1.276709282934963812e+04,2.535500191152095795e-02
1.277709838799333011e+04,2.411400899291038513e-02
1.278710394663702027e+04,2.551297657191753387e-02
1.279710950528071226e+04,2.625655755400657654e-02
1.280711506392440242e+04,2.550506405532360077e-02
1.281712062256809259e+04,2.674357965588569641e-02
1.282712618121178457e+04,2.651992440223693848e-02
1.283713173985547473e+04,2.477209270000457764e-02
1.284713729849916672e+04,2.487332373857498169e-02
1.285714285714285688e+04,2.509949728846549988e-02
1.286714841578654887e+04,2.470354735851287842e-02
1.287715397443023903e+04,2.461754716932773590e-02
1.288715953307392920e+04,2.593740820884704590e-02
1.289716509171762118e+04,2.409823238849639893e-02
1.290717065036131135e+04,2.538253180682659149e-02
1.291717620900500333e+04,2.434402517974376678e-02
1.292718176764869349e+04,2.520942874252796173e-02
1.293718732629238548e+04,2.496140822768211365e-02
1.294719288493607564e+04,2.493656240403652191e-02
1.295719844357976581e+04,2.374177426099777222e-02
1.296720400222345779e+04,2.451527677476406097e-02
1.297720956086714796e+04,2.546138688921928406e-02
1.298721511951083994e+04,2.405272237956523895e-02
1.299722067815453011e+04,2.431776374578475952e-02
1.300722623679822209e+04,2.402910590171813965e-02
1.301723179544191225e+04,2.465786412358283997e-02
1.302723735408560242e+04,2.498377487063407898e-02
1.303724291272929440e+04,2.478100359439849854e-02
1.304724847137298457e+04,2.516289614140987396e-02
1.305725403001667655e+04,2.393623068928718567e-02
1.306725958866036672e+04,2.521011233329772949e-02
1.307726514730405688e+04,2.485661394894123077e-02
1.308727070594774887e+04,2.483302913606166840e-02
1.309727626459143903e+04,2.500602230429649353e-02
1.310728182323513101e+04,2.472142316401004791e-02
1.311728738187882118e+04,2.462044171988964081e-02
1.312729294052251316e+04,2.311586216092109680e-02
1.313729849916620333e+04,2.382007800042629242e-02
1.314730405780989349e+04,2.346891164779663086e-02
1.315730961645358548e+04,2.528825588524341583e-02
1.316731517509727564e+04,2.375032939016819000e-02
1.317732073374096763e+04,2.409734576940536499e-02
1.318732629238465779e+04,2.456904575228691101e-02
1.319733185102834977e+04,2.482435852289199829e-02
1.320733740967203994e+04,2.506662160158157349e-02
1.321734296831573010e+04,2.428441680967807770e-02
1.322734852695942209e+04,2.481571026146411896e-02
1.323735408560311225e+04,2.275825105607509613e-02
1.324735964424680424e+04,2.410633862018585205e-02
1.325736520289049440e+04,2.546917274594306946e-02
1.326737076153418639e+04,2.338249608874320984e-02
1.327737632017787655e+04,2.342256903648376465e-02
1.328738187882156672e+04,2.360062487423419952e-02
1.329738743746525870e+04,2.396403066813945770e-02
1.330739299610894886e+04,2.413610741496086121e-02
1.331739855475264085e+04,2.370516955852508545e-02
1.332740411339633101e+04,2.275170199573040009e-02
1.333740967204002300e+04,2.314196713268756866e-02
1.334741523068371316e+04,2.378160133957862854e-02
1.335742078932740333e+04,2.329172752797603607e-02
1.336742634797109531e+04,2.364583313465118408e-02
1.337743190661478548e+04,2.321034669876098633e-02
1.338743746525847746e+04,2.329791523516178131e-02
1.339744302390216762e+04,2.368333376944065094e-02
1.340744858254585961e+04,2.376562729477882385e-02
1.341745414118954977e+04,2.412362024188041687e-02
1.342745969983323994e+04,2.358652837574481964e-02
1.343746525847693192e+04,2.488766610622406006e-02
1.344747081712062209e+04,2.285018190741539001e-02
1.345747637576431407e+04,2.365096658468246460e-02
1.346748193440800424e+04,2.338609844446182251e-02
1.347748749305169622e+04,2.327392250299453735e-02
1.348749305169538638e+04,2.319438941776752472e-02
1.349749861033907655e+04,2.334985323250293732e-02
1.350750416898276853e+04,2.232363633811473846e-02
1.351750972762645870e+04,2.214509248733520508e-02
1.352751528627015068e+04,2.186121605336666107e-02
1.353752084491384085e+04,2.324664033949375153e-02
1.354752640355753283e+04,2.339823544025421143e-02
1.355753196220122300e+04,2.348224446177482605e-02
1.356753752084491316e+04,2.224550582468509674e-02
1.357754307948860514e+04,2.237839624285697937e-02
1.358754863813229531e+04,2.275727130472660065e-02
1.359755419677598729e+04,2.311134524643421173e-02
1.360755975541967746e+04,2.275731042027473450e-02
1.361756531406336762e+04,2.247440814971923828e-02
1.362757087270705961e+04,2.131392806768417358e-02
1.363757643135074977e+04,2.293970808386802673e-02
1.364758198999444176e+04,2.283016964793205261e-02
1.365758754863813192e+04,2.147205173969268799e-02
1.366759310728182390e+04,2.237519249320030212e-02
1.367759866592551407e+04,2.265594154596328735e-02
1.368760422456920423e+04,2.240463346242904663e-02
1.369760978321289622e+04,2.228607609868049622e-02
1.370761534185658638e+04,2.237055078148841858e-02
1.371762090050027837e+04,2.312238700687885284e-02
1.372762645914396853e+04,2.244351245462894440e-02
1.373763201778766052e+04,2.268514037132263184e-02
1.374763757643135068e+04,2.262694947421550751e-02
1.375764313507504085e+04,2.159440331161022186e-02
1.376764869371873283e+04,2.260893397033214569e-02
1.377765425236242299e+04,2.305960655212402344e-02
1.378765981100611498e+04,2.160587161779403687e-02
1.379766536964980514e+04,2.183777093887329102e-02
1.380767092829349713e+04,2.257820963859558105e-02
1.381767648693718729e+04,2.154778875410556793e-02
1.382768204558087746e+04,2.219068445265293121e-02
1.383768760422456944e+04,2.143078297376632690e-02
1.384769316286825961e+04,2.259908430278301239e-02
1.385769872151195159e+04,2.313980087637901306e-02
1.386770428015564175e+04,2.259108237922191620e-02
1.387770983879933374e+04,2.207803912460803986e-02
1.388771539744302390e+04,2.125901542603969574e-02
1.389772095608671407e+04,2.137789875268936157e-02
1.390772651473040605e+04,2.211454324424266815e-02
1.391773207337409622e+04,2.159435302019119263e-02
1.392773763201778820e+04,2.222535014152526855e-02
1.393774319066147837e+04,2.227025479078292847e-02
1.394774874930517035e+04,2.146658860146999359e-02
1.395775430794886051e+04,2.168947458267211914e-02
1.396775986659255068e+04,2.165800333023071289e-02
1.397776542523624266e+04,2.142975665628910065e-02
1.398777098387993283e+04,2.129838801920413971e-02
1.399777654252362481e+04,2.185909077525138855e-02
1.400778210116731498e+04,2.147797867655754089e-02
1.401778765981100696e+04,2.161572873592376709e-02
1.402779321845469713e+04,2.183387801051139832e-02
1.403779877709838729e+04,2.178009971976280212e-02
1.404780433574207927e+04,2.086653374135494232e-02
1.405780989438576944e+04,2.105462364852428436e-02
1.406781545302946142e+04,2.125913091003894806e-02
1.407782101167315159e+04,2.159192226827144623e-02
1.408782657031684357e+04,2.130632847547531128e-02
1.409783212896053374e+04,2.158109657466411591e-02
1.410783768760422390e+04,2.097817324101924896e-02
1.411784324624791589e+04,1.994823478162288666e-02
1.412784880489160605e+04,2.114823646843433380e-02
1.413785436353529803e+04,2.067641355097293854e-02
1.414785992217898820e+04,2.046450227499008179e-02
1.415786548082267836e+04,1.988772302865982056e-02
1.416787103946637035e+04,2.126767858862876892e-02
1.417787659811006051e+04,2.098729275166988373e-02
1.418788215675375250e+04,2.093002386391162872e-02
1.419788771539744266e+04,2.024283818900585175e-02
1.420789327404113465e+04,2.125387825071811676e-02
1.421789883268482481e+04,2.012495696544647217e-02
1.422790439132851498e+04,2.077944576740264893e-02
1.423790994997220696e+04,2.012149058282375336e-02
1.424791550861589712e+04,2.062176167964935303e-02
1.425792106725958911e+04,2.081295847892761230e-02
1.426792662590327927e+04,2.054975554347038269e-02
1.427793218454697126e+04,2.091931737959384918e-02
1.428793774319066142e+04,2.020535618066787720e-02
1.429794330183435159e+04,2.035253867506980896e-02
1.430794886047804357e+04,1.999064721167087555e-02
1.431795441912173374e+04,2.116113528609275818e-02
1.432795997776542572e+04,2.047573216259479523e-02
1.433796553640911588e+04,2.053187042474746704e-02
1.434797109505280787e+04,2.147749252617359161e-02
1.435797665369649803e+04,2.034763805568218231e-02
1.436798221234018820e+04,2.042971365153789520e-02
1.437798777098388018e+04,2.024033851921558380e-02
1.438799332962757035e+04,1.992854848504066467e-02
1.439799888827126233e+04,1.985044404864311218e-02
1.440800444691495250e+04,1.970381103456020355e-02
1.441801000555864448e+04,1.984659396111965179e-02
1.442801556420233464e+04,2.072806097567081451e-02
1.443802112284602481e+04,2.001613937318325043e-02
1.444802668148971679e+04,1.964381523430347443e-02
1.445803224013340696e+04,1.960860006511211395e-02
1.446803779877709894e+04,1.952470466494560242e-02
1.447804335742078911e+04,1.955476403236389160e-02
1.448804891606448109e+04,1.955652423202991486e-02
1.449805447470817126e+04,2.011700905859470367e-02
1.450806003335186142e+04,2.041186206042766571e-02
1.451806559199555340e+04,1.971989497542381287e-02
1.452807115063924357e+04,2.016833424568176270e-02
1.453807670928293555e+04,1.983886770904064178e-02
1.454808226792662572e+04,1.985035836696624756e-02
1.455808782657031770e+04,2.000551857054233551e-02
1.456809338521400787e+04,1.906486041843891144e-02
1.457809894385769803e+04,2.024600841104984283e-02
1.458810450250139002e+04,1.969244517385959625e-02
1.459811006114508018e+04,1.915623247623443604e-02
1.460811561978877216e+04,2.031804062426090240e-02
1.461812117843246233e+04,1.970064453780651093e-02
1.462812673707615249e+04,1.998512074351310730e-02
1.463813229571984448e+04,1.944356970489025116e-02
1.464813785436353464e+04,2.012837305665016174e-02
1.465814341300722663e+04,1.926796510815620422e-02
1.466814897165091679e+04,1.922059431672096252e-02
1.467815453029460878e+04,1.998765394091606140e-02
1.468816008893829894e+04,1.919919438660144806e-02
1.469816564758198911e+04,1.943858899176120758e-02
1.470817120622568109e+04,1.858360506594181061e-02
1.471817676486937125e+04,1.977883279323577881e-02
1.472818232351306324e+04,1.978456974029541016e-02
1.473818788215675340e+04,1.866313070058822632e-02
1.474819344080044539e+04,1.930752955377101898e-02
1.475819899944413555e+04,1.826892048120498657e-02
1.476820455808782572e+04,2.009827829897403717e-02
1.477821011673151770e+04,1.867151260375976562e-02
1.478821567537520787e+04,1.930778473615646362e-02
1.479822123401889985e+04,1.894530840218067169e-02
1.480822679266259001e+04,1.878143846988677979e-02
1.481823235130628200e+04,1.869973540306091309e-02
1.482823790994997216e+04,1.860009133815765381e-02
1.483824346859366233e+04,1.929247565567493439e-02
1.484824902723735431e+04,1.865602843463420868e-02
1.485825458588104448e+04,1.865091174840927124e-02
1.486826014452473646e+04,1.922715827822685242e-02
1.487826570316842663e+04,1.925403252243995667e-02
1.488827126181211861e+04,1.896549202501773834e-02
1.489827682045580877e+04,1.850881427526473999e-02
1.490828237909949894e+04,1.971844583749771118e-02
1.491828793774319092e+04,1.884281635284423828e-02
1.492829349638688109e+04,1.889938674867153168e-02
1.493829905503057307e+04,2.052473276853561401e-02
1.494830461367426324e+04,1.888563111424446106e-02
1.495831017231795522e+04,1.904000155627727509e-02
1.496831573096164539e+04,1.902234368026256561e-02
1.497832128960533555e+04,1.871286146342754364e-02
1.498832684824902753e+04,1.878842338919639587e-02
1.499833240689271770e+04,1.877974160015583038e-02
1.500833796553640968e+04,1.888556964695453644e-02
1.501834352418009985e+04,1.780363358557224274e-02
1.502834908282379183e+04,1.890015974640846252e-02
1.503835464146748200e+04,1.960282400250434875e-02
1.504836020011117216e+04,1.816219463944435120e-02
1.505836575875486415e+04,1.884109526872634888e-02
1.506837131739855431e+04,1.850219815969467163e-02
1.507837687604224629e+04,1.787760481238365173e-02
1.508838243468593646e+04,1.808216981589794159e-02
1.509838799332962844e+04,1.908118464052677155e-02
1.510839355197331861e+04,1.839813776314258575e-02
1.511839911061700877e+04,1.803164556622505188e-02
1.512840466926070076e+04,1.840925030410289764e-02
1.513841022790439092e+04,1.851321011781692505e-02
1.514841578654808291e+04,1.850939355790615082e-02
1.515842134519177307e+04,1.827908493578433990e-02
1.516842690383546324e+04,1.859776861965656281e-02
1.517843246247915522e+04,1.812690310180187225e-02
1.518843802112284538e+04,1.843007095158100128e-02
1.519844357976653737e+04,1.791766658425331116e-02
1.520844913841022753e+04,1.791182160377502441e-02
1.521845469705391952e+04,1.778391189873218536e-02
1.522846025569760968e+04,1.768244430422782898e-02
1.523846581434129985e+04,1.924579218029975891e-02
1.524847137298499183e+04,1.763447746634483337e-02
1.525847693162868200e+04,1.718523353338241577e-02
1.526848249027237398e+04,1.731293648481369019e-02
1.527848804891606414e+04,1.782710850238800049e-02
1.528849360755975613e+04,1.806750521063804626e-02
1.529849916620344629e+04,1.799920573830604553e-02
1.530850472484713646e+04,1.790998689830303192e-02
1.531851028349082844e+04,1.878676563501358032e-02
1.532851584213451861e+04,1.866857707500457764e-02
1.533852140077821059e+04,1.670225337147712708e-02
1.534852695942190076e+04,1.855458877980709076e-02
1.535853251806559274e+04,1.800846867263317108e-02
1.536853807670928290e+04,1.749114878475666046e-02
1.537854363535297307e+04,1.744914613664150238e-02
1.538854919399666505e+04,1.778056845068931580e-02
1.539855475264035522e+04,1.782696694135665894e-02
1.540856031128404720e+04,1.726308278739452362e-02
1.541856586992773737e+04,1.768473349511623383e-02
1.542857142857142935e+04,1.837245188653469086e-02
1.543857698721511952e+04,1.692868210375308990e-02
1.544858254585880968e+04,1.765543036162853241e-02
1.545858810450250166e+04,1.703191362321376801e-02
1.546859366314619183e+04,1.707825995981693268e-02
1.547859922178988381e+04,1.727430336177349091e-02
1.548860478043357398e+04,1.829121261835098267e-02
1.549861033907726596e+04,1.749060116708278656e-02
1.550861589772095613e+04,1.643067412078380585e-02
1.551862145636464629e+04,1.772397756576538086e-02
1.552862701500833828e+04,1.740803010761737823e-02
1.553863257365202844e+04,1.691339537501335144e-02
1.554863813229572042e+04,1.693822070956230164e-02
1.555864369093941059e+04,1.729525253176689148e-02
1.556864924958310257e+04,1.726615056395530701e-02
1.557865480822679274e+04,1.717042177915573120e-02
1.558866036687048290e+04,1.668861135840415955e-02
1.559866592551417489e+04,1.700599864125251770e-02
1.560867148415786505e+04,1.746107265353202820e-02
1.561867704280155704e+04,1.682083494961261749e-02
1.562868260144524720e+04,1.758702844381332397e-02
1.563868816008893737e+04,1.672682911157608032e-02
1.564869371873262935e+04,1.710817031562328339e-02
1.565869927737631951e+04,1.698362454771995544e-02
1.566870483602001150e+04,1.646114140748977661e-02
1.567871039466370166e+04,1.753924973309040070e-02
1.568871595330739365e+04,1.663016155362129211e-02
1.569872151195108381e+04,1.596343889832496643e-02
1.570872707059477398e+04,1.746287010610103607e-02
1.571873262923846596e+04,1.674761995673179626e-02
1.572873818788215613e+04,1.704424992203712463e-02
1.573874374652584811e+04,1.686789281666278839e-02
1.574874930516953827e+04,1.670560799539089203e-02
1.575875486381323026e+04,1.627796515822410583e-02
1.576876042245692042e+04,1.647015847265720367e-02
1.577876598110061059e+04,1.719581335783004761e-02
1.578877153974430257e+04,1.658234186470508575e-02
1.579877709838799274e+04,1.581759005784988403e-02
1.580878265703168472e+04,1.558265183120965958e-02
1.581878821567537489e+04,1.602407731115818024e-02
1.582879377431906687e+04,1.703517325222492218e-02
1.583879933296275703e+04,1.630716770887374878e-02
1.584880489160644720e+04,1.665579900145530701e-02
1.585881045025013918e+04,1.756419241428375244e-02
1.586881600889382935e+04,1.660561561584472656e-02
1.587882156753752133e+04,1.650713570415973663e-02
1.588882712618121150e+04,1.574649661779403687e-02
1.589883268482490348e+04,1.714992709457874298e-02
1.590883824346859365e+04,1.647202298045158386e-02
1.591884380211228381e+04,1.600303128361701965e-02
1.592884936075597579e+04,1.619869843125343323e-02
1.593885491939966596e+04,1.645645685493946075e-02
1.594886047804335794e+04,1.555661391466856003e-02
1.595886603668704811e+04,1.668083108961582184e-02
1.596887159533074009e+04,1.651281118392944336e-02
1.597887715397443026e+04,1.643987931311130524e-02
1.598888271261812042e+04,1.681955344974994659e-02
1.599888827126181241e+04,1.687323488295078278e-02
1.600889382990550257e+04,1.582632958889007568e-02
1.601889938854919455e+04,1.610723324120044708e-02
1.602890494719288472e+04,1.632397063076496124e-02
1.603891050583657670e+04,1.549604628235101700e-02
1.604891606448026687e+04,1.590506546199321747e-02
1.605892162312395703e+04,1.666516810655593872e-02
1.606892718176764902e+04,1.598790101706981659e-02
1.607893274041133918e+04,1.614060252904891968e-02
1.608893829905503117e+04,1.570411026477813721e-02
1.609894385769872133e+04,1.630855537950992584e-02
1.610894941634241331e+04,1.554079912602901459e-02
1.611895497498610348e+04,1.668770797550678253e-02
1.612896053362979364e+04,1.544917002320289612e-02
1.613896609227348563e+04,1.652404852211475372e-02
1.614897165091717579e+04,1.640794612467288971e-02
1.615897720956086778e+04,1.598353870213031769e-02
1.616898276820455794e+04,1.548326294869184494e-02
1.617898832684824811e+04,1.627303101122379303e-02
1.618899388549194009e+04,1.544378604739904404e-02
1.619899944413563026e+04,1.605303771793842316e-02
1.620900500277932224e+04,1.573351211845874786e-02
1.621901056142301240e+04,1.540995948016643524e-02
1.622901612006670439e+04,1.556125655770301819e-02
1.623902167871039455e+04,1.495319232344627380e-02
1.624902723735408472e+04,1.579109393060207367e-02
1.625903279599777670e+04,1.601114869117736816e-02
1.626903835464146687e+04,1.580086164176464081e-02
1.627904391328515885e+04,1.501208916306495667e-02
1.628904947192884902e+04,1.562994532287120819e-02
1.629905503057254100e+04,1.575072668492794037e-02
1.630906058921623116e+04,1.555680204182863235e-02
1.631906614785992133e+04,1.608094014227390289e-02
1.632907170650361331e+04,1.558864861726760864e-02
1.633907726514730348e+04,1.482721045613288879e-02
1.634908282379099546e+04,1.563283242285251617e-02
1.635908838243468563e+04,1.551837101578712463e-02
1.636909394107837761e+04,1.543906424194574356e-02
1.637909949972206778e+04,1.548724342137575150e-02
1.638910505836575976e+04,1.481923460960388184e-02
1.639911061700944992e+04,1.517548039555549622e-02
1.640911617565314009e+04,1.573367603123188019e-02
1.641912173429683025e+04,1.547201164066791534e-02
1.642912729294052406e+04,1.533781643956899643e-02
1.643913285158421422e+04,1.476048491895198822e-02
1.644913841022790439e+04,1.481556147336959839e-02
1.645914396887159455e+04,1.546427048742771149e-02
1.646914952751528472e+04,1.536265294998884201e-02
1.647915508615897852e+04,1.558140665292739868e-02
1.648916064480266868e+04,1.575982384383678436e-02
1.649916620344635885e+04,1.498888712376356125e-02
1.650917176209004901e+04,1.463954336941242218e-02
1.651917732073373918e+04,1.530952658504247665e-02
1.652918287937743298e+04,1.488985493779182434e-02
1.653918843802112315e+04,1.554792746901512146e-02
1.654919399666481331e+04,1.529552880674600601e-02
1.655919955530850348e+04,1.430587563663721085e-02
1.656920511395219728e+04,1.484787836670875549e-02
1.657921067259588744e+04,1.485546492040157318e-02
1.658921623123957761e+04,1.539983041584491730e-02
1.659922178988326777e+04,1.476349961012601852e-02
1.660922734852695794e+04,1.496906485408544540e-02
1.661923290717065174e+04,1.478336751461029053e-02
1.662923846581434191e+04,1.540088187903165817e-02
1.663924402445803207e+04,1.553550548851490021e-02
1.664924958310172224e+04,1.417960133403539658e-02
1.665925514174541240e+04,1.466219872236251831e-02
1.666926070038910620e+04,1.490119565278291702e-02
1.667926625903279637e+04,1.450754050165414810e-02
1.668927181767648653e+04,1.435143593698740005e-02
1.669927737632017670e+04,1.452491059899330139e-02
1.670928293496387050e+04,1.516343466937541962e-02
1.671928849360756067e+04,1.566387526690959930e-02
1.672929405225125083e+04,1.458679884672164917e-02
1.673929961089494100e+04,1.492277253419160843e-02
1.674930516953863116e+04,1.430583279579877853e-02
1.675931072818232497e+04,1.402758993208408356e-02
1.676931628682601513e+04,1.444286480545997620e-02
1.677932184546970529e+04,1.492502447217702866e-02
1.678932740411339546e+04,1.440056134015321732e-02
1.679933296275708562e+04,1.473206467926502228e-02
1.680933852140077943e+04,1.441376656293869019e-02
1.681934408004446959e+04,1.527361385524272919e-02
1.682934963868815976e+04,1.466964930295944214e-02
1.683935519733184992e+04,1.559334900230169296e-02
1.684936075597554373e+04,1.420979667454957962e-02
1.685936631461923389e+04,1.471611298620700836e-02
1.686937187326292405e+04,1.419606525450944901e-02
1.687937743190661422e+04,1.390227675437927246e-02
1.688938299055030438e+04,1.426074560731649399e-02
1.689938854919399819e+04,1.378046255558729172e-02
1.690939410783768835e+04,1.387342624366283417e-02
1.691939966648137852e+04,1.388010475784540176e-02
1.692940522512506868e+04,1.415273360908031464e-02
1.693941078376875885e+04,1.477144099771976471e-02
1.694941634241245265e+04,1.390428189188241959e-02
1.695942190105614281e+04,1.483028847724199295e-02
1.696942745969983298e+04,1.409608405083417892e-02
1.697943301834352314e+04,1.397341210395097733e-02
1.698943857698721331e+04,1.415204815566539764e-02
1.699944413563090711e+04,1.365504506975412369e-02
1.700944969427459728e+04,1.379740610718727112e-02
1.701945525291828744e+04,1.376183237880468369e-02
1.702946081156197761e+04,1.469436194747686386e-02
1.703946637020567141e+04,1.464038901031017303e-02
1.704947192884936157e+04,1.469190884381532669e-02
1.705947748749305174e+04,1.416858192533254623e-02
1.706948304613674190e+04,1.440412458032369614e-02
1.707948860478043207e+04,1.424400322139263153e-02
1.708949416342412587e+04,1.435391139239072800e-02
1.709949972206781604e+04,1.416848506778478622e-02
1.710950528071150620e+04,1.341242622584104538e-02
1.711951083935519637e+04,1.397037319839000702e-02
1.712951639799888653e+04,1.442365907132625580e-02
1.713952195664258034e+04,1.393642276525497437e-02
1.714952751528627050e+04,1.409725286066532135e-02
1.715953307392996066e+04,1.353026460856199265e-02
1.716953863257365083e+04,1.378226187080144882e-02
1.717954419121734463e+04,1.380243059247732162e-02
1.718954974986103480e+04,1.345542538911104202e-02
1.719955530850472496e+04,1.343297399580478668e-02
1.720956086714841513e+04,1.450792886316776276e-02
1.721956642579210529e+04,1.342109963297843933e-02
1.722957198443579910e+04,1.304373890161514282e-02
1.723957754307948926e+04,1.420477591454982758e-02
1.724958310172317942e+04,1.421966683119535446e-02
1.725958866036686959e+04,1.366141065955162048e-02
1.726959421901055975e+04,1.303926948457956314e-02
1.727959977765425356e+04,1.366915460675954819e-02
1.728960533629794372e+04,1.381009072065353394e-02
1.729961089494163389e+04,1.388760562986135483e-02
1.730961645358532405e+04,1.372505445033311844e-02
1.731962201222901786e+04,1.390127558261156082e-02
1.732962757087270802e+04,1.345224585384130478e-02
1.733963312951639818e+04,1.327863708138465881e-02
1.734963868816008835e+04,1.326632406562566757e-02
1.735964424680377851e+04,1.359845511615276337e-02
1.736964980544747232e+04,1.338167395442724228e-02
1.737965536409116248e+04,1.327050756663084030e-02
1.738966092273485265e+04,1.359323970973491669e-02
1.739966648137854281e+04,1.355378702282905579e-02
1.740967204002223298e+04,1.368376333266496658e-02
1.741967759866592678e+04,1.361243240535259247e-02
1.742968315730961694e+04,1.349017955362796783e-02
1.743968871595330711e+04,1.303068641573190689e-02
1.744969427459699727e+04,1.278431899845600128e-02
1.745969983324068744e+04,1.322524249553680420e-02
1.746970539188438124e+04,1.368682272732257843e-02
1.747971095052807141e+04,1.285543479025363922e-02
1.748971650917176157e+04,1.377446297556161880e-02
1.749972206781545174e+04,1.350778434425592422e-02
1.750972762645914554e+04,1.276180334389209747e-02
1.751973318510283571e+04,1.328542735427618027e-02
1.752973874374652587e+04,1.290197484195232391e-02
1.753974430239021603e+04,1.275296974927186966e-02
1.754974986103390620e+04,1.328102219849824905e-02
1.755975541967760000e+04,1.265189424157142639e-02
1.756976097832129017e+04,1.400004420429468155e-02
1.757976653696498033e+04,1.266760285943746567e-02
1.758977209560867050e+04,1.271049119532108307e-02
1.759977765425236066e+04,1.260382123291492462e-02
1.760978321289605447e+04,1.276818662881851196e-02
1.761978877153974463e+04,1.332738157361745834e-02
1.762979433018343479e+04,1.332738529890775681e-02
1.763979988882712496e+04,1.257088407874107361e-02
1.764980544747081876e+04,1.230558659881353378e-02
1.765981100611450893e+04,1.254343241453170776e-02
1.766981656475819909e+04,1.293608173727989197e-02
1.767982212340188926e+04,1.219781022518873215e-02
1.768982768204557942e+04,1.283639296889305115e-02
1.769983324068927323e+04,1.225985866039991379e-02
1.770983879933296339e+04,1.309489179402589798e-02
1.771984435797665355e+04,1.285592280328273773e-02
1.772984991662034372e+04,1.278010010719299316e-02
1.773985547526403388e+04,1.286477409303188324e-02
1.774986103390772769e+04,1.158037595450878143e-02
1.775986659255141785e+04,1.294709555804729462e-02
1.776987215119510802e+04,1.260880101472139359e-02
1.777987770983879818e+04,1.310970447957515717e-02
1.778988326848249199e+04,1.226251013576984406e-02
1.779988882712618215e+04,1.273088529706001282e-02
1.780989438576987231e+04,1.243133377283811569e-02
1.781989994441356248e+04,1.243941206485033035e-02
1.782990550305725264e+04,1.221682690083980560e-02
1.783991106170094645e+04,1.279305852949619293e-02
1.784991662034463661e+04,1.295218896120786667e-02
1.785992217898832678e+04,1.331965625286102295e-02
1.786992773763201694e+04,1.220746245235204697e-02
1.787993329627570711e+04,1.281777769327163696e-02
1.788993885491940091e+04,1.229135971516370773e-02
1.789994441356309108e+04,1.352390088140964508e-02
1.790994997220678124e+04,1.202476490288972855e-02
1.791995553085047140e+04,1.234985049813985825e-02
1.792996108949416521e+04,1.317538321018218994e-02
1.793996664813785537e+04,1.196256466209888458e-02
1.794997220678154554e+04,1.259454246610403061e-02
1.795997776542523570e+04,1.198711059987545013e-02
1.796998332406892587e+04,1.248566433787345886e-02
1.797998888271261967e+04,1.209051907062530518e-02
1.798999444135630984e+04,1.210339646786451340e-02
1.800000000000000000e+04,1.252353377640247345e-02
