# kappa, training_loss
0.000000000000000000e+00,2.500084638595581055e-01
3.460602162345234878e-01,2.498737424612045288e-01
4.393543682980839971e-01,2.497365772724151611e-01
4.955442340440627813e-01,2.498513460159301758e-01
5.358808160588509617e-01,2.496515214443206787e-01
5.673687652876149290e-01,2.498501688241958618e-01
5.932003785375791205e-01,2.491174936294555664e-01
6.151016538892247754e-01,2.488858103752136230e-01
6.341121660120673242e-01,2.483890652656555176e-01
6.509068043445985774e-01,2.472405433654785156e-01
6.659486286263996968e-01,2.465724498033523560e-01
6.795691817826223780e-01,2.453335523605346680e-01
6.920140146967826977e-01,2.447052150964736938e-01
7.034700723154608815e-01,2.430897802114486694e-01
7.140829770773001739e-01,2.405397593975067139e-01
7.239683762170359138e-01,2.385785132646560669e-01
7.332196430341190174e-01,2.350391149520874023e-01
7.419132534577659310e-01,2.329680174589157104e-01
7.501126322586416650e-01,2.300045788288116455e-01
7.578709635809842693e-01,2.307146787643432617e-01
7.652332834181944099e-01,2.270552068948745728e-01
7.722380635163802465e-01,2.245694100856781006e-01
7.789184281839729440e-01,2.227704375982284546e-01
7.853031015960606487e-01,2.203650027513504028e-01
7.914171541949873712e-01,2.202027738094329834e-01
7.972825972425665597e-01,2.145797163248062134e-01
8.029188611496667072e-01,2.163854837417602539e-01
8.083431838234226285e-01,2.102070897817611694e-01
8.135709286104398918e-01,2.105574309825897217e-01
8.186158466179523918e-01,2.140925973653793335e-01
8.234902946961034642e-01,2.133368253707885742e-01
8.282054177813132911e-01,2.056819498538970947e-01
8.327713023720212382e-01,2.061972022056579590e-01
8.371971064531047446e-01,2.092293351888656616e-01
8.414911700769752700e-01,1.995040625333786011e-01
8.456611099574917745e-01,2.012994140386581421e-01
8.497139007725247328e-01,1.969468742609024048e-01
8.536559453551242349e-01,2.009855359792709351e-01
8.574931355471899774e-01,2.007790505886077881e-01
8.612309051676869665e-01,2.040955126285552979e-01
8.648742762906597159e-01,1.974689513444900513e-01
8.684278998221249823e-01,1.950572580099105835e-01
8.718960911984210416e-01,2.010115385055541992e-01
8.752828618933730098e-01,2.032412141561508179e-01
8.785919473112329126e-01,1.965378820896148682e-01
8.818268315517695521e-01,1.974457800388336182e-01
8.849907694591889751e-01,1.909442394971847534e-01
8.880868063047109295e-01,1.979328095912933350e-01
8.911177954011616498e-01,1.952710002660751343e-01
8.940864139049573556e-01,1.950899064540863037e-01
8.969951770248011380e-01,1.932826936244964600e-01
8.998464508260676231e-01,1.837903410196304321e-01
9.026424637942054297e-01,1.840127259492874146e-01
9.053853172987453846e-01,1.860982477664947510e-01
9.080769950810101410e-01,1.919044852256774902e-01
9.107193718728292531e-01,1.917591094970703125e-01
9.133142212400601201e-01,1.946828067302703857e-01
9.158632227331016118e-01,1.827374845743179321e-01
9.183679684166058399e-01,1.775108873844146729e-01
9.208299688419613327e-01,1.878560483455657959e-01
9.232506585186545101e-01,1.835932731628417969e-01
9.256314009341334303e-01,1.840687096118927002e-01
9.279734931661594022e-01,1.877463907003402710e-01
9.302781701267097691e-01,1.821300536394119263e-01
9.325466084721968363e-01,1.884887963533401489e-01
9.347799302110009201e-01,1.708083748817443848e-01
9.369792060360043751e-01,1.844352632761001587e-01
9.391454584069069966e-01,1.773064285516738892e-01
9.412796644045315908e-01,1.878385245800018311e-01
9.433827583770685310e-01,1.951988190412521362e-01
9.454556343961939557e-01,1.812034845352172852e-01
9.474991485392255663e-01,1.768345832824707031e-01
9.495141210118915875e-01,1.800117045640945435e-01
9.515013381248909052e-01,1.730736494064331055e-01
9.534615541361617375e-01,1.782783120870590210e-01
9.553954929696629739e-01,1.808869689702987671e-01
9.573038498204682334e-01,1.775756627321243286e-01
9.591872926550805145e-01,1.786716282367706299e-01
9.610464636150678475e-01,1.733775883913040161e-01
9.628819803314015990e-01,1.826273798942565918e-01
9.646944371562294895e-01,1.751199513673782349e-01
9.664844063182297385e-01,1.732046753168106079e-01
9.682524390071651776e-01,1.820652633905410767e-01
9.699990663927818835e-01,1.746535599231719971e-01
9.717248005827645585e-01,1.745631694793701172e-01
9.734301355240705389e-01,1.667397022247314453e-01
9.751155478516122521e-01,1.692509502172470093e-01
9.767814976879358735e-01,1.817223727703094482e-01
9.784284293972540514e-01,1.682382822036743164e-01
9.800567722969212303e-01,1.700636446475982666e-01
9.816669413292059554e-01,1.706388592720031738e-01
9.832593376959853915e-01,1.663420200347900391e-01
9.848343494587937785e-01,1.703418642282485962e-01
9.863923521064681399e-01,1.791413426399230957e-01
9.879337090924703579e-01,1.673366874456405640e-01
9.894587723438064142e-01,1.917897611856460571e-01
9.909678827433286985e-01,1.798772960901260376e-01
9.924613705870711788e-01,1.707773357629776001e-01
9.939395560181558675e-01,1.695499122142791748e-01
9.954027494386938901e-01,1.729565262794494629e-01
9.968512519010075401e-01,1.704749166965484619e-01
9.982853554794079987e-01,1.566186398267745972e-01
9.997053436236741364e-01,1.660804152488708496e-01
1.001111491495306094e+00,1.689579486846923828e-01
1.002504066287549511e+00,1.704124063253402710e-01
1.003883327530119551e+00,1.685020625591278076e-01
1.005249527379498797e+00,1.704368591308593750e-01
1.006602910895616265e+00,1.785525232553482056e-01
1.007943716305669923e+00,1.613224744796752930e-01
1.009272175255802040e+00,1.638022512197494507e-01
1.010588513051291937e+00,1.650037169456481934e-01
1.011892948885890542e+00,1.678867638111114502e-01
1.013185696060879160e+00,1.711625158786773682e-01
1.014466962194400468e+00,1.787374615669250488e-01
1.015736949421575552e+00,1.802217960357666016e-01
1.016995854585890369e+00,1.554118096828460693e-01
1.018243869422302605e+00,1.662335544824600220e-01
1.019481180732497050e+00,1.576405763626098633e-01
1.020707970552690025e+00,1.777680963277816772e-01
1.021924416314357265e+00,1.756171286106109619e-01
1.023130690998244052e+00,1.709573715925216675e-01
1.024326963281988911e+00,1.684947609901428223e-01
1.025513397681677263e+00,1.692640334367752075e-01
1.026690154687622814e+00,1.592562496662139893e-01
1.027857390894653555e+00,1.704709827899932861e-01
1.029015259127172399e+00,1.703685671091079712e-01
1.030163908559237118e+00,1.711576581001281738e-01
1.031303484829898087e+00,1.633677780628204346e-01
1.032434130154017193e+00,1.814527809619903564e-01
1.033555983428776415e+00,1.661613434553146362e-01
1.034669180336078353e+00,1.690116375684738159e-01
1.035773853441026349e+00,1.571002751588821411e-01
1.036870132286661805e+00,1.686594635248184204e-01
1.037958143485129936e+00,1.600682139396667480e-01
1.039038010805433121e+00,1.707531511783599854e-01
1.040109855257924876e+00,1.703909635543823242e-01
1.041173795175687866e+00,1.697571724653244019e-01
1.042229946292932308e+00,1.669622808694839478e-01
1.043278421820547308e+00,1.612746268510818481e-01
1.044319332518925281e+00,1.618908643722534180e-01
1.045352786768178444e+00,1.534698307514190674e-01
1.046378890635857539e+00,1.618329137563705444e-01
1.047397747942280688e+00,1.639668792486190796e-01
1.048409460323570297e+00,1.680924743413925171e-01
1.049414127292494392e+00,1.623716503381729126e-01
1.050411846297208074e+00,1.670352518558502197e-01
1.051402712777971260e+00,1.622370332479476929e-01
1.052386820221938191e+00,1.602082848548889160e-01
1.053364260216086867e+00,1.640219390392303467e-01
1.054335122498369026e+00,1.578561812639236450e-01
1.055299495007150590e+00,1.587539315223693848e-01
1.056257463929010099e+00,1.552816480398178101e-01
1.057209113744960627e+00,1.619840413331985474e-01
1.058154527275158241e+00,1.589495986700057983e-01
1.059093785722153847e+00,1.744135767221450806e-01
1.060026968712745932e+00,1.607235074043273926e-01
1.060954154338490385e+00,1.536583602428436279e-01
1.061875419194914683e+00,1.603848636150360107e-01
1.062790838419488848e+00,1.571152806282043457e-01
1.063700485728399592e+00,1.667466908693313599e-01
1.064604433452172039e+00,1.514670848846435547e-01
1.065502752570182343e+00,1.602681577205657959e-01
1.066395512744102048e+00,1.593732386827468872e-01
1.067282782350315928e+00,1.718125939369201660e-01
1.068164628511345304e+00,1.713843047618865967e-01
1.069041117126321661e+00,1.668473482131958008e-01
1.069912312900535456e+00,1.705726385116577148e-01
1.070778279374101860e+00,1.533799469470977783e-01
1.071639078949768065e+00,1.537297666072845459e-01
1.072494772919898809e+00,1.491692662239074707e-01
1.073345421492664986e+00,1.568521112203598022e-01
1.074191083817463976e+00,1.536976695060729980e-01
1.075031818009600126e+00,1.600172370672225952e-01
1.075867681174250912e+00,1.593110412359237671e-01
1.076698729429742096e+00,1.423835158348083496e-01
1.077525017930154538e+00,1.648243367671966553e-01
1.078346600887291951e+00,1.545260548591613770e-01
1.079163531592021608e+00,1.597393006086349487e-01
1.079975862435016865e+00,1.585003435611724854e-01
1.080783644926919695e+00,1.563302129507064819e-01
1.081586929717939016e+00,1.560490429401397705e-01
1.082385766616910105e+00,1.571692973375320435e-01
1.083180204609825115e+00,1.490877717733383179e-01
1.083970291877860204e+00,1.534605920314788818e-01
1.084756075814909515e+00,1.645680814981460571e-01
1.085537603044643085e+00,1.606129109859466553e-01
1.086314919437108895e+00,1.564038693904876709e-01
1.087088070124886618e+00,1.564893424510955811e-01
1.087857099518812376e+00,1.534871011972427368e-01
1.088622051323285822e+00,1.511943042278289795e-01
1.089382968551175113e+00,1.619541645050048828e-01
1.090139893538329074e+00,1.466385275125503540e-01
1.090892867957711232e+00,1.568859517574310303e-01
1.091641932833167683e+00,1.489778757095336914e-01
1.092387128552838149e+00,1.572456210851669312e-01
1.093128494882223745e+00,1.555720418691635132e-01
1.093866070976919014e+00,1.534111946821212769e-01
1.094599895395022671e+00,1.421115547418594360e-01
1.095330006109230814e+00,1.533290147781372070e-01
1.096056440518629715e+00,1.563375890254974365e-01
1.096779235460189517e+00,1.561840474605560303e-01
1.097498427219973705e+00,1.511609554290771484e-01
1.098214051544070369e+00,1.544218510389328003e-01
1.098926143649252118e+00,1.494828760623931885e-01
1.099634738233376208e+00,1.557682156562805176e-01
1.100339869485529531e+00,1.578643918037414551e-01
1.101041571095926708e+00,1.374223083257675171e-01
1.101739876265568574e+00,1.369750648736953735e-01
1.102434817715669535e+00,1.502536684274673462e-01
1.103126427696856426e+00,1.459757387638092041e-01
1.103814737998149997e+00,1.481622159481048584e-01
1.104499779955732564e+00,1.533908694982528687e-01
1.105181584461507827e+00,1.530072391033172607e-01
1.105860181971460410e+00,1.493483483791351318e-01
1.106535602513818883e+00,1.570281684398651123e-01
1.107207875697029165e+00,1.515543162822723389e-01
1.107877030717542510e+00,1.380642950534820557e-01
1.108543096367424319e+00,1.381596624851226807e-01
1.109206101041787518e+00,1.490949094295501709e-01
1.109866072746056309e+00,1.474336683750152588e-01
1.110523039103064047e+00,1.398343592882156372e-01
1.111177027359991021e+00,1.436347365379333496e-01
1.111828064395145255e+00,1.446760594844818115e-01
1.112476176724590538e+00,1.518789380788803101e-01
1.113121390508627240e+00,1.445020139217376709e-01
1.113763731558127690e+00,1.528112888336181641e-01
1.114403225340732551e+00,1.435113102197647095e-01
1.115039896986909085e+00,1.492485702037811279e-01
1.115673771295876859e+00,1.480684876441955566e-01
1.116304872741404886e+00,1.392404586076736450e-01
1.116933225477479752e+00,1.433605402708053589e-01
1.117558853343854519e+00,1.482918411493301392e-01
1.118181779871475046e+00,1.494190394878387451e-01
1.118802028287789962e+00,1.605809181928634644e-01
1.119419621521948960e+00,1.469838917255401611e-01
1.120034582209887830e+00,1.392975002527236938e-01
1.120646932699306930e+00,1.419529020786285400e-01
1.121256695054545061e+00,1.470209509134292603e-01
1.121863891061347873e+00,1.502849459648132324e-01
1.122468542231540356e+00,1.492176204919815063e-01
1.123070669807599620e+00,1.417619735002517700e-01
1.123670294767131095e+00,1.461256295442581177e-01
1.124267437827256133e+00,1.457502096891403198e-01
1.124862119448905462e+00,1.433885544538497925e-01
1.125454359841026486e+00,1.373345702886581421e-01
1.126044178964703768e+00,1.407977342605590820e-01
1.126631596537196245e+00,1.374500989913940430e-01
1.127216632035892285e+00,1.480347961187362671e-01
1.127799304702184813e+00,1.441890299320220947e-01
1.128379633545267380e+00,1.433694958686828613e-01
1.128957637345857412e+00,1.399715691804885864e-01
1.129533334659841959e+00,1.401688456535339355e-01
1.130106743821851722e+00,1.469972431659698486e-01
1.130677882948765367e+00,1.633041650056838989e-01
1.131246769943143882e+00,1.422187834978103638e-01
1.131813422496598331e+00,1.310689598321914673e-01
1.132377858093090328e+00,1.353662014007568359e-01
1.132940094012168775e+00,1.321046054363250732e-01
1.133500147332145325e+00,1.398308277130126953e-01
1.134058034933205894e+00,1.389337331056594849e-01
1.134613773500463774e+00,1.498112529516220093e-01
1.135167379526954567e+00,1.374173015356063843e-01
1.135718869316571400e+00,1.562686711549758911e-01
1.136268258986948609e+00,1.391737163066864014e-01
1.136815564472285489e+00,1.328803449869155884e-01
1.137360801526121401e+00,1.381987184286117554e-01
1.137903985724055156e+00,1.386910676956176758e-01
1.138445132466415766e+00,1.412855535745620728e-01
1.138984256980881460e+00,1.486209481954574585e-01
1.139521374325052294e+00,1.419664919376373291e-01
1.140056499388971467e+00,1.376894861459732056e-01
1.140589646897604004e+00,1.382227092981338501e-01
1.141120831413266590e+00,1.432880312204360962e-01
1.141650067338015884e+00,1.361854076385498047e-01
1.142177368915989311e+00,1.330496966838836670e-01
1.142702750235707887e+00,1.402964890003204346e-01
1.143226225232332194e+00,1.462509781122207642e-01
1.143747807689882601e+00,1.395556330680847168e-01
1.144267511243415303e+00,1.390285193920135498e-01
1.144785349381162387e+00,1.409792751073837280e-01
1.145301335446631263e+00,1.395013481378555298e-01
1.145815482640669014e+00,1.398297548294067383e-01
1.146327804023486774e+00,1.409887820482254028e-01
1.146838312516652802e+00,1.463962197303771973e-01
1.147347020905046255e+00,1.441669017076492310e-01
1.147853941838778757e+00,1.360426992177963257e-01
1.148359087835082670e+00,1.375182121992111206e-01
1.148862471280164055e+00,1.489721983671188354e-01
1.149364104431026767e+00,1.410597860813140869e-01
1.149863999417262361e+00,1.366855651140213013e-01
1.150362168242809346e+00,1.362939327955245972e-01
1.150858622787684027e+00,1.341978162527084351e-01
1.151353374809679808e+00,1.507439017295837402e-01
1.151846435946037861e+00,1.341246664524078369e-01
1.152337817715089585e+00,1.393047571182250977e-01
1.152827531517871540e+00,1.489705145359039307e-01
1.153315588639712175e+00,1.401780545711517334e-01
1.153802000251792581e+00,1.368911266326904297e-01
1.154286777412681042e+00,1.282270103693008423e-01
1.154769931069840716e+00,1.334645301103591919e-01
1.155251472061113560e+00,1.401806324720382690e-01
1.155731411116179830e+00,1.295439302921295166e-01
1.156209758857990044e+00,1.348927617073059082e-01
1.156686525804179411e+00,1.296497732400894165e-01
1.157161722368452494e+00,1.305600851774215698e-01
1.157635358861949015e+00,1.260417997837066650e-01
1.158107445494586996e+00,1.345608085393905640e-01
1.158577992376382371e+00,1.317724287509918213e-01
1.159047009518748617e+00,1.322731673717498779e-01
1.159514506835774172e+00,1.260753870010375977e-01
1.159980494145480767e+00,1.286143362522125244e-01
1.160444981171059986e+00,1.300296634435653687e-01
1.160907977542091629e+00,1.220684647560119629e-01
1.161369492795739644e+00,1.319099366664886475e-01
1.161829536377932293e+00,1.367273926734924316e-01
1.162288117644522334e+00,1.343218088150024414e-01
1.162745245862428556e+00,1.382414549589157104e-01
1.163200930210757544e+00,1.322241574525833130e-01
1.163655179781912796e+00,1.332645118236541748e-01
1.164108003582680739e+00,1.349501162767410278e-01
1.164559410535303652e+00,1.382389217615127563e-01
1.165009409478533486e+00,1.342673003673553467e-01
1.165458009168671927e+00,1.415612101554870605e-01
1.165905218280590239e+00,1.275631189346313477e-01
1.166351045408738019e+00,1.350609064102172852e-01
1.166795499068133957e+00,1.322341561317443848e-01
1.167238587695340168e+00,1.306411176919937134e-01
1.167680319649424314e+00,1.269037276506423950e-01
1.168120703212905953e+00,1.292608231306076050e-01
1.168559746592687354e+00,1.334701627492904663e-01
1.168997457920972538e+00,1.334061175584793091e-01
1.169433845256169668e+00,1.292765140533447266e-01
1.169868916583782781e+00,1.353500187397003174e-01
1.170302679817285973e+00,1.306575387716293335e-01
1.170735142798990491e+00,1.384612768888473511e-01
1.171166313300892936e+00,1.349488794803619385e-01
1.171596199025514373e+00,1.260765641927719116e-01
1.172024807606725672e+00,1.297875046730041504e-01
1.172452146610560852e+00,1.482125222682952881e-01
1.172878223536018893e+00,1.262877583503723145e-01
1.173303045815852208e+00,1.220975369215011597e-01
1.173726620817346689e+00,1.328766644001007080e-01
1.174148955843085762e+00,1.389234364032745361e-01
1.174570058131707784e+00,1.324672996997833252e-01
1.174989934858649665e+00,1.286929994821548462e-01
1.175408593136880731e+00,1.265530139207839966e-01
1.175826040017625251e+00,1.261850744485855103e-01
1.176242282491075652e+00,1.273548752069473267e-01
1.176657327487094173e+00,1.295436322689056396e-01
1.177071181875905870e+00,1.266821920871734619e-01
1.177483852468780734e+00,1.308327019214630127e-01
1.177895346018705602e+00,1.324450671672821045e-01
1.178305669221048291e+00,1.370363086462020874e-01
1.178714828714210849e+00,1.230529248714447021e-01
1.179122831080273048e+00,1.272163093090057373e-01
1.179529682845629868e+00,1.205133795738220215e-01
1.179935390481614998e+00,1.207035481929779053e-01
1.180339960405121680e+00,1.209923475980758667e-01
1.180743398979208436e+00,1.297908723354339600e-01
1.181145712513702373e+00,1.267381161451339722e-01
1.181546907265789148e+00,1.224042326211929321e-01
1.181946989440598283e+00,1.304971426725387573e-01
1.182345965191779147e+00,1.269302815198898315e-01
1.182743840622066500e+00,1.371745020151138306e-01
1.183140621783844271e+00,1.237157285213470459e-01
1.183536314679694890e+00,1.324949711561203003e-01
1.183930925262945744e+00,1.200498342514038086e-01
1.184324459438206079e+00,1.325702220201492310e-01
1.184716923061897242e+00,1.176401004195213318e-01
1.185108321942775600e+00,1.308857053518295288e-01
1.185498661842448787e+00,1.323747932910919189e-01
1.185887948475883524e+00,1.320261955261230469e-01
1.186276187511908997e+00,1.316595971584320068e-01
1.186663384573710456e+00,1.335084140300750732e-01
1.187049545239320603e+00,1.305267214775085449e-01
1.187434675042098542e+00,1.234278380870819092e-01
1.187818779471208064e+00,1.354696601629257202e-01
1.188201863972086159e+00,1.255992799997329712e-01
1.188583933946905313e+00,1.201506331562995911e-01
1.188964994755032256e+00,1.244933679699897766e-01
1.189345051713478041e+00,1.158979013562202454e-01
1.189724110097343246e+00,1.322101056575775146e-01
1.190102175140257179e+00,1.188097372651100159e-01
1.190479252034812419e+00,1.283587664365768433e-01
1.190855345932991582e+00,1.299666315317153931e-01
1.191230461946590102e+00,1.240358054637908936e-01
1.191604605147633000e+00,1.328777968883514404e-01
1.191977780568787004e+00,1.297493577003479004e-01
1.192349993203765335e+00,1.142010092735290527e-01
1.192721248007730495e+00,1.138153895735740662e-01
1.193091549897688619e+00,1.263582855463027954e-01
1.193460903752880942e+00,1.252196133136749268e-01
1.193829314415169041e+00,1.267521530389785767e-01
1.194196786689415868e+00,1.230951845645904541e-01
1.194563325343863003e+00,1.255347430706024170e-01
1.194928935110499024e+00,1.256966143846511841e-01
1.195293620685428992e+00,1.232372969388961792e-01
1.195657386729234828e+00,1.163114607334136963e-01
1.196020237867332803e+00,1.190245673060417175e-01
1.196382178690327036e+00,1.172145083546638489e-01
1.196743213754356994e+00,1.254782676696777344e-01
1.197103347581442767e+00,1.162782311439514160e-01
1.197462584659823914e+00,1.263414472341537476e-01
1.197820929444296301e+00,1.258682310581207275e-01
1.198178386356541614e+00,1.210522130131721497e-01
1.198534959785456655e+00,1.196359395980834961e-01
1.198890654087475527e+00,1.151189133524894714e-01
1.199245473586889821e+00,1.119875982403755188e-01
1.199599422576163255e+00,1.121238991618156433e-01
1.199952505316243201e+00,1.297575682401657104e-01
1.200304726036869774e+00,1.121933907270431519e-01
1.200656088936878252e+00,1.181560009717941284e-01
1.201006598184500396e+00,1.272761225700378418e-01
1.201356257917660653e+00,1.211113557219505310e-01
1.201705072244269701e+00,1.275605410337448120e-01
1.202053045242513107e+00,1.173909157514572144e-01
1.202400180961138876e+00,1.118433624505996704e-01
1.202746483419738777e+00,1.178357377648353577e-01
1.203091956609028790e+00,1.167717278003692627e-01
1.203436604491123552e+00,1.143105626106262207e-01
1.203780430999810136e+00,1.193228140473365784e-01
1.204123440040817616e+00,1.193846464157104492e-01
1.204465635492081965e+00,1.260945647954940796e-01
1.204807021204010953e+00,1.160794273018836975e-01
1.205147600999742163e+00,1.238596290349960327e-01
1.205487378675401677e+00,1.140379160642623901e-01
1.205826358000356535e+00,1.100597307085990906e-01
1.206164542717466315e+00,1.248972564935684204e-01
1.206501936543331377e+00,1.291909515857696533e-01
1.206838543168537337e+00,1.215471327304840088e-01
1.207174366257897091e+00,1.188530176877975464e-01
1.207509409450691296e+00,1.136419698596000671e-01
1.207843676360903951e+00,1.172065734863281250e-01
1.208177170577457105e+00,1.145604848861694336e-01
1.208509895664441114e+00,1.180452257394790649e-01
1.208841855161344236e+00,1.185011342167854309e-01
1.209173052583277563e+00,1.135466545820236206e-01
1.209503491421199062e+00,1.172691360116004944e-01
1.209833175142134065e+00,1.142177432775497437e-01
1.210162107189394431e+00,1.244369447231292725e-01
1.210490290982791706e+00,1.138940155506134033e-01
1.210817729918853836e+00,1.156392246484756470e-01
1.211144427371033672e+00,1.240209713578224182e-01
1.211470386689918799e+00,1.176085844635963440e-01
1.211795611203436929e+00,1.198910176753997803e-01
1.212120104217059735e+00,1.225688606500625610e-01
1.212443869014006248e+00,1.100391969084739685e-01
1.212766908855438475e+00,1.161148548126220703e-01
1.213089226980662350e+00,1.243059113621711731e-01
1.213410826607320692e+00,1.218264549970626831e-01
1.213731710931585939e+00,1.051917225122451782e-01
1.214051883128351328e+00,1.123379468917846680e-01
1.214371346351418746e+00,1.091249659657478333e-01
1.214690103733685689e+00,1.078260838985443115e-01
1.215008158387329340e+00,1.225741431117057800e-01
1.215325513403989532e+00,1.195916160941123962e-01
1.215642171854947717e+00,1.033181399106979370e-01
1.215958136791305710e+00,1.142940074205398560e-01
1.216273411244163771e+00,1.170202195644378662e-01
1.216587998224792466e+00,9.960090368986129761e-02
1.216901900724807417e+00,1.098623871803283691e-01
1.217215121716338500e+00,1.088647916913032532e-01
1.217527664152199263e+00,1.075235307216644287e-01
1.217839530966054573e+00,1.169147342443466187e-01
1.218150725072584484e+00,1.168516576290130615e-01
1.218461249367648991e+00,1.096768528223037720e-01
1.218771106728449016e+00,1.155991330742835999e-01
1.219080300013686502e+00,1.212288364768028259e-01
1.219388832063722727e+00,1.133750677108764648e-01
1.219696705700734407e+00,1.169585809111595154e-01
1.220003923728869788e+00,1.213780045509338379e-01
1.220310488934400084e+00,1.156917884945869446e-01
1.220616404085873130e+00,1.133860722184181213e-01
1.220921671934261488e+00,1.131903827190399170e-01
1.221226295213112545e+00,1.127121597528457642e-01
1.221530276638693957e+00,1.059816777706146240e-01
1.221833618910140196e+00,1.126010119915008545e-01
1.222136324709594657e+00,1.077857390046119690e-01
1.222438396702354657e+00,1.122139468789100647e-01
1.222739837537009544e+00,1.132147386670112610e-01
1.223040649845581473e+00,1.097407564520835876e-01
1.223340836243663077e+00,1.146555691957473755e-01
1.223640399330553574e+00,1.172774806618690491e-01
1.223939341689394222e+00,1.045113652944564819e-01
1.224237665887301763e+00,1.139438897371292114e-01
1.224535374475500760e+00,1.061768457293510437e-01
1.224832469989454609e+00,1.096744537353515625e-01
1.225128954948994320e+00,1.090030372142791748e-01
1.225424831858448416e+00,1.097863987088203430e-01
1.225720103206768163e+00,1.090873330831527710e-01
1.226014771467653919e+00,1.142822727560997009e-01
1.226308839099679915e+00,1.153625994920730591e-01
1.226602308546415943e+00,1.177442520856857300e-01
1.226895182236551252e+00,1.083501353859901428e-01
1.227187462584012900e+00,1.075368523597717285e-01
1.227479151988086992e+00,1.115139499306678772e-01
1.227770252833535913e+00,1.132442355155944824e-01
1.228060767490715133e+00,1.086855903267860413e-01
1.228350698315689771e+00,1.106371209025382996e-01
1.228640047650348732e+00,1.009372100234031677e-01
1.228928817822517949e+00,1.191157773137092590e-01
1.229217011146074290e+00,1.075561046600341797e-01
1.229504629921053915e+00,1.126426532864570618e-01
1.229791676433765302e+00,1.152295544743537903e-01
1.230078152956897153e+00,1.074321791529655457e-01
1.230364061749625648e+00,1.088064685463905334e-01
1.230649405057722356e+00,1.023253202438354492e-01
1.230934185113659929e+00,1.093735322356224060e-01
1.231218404136716682e+00,1.055372804403305054e-01
1.231502064333080071e+00,1.049892976880073547e-01
1.231785167895950162e+00,1.144704669713973999e-01
1.232067717005640439e+00,1.076745912432670593e-01
1.232349713829679727e+00,1.075678542256355286e-01
1.232631160522911218e+00,1.092006415128707886e-01
1.232912059227590840e+00,1.111402735114097595e-01
1.233192412073486732e+00,1.116853803396224976e-01
1.233472221177973616e+00,1.086484789848327637e-01
1.233751488646131156e+00,1.057170853018760681e-01
1.234030216570837668e+00,1.083372831344604492e-01
1.234308407032864929e+00,1.153557747602462769e-01
1.234586062100970771e+00,1.090144813060760498e-01
1.234863183831991007e+00,1.060898452997207642e-01
1.235139774270932689e+00,1.052613183856010437e-01
1.235415835451062039e+00,1.137571111321449280e-01
1.235691369393997041e+00,1.080718412995338440e-01
1.235966378109793595e+00,9.732464700937271118e-02
1.236240863597035000e+00,1.081450879573822021e-01
1.236514827842918995e+00,1.108421459794044495e-01
1.236788272823343249e+00,1.060204207897186279e-01
1.237061200502992397e+00,1.112654358148574829e-01
1.237333612835421093e+00,1.135091185569763184e-01
1.237605511763138821e+00,1.050100699067115784e-01
1.237876899217692728e+00,1.059985756874084473e-01
1.238147777119750215e+00,1.130522564053535461e-01
1.238418147379179990e+00,1.066144928336143494e-01
1.238688011895134000e+00,1.008582562208175659e-01
1.238957372556125369e+00,9.654669463634490967e-02
1.239226231240109888e+00,1.046034246683120728e-01
1.239494589814563952e+00,1.061799973249435425e-01
1.239762450136560723e+00,1.002383157610893250e-01
1.240029814052850510e+00,1.057118847966194153e-01
1.240296683399933597e+00,1.100570708513259888e-01
1.240563060004138407e+00,1.145104244351387024e-01
1.240828945681695883e+00,1.036378219723701477e-01
1.241094342238813208e+00,9.585773944854736328e-02
1.241359251471747527e+00,1.094433367252349854e-01
1.241623675166880325e+00,1.082815527915954590e-01
1.241887615100787379e+00,1.048081889748573303e-01
1.242151073040312248e+00,1.022649183869361877e-01
1.242414050742636222e+00,9.887663275003433228e-02
1.242676549955348930e+00,1.052395105361938477e-01
1.242938572416518506e+00,1.115298941731452942e-01
1.243200119854759977e+00,1.034871488809585571e-01
1.243461193989303659e+00,1.021922156214714050e-01
1.243721796530063761e+00,1.080331727862358093e-01
1.243981929177704338e+00,1.034945398569107056e-01
1.244241593623707010e+00,1.044832020998001099e-01
1.244500791550436691e+00,9.624528139829635620e-02
1.244759524631206205e+00,9.186547249555587769e-02
1.245017794530342448e+00,1.058127731084823608e-01
1.245275602903249457e+00,1.084752976894378662e-01
1.245532951396472576e+00,1.033780723810195923e-01
1.245789841647761298e+00,1.068750470876693726e-01
1.246046275286132765e+00,1.056079939007759094e-01
1.246302253931932169e+00,1.024706140160560608e-01
1.246557779196895144e+00,1.032087132334709167e-01
1.246812852684208828e+00,1.022180914878845215e-01
1.247067475988571372e+00,1.019828692078590393e-01
1.247321650696252782e+00,9.308135509490966797e-02
1.247575378385153755e+00,1.095549017190933228e-01
1.247828660624863639e+00,1.016048565506935120e-01
1.248081498976720383e+00,9.283372759819030762e-02
1.248333894993866933e+00,1.014051884412765503e-01
1.248585850221308524e+00,1.059368103742599487e-01
1.248837366195970633e+00,1.009567007422447205e-01
1.249088444446754043e+00,1.001351922750473022e-01
1.249339086494590578e+00,1.001796647906303406e-01
1.249589293852499283e+00,9.674634039402008057e-02
1.249839068025640820e+00,9.712537378072738647e-02
1.250088410511370984e+00,9.966545552015304565e-02
1.250337322799296214e+00,9.704618901014328003e-02
1.250585806371324882e+00,1.041697412729263306e-01
1.250833862701722587e+00,1.041562855243682861e-01
1.251081493257162780e+00,1.015959903597831726e-01
1.251328699496779384e+00,1.046717390418052673e-01
1.251575482872218537e+00,9.325345605611801147e-02
1.251821844827690322e+00,9.667192399501800537e-02
1.252067786800017846e+00,9.491062909364700317e-02
1.252313310218688969e+00,1.025866717100143433e-01
1.252558416505905603e+00,1.068351343274116516e-01
1.252803107076633449e+00,1.030427962541580200e-01
1.253047383338650178e+00,1.014278233051300049e-01
1.253291246692594951e+00,1.084881871938705444e-01
1.253534698532016600e+00,1.026081740856170654e-01
1.253777740243420924e+00,1.055011004209518433e-01
1.254020373206317318e+00,9.542912244796752930e-02
1.254262598793268069e+00,9.956968575716018677e-02
1.254504418369932761e+00,9.189449250698089600e-02
1.254745833295115354e+00,1.013329699635505676e-01
1.254986844920809697e+00,1.046081781387329102e-01
1.255227454592245939e+00,9.816368669271469116e-02
1.255467663647933607e+00,9.591673314571380615e-02
1.255707473419708231e+00,1.052819043397903442e-01
1.255946885232775090e+00,1.033149138092994690e-01
1.256185900405752509e+00,1.065542474389076233e-01
1.256424520250715604e+00,1.049423366785049438e-01
1.256662746073240466e+00,9.909009188413619995e-02
1.256900579172445909e+00,1.010545343160629272e-01
1.257138020841036541e+00,9.744650870561599731e-02
1.257375072365344737e+00,8.928336203098297119e-02
1.257611735025372379e+00,9.566324204206466675e-02
1.257848010094832603e+00,1.030825600028038025e-01
1.258083898841190651e+00,1.044412329792976379e-01
1.258319402525704511e+00,1.000155061483383179e-01
1.258554522403466658e+00,9.722523391246795654e-02
1.258789259723442022e+00,8.635706454515457153e-02
1.259023615728509293e+00,8.952020108699798584e-02
1.259257591655500441e+00,9.681744873523712158e-02
1.259491188735239131e+00,9.519480168819427490e-02
1.259724408192580247e+00,9.258683025836944580e-02
1.259957251246447862e+00,1.033970490097999573e-01
1.260189719109873208e+00,1.001185476779937744e-01
1.260421812990034418e+00,9.842027723789215088e-02
1.260653534088291838e+00,9.923423081636428833e-02
1.260884883600226658e+00,1.045158356428146362e-01
1.261115862715677549e+00,9.790246188640594482e-02
1.261346472618777081e+00,9.993384033441543579e-02
1.261576714487989692e+00,1.027591675519943237e-01
1.261806589496144548e+00,9.791427850723266602e-02
1.262036098810475737e+00,9.517265111207962036e-02
1.262265243592654018e+00,9.515213221311569214e-02
1.262494024998824127e+00,9.128515422344207764e-02
1.262722444179639414e+00,1.001170799136161804e-01
1.262950502280296261e+00,9.552288055419921875e-02
1.263178200440568721e+00,1.073307767510414124e-01
1.263405539794842714e+00,9.859953075647354126e-02
1.263632521472150216e+00,8.793362230062484741e-02
1.263859146596201910e+00,9.233029931783676147e-02
1.264085416285421815e+00,9.530892223119735718e-02
1.264311331652979709e+00,1.039182990789413452e-01
1.264536893806823992e+00,8.451733738183975220e-02
1.264762103849714769e+00,9.393447637557983398e-02
1.264986962879255161e+00,9.128605574369430542e-02
1.265211471987925052e+00,9.500366449356079102e-02
1.265435632263110843e+00,9.373746067285537720e-02
1.265659444787139210e+00,9.131795912981033325e-02
1.265882910637306624e+00,9.399572759866714478e-02
1.266106030885911782e+00,1.061020269989967346e-01
1.266328806600286017e+00,9.982185065746307373e-02
1.266551238842823279e+00,1.021107584238052368e-01
1.266773328671011889e+00,9.014561027288436890e-02
1.266995077137463177e+00,9.161580353975296021e-02
1.267216485289943018e+00,9.205850958824157715e-02
1.267437554171400027e+00,9.839010983705520630e-02
1.267658284819996206e+00,9.841024875640869141e-02
1.267878678269135140e+00,9.721173346042633057e-02
1.268098735547491973e+00,9.623698145151138306e-02
1.268318457679042277e+00,9.257716685533523560e-02
1.268537845683089138e+00,9.553135186433792114e-02
1.268756900574293356e+00,9.250562638044357300e-02
1.268975623362700755e+00,9.662330895662307739e-02
1.269194015053769942e+00,9.427402168512344360e-02
1.269412076648400944e+00,8.995722234249114990e-02
1.269629809142961196e+00,9.000512957572937012e-02
1.269847213529313956e+00,8.824856579303741455e-02
1.270064290794846285e+00,9.660320729017257690e-02
1.270281041922492804e+00,8.597695082426071167e-02
1.270497467890766785e+00,9.119759500026702881e-02
1.270713569673782795e+00,8.781750500202178955e-02
1.270929348241284895e+00,9.498869627714157104e-02
1.271144804558672847e+00,9.406334161758422852e-02
1.271359939587027199e+00,8.652167767286300659e-02
1.271574754283135489e+00,9.849800169467926025e-02
1.271789249599517557e+00,9.464999288320541382e-02
1.272003426484451083e+00,1.028229072690010071e-01
1.272217285881997118e+00,9.175834804773330688e-02
1.272430828732024066e+00,9.994326531887054443e-02
1.272644055970233001e+00,9.358350932598114014e-02
1.272856968528182531e+00,9.127712249755859375e-02
1.273069567333313001e+00,8.615042269229888916e-02
1.273281853308970479e+00,8.379365503787994385e-02
1.273493827374431175e+00,9.636805206537246704e-02
1.273705490444925204e+00,1.006952598690986633e-01
1.273916843431660340e+00,9.328725188970565796e-02
1.274127887241845114e+00,8.741629123687744141e-02
1.274338622778713015e+00,9.340907633304595947e-02
1.274549050941544470e+00,9.410392493009567261e-02
1.274759172625692161e+00,8.808971941471099854e-02
1.274968988722600782e+00,9.140073508024215698e-02
1.275178500119831915e+00,9.104354679584503174e-02
1.275387707701085782e+00,9.124609082937240601e-02
1.275596612346224346e+00,8.921278268098831177e-02
1.275805214931291953e+00,9.749712795019149780e-02
1.276013516328539099e+00,9.040659666061401367e-02
1.276221517406443295e+00,9.411743283271789551e-02
1.276429219029731277e+00,9.093124419450759888e-02
1.276636622059400095e+00,8.917473256587982178e-02
1.276843727352738656e+00,8.319219946861267090e-02
1.277050535763349703e+00,9.609892219305038452e-02
1.277257048141169582e+00,8.979356288909912109e-02
1.277463265332490883e+00,9.075830876827239990e-02
1.277669188179981985e+00,8.761520683765411377e-02
1.277874817522707263e+00,9.491302818059921265e-02
1.278080154196149509e+00,8.799243718385696411e-02
1.278285199032229036e+00,9.098988026380538940e-02
1.278489952859322987e+00,8.667062222957611084e-02
1.278694416502287767e+00,9.388559311628341675e-02
1.278898590782477251e+00,8.539523929357528687e-02
1.279102476517763209e+00,8.551629632711410522e-02
1.279306074522553738e+00,8.637425303459167480e-02
1.279509385607815686e+00,9.265567362308502197e-02
1.279712410581090198e+00,9.326367080211639404e-02
1.279915150246516031e+00,9.511251747608184814e-02
1.280117605404844205e+00,9.452413767576217651e-02
1.280319776853461322e+00,8.777330070734024048e-02
1.280521665386405328e+00,8.567839115858078003e-02
1.280723271794385942e+00,9.163433313369750977e-02
1.280924596864802423e+00,8.559019118547439575e-02
1.281125641381761993e+00,8.884488791227340698e-02
1.281326406126098716e+00,9.072274714708328247e-02
1.281526891875390817e+00,8.763378858566284180e-02
1.281727099403980219e+00,8.919177204370498657e-02
1.281927029482988978e+00,9.237513691186904907e-02
1.282126682880337487e+00,8.329453319311141968e-02
1.282326060360762909e+00,9.064228832721710205e-02
1.282525162685836051e+00,8.728644996881484985e-02
1.282723990613978904e+00,8.927018940448760986e-02
1.282922544900481965e+00,9.356223791837692261e-02
1.283120826297522221e+00,8.888646215200424194e-02
1.283318835554178472e+00,8.183212578296661377e-02
1.283516573416450202e+00,8.105928450822830200e-02
1.283714040627273567e+00,9.974250197410583496e-02
1.283911237926538274e+00,9.512043744325637817e-02
1.284108166051103561e+00,8.006014674901962280e-02
1.284304825734816413e+00,8.687786012887954712e-02
1.284501217708525989e+00,8.244357258081436157e-02
1.284697342700101386e+00,9.283530712127685547e-02
1.284893201434446519e+00,8.718515187501907349e-02
1.285088794633517661e+00,8.549671620130538940e-02
1.285284123016338542e+00,8.635866641998291016e-02
1.285479187299016335e+00,8.466045558452606201e-02
1.285673988194756756e+00,9.033357352018356323e-02
1.285868526413882051e+00,8.552391827106475830e-02
1.286062802663842541e+00,8.299618214368820190e-02
1.286256817649236606e+00,9.025389701128005981e-02
1.286450572071822451e+00,8.685845881700515747e-02
1.286644066630534988e+00,8.843408524990081787e-02
1.286837302021500706e+00,7.783342152833938599e-02
1.287030278938052774e+00,7.840991020202636719e-02
1.287222998070745694e+00,8.075868338346481323e-02
1.287415460107370180e+00,8.640322089195251465e-02
1.287607665732968254e+00,7.999887317419052124e-02
1.287799615629847461e+00,7.791657745838165283e-02
1.287991310477595297e+00,8.213632553815841675e-02
1.288182750953094535e+00,8.878114819526672363e-02
1.288373937730536101e+00,8.947272598743438721e-02
1.288564871481434615e+00,8.340255916118621826e-02
1.288755552874642163e+00,8.715801686048507690e-02
1.288945982576362059e+00,8.333593606948852539e-02
1.289136161250163060e+00,7.989837974309921265e-02
1.289326089556993127e+00,8.521912992000579834e-02
1.289515768155193420e+00,7.711890339851379395e-02
1.289705197700511397e+00,8.369377255439758301e-02
1.289894378846115686e+00,8.036690950393676758e-02
1.290083312242608304e+00,8.426091820001602173e-02
1.290271998538037979e+00,8.039975166320800781e-02
1.290460438377915464e+00,7.972406595945358276e-02
1.290648632405223539e+00,8.718581497669219971e-02
1.290836581260433880e+00,7.704217731952667236e-02
1.291024285581517272e+00,7.259070873260498047e-02
1.291211746003957384e+00,8.708288520574569702e-02
1.291398963160764524e+00,8.565532416105270386e-02
1.291585937682487861e+00,8.043195307254791260e-02
1.291772670197227191e+00,7.313219457864761353e-02
1.291959161330647810e+00,9.158523380756378174e-02
1.292145411705990954e+00,8.299919217824935913e-02
1.292331421944087788e+00,8.052482455968856812e-02
1.292517192663370285e+00,8.435737341642379761e-02
1.292702724479885656e+00,8.039822429418563843e-02
1.292888018007307016e+00,8.396038413047790527e-02
1.293073073856945365e+00,8.133912086486816406e-02
1.293257892637763140e+00,7.855389267206192017e-02
1.293442474956384647e+00,8.165296912193298340e-02
1.293626821417109607e+00,7.684560865163803101e-02
1.293810932621924037e+00,8.341810852289199829e-02
1.293994809170511129e+00,9.081272780895233154e-02
1.294178451660265461e+00,7.955326884984970093e-02
1.294361860686302546e+00,7.759866118431091309e-02
1.294545036841470820e+00,7.728628814220428467e-02
1.294727980716363858e+00,8.298571407794952393e-02
1.294910692899331250e+00,7.807150483131408691e-02
1.295093173976490153e+00,8.243152499198913574e-02
1.295275424531736164e+00,7.839224487543106079e-02
1.295457445146754649e+00,8.426579087972640991e-02
1.295639236401032957e+00,8.376768231391906738e-02
1.295820798871869073e+00,8.137080073356628418e-02
1.296002133134386280e+00,8.132541179656982422e-02
1.296183239761539818e+00,7.301384210586547852e-02
1.296364119324131092e+00,8.004164695739746094e-02
1.296544772390816780e+00,8.424434810876846313e-02
1.296725199528120376e+00,7.866725325584411621e-02
1.296905401300442406e+00,8.057692646980285645e-02
1.297085378270070644e+00,8.190664649009704590e-02
1.297265130997191873e+00,7.811857014894485474e-02
1.297444660039900999e+00,8.778351545333862305e-02
1.297623965954212588e+00,7.532559335231781006e-02
1.297803049294069977e+00,7.332942634820938110e-02
1.297981910611356593e+00,7.436300069093704224e-02
1.298160550455905504e+00,7.583228498697280884e-02
1.298338969375510521e+00,8.512356877326965332e-02
1.298517167915935078e+00,8.477679640054702759e-02
1.298695146620922225e+00,7.689180225133895874e-02
1.298872906032206176e+00,8.345751464366912842e-02
1.299050446689520744e+00,8.002102375030517578e-02
1.299227769130608889e+00,8.633853495121002197e-02
1.299404873891234491e+00,8.948174864053726196e-02
1.299581761505189448e+00,7.795116305351257324e-02
1.299758432504305450e+00,8.930377662181854248e-02
1.299934887418462637e+00,9.079109132289886475e-02
1.300111126775598480e+00,7.926038652658462524e-02
1.300287151101719552e+00,7.274372130632400513e-02
1.300462960920907962e+00,7.935739308595657349e-02
1.300638556755332909e+00,8.679611235857009888e-02
1.300813939125258889e+00,7.381670176982879639e-02
1.300989108549055695e+00,8.338595926761627197e-02
1.301164065543206849e+00,7.199960201978683472e-02
1.301338810622319375e+00,7.392823696136474609e-02
1.301513344299132902e+00,7.910190522670745850e-02
1.301687667084527433e+00,8.098684996366500854e-02
1.301861779487534232e+00,8.652228862047195435e-02
1.302035682015343587e+00,8.508366346359252930e-02
1.302209375173313477e+00,7.620472460985183716e-02
1.302382859464979559e+00,7.991272956132888794e-02
1.302556135392062275e+00,8.726329356431961060e-02
1.302729203454476847e+00,7.026976346969604492e-02
1.302902064150341932e+00,7.485597580671310425e-02
1.303074717975986951e+00,7.594913244247436523e-02
1.303247165425962750e+00,7.419486343860626221e-02
1.303419406993047813e+00,8.007231354713439941e-02
1.303591443168257813e+00,7.773989439010620117e-02
1.303763274440854492e+00,7.583894580602645874e-02
1.303934901298353211e+00,7.909254729747772217e-02
1.304106324226531388e+00,7.266555726528167725e-02
1.304277543709436937e+00,7.970820367336273193e-02
1.304448560229396925e+00,6.579672545194625854e-02
1.304619374267024456e+00,7.851909846067428589e-02
1.304789986301227334e+00,7.473783195018768311e-02
1.304960396809217826e+00,7.097080349922180176e-02
1.305130606266517113e+00,7.503691315650939941e-02
1.305300615146967047e+00,7.747904956340789795e-02
1.305470423922735268e+00,7.972346246242523193e-02
1.305640033064324523e+00,8.060113340616226196e-02
1.305809443040579776e+00,8.280794322490692139e-02
1.305978654318696197e+00,7.568451762199401855e-02
1.306147667364228049e+00,7.783137261867523193e-02
1.306316482641094012e+00,7.656484842300415039e-02
1.306485100611586736e+00,7.767113298177719116e-02
1.306653521736379941e+00,7.763464003801345825e-02
1.306821746474535306e+00,8.429824560880661011e-02
1.306989775283510902e+00,7.617288082838058472e-02
1.307157608619168299e+00,7.606343179941177368e-02
1.307325246935780116e+00,7.333628833293914795e-02
1.307492690686036463e+00,8.004654943943023682e-02
1.307659940321053815e+00,7.743191719055175781e-02
1.307826996290381460e+00,6.968645006418228149e-02
1.307993859042008822e+00,7.423771917819976807e-02
1.308160529022372343e+00,8.184593170881271362e-02
1.308327006676363036e+00,7.655088603496551514e-02
1.308493292447334033e+00,7.356620579957962036e-02
1.308659386777106581e+00,7.557006925344467163e-02
1.308825290105978478e+00,7.028552144765853882e-02
1.308991002872729403e+00,7.168769836425781250e-02
1.309156525514629354e+00,7.228765636682510376e-02
1.309321858467445310e+00,7.456500828266143799e-02
1.309487002165446334e+00,7.211056351661682129e-02
1.309651957041413795e+00,7.739736884832382202e-02
1.309816723526644910e+00,8.162055909633636475e-02
1.309981302050961194e+00,7.126489281654357910e-02
1.310145693042715553e+00,7.265587151050567627e-02
1.310309896928797180e+00,7.474774122238159180e-02
1.310473914134639761e+00,7.441056519746780396e-02
1.310637745084227923e+00,7.504006475210189819e-02
1.310801390200103445e+00,7.801628112792968750e-02
1.310964849903370810e+00,6.894360482692718506e-02
1.311128124613706536e+00,7.149808108806610107e-02
1.311291214749362499e+00,7.248002290725708008e-02
1.311454120727174599e+00,7.087364047765731812e-02
1.311616842962567420e+00,7.312527298927307129e-02
1.311779381869562222e+00,7.937137037515640259e-02
1.311941737860781831e+00,7.960454374551773071e-02
1.312103911347458407e+00,7.246275246143341064e-02
1.312265902739437884e+00,7.710337638854980469e-02
1.312427712445188188e+00,7.997188717126846313e-02
1.312589340871803456e+00,7.658114284276962280e-02
1.312750788425011583e+00,7.505489885807037354e-02
1.312912055509180220e+00,7.214581221342086792e-02
1.313073142527321879e+00,8.011890202760696411e-02
1.313234049881100596e+00,7.220857590436935425e-02
1.313394777970838589e+00,7.930622994899749756e-02
1.313555327195521372e+00,7.293317466974258423e-02
1.313715697952802852e+00,7.839652895927429199e-02
1.313875890639013999e+00,7.140535116195678711e-02
1.314035905649166391e+00,7.655570656061172485e-02
1.314195743376957770e+00,7.423438876867294312e-02
1.314355404214779810e+00,7.109493762254714966e-02
1.314514888553722782e+00,6.511204689741134644e-02
1.314674196783581106e+00,7.055120915174484253e-02
1.314833329292859343e+00,6.838335841894149780e-02
1.314992286468778193e+00,7.411924749612808228e-02
1.315151068697279380e+00,8.077218383550643921e-02
1.315309676363032088e+00,7.763487845659255981e-02
1.315468109849437850e+00,7.881263643503189087e-02
1.315626369538636764e+00,7.405594736337661743e-02
1.315784455811512821e+00,6.878944486379623413e-02
1.315942369047699012e+00,7.079344987869262695e-02
1.316100109625583103e+00,7.604681700468063354e-02
1.316257677922313185e+00,6.620004028081893921e-02
1.316415074313802780e+00,7.200294733047485352e-02
1.316572299174736616e+00,6.754349917173385620e-02
1.316729352878575732e+00,6.737883388996124268e-02
1.316886235797562810e+00,7.543762028217315674e-02
1.317042948302727279e+00,6.841394305229187012e-02
1.317199490763890646e+00,7.123669981956481934e-02
1.317355863549672934e+00,6.934815645217895508e-02
1.317512067027495348e+00,7.646850496530532837e-02
1.317668101563588046e+00,7.216398417949676514e-02
1.317823967522993911e+00,7.007803022861480713e-02
1.317979665269573442e+00,7.521069049835205078e-02
1.318135195166010964e+00,7.041741907596588135e-02
1.318290557573819299e+00,6.775261461734771729e-02
1.318445752853343089e+00,7.552349567413330078e-02
1.318600781363767460e+00,6.924761831760406494e-02
1.318755643463119576e+00,6.549606472253799438e-02
1.318910339508274854e+00,7.069969177246093750e-02
1.319064869854962296e+00,7.425525039434432983e-02
1.319219234857768930e+00,7.373306900262832642e-02
1.319373434870144912e+00,6.959404796361923218e-02
1.319527470244407974e+00,7.785523682832717896e-02
1.319681341331749413e+00,6.483622640371322632e-02
1.319835048482236539e+00,7.212506979703903198e-02
1.319988592044820219e+00,7.038427889347076416e-02
1.320141972367337990e+00,7.419126480817794800e-02
1.320295189796518942e+00,6.683108210563659668e-02
1.320448244677989047e+00,7.111541181802749634e-02
1.320601137356274712e+00,7.404977828264236450e-02
1.320753868174809220e+00,7.211872935295104980e-02
1.320906437475934947e+00,7.058180123567581177e-02
1.321058845600910470e+00,7.926869392395019531e-02
1.321211092889913230e+00,6.890763342380523682e-02
1.321363179682045308e+00,6.404525786638259888e-02
1.321515106315337640e+00,6.704325973987579346e-02
1.321666873126753572e+00,7.058926671743392944e-02
1.321818480452194411e+00,6.007476150989532471e-02
1.321969928626504309e+00,6.626612693071365356e-02
1.322121217983473374e+00,7.631231844425201416e-02
1.322272348855842994e+00,6.569002568721771240e-02
1.322423321575309396e+00,7.039726525545120239e-02
1.322574136472529416e+00,6.632278114557266235e-02
1.322724793877123384e+00,6.597412377595901489e-02
1.322875294117680234e+00,6.006813794374465942e-02
1.323025637521761499e+00,7.460503280162811279e-02
1.323175824415906199e+00,6.779128313064575195e-02
1.323325855125634165e+00,5.945762991905212402e-02
1.323475729975450932e+00,6.473933160305023193e-02
1.323625449288851286e+00,7.327837496995925903e-02
1.323775013388324595e+00,6.744728982448577881e-02
1.323924422595358141e+00,6.586925685405731201e-02
1.324073677230440671e+00,6.751403957605361938e-02
1.324222777613068391e+00,6.532845646142959595e-02
1.324371724061747635e+00,6.459435820579528809e-02
1.324520516893998190e+00,7.066769897937774658e-02
1.324669156426359962e+00,6.804023683071136475e-02
1.324817642974394527e+00,6.319002062082290649e-02
1.324965976852690464e+00,6.496991217136383057e-02
1.325114158374866680e+00,6.470818817615509033e-02
1.325262187853577078e+00,6.531323492527008057e-02
1.325410065600514331e+00,6.340464204549789429e-02
1.325557791926412765e+00,7.062803953886032104e-02
1.325705367141054136e+00,6.646717339754104614e-02
1.325852791553269627e+00,6.254713237285614014e-02
1.326000065470944955e+00,7.462079077959060669e-02
1.326147189201024812e+00,7.141787558794021606e-02
1.326294163049514196e+00,7.460600137710571289e-02
1.326440987321485077e+00,6.194774061441421509e-02
1.326587662321078387e+00,6.902294605970382690e-02
1.326734188351508248e+00,7.351924479007720947e-02
1.326880565715066629e+00,6.424555182456970215e-02
1.327026794713125346e+00,6.819009035825729370e-02
1.327172875646140948e+00,7.191433757543563843e-02
1.327318808813659157e+00,6.221193447709083557e-02
1.327464594514316198e+00,7.078800350427627563e-02
1.327610233045845245e+00,6.123870611190795898e-02
1.327755724705077300e+00,6.896122545003890991e-02
1.327901069787947419e+00,6.557878106832504272e-02
1.328046268589496703e+00,6.816696375608444214e-02
1.328191321403876080e+00,6.234360113739967346e-02
1.328336228524350959e+00,6.064860522747039795e-02
1.328480990243302351e+00,7.045266777276992798e-02
1.328625606852233743e+00,6.465733051300048828e-02
1.328770078641771990e+00,7.156169414520263672e-02
1.328914405901671758e+00,7.175725698471069336e-02
1.329058588920819295e+00,6.551771610975265503e-02
1.329202627987235097e+00,6.840293854475021362e-02
1.329346523388078349e+00,7.464104890823364258e-02
1.329490275409649591e+00,6.491185724735260010e-02
1.329633884337394267e+00,6.443341821432113647e-02
1.329777350455906504e+00,6.631281971931457520e-02
1.329920674048931994e+00,6.839383393526077271e-02
1.330063855399371997e+00,7.057553529739379883e-02
