# n, training_loss
0.000000000000000000e+00,2.501075267791748047e-01
1.000555864369093939e+01,2.301340848207473755e-01
2.001111728738187878e+01,2.223606705665588379e-01
3.001667593107281817e+01,2.140323370695114136e-01
4.002223457476375756e+01,2.079911828041076660e-01
5.002779321845469696e+01,2.073915600776672363e-01
6.003335186214563635e+01,1.998275071382522583e-01
7.003891050583658284e+01,1.966678351163864136e-01
8.004446914952751513e+01,1.970423460006713867e-01
9.005002779321844741e+01,1.893292665481567383e-01
1.000555864369093939e+02,1.848677545785903931e-01
1.100611450806003404e+02,1.808047890663146973e-01
1.200667037242912727e+02,1.774902343750000000e-01
1.300722623679822050e+02,1.760955899953842163e-01
1.400778210116731657e+02,1.711524277925491333e-01
1.500833796553640980e+02,1.667754501104354858e-01
1.600889382990550303e+02,1.610476076602935791e-01
1.700944969427459625e+02,1.553428471088409424e-01
1.801000555864368948e+02,1.567775160074234009e-01
1.901056142301278555e+02,1.560868024826049805e-01
2.001111728738187878e+02,1.493743211030960083e-01
2.101167315175097201e+02,1.438040882349014282e-01
2.201222901612006808e+02,1.415645331144332886e-01
2.301278488048916131e+02,1.429232507944107056e-01
2.401334074485825454e+02,1.366494446992874146e-01
2.501389660922734777e+02,1.331731975078582764e-01
2.601445247359644100e+02,1.319618374109268188e-01
2.701500833796553707e+02,1.327453851699829102e-01
2.801556420233463314e+02,1.273516565561294556e-01
2.901612006670372352e+02,1.224841326475143433e-01
3.001667593107281959e+02,1.224257126450538635e-01
3.101723179544190998e+02,1.239802315831184387e-01
3.201778765981100605e+02,1.171999722719192505e-01
3.301834352418010212e+02,1.113657802343368530e-01
3.401889938854919251e+02,1.117243617773056030e-01
3.501945525291828858e+02,1.042622029781341553e-01
3.602001111728737897e+02,1.042517125606536865e-01
3.702056698165647504e+02,1.032518520951271057e-01
3.802112284602557111e+02,1.060673370957374573e-01
3.902167871039466149e+02,1.009497493505477905e-01
4.002223457476375756e+02,9.883283823728561401e-02
4.102279043913285363e+02,9.504457563161849976e-02
4.202334630350194402e+02,9.221515804529190063e-02
4.302390216787104009e+02,8.874221891164779663e-02
4.402445803224013616e+02,8.833940327167510986e-02
4.502501389660922655e+02,8.957392722368240356e-02
4.602556976097832262e+02,8.534289896488189697e-02
4.702612562534741301e+02,7.671385258436203003e-02
4.802668148971650908e+02,8.248465508222579956e-02
4.902723735408560515e+02,8.048792928457260132e-02
5.002779321845469553e+02,7.697372883558273315e-02
5.102834908282379160e+02,7.765787839889526367e-02
5.202890494719288199e+02,7.570046186447143555e-02
5.302946081156197806e+02,7.119347900152206421e-02
5.403001667593107413e+02,7.078175991773605347e-02
5.503057254030017020e+02,7.199703902006149292e-02
5.603112840466926627e+02,6.685927510261535645e-02
5.703168426903835098e+02,6.299662590026855469e-02
5.803224013340744705e+02,6.703093647956848145e-02
5.903279599777654312e+02,6.502085179090499878e-02
6.003335186214563919e+02,6.063401326537132263e-02
6.103390772651473526e+02,5.756466090679168701e-02
6.203446359088381996e+02,5.737366527318954468e-02
6.303501945525291603e+02,5.575686320662498474e-02
6.403557531962201210e+02,5.780262127518653870e-02
6.503613118399110817e+02,5.577600747346878052e-02
6.603668704836020424e+02,5.381863191723823547e-02
6.703724291272928895e+02,4.826354980468750000e-02
6.803779877709838502e+02,4.919666796922683716e-02
6.903835464146748109e+02,5.105809494853019714e-02
7.003891050583657716e+02,4.876310750842094421e-02
7.103946637020567323e+02,4.884717240929603577e-02
7.204002223457475793e+02,4.572122544050216675e-02
7.304057809894385400e+02,4.555421695113182068e-02
7.404113396331295007e+02,4.529121518135070801e-02
7.504168982768204614e+02,4.358460381627082825e-02
7.604224569205114221e+02,4.396219179034233093e-02
7.704280155642023828e+02,4.461302608251571655e-02
7.804335742078932299e+02,3.740208968520164490e-02
7.904391328515841906e+02,3.959806263446807861e-02
8.004446914952751513e+02,3.884212300181388855e-02
8.104502501389661120e+02,3.768287599086761475e-02
8.204558087826570727e+02,3.711105510592460632e-02
8.304613674263479197e+02,3.698309138417243958e-02
8.404669260700388804e+02,3.702479228377342224e-02
8.504724847137298411e+02,3.530947864055633545e-02
8.604780433574208018e+02,3.513587266206741333e-02
8.704836020011117625e+02,3.114156611263751984e-02
8.804891606448027233e+02,3.449952974915504456e-02
8.904947192884935703e+02,3.035866655409336090e-02
9.005002779321845310e+02,2.998285181820392609e-02
9.105058365758754917e+02,3.093739598989486694e-02
9.205113952195664524e+02,2.903850562870502472e-02
9.305169538632574131e+02,2.958100661635398865e-02
9.405225125069482601e+02,2.908798865973949432e-02
9.505280711506392208e+02,2.525137178599834442e-02
9.605336297943301815e+02,2.539671212434768677e-02
9.705391884380211422e+02,2.625615894794464111e-02
9.805447470817121030e+02,2.620570361614227295e-02
9.905503057254029500e+02,2.421392127871513367e-02
1.000555864369093911e+03,2.428298071026802063e-02
1.010561423012784871e+03,2.379604429006576538e-02
1.020566981656475832e+03,2.373799309134483337e-02
1.030572540300166793e+03,2.219270542263984680e-02
1.040578098943857640e+03,2.214320376515388489e-02
1.050583657587548714e+03,2.257153950631618500e-02
1.060589216231239561e+03,2.301024086773395538e-02
1.070594774874930408e+03,2.192363142967224121e-02
1.080600333518621483e+03,2.068215794861316681e-02
1.090605892162312330e+03,2.079495601356029510e-02
1.100611450806003404e+03,1.914184540510177612e-02
1.110617009449694251e+03,1.997240819036960602e-02
1.120622568093385325e+03,1.974318735301494598e-02
1.130628126737076173e+03,1.836991868913173676e-02
1.140633685380767020e+03,1.859438233077526093e-02
1.150639244024458094e+03,2.013193629682064056e-02
1.160644802668148941e+03,1.758755557239055634e-02
1.170650361311840015e+03,1.771038584411144257e-02
1.180655919955530862e+03,1.632284745573997498e-02
1.190661478599221709e+03,1.696207374334335327e-02
1.200667037242912784e+03,1.480752229690551758e-02
1.210672595886603631e+03,1.534342952072620392e-02
1.220678154530294705e+03,1.433982700109481812e-02
1.230683713173985552e+03,1.579480804502964020e-02
1.240689271817676399e+03,1.409033127129077911e-02
1.250694830461367474e+03,1.430616341531276703e-02
1.260700389105058321e+03,1.524407137185335159e-02
1.270705947748749395e+03,1.341732591390609741e-02
1.280711506392440242e+03,1.317096780985593796e-02
1.290717065036131089e+03,1.317387912422418594e-02
1.300722623679822163e+03,1.297492999583482742e-02
1.310728182323513010e+03,1.204800978302955627e-02
1.320733740967204085e+03,1.328990794718265533e-02
1.330739299610894932e+03,1.340824551880359650e-02
1.340744858254585779e+03,1.306648459285497665e-02
1.350750416898276853e+03,1.246066205203533173e-02
1.360755975541967700e+03,1.216405816376209259e-02
1.370761534185658775e+03,1.256852503865957260e-02
1.380767092829349622e+03,1.139449700713157654e-02
1.390772651473040469e+03,1.089885272085666656e-02
1.400778210116731543e+03,1.060547307133674622e-02
1.410783768760422390e+03,1.245008595287799835e-02
1.420789327404113465e+03,1.039090752601623535e-02
1.430794886047804312e+03,1.026855129748582840e-02
1.440800444691495159e+03,1.036453153938055038e-02
1.450806003335186233e+03,1.090771984308958054e-02
1.460811561978877080e+03,9.861369617283344269e-03
1.470817120622568154e+03,1.054299343377351761e-02
1.480822679266259001e+03,9.586540050804615021e-03
1.490828237909950076e+03,1.109313592314720154e-02
1.500833796553640923e+03,1.102550979703664780e-02
1.510839355197331770e+03,9.493155404925346375e-03
1.520844913841022844e+03,9.337484836578369141e-03
1.530850472484713691e+03,9.283254854381084442e-03
1.540856031128404766e+03,8.340986445546150208e-03
1.550861589772095613e+03,8.360116742551326752e-03
1.560867148415786460e+03,8.356407284736633301e-03
1.570872707059477534e+03,9.490351192653179169e-03
1.580878265703168381e+03,8.229154162108898163e-03
1.590883824346859456e+03,8.165424689650535583e-03
1.600889382990550303e+03,6.710462737828493118e-03
1.610894941634241150e+03,7.654985412955284119e-03
1.620900500277932224e+03,7.556485477834939957e-03
1.630906058921623071e+03,7.840753532946109772e-03
1.640911617565314145e+03,6.901048589497804642e-03
1.650917176209004992e+03,7.094334345310926437e-03
1.660922734852695839e+03,7.036791183054447174e-03
1.670928293496386914e+03,6.987456697970628738e-03
1.680933852140077761e+03,7.922663353383541107e-03
1.690939410783768835e+03,7.260105572640895844e-03
1.700944969427459682e+03,6.422298494726419449e-03
1.710950528071150529e+03,6.444335449486970901e-03
1.720956086714841604e+03,6.309368647634983063e-03
1.730961645358532451e+03,6.768400780856609344e-03
1.740967204002223525e+03,6.749379914253950119e-03
1.750972762645914372e+03,7.025176193565130234e-03
1.760978321289605447e+03,5.901016294956207275e-03
1.770983879933296294e+03,5.294975824654102325e-03
1.780989438576987141e+03,5.051378626376390457e-03
1.790994997220678215e+03,5.707479082047939301e-03
1.801000555864369062e+03,5.511640571057796478e-03
1.811006114508060136e+03,5.215102341026067734e-03
1.821011673151750983e+03,6.537872366607189178e-03
1.831017231795441830e+03,4.867143929004669189e-03
1.841022790439132905e+03,5.647386889904737473e-03
1.851028349082823752e+03,6.063698325306177139e-03
1.861033907726514826e+03,4.651215393096208572e-03
1.871039466370205673e+03,4.970106761902570724e-03
1.881045025013896520e+03,7.024472113698720932e-03
1.891050583657587595e+03,4.666949622333049774e-03
1.901056142301278442e+03,4.596905782818794250e-03
1.911061700944969516e+03,5.093826912343502045e-03
1.921067259588660363e+03,4.632400348782539368e-03
1.931072818232351210e+03,5.354832857847213745e-03
1.941078376876042284e+03,6.320871878415346146e-03
1.951083935519733132e+03,4.658170510083436966e-03
1.961089494163424206e+03,4.382686223834753036e-03
1.971095052807115053e+03,5.004232749342918396e-03
1.981100611450805900e+03,5.548664834350347519e-03
1.991106170094496974e+03,4.330296535044908524e-03
2.001111728738187821e+03,4.278848879039287567e-03
2.011117287381878896e+03,4.159864503890275955e-03
2.021122846025569743e+03,3.600314026698470116e-03
2.031128404669260590e+03,4.296167753636837006e-03
2.041133963312951664e+03,4.742336925119161606e-03
2.051139521956642511e+03,3.314039437100291252e-03
2.061145080600333586e+03,4.531129263341426849e-03
2.071150639244024660e+03,4.890605341643095016e-03
2.081156197887715280e+03,3.727339673787355423e-03
2.091161756531406354e+03,4.508320242166519165e-03
2.101167315175097428e+03,4.067682195454835892e-03
2.111172873818788048e+03,4.573885351419448853e-03
2.121178432462479122e+03,3.010837361216545105e-03
2.131183991106170197e+03,4.120721481740474701e-03
2.141189549749860817e+03,4.161358810961246490e-03
2.151195108393551891e+03,3.454521996900439262e-03
2.161200667037242965e+03,3.760494291782379150e-03
2.171206225680934040e+03,3.745092079043388367e-03
2.181211784324624659e+03,3.380659967660903931e-03
2.191217342968315734e+03,3.823386970907449722e-03
2.201222901612006808e+03,3.046209691092371941e-03
2.211228460255697428e+03,3.130509285256266594e-03
2.221234018899388502e+03,3.916151821613311768e-03
2.231239577543079577e+03,3.396158106625080109e-03
2.241245136186770651e+03,3.233714727684855461e-03
2.251250694830461271e+03,3.490302478894591331e-03
2.261256253474152345e+03,2.643650397658348083e-03
2.271261812117843419e+03,3.588877618312835693e-03
2.281267370761534039e+03,3.425885923206806183e-03
2.291272929405225113e+03,3.363317809998989105e-03
2.301278488048916188e+03,3.056762041524052620e-03
2.311284046692606807e+03,2.623571315780282021e-03
2.321289605336297882e+03,2.924865577369928360e-03
2.331295163979988956e+03,2.824482508003711700e-03
2.341300722623680031e+03,3.127898089587688446e-03
2.351306281267370650e+03,2.338418038561940193e-03
2.361311839911061725e+03,2.678143326193094254e-03
2.371317398554752799e+03,2.806159900501370430e-03
2.381322957198443419e+03,3.246414707973599434e-03
2.391328515842134493e+03,2.532819285988807678e-03
2.401334074485825568e+03,3.249662695452570915e-03
2.411339633129516187e+03,3.066585399210453033e-03
2.421345191773207262e+03,2.745586913079023361e-03
2.431350750416898336e+03,1.826489227823913097e-03
2.441356309060589410e+03,2.871172269806265831e-03
2.451361867704280030e+03,3.312186105176806450e-03
2.461367426347971104e+03,1.958598848432302475e-03
2.471372984991662179e+03,2.011948265135288239e-03
2.481378543635352798e+03,3.152413759380578995e-03
2.491384102279043873e+03,4.402543418109416962e-03
2.501389660922734947e+03,1.693558879196643829e-03
2.511395219566425567e+03,2.913387725129723549e-03
2.521400778210116641e+03,2.715764567255973816e-03
2.531406336853807716e+03,2.980019664391875267e-03
2.541411895497498790e+03,3.261362900957465172e-03
2.551417454141189410e+03,2.494708867743611336e-03
2.561423012784880484e+03,2.868586685508489609e-03
2.571428571428571558e+03,3.029084997251629829e-03
2.581434130072262178e+03,2.897937549278140068e-03
2.591439688715953253e+03,1.772669726051390171e-03
2.601445247359644327e+03,2.577519044280052185e-03
2.611450806003335401e+03,1.832827809266746044e-03
2.621456364647026021e+03,3.122774418443441391e-03
2.631461923290717095e+03,2.308846218511462212e-03
2.641467481934408170e+03,2.471562242135405540e-03
2.651473040578098789e+03,2.171135274693369865e-03
2.661478599221789864e+03,2.221992006525397301e-03
2.671484157865480938e+03,1.892058644443750381e-03
2.681489716509171558e+03,1.994198188185691833e-03
2.691495275152862632e+03,2.772995736449956894e-03
2.701500833796553707e+03,2.113853581249713898e-03
2.711506392440244781e+03,2.408619504421949387e-03
2.721511951083935401e+03,2.355798613280057907e-03
2.731517509727626475e+03,2.064082305878400803e-03
2.741523068371317549e+03,2.670623594895005226e-03
2.751528627015008169e+03,2.323312219232320786e-03
2.761534185658699244e+03,2.361627528443932533e-03
2.771539744302390318e+03,1.493045943789184093e-03
2.781545302946080938e+03,2.827581483870744705e-03
2.791550861589772012e+03,1.464602188207209110e-03
2.801556420233463086e+03,2.734060864895582199e-03
2.811561978877154161e+03,2.312565688043832779e-03
2.821567537520844780e+03,2.193175256252288818e-03
2.831573096164535855e+03,2.517865039408206940e-03
2.841578654808226929e+03,1.643330557271838188e-03
2.851584213451917549e+03,1.673289691098034382e-03
2.861589772095608623e+03,2.193839289247989655e-03
2.871595330739299698e+03,2.193966181948781013e-03
2.881600889382990317e+03,2.224483294412493706e-03
2.891606448026681392e+03,1.337038236670196056e-03
2.901612006670372466e+03,2.557897707447409630e-03
2.911617565314063540e+03,1.607250422239303589e-03
2.921623123957754160e+03,1.801879727281630039e-03
2.931628682601445234e+03,1.873740344308316708e-03
2.941634241245136309e+03,2.215055748820304871e-03
2.951639799888826929e+03,2.351766917854547501e-03
2.961645358532518003e+03,1.243417849764227867e-03
2.971650917176209077e+03,1.580650801770389080e-03
2.981656475819900152e+03,1.842650119215250015e-03
2.991662034463590771e+03,1.733893412165343761e-03
3.001667593107281846e+03,1.748099923133850098e-03
3.011673151750972920e+03,2.069616923108696938e-03
3.021678710394663540e+03,1.491814269684255123e-03
3.031684269038354614e+03,1.170538715086877346e-03
3.041689827682045689e+03,2.310401294380426407e-03
3.051695386325736308e+03,1.138398540206253529e-03
3.061700944969427383e+03,1.441210275515913963e-03
3.071706503613118457e+03,1.969063654541969299e-03
3.081712062256809531e+03,1.714826328679919243e-03
3.091717620900500151e+03,2.228923607617616653e-03
3.101723179544191225e+03,2.663970692083239555e-03
3.111728738187882300e+03,1.684760674834251404e-03
3.121734296831572919e+03,1.690412056632339954e-03
3.131739855475263994e+03,2.083787694573402405e-03
3.141745414118955068e+03,1.100206747651100159e-03
3.151750972762645688e+03,1.101004658266901970e-03
3.161756531406336762e+03,1.360558671876788139e-03
3.171762090050027837e+03,1.082373317331075668e-03
3.181767648693718911e+03,1.583274686709046364e-03
3.191773207337409531e+03,2.187269506976008415e-03
3.201778765981100605e+03,2.421294804662466049e-03
3.211784324624791680e+03,1.374034211039543152e-03
3.221789883268482299e+03,1.366633339785039425e-03
3.231795441912173374e+03,1.848224899731576443e-03
3.241801000555864448e+03,1.599300769157707691e-03
3.251806559199555522e+03,1.598917297087609768e-03
3.261812117843246142e+03,1.676168176345527172e-03
3.271817676486937216e+03,2.117862459272146225e-03
3.281823235130628291e+03,1.835367758758366108e-03
3.291828793774318910e+03,2.073322189971804619e-03
3.301834352418009985e+03,1.534022507257759571e-03
3.311839911061701059e+03,1.265394850634038448e-03
3.321845469705391679e+03,2.050905255600810051e-03
3.331851028349082753e+03,9.553782292641699314e-04
3.341856586992773828e+03,1.774186850525438786e-03
3.351862145636464902e+03,2.054546494036912918e-03
3.361867704280155522e+03,1.508207875303924084e-03
3.371873262923846596e+03,1.504568965174257755e-03
3.381878821567537670e+03,1.498984522186219692e-03
3.391884380211228290e+03,1.186968758702278137e-03
3.401889938854919365e+03,2.331815659999847412e-03
3.411895497498610439e+03,2.548026852309703827e-03
3.421901056142301059e+03,9.017727570608258247e-04
3.431906614785992133e+03,1.186838722787797451e-03
3.441912173429683207e+03,1.744001987390220165e-03
3.451917732073374282e+03,1.171557581983506680e-03
3.461923290717064901e+03,1.143774716183543205e-03
3.471928849360755976e+03,2.246143063530325890e-03
3.481934408004447050e+03,1.715016085654497147e-03
3.491939966648137670e+03,1.159288920462131500e-03
3.501945525291828744e+03,1.126087619923055172e-03
3.511951083935519819e+03,8.853101753629744053e-04
3.521956642579210893e+03,1.706990413367748260e-03
3.531962201222901513e+03,5.561265279538929462e-04
3.541967759866592587e+03,1.131065189838409424e-03
3.551973318510283661e+03,8.398517384193837643e-04
3.561978877153974281e+03,1.397588872350752354e-03
3.571984435797665355e+03,1.373646897263824940e-03
3.581989994441356430e+03,1.055051689036190510e-03
3.591995553085047050e+03,1.378974644467234612e-03
3.602001111728738124e+03,5.439854576252400875e-04
3.612006670372429198e+03,1.373737468384206295e-03
3.622012229016120273e+03,1.009937375783920288e-03
3.632017787659810892e+03,1.081486116163432598e-03
3.642023346303501967e+03,1.045427867211401463e-03
3.652028904947193041e+03,8.012958569452166557e-04
3.662034463590883661e+03,7.900691707618534565e-04
3.672040022234574735e+03,1.051171217113733292e-03
3.682045580878265810e+03,1.222225720994174480e-03
3.692051139521956429e+03,1.050436752848327160e-03
3.702056698165647504e+03,1.890983665362000465e-03
3.712062256809338578e+03,4.837569140363484621e-04
3.722067815453029652e+03,1.047288882546126842e-03
3.732073374096720272e+03,2.155650174245238304e-03
3.742078932740411346e+03,1.302472432143986225e-03
3.752084491384102421e+03,1.568294130265712738e-03
3.762090050027793040e+03,7.517153862863779068e-04
3.772095608671484115e+03,4.819900204893201590e-04
3.782101167315175189e+03,1.270339940674602985e-03
3.792106725958865809e+03,1.842991565354168415e-03
3.802112284602556883e+03,1.533760456368327141e-03
3.812117843246247958e+03,7.226057932712137699e-04
3.822123401889939032e+03,1.844569109380245209e-03
3.832128960533629652e+03,1.830864581279456615e-03
3.842134519177320726e+03,2.124842023476958275e-03
3.852140077821011801e+03,4.375459975562989712e-04
3.862145636464702420e+03,1.815481344237923622e-03
3.872151195108393495e+03,1.538604963570833206e-03
3.882156753752084569e+03,4.184509743936359882e-04
3.892162312395775643e+03,6.881639128550887108e-04
3.902167871039466263e+03,9.858146077021956444e-04
3.912173429683157337e+03,9.507327922619879246e-04
3.922178988326848412e+03,9.590748231858015060e-04
3.932184546970539031e+03,9.793140925467014313e-04
3.942190105614230106e+03,1.823234837502241135e-03
3.952195664257921180e+03,2.045669592916965485e-03
3.962201222901611800e+03,2.063789870589971542e-03
3.972206781545302874e+03,1.459253719076514244e-03
3.982212340188993949e+03,1.135124242864549160e-03
3.992217898832685023e+03,1.201110891997814178e-03
4.002223457476375643e+03,9.339948883280158043e-04
4.012229016120066717e+03,9.269822621718049049e-04
4.022234574763757792e+03,1.479410915635526180e-03
4.032240133407448411e+03,2.039591548964381218e-03
4.042245692051139486e+03,1.188330468721687794e-03
4.052251250694830560e+03,2.050353214144706726e-03
4.062256809338521180e+03,6.369588663801550865e-04
4.072262367982212254e+03,1.318676397204399109e-03
4.082267926625903328e+03,3.661667287815362215e-04
4.092273485269594403e+03,9.188745170831680298e-04
4.102279043913285022e+03,1.453340635634958744e-03
4.112284602556976097e+03,9.022903395816683769e-04
4.122290161200667171e+03,9.007254848256707191e-04
4.132295719844358246e+03,8.995547541417181492e-04
4.142301278488049320e+03,6.124895298853516579e-04
4.152306837131739485e+03,8.928325842134654522e-04
4.162312395775430559e+03,1.728849485516548157e-03
4.172317954419121634e+03,6.097417790442705154e-04
4.182323513062812708e+03,6.077880389057099819e-04
4.192329071706503782e+03,1.705899136140942574e-03
4.202334630350194857e+03,8.917810046114027500e-04
4.212340188993885931e+03,1.157677965238690376e-03
4.222345747637576096e+03,6.106601795181632042e-04
4.232351306281267171e+03,1.437594415619969368e-03
4.242356864924958245e+03,1.426134374924004078e-03
4.252362423568649319e+03,5.844965344294905663e-04
4.262367982212340394e+03,1.433113706298172474e-03
4.272373540856031468e+03,1.418568310327827930e-03
4.282379099499721633e+03,1.127205439843237400e-03
4.292384658143412707e+03,1.145802089013159275e-03
4.302390216787103782e+03,8.503804565407335758e-04
4.312395775430794856e+03,8.625785121694207191e-04
4.322401334074485931e+03,1.403205562382936478e-03
4.332406892718177005e+03,8.395718177780508995e-04
4.342412451361868079e+03,1.121512148529291153e-03
4.352418010005558244e+03,1.667629228904843330e-03
4.362423568649249319e+03,8.425898267887532711e-04
4.372429127292940393e+03,1.418752595782279968e-03
4.382434685936631467e+03,1.114543993026018143e-03
4.392440244580322542e+03,1.411732868291437626e-03
4.402445803224013616e+03,5.974133964627981186e-04
4.412451361867704691e+03,5.723115755245089531e-04
4.422456920511394856e+03,1.671774429269134998e-03
4.432462479155085930e+03,1.364847877994179726e-03
4.442468037798777004e+03,1.380775589495897293e-03
4.452473596442468079e+03,1.104343915358185768e-03
4.462479155086159153e+03,1.110829296521842480e-03
4.472484713729850228e+03,2.788214187603443861e-04
4.482490272373541302e+03,1.364733907394111156e-03
4.492495831017231467e+03,1.947030541487038136e-03
4.502501389660922541e+03,5.309252883307635784e-04
4.512506948304613616e+03,2.204959513619542122e-03
4.522512506948304690e+03,7.940324139781296253e-04
4.532518065591995764e+03,1.081819529645144939e-03
4.542523624235686839e+03,1.084395102225244045e-03
4.552529182879377004e+03,1.071421429514884949e-03
4.562534741523068078e+03,8.083339780569076538e-04
4.572540300166759152e+03,5.217994330450892448e-04
4.582545858810450227e+03,1.070678932592272758e-03
4.592551417454141301e+03,7.999884546734392643e-04
4.602556976097832376e+03,1.353965606540441513e-03
4.612562534741523450e+03,1.925500808283686638e-03
4.622568093385213615e+03,1.341560971923172474e-03
4.632573652028904689e+03,1.052259467542171478e-03
4.642579210672595764e+03,1.608074409887194633e-03
4.652584769316286838e+03,4.999462398700416088e-04
4.662590327959977913e+03,1.057209912687540054e-03
4.672595886603668987e+03,2.285005757585167885e-04
4.682601445247360061e+03,1.064802636392414570e-03
4.692607003891050226e+03,4.994573537260293961e-04
4.702612562534741301e+03,1.041046692989766598e-03
4.712618121178432375e+03,5.080043338239192963e-04
4.722623679822123449e+03,7.571561145596206188e-04
4.732629238465814524e+03,4.831595288123935461e-04
4.742634797109505598e+03,4.829473618883639574e-04
4.752640355753195763e+03,2.148261293768882751e-03
4.762645914396886837e+03,1.598871545866131783e-03
4.772651473040577912e+03,1.062395749613642693e-03
4.782657031684268986e+03,1.886968733742833138e-03
4.792662590327960061e+03,4.844939103350043297e-04
4.802668148971651135e+03,1.868542167358100414e-03
4.812673707615342209e+03,7.557995850220322609e-04
4.822679266259032374e+03,1.956401974894106388e-04
4.832684824902723449e+03,1.587580889463424683e-03
4.842690383546414523e+03,7.466134848073124886e-04
4.852695942190105598e+03,1.029449049383401871e-03
4.862701500833796672e+03,7.537560886703431606e-04
4.872707059477487746e+03,1.301985583268105984e-03
4.882712618121178821e+03,4.790762613993138075e-04
4.892718176764868986e+03,1.018451759591698647e-03
4.902723735408560060e+03,1.286998740397393703e-03
4.912729294052251134e+03,1.572658773511648178e-03
4.922734852695942209e+03,1.819562312448397279e-04
4.932740411339633283e+03,7.412460399791598320e-04
4.942745969983324358e+03,1.287572318688035011e-03
4.952751528627015432e+03,7.440489134751260281e-04
4.962757087270705597e+03,1.003241515718400478e-03
4.972762645914396671e+03,1.858969626482576132e-04
4.982768204558087746e+03,7.345597259700298309e-04
4.992773763201778820e+03,1.015205634757876396e-03
5.002779321845469894e+03,7.399210007861256599e-04
5.012784880489160969e+03,1.011706306599080563e-03
5.022790439132851134e+03,1.577922143042087555e-03
5.032795997776542208e+03,1.295823371037840843e-03
5.042801556420233283e+03,7.368922233581542969e-04
5.052807115063924357e+03,1.287345308810472488e-03
5.062812673707615431e+03,4.444366786628961563e-04
5.072818232351306506e+03,4.476365575101226568e-04
5.082823790994997580e+03,1.834363676607608795e-03
5.092829349638687745e+03,1.548351137898862362e-03
5.102834908282378819e+03,7.147740689106285572e-04
5.112840466926069894e+03,4.422001074999570847e-04
5.122846025569760968e+03,4.367457004263997078e-04
5.132851584213452043e+03,4.397190641611814499e-04
5.142857142857143117e+03,9.964340133592486382e-04
5.152862701500834191e+03,1.551419845782220364e-03
5.162868260144524356e+03,9.918818250298500061e-04
5.172873818788215431e+03,7.156268111430108547e-04
5.182879377431906505e+03,1.566556020407006145e-04
5.192884936075597579e+03,1.260476536117494106e-03
5.202890494719288654e+03,1.544860075227916241e-03
5.212896053362979728e+03,7.087655249051749706e-04
5.222901612006670803e+03,7.076383917592465878e-04
5.232907170650360968e+03,1.260150573216378689e-03
5.242912729294052042e+03,1.812084810808300972e-03
5.252918287937743116e+03,9.873731760308146477e-04
5.262923846581434191e+03,1.542809040984138846e-04
5.272929405225125265e+03,4.304778994992375374e-04
5.282934963868816340e+03,7.026656530797481537e-04
5.292940522512506504e+03,1.456937898183241487e-04
5.302946081156197579e+03,1.807960448786616325e-03
5.312951639799888653e+03,6.927237845957279205e-04
5.322957198443579728e+03,1.245882245711982250e-03
5.332962757087270802e+03,9.691130253486335278e-04
5.342968315730961876e+03,6.935013225302100182e-04
5.352973874374652951e+03,1.524945488199591637e-03
5.362979433018343116e+03,6.967342342250049114e-04
5.372984991662034190e+03,6.895574042573571205e-04
5.382990550305725264e+03,4.088020359631627798e-04
5.392996108949416339e+03,9.692286257632076740e-04
5.403001667593107413e+03,6.860911380499601364e-04
5.413007226236798488e+03,9.658785420469939709e-04
5.423012784880489562e+03,9.657518821768462658e-04
5.433018343524179727e+03,1.253732247278094292e-03
5.443023902167870801e+03,9.683333337306976318e-04
5.453029460811561876e+03,6.972578703425824642e-04
5.463035019455252950e+03,6.948300288058817387e-04
5.473040578098944025e+03,6.909190560691058636e-04
5.483046136742635099e+03,6.944150081835687160e-04
5.493051695386326173e+03,9.616293828003108501e-04
5.503057254030016338e+03,6.823777221143245697e-04
5.513062812673707413e+03,6.869481294415891171e-04
5.523068371317398487e+03,9.698555222712457180e-04
5.533073929961089561e+03,9.612300782464444637e-04
5.543079488604780636e+03,9.601330966688692570e-04
5.553085047248471710e+03,6.854819948785007000e-04
5.563090605892161875e+03,6.793908542022109032e-04
5.573096164535852949e+03,1.234363735420629382e-04
5.583101723179544024e+03,6.793661159463226795e-04
5.593107281823235098e+03,9.514162666164338589e-04
5.603112840466926173e+03,9.550992981530725956e-04
5.613118399110617247e+03,1.502051134593784809e-03
5.623123957754308321e+03,4.000001063104718924e-04
5.633129516397998486e+03,6.715232739225029945e-04
5.643135075041689561e+03,1.226502237841486931e-03
5.653140633685380635e+03,3.941112954635173082e-04
5.663146192329071710e+03,6.679695216007530689e-04
5.673151750972762784e+03,6.636083126068115234e-04
5.683157309616453858e+03,6.722880061715841293e-04
5.693162868260144933e+03,1.111193851102143526e-04
5.703168426903835098e+03,1.774763572029769421e-03
5.713173985547526172e+03,6.625651149079203606e-04
5.723179544191217246e+03,3.879300784319639206e-04
5.733185102834908321e+03,6.627199472859501839e-04
5.743190661478599395e+03,6.643680389970541000e-04
5.753196220122290470e+03,1.114057449740357697e-04
5.763201778765980634e+03,1.495053526014089584e-03
5.773207337409671709e+03,6.599550251848995686e-04
5.783212896053362783e+03,1.037888578139245510e-04
5.793218454697053858e+03,6.590047851204872131e-04
5.803224013340744932e+03,3.804559819400310516e-04
5.813229571984436006e+03,6.563795031979680061e-04
5.823235130628127081e+03,3.833874943666160107e-04
5.833240689271817246e+03,9.313492337241768837e-04
5.843246247915508320e+03,9.355799993500113487e-04
5.853251806559199395e+03,6.570697878487408161e-04
5.863257365202890469e+03,9.294699411839246750e-04
5.873262923846581543e+03,9.296548087149858475e-04
5.883268482490272618e+03,1.006711609079502523e-04
5.893274041133963692e+03,6.517243455164134502e-04
5.903279599777653857e+03,3.764205030165612698e-04
5.913285158421344931e+03,3.729777236003428698e-04
5.923290717065036006e+03,6.534720887430012226e-04
5.933296275708727080e+03,6.477865390479564667e-04
5.943301834352418155e+03,9.263851679861545563e-04
5.953307392996109229e+03,1.481588347814977169e-03
5.963312951639800303e+03,6.450284854508936405e-04
5.973318510283490468e+03,1.209774403832852840e-03
5.983324068927181543e+03,9.319403034169226885e-05
5.993329627570872617e+03,1.201934064738452435e-03
6.003335186214563691e+03,6.432437221519649029e-04
6.013340744858254766e+03,9.225498652085661888e-04
6.023346303501945840e+03,9.208623669110238552e-04
6.033351862145636005e+03,6.438402924686670303e-04
6.043357420789327080e+03,1.754617551341652870e-03
6.053362979433018154e+03,1.195567077957093716e-03
6.063368538076709228e+03,1.475559663958847523e-03
6.073374096720400303e+03,9.270231239497661591e-04
6.083379655364091377e+03,1.465081586502492428e-03
6.093385214007782452e+03,3.588271501939743757e-04
6.103390772651472616e+03,6.407254259102046490e-04
6.113396331295163691e+03,1.196807948872447014e-03
6.123401889938854765e+03,1.499361242167651653e-03
6.133407448582545840e+03,9.535079589113593102e-04
6.143413007226236914e+03,3.704802948050200939e-04
6.153418565869927988e+03,6.422504084184765816e-04
6.163424124513619063e+03,9.209446143358945847e-04
6.173429683157309228e+03,6.428862689062952995e-04
6.183435241801000302e+03,6.346841109916567802e-04
6.193440800444691376e+03,6.377278477884829044e-04
6.203446359088382451e+03,6.394912488758563995e-04
6.213451917732073525e+03,6.335225771181285381e-04
6.223457476375764600e+03,6.317106890492141247e-04
6.233463035019455674e+03,3.560210461728274822e-04
6.243468593663145839e+03,9.140468318946659565e-04
6.253474152306836913e+03,3.532868577167391777e-04
6.263479710950527988e+03,3.592793655116111040e-04
6.273485269594219062e+03,9.104819619096815586e-04
6.283490828237910137e+03,6.311765173450112343e-04
6.293496386881601211e+03,6.285289418883621693e-04
6.303501945525291376e+03,3.492266987450420856e-04
6.313507504168982450e+03,7.899579941295087337e-05
6.323513062812673525e+03,3.503829939290881157e-04
6.333518621456364599e+03,6.269643199630081654e-04
6.343524180100055673e+03,7.485672540497034788e-05
6.353529738743746748e+03,9.055153932422399521e-04
6.363535297387437822e+03,9.085085475817322731e-04
6.373540856031127987e+03,1.736940816044807434e-03
6.383546414674819061e+03,1.179390237666666508e-03
6.393551973318510136e+03,6.255057523958384991e-04
6.403557531962201210e+03,9.019533754326403141e-04
6.413563090605892285e+03,9.067454957403242588e-04
6.423568649249583359e+03,9.000795544125139713e-04
6.433574207893274433e+03,1.732954988256096840e-03
6.443579766536964598e+03,6.904541805852204561e-05
6.453585325180655673e+03,6.243404350243508816e-04
6.463590883824346747e+03,1.181561150588095188e-03
6.473596442468037822e+03,9.009914938360452652e-04
6.483602001111728896e+03,9.015670511871576309e-04
6.493607559755419970e+03,1.454983721487224102e-03
6.503613118399111045e+03,6.427992047974839807e-05
6.513618677042801210e+03,6.196833564899861813e-04
6.523624235686492284e+03,1.174439443275332451e-03
6.533629794330183358e+03,6.181508069857954979e-04
6.543635352973874433e+03,1.449742587283253670e-03
6.553640911617565507e+03,1.451520016416907310e-03
6.563646470261256582e+03,3.399621928110718727e-04
6.573652028904946746e+03,1.727081602439284325e-03
6.583657587548637821e+03,1.171956653706729412e-03
6.593663146192328895e+03,8.932267082855105400e-04
6.603668704836019970e+03,8.956711972132325172e-04
6.613674263479711044e+03,3.395756939426064491e-04
6.623679822123402118e+03,1.727935043163597584e-03
6.633685380767093193e+03,6.178612820804119110e-04
6.643690939410783358e+03,1.168631366454064846e-03
6.653696498054474432e+03,8.926095906645059586e-04
6.663702056698165507e+03,3.368567558936774731e-04
6.673707615341856581e+03,6.128654349595308304e-04
6.683713173985547655e+03,1.445102971047163010e-03
6.693718732629238730e+03,5.439962478703819215e-05
6.703724291272929804e+03,6.114995339885354042e-04
6.713729849916619969e+03,5.770937423221766949e-05
6.723735408560311043e+03,6.128790555521845818e-04
6.733740967204002118e+03,3.319940587971359491e-04
6.743746525847693192e+03,1.167292706668376923e-03
6.753752084491384267e+03,8.895368664525449276e-04
6.763757643135075341e+03,6.141095072962343693e-04
6.773763201778766415e+03,8.875885396264493465e-04
6.783768760422456580e+03,8.882613037712872028e-04
6.793774319066147655e+03,3.315502544865012169e-04
6.803779877709838729e+03,6.099321180954575539e-04
6.813785436353529803e+03,3.296223294455558062e-04
6.823790994997220878e+03,3.330889740027487278e-04
6.833796553640911952e+03,6.049843505024909973e-04
6.843802112284602117e+03,6.081937463022768497e-04
6.853807670928293192e+03,6.080283201299607754e-04
6.863813229571984266e+03,6.064950721338391304e-04
6.873818788215675340e+03,1.716616214253008366e-03
6.883824346859366415e+03,3.273792099207639694e-04
6.893829905503057489e+03,6.069578230381011963e-04
6.903835464146748564e+03,3.281895478721708059e-04
6.913841022790438728e+03,6.453794776462018490e-04
6.923846581434129803e+03,3.532300761435180902e-04
6.933852140077820877e+03,6.178204203024506569e-04
6.943857698721511952e+03,6.086162757128477097e-04
6.953863257365203026e+03,1.438204431906342506e-03
6.963868816008894100e+03,8.863374241627752781e-04
6.973874374652585175e+03,8.858516230247914791e-04
6.983879933296275340e+03,6.073186523281037807e-04
6.993885491939966414e+03,1.151768956333398819e-03
7.003891050583657488e+03,1.438654260709881783e-03
7.013896609227348563e+03,1.162896398454904556e-03
7.023902167871039637e+03,6.316832732409238815e-04
7.033907726514730712e+03,6.218223646283149719e-02
7.043913285158421786e+03,5.994150415062904358e-02
7.053918843802111951e+03,4.512295126914978027e-02
7.063924402445803025e+03,1.214088499546051025e-02
7.073929961089494100e+03,1.317919511348009109e-02
7.083935519733185174e+03,4.229830577969551086e-03
7.093941078376876249e+03,1.943358103744685650e-03
7.103946637020567323e+03,1.351964194327592850e-03
7.113952195664257488e+03,1.675377716310322285e-03
7.123957754307948562e+03,8.164333412423729897e-04
7.133963312951639637e+03,7.707556942477822304e-04
7.143968871595330711e+03,1.295782509259879589e-03
7.153974430239021785e+03,1.561806420795619488e-03
7.163979988882712860e+03,1.802358456188812852e-04
7.173985547526403934e+03,9.876635158434510231e-04
7.183991106170094099e+03,7.050007698126137257e-04
7.193996664813785173e+03,9.673240710981190205e-04
7.204002223457476248e+03,9.795730002224445343e-04
7.214007782101167322e+03,6.896687555126845837e-04
7.224013340744858397e+03,9.623254882171750069e-04
7.234018899388549471e+03,4.070192226208746433e-04
7.244024458032240545e+03,3.985948860645294189e-04
7.254030016675930710e+03,4.007206589449197054e-04
7.264035575319621785e+03,9.548030793666839600e-04
7.274041133963312859e+03,6.695654010400176048e-04
7.284046692607003934e+03,9.503262117505073547e-04
7.294052251250695008e+03,9.433047962374985218e-04
7.304057809894386082e+03,1.221881480887532234e-03
7.314063368538076247e+03,3.876223636325448751e-04
7.324068927181767322e+03,9.334077476523816586e-04
7.334074485825458396e+03,6.674877949990332127e-04
7.344080044469149470e+03,6.639161147177219391e-04
7.354085603112840545e+03,9.428790071979165077e-04
7.364091161756531619e+03,1.064150055753998458e-04
7.374096720400222694e+03,3.745889116544276476e-04
7.384102279043912858e+03,3.821548307314515114e-04
7.394107837687603933e+03,1.065584947355091572e-04
7.404113396331295007e+03,3.764482389669865370e-04
7.414118954974986082e+03,3.735231875907629728e-04
7.424124513618677156e+03,6.506909849122166634e-04
7.434130072262368230e+03,9.250313742086291313e-04
7.444135630906059305e+03,3.648563288152217865e-04
7.454141189549749470e+03,6.482437020167708397e-04
7.464146748193440544e+03,9.262266685254871845e-04
7.474152306837131619e+03,9.288487490266561508e-04
7.484157865480822693e+03,6.499643204733729362e-04
7.494163424124513767e+03,3.613330482039600611e-04
7.504168982768204842e+03,6.428620545193552971e-04
7.514174541411895916e+03,8.430972957285121083e-05
7.524180100055586081e+03,9.148200042545795441e-04
7.534185658699277155e+03,8.377023914363235235e-05
7.544191217342968230e+03,6.404859013855457306e-04
7.554196775986659304e+03,9.178324835374951363e-04
7.564202334630350379e+03,9.128096862696111202e-04
7.574207893274041453e+03,9.146941010840237141e-04
7.584213451917731618e+03,8.227321086451411247e-05
7.594219010561422692e+03,6.374642252922058105e-04
7.604224569205113767e+03,3.561732009984552860e-04
7.614230127848804841e+03,1.191399293020367622e-03
7.624235686492495915e+03,9.115351131185889244e-04
7.634241245136186990e+03,1.189252943731844425e-03
7.644246803779878064e+03,3.558511962182819843e-04
7.654252362423568229e+03,6.363952415995299816e-04
7.664257921067259304e+03,1.464614411816000938e-03
7.674263479710950378e+03,9.134219726547598839e-04
7.684269038354641452e+03,9.095547138713300228e-04
7.694274596998332527e+03,3.508302906993776560e-04
7.704280155642023601e+03,9.036206756718456745e-04
7.714285714285714675e+03,3.493211697787046432e-04
7.724291272929404840e+03,7.505611574742943048e-05
7.734296831573095915e+03,6.268543074838817120e-04
7.744302390216786989e+03,3.496010904200375080e-04
7.754307948860478064e+03,6.263807299546897411e-04
7.764313507504169138e+03,7.503854430979117751e-05
7.774319066147860212e+03,1.455760560929775238e-03
7.784324624791551287e+03,6.261852104216814041e-04
7.794330183435241452e+03,3.470701922196894884e-04
7.804335742078932526e+03,6.283029797486960888e-04
7.814341300722623600e+03,3.475515404716134071e-04
7.824346859366314675e+03,6.225632969290018082e-04
7.834352418010005749e+03,1.177277648821473122e-03
7.844357976653696824e+03,6.200282368808984756e-04
7.854363535297386989e+03,3.485364723019301891e-04
7.864369093941078063e+03,6.249333964660763741e-04
7.874374652584769137e+03,8.974593947641551495e-04
7.884380211228460212e+03,3.445728507358580828e-04
7.894385769872151286e+03,3.468715294729918242e-04
7.904391328515842361e+03,8.974481606855988503e-04
7.914396887159533435e+03,3.420761204324662685e-04
7.924402445803223600e+03,6.166945095174014568e-04
7.934408004446914674e+03,9.012755472213029861e-04
7.944413563090605749e+03,1.172401942312717438e-03
7.954419121734296823e+03,6.226505502127110958e-04
7.964424680377987897e+03,3.475489211268723011e-04
7.974430239021678972e+03,3.416703839320689440e-04
7.984435797665370046e+03,6.168606923893094063e-04
7.994441356309060211e+03,6.181899807415902615e-04
8.004446914952751285e+03,8.918304811231791973e-04
8.014452473596442360e+03,1.452009193599224091e-03
8.024458032240133434e+03,3.407177864573895931e-04
8.034463590883824509e+03,8.948047761805355549e-04
8.044469149527515583e+03,8.904301212169229984e-04
8.054474708171206657e+03,6.145552033558487892e-04
8.064480266814896822e+03,1.725144684314727783e-03
8.074485825458587897e+03,6.125578656792640686e-04
8.084491384102278971e+03,3.358620160724967718e-04
8.094496942745970046e+03,1.448143390007317066e-03
8.104502501389661120e+03,6.169496336951851845e-04
8.114508060033352194e+03,3.329722967464476824e-04
8.124513618677042359e+03,8.921970729716122150e-04
8.134519177320733434e+03,3.349134349264204502e-04
8.144524735964424508e+03,5.796422556159086525e-05
8.154530294608115582e+03,5.531480928766541183e-05
8.164535853251806657e+03,6.139060715213418007e-04
8.174541411895497731e+03,3.339067625347524881e-04
8.184546970539188806e+03,6.104070344008505344e-04
8.194552529182879880e+03,6.098452140577137470e-04
8.204558087826570045e+03,3.348895697854459286e-04
8.214563646470262029e+03,1.442906330339610577e-03
8.224569205113952194e+03,1.443925197236239910e-03
8.234574763757642359e+03,1.444112276658415794e-03
8.244580322401334342e+03,6.128464010544121265e-04
8.254585881045024507e+03,1.164032611995935440e-03
8.264591439688716491e+03,6.061824387870728970e-04
8.274596998332406656e+03,5.273965507512912154e-05
8.284602556976098640e+03,6.115850410424172878e-04
8.294608115619788805e+03,6.100454484112560749e-04
8.304613674263478970e+03,6.087758811190724373e-04
8.314619232907170954e+03,6.079216836951673031e-04
8.324624791550861119e+03,3.301920660305768251e-04
8.334630350194553102e+03,3.317352675367146730e-04
8.344635908838243267e+03,3.295457572676241398e-04
8.354641467481935251e+03,6.064122426323592663e-04
8.364647026125625416e+03,1.164616784080862999e-03
8.374652584769315581e+03,8.835376938804984093e-04
8.384658143413007565e+03,3.265691921114921570e-04
8.394663702056697730e+03,3.282352990936487913e-04
8.404669260700389714e+03,6.073768017813563347e-04
8.414674819344079879e+03,6.058446597307920456e-04
8.424680377987771863e+03,1.162772881798446178e-03
8.434685936631462027e+03,3.248457505833357573e-04
8.444691495275152192e+03,6.074996781535446644e-04
8.454697053918844176e+03,1.161098014563322067e-03
8.464702612562534341e+03,1.714126556180417538e-03
8.474708171206226325e+03,3.272079047746956348e-04
8.484713729849916490e+03,1.714954269118607044e-03
8.494719288493606655e+03,3.252944443374872208e-04
8.504724847137298639e+03,4.896445534541271627e-05
8.514730405780988804e+03,6.024837493896484375e-04
8.524735964424680787e+03,1.989997224882245064e-03
8.534741523068370952e+03,3.271680616308003664e-04
8.544747081712062936e+03,6.033318932168185711e-04
8.554752640355753101e+03,4.772078682435676455e-05
8.564758198999443266e+03,1.158615224994719028e-03
8.574763757643135250e+03,8.787452825345098972e-04
8.584769316286825415e+03,6.029935902915894985e-04
8.594774874930517399e+03,6.017793784849345684e-04
8.604780433574207564e+03,1.157057820819318295e-03
8.614785992217899548e+03,3.239926882088184357e-04
8.624791550861589712e+03,4.505074684857390821e-05
8.634797109505279877e+03,6.024474860168993473e-04
8.644802668148971861e+03,3.261321107856929302e-04
8.654808226792662026e+03,1.434630481526255608e-03
8.664813785436354010e+03,4.415567673277109861e-05
8.674819344080044175e+03,3.225108957849442959e-04
8.684824902723736159e+03,1.435351674444973469e-03
8.694830461367426324e+03,8.800579234957695007e-04
8.704836020011116489e+03,4.637728125089779496e-05
8.714841578654808472e+03,8.793341694399714470e-04
8.724847137298498637e+03,3.222685190849006176e-04
8.734852695942190621e+03,5.998144042678177357e-04
8.744858254585880786e+03,1.156134530901908875e-03
8.754863813229572770e+03,5.981306312605738640e-04
8.764869371873262935e+03,6.007596384733915329e-04
8.774874930516953100e+03,4.271248326404020190e-05
8.784880489160645084e+03,1.154478406533598900e-03
8.794886047804335249e+03,5.974763771519064903e-04
8.804891606448027233e+03,4.665186861529946327e-05
8.814897165091717397e+03,3.190587740391492844e-04
8.824902723735409381e+03,4.222618372295983136e-05
8.834908282379099546e+03,3.217247140128165483e-04
8.844913841022789711e+03,5.992247024551033974e-04
8.854919399666481695e+03,1.153671182692050934e-03
8.864924958310171860e+03,8.775167516432702541e-04
8.874930516953863844e+03,5.974703235551714897e-04
8.884936075597554009e+03,3.206426044926047325e-04
8.894941634241245993e+03,4.128656655666418374e-05
8.904947192884936157e+03,4.213694410282187164e-05
8.914952751528626322e+03,4.178981544100679457e-05
8.924958310172318306e+03,8.726835949346423149e-04
8.934963868816008471e+03,5.987741169519722462e-04
8.944969427459700455e+03,6.017670966684818268e-04
8.954974986103390620e+03,5.957650719210505486e-04
8.964980544747082604e+03,5.966089083813130856e-04
8.974986103390772769e+03,1.704977476038038731e-03
8.984991662034462934e+03,1.149306539446115494e-03
8.994997220678154918e+03,8.744605584070086479e-04
9.005002779321845082e+03,5.972197977825999260e-04
9.015008337965537066e+03,1.984735717996954918e-03
9.025013896609227231e+03,8.593182428739964962e-04
9.035019455252917396e+03,5.973033257760107517e-04
9.045025013896609380e+03,1.153483404777944088e-03
9.055030572540299545e+03,1.155515783466398716e-03
9.065036131183991529e+03,4.245563468430191278e-05
9.075041689827681694e+03,3.230640722904354334e-04
9.085047248471373678e+03,5.984457093290984631e-04
9.095052807115063843e+03,3.185252426192164421e-04
9.105058365758754007e+03,5.956609966233372688e-04
9.115063924402445991e+03,3.174948506057262421e-04
9.125069483046136156e+03,1.149747986346483231e-03
9.135075041689828140e+03,1.151738688349723816e-03
9.145080600333518305e+03,3.174806479364633560e-04
9.155086158977210289e+03,8.724540239199995995e-04
9.165091717620900454e+03,4.037628241349011660e-05
9.175097276264590619e+03,5.940002156421542168e-04
9.185102834908282603e+03,1.150973723269999027e-03
9.195108393551972767e+03,3.865416874759830534e-05
9.205113952195664751e+03,1.428125426173210144e-03
9.215119510839354916e+03,5.947467871010303497e-04
9.225125069483046900e+03,8.738122414797544479e-04
9.235130628126737065e+03,5.939110415056347847e-04
9.245136186770427230e+03,8.735116571187973022e-04
9.255141745414119214e+03,5.928605096414685249e-04
9.265147304057809379e+03,1.148964744061231613e-03
9.275152862701501363e+03,5.936028319410979748e-04
9.285158421345191528e+03,5.934602813795208931e-04
9.295163979988883511e+03,1.148502575233578682e-03
9.305169538632573676e+03,8.709033718332648277e-04
9.315175097276263841e+03,5.947157042101025581e-04
9.325180655919955825e+03,5.912062479183077812e-04
9.335186214563645990e+03,5.941218696534633636e-04
9.345191773207337974e+03,8.697743178345263004e-04
9.355197331851028139e+03,8.697648881934583187e-04
9.365202890494720123e+03,5.924355937168002129e-04
9.375208449138410288e+03,8.701593615114688873e-04
9.385214007782100452e+03,8.699834579601883888e-04
9.395219566425792436e+03,5.930576007813215256e-04
9.405225125069482601e+03,3.146965464111417532e-04
9.415230683713174585e+03,3.141796623822301626e-04
9.425236242356864750e+03,8.709588437341153622e-04
9.435241801000556734e+03,5.905372672714293003e-04
9.445247359644246899e+03,3.119859902653843164e-04
9.455252918287937064e+03,3.131238627247512341e-04
9.465258476931629048e+03,5.914331413805484772e-04
9.475264035575319213e+03,3.133749705739319324e-04
9.485269594219011196e+03,8.681236649863421917e-04
9.495275152862701361e+03,1.424394431523978710e-03
9.505280711506391526e+03,5.911386106163263321e-04
9.515286270150083510e+03,1.424525165930390358e-03
9.525291828793773675e+03,8.673251140862703323e-04
9.535297387437465659e+03,5.902037955820560455e-04
9.545302946081155824e+03,3.479207225609570742e-05
9.555308504724847808e+03,5.900141550227999687e-04
9.565314063368537973e+03,5.907933809794485569e-04
9.575319622012228137e+03,3.117257147096097469e-04
9.585325180655920121e+03,5.926936282776296139e-04
9.595330739299610286e+03,5.913292407058179379e-04
9.605336297943302270e+03,8.692835690453648567e-04
9.615341856586992435e+03,1.143683213740587234e-03
9.625347415230684419e+03,5.890913889743387699e-04
9.635352973874374584e+03,1.147622941061854362e-03
9.645358532518064749e+03,1.142747933045029640e-03
9.655364091161756733e+03,5.890855682082474232e-04
9.665369649805446898e+03,5.889966851100325584e-04
9.675375208449138881e+03,5.879621021449565887e-04
9.685380767092829046e+03,3.101179318036884069e-04
9.695386325736521030e+03,8.672857657074928284e-04
9.705391884380211195e+03,8.659143350087106228e-04
9.715397443023901360e+03,3.107996599283069372e-04
9.725403001667593344e+03,5.892720655538141727e-04
9.735408560311283509e+03,1.699812710285186768e-03
9.745414118954975493e+03,8.662419859319925308e-04
9.755419677598665658e+03,5.889957537874579430e-04
9.765425236242357641e+03,3.113890707027167082e-04
9.775430794886047806e+03,5.876371869817376137e-04
9.785436353529737971e+03,5.869234446436166763e-04
9.795441912173429955e+03,5.893139750696718693e-04
9.805447470817120120e+03,3.037982423848006874e-05
9.815453029460812104e+03,3.288214793428778648e-05
9.825458588104502269e+03,3.106647054664790630e-04
9.835464146748194253e+03,5.874107009731233120e-04
9.845469705391884418e+03,5.879001691937446594e-04
9.855475264035574583e+03,5.888880696147680283e-04
9.865480822679266566e+03,5.875042988918721676e-04
9.875486381322956731e+03,5.880793323740363121e-04
9.885491939966648715e+03,3.094131534453481436e-04
9.895497498610338880e+03,8.639842853881418705e-04
9.905503057254030864e+03,8.640887099318206310e-04
9.915508615897721029e+03,1.420486834831535816e-03
9.925514174541411194e+03,3.088128578383475542e-04
9.935519733185103178e+03,5.867501022294163704e-04
9.945525291828793343e+03,5.864306585863232613e-04
9.955530850472485326e+03,8.649629307910799980e-04
9.965536409116175491e+03,5.866296123713254929e-04
9.975541967759867475e+03,5.865678540430963039e-04
9.985547526403557640e+03,5.857813521288335323e-04
9.995553085047247805e+03,5.864396225661039352e-04
1.000555864369093979e+04,5.860172095708549023e-04
1.001556420233462995e+04,8.645525667816400528e-04
1.002556976097832194e+04,5.848067230544984341e-04
1.003557531962201210e+04,8.630139636807143688e-04
1.004558087826570227e+04,8.631466771475970745e-04
1.005558643690939425e+04,5.853173788636922836e-04
1.006559199555308442e+04,3.092254919465631247e-04
1.007559755419677640e+04,5.867014406248927116e-04
1.008560311284046657e+04,1.141519285738468170e-03
1.009560867148415855e+04,3.081646573264151812e-04
1.010561423012784871e+04,3.069537633564323187e-04
1.011561978877153888e+04,5.849540466442704201e-04
1.012562534741523086e+04,5.859250668436288834e-04
1.013563090605892103e+04,8.638913859613239765e-04
1.014563646470261301e+04,8.629722287878394127e-04
1.015564202334630318e+04,3.069114172831177711e-04
1.016564758198999516e+04,2.991382643813267350e-05
1.017565314063368533e+04,8.639770676381886005e-04
1.018565869927737549e+04,1.418105210177600384e-03
1.019566425792106747e+04,1.140178763307631016e-03
1.020566981656475764e+04,5.840092780999839306e-04
1.021567537520844962e+04,5.862398538738489151e-04
1.022568093385213979e+04,1.139794243499636650e-03
1.023568649249583177e+04,3.082045586779713631e-04
1.024569205113952194e+04,3.074938431382179260e-04
1.025569760978321210e+04,5.829288274981081486e-04
1.026570316842690409e+04,5.848680739291012287e-04
1.027570872707059425e+04,2.951997339550871402e-05
1.028571428571428623e+04,8.620873559266328812e-04
1.029571984435797640e+04,5.837340140715241432e-04
1.030572540300166838e+04,8.608489879406988621e-04
1.031573096164535855e+04,5.829759757034480572e-04
1.032573652028904871e+04,2.801734262902755290e-05
1.033574207893274070e+04,5.837099160999059677e-04
1.034574763757643086e+04,3.052496758755296469e-04
1.035575319622012285e+04,1.139071071520447731e-03
1.036575875486381301e+04,8.602935704402625561e-04
1.037576431350750499e+04,3.071183746214956045e-04
1.038576987215119516e+04,3.050816594623029232e-04
1.039577543079488532e+04,5.830900045111775398e-04
1.040578098943857731e+04,1.693526166491210461e-03
1.041578654808226747e+04,8.611039374954998493e-04
1.042579210672595946e+04,5.825874395668506622e-04
1.043579766536964962e+04,5.833135801367461681e-04
1.044580322401334161e+04,3.051156818401068449e-04
1.045580878265703177e+04,3.056748537346720695e-04
1.046581434130072194e+04,3.051525563932955265e-04
1.047581989994441392e+04,1.140704029239714146e-03
1.048582545858810408e+04,8.602978195995092392e-04
1.049583101723179607e+04,3.039717557840049267e-04
1.050583657587548623e+04,3.036306588910520077e-04
1.051584213451917640e+04,8.603659225627779961e-04
1.052584769316286838e+04,5.811201990582048893e-04
1.053585325180655855e+04,5.812765448354184628e-04
1.054585881045025053e+04,8.602302405051887035e-04
1.055586436909394070e+04,3.043517936021089554e-04
1.056586992773763268e+04,1.137199345976114273e-03
1.057587548638132284e+04,5.812098970636725426e-04
1.058588104502501301e+04,8.597680134698748589e-04
1.059588660366870499e+04,3.044803452212363482e-04
1.060589216231239516e+04,3.040853480342775583e-04
1.061589772095608714e+04,5.808707210235297680e-04
1.062590327959977731e+04,8.591364603489637375e-04
1.063590883824346929e+04,5.812011077068746090e-04
1.064591439688715946e+04,5.805660621263086796e-04
1.065591995553084962e+04,1.136285718530416489e-03
1.066592551417454160e+04,5.812451709061861038e-04
1.067593107281823177e+04,3.028160135727375746e-04
1.068593663146192375e+04,5.813686875626444817e-04
1.069594219010561392e+04,5.827592685818672180e-04
1.070594774874930590e+04,3.030206426046788692e-04
1.071595330739299607e+04,1.413363497704267502e-03
1.072595886603668623e+04,1.136273029260337353e-03
1.073596442468037822e+04,3.029162471648305655e-04
1.074596998332406838e+04,5.809321883134543896e-04
1.075597554196776036e+04,3.031748929060995579e-04
1.076598110061145053e+04,5.813695024698972702e-04
1.077598665925514251e+04,1.135369064286351204e-03
1.078599221789883268e+04,8.579139248467981815e-04
1.079599777654252284e+04,1.136017031967639923e-03
1.080600333518621483e+04,1.413466990925371647e-03
1.081600889382990499e+04,8.584860479459166527e-04
1.082601445247359698e+04,8.577886037528514862e-04
1.083602001111728714e+04,1.135639031417667866e-03
1.084602556976097912e+04,8.570255595259368420e-04
1.085603112840466929e+04,3.018686256837099791e-04
1.086603668704835945e+04,3.015194379258900881e-04
1.087604224569205144e+04,3.025916521437466145e-04
1.088604780433574160e+04,5.793410819023847580e-04
1.089605336297943359e+04,8.576523396186530590e-04
1.090605892162312375e+04,5.786928813904523849e-04
1.091606448026681574e+04,1.135789672844111919e-03
1.092607003891050590e+04,2.393993781879544258e-05
1.093607559755419607e+04,8.574762614443898201e-04
1.094608115619788805e+04,3.018511633854359388e-04
1.095608671484157821e+04,5.786261172033846378e-04
1.096609227348527020e+04,1.133872545324265957e-03
1.097609783212896036e+04,3.025235200766474009e-04
1.098610339077265235e+04,2.398724063823465258e-05
1.099610894941634251e+04,2.467578633513767272e-05
1.100611450806003268e+04,8.560470305383205414e-04
1.101612006670372466e+04,5.777392652817070484e-04
1.102612562534741483e+04,1.689280034042894840e-03
1.103613118399110681e+04,5.799717619083821774e-04
1.104613674263479697e+04,8.567383047193288803e-04
1.105614230127848714e+04,2.262433372379746288e-05
1.106614785992217912e+04,8.561058784835040569e-04
1.107615341856586929e+04,5.792680312879383564e-04
1.108615897720956127e+04,1.134897116571664810e-03
1.109616453585325144e+04,5.786605761386454105e-04
1.110617009449694342e+04,5.776399630121886730e-04
1.111617565314063359e+04,3.005715843755751848e-04
1.112618121178432375e+04,3.010212094523012638e-04
1.113618677042801573e+04,8.555551758036017418e-04
1.114619232907170590e+04,1.133841346018016338e-03
1.115619788771539788e+04,5.771506112068891525e-04
1.116620344635908805e+04,8.553376537747681141e-04
1.117620900500278003e+04,5.782942171208560467e-04
1.118621456364647020e+04,3.005694015882909298e-04
1.119622012229016036e+04,8.550761849619448185e-04
1.120622568093385235e+04,8.558402769267559052e-04
1.121623123957754251e+04,8.561410941183567047e-04
1.122623679822123449e+04,8.554399246349930763e-04
1.123624235686492466e+04,5.771078867837786674e-04
1.124624791550861664e+04,8.545979508198797703e-04
1.125625347415230681e+04,5.777021287940442562e-04
1.126625903279599697e+04,2.993381640408188105e-04
1.127626459143968896e+04,8.553111692890524864e-04
1.128627015008337912e+04,8.544161100871860981e-04
1.129627570872707111e+04,2.256994048366323113e-05
1.130628126737076127e+04,1.410976285114884377e-03
1.131628682601445325e+04,2.261050576635170728e-05
1.132629238465814342e+04,2.995461691170930862e-04
1.133629794330183358e+04,8.542274590581655502e-04
1.134630350194552557e+04,8.545088930986821651e-04
1.135630906058921573e+04,2.993724774569272995e-04
1.136631461923290772e+04,2.988931082654744387e-04
1.137632017787659788e+04,5.764001980423927307e-04
1.138632573652028987e+04,3.000753640662878752e-04
1.139633129516398003e+04,5.768725532107055187e-04
1.140633685380767020e+04,5.763308727182447910e-04
1.141634241245136218e+04,2.984672901220619678e-04
1.142634797109505234e+04,5.765467649325728416e-04
1.143635352973874433e+04,2.975368697661906481e-04
1.144635908838243449e+04,8.541091228835284710e-04
1.145636464702612648e+04,5.755235906690359116e-04
1.146637020566981664e+04,2.977676631417125463e-04
1.147637576431350681e+04,2.984139428008347750e-04
1.148638132295719879e+04,5.757005419582128525e-04
1.149638688160088896e+04,2.980169374495744705e-04
1.150639244024458094e+04,2.986219187732785940e-04
1.151639799888827110e+04,8.536839741282165051e-04
1.152640355753196127e+04,5.760483327321708202e-04
1.153640911617565325e+04,8.537392131984233856e-04
1.154641467481934342e+04,2.985391474794596434e-04
1.155642023346303540e+04,2.975352981593459845e-04
1.156642579210672557e+04,5.753689329139888287e-04
1.157643135075041755e+04,1.131689408794045448e-03
1.158643690939410772e+04,8.533414220437407494e-04
1.159644246803779788e+04,2.977851836476475000e-04
1.160644802668148986e+04,1.130705699324607849e-03
1.161645358532518003e+04,8.529596962034702301e-04
1.162645914396887201e+04,2.520964946597814560e-03
1.163646470261256218e+04,5.756410537287592888e-04
1.164647026125625416e+04,1.953531864273827523e-05
1.165647581989994433e+04,5.755895399488508701e-04
1.166648137854363449e+04,8.520075352862477303e-04
1.167648693718732648e+04,8.525484590791165829e-04
1.168649249583101664e+04,8.527461905032396317e-04
1.169649805447470862e+04,1.916276596602983773e-05
1.170650361311839879e+04,8.531181956641376019e-04
1.171650917176209077e+04,8.532781503163278103e-04
1.172651473040578094e+04,8.526356541551649570e-04
1.173652028904947110e+04,1.890574458229821175e-05
1.174652584769316309e+04,1.684666494838893414e-03
1.175653140633685325e+04,5.746704991906881332e-04
1.176653696498054524e+04,5.740391789004206657e-04
1.177654252362423540e+04,5.748375551775097847e-04
1.178654808226792738e+04,8.519347757101058960e-04
1.179655364091161755e+04,5.742295761592686176e-04
1.180655919955530771e+04,8.526724996045231819e-04
1.181656475819899970e+04,2.960445417556911707e-04
1.182657031684268986e+04,5.738158361054956913e-04
1.183657587548638185e+04,1.129581942223012447e-03
1.184658143413007201e+04,1.825686558731831610e-05
1.185658699277376400e+04,5.740335327573120594e-04
1.186659255141745416e+04,2.971178619191050529e-04
1.187659811006114433e+04,5.733301513828337193e-04
1.188660366870483631e+04,1.129970885813236237e-03
1.189660922734852647e+04,1.774306474544573575e-05
1.190661478599221846e+04,8.521479321643710136e-04
1.191662034463590862e+04,8.512025233358144760e-04
1.192662590327960061e+04,1.129184616729617119e-03
1.193663146192329077e+04,8.511608466506004333e-04
1.194663702056698094e+04,1.799687925085891038e-05
1.195664257921067292e+04,1.855484333646018058e-05
1.196664813785436309e+04,8.508941973559558392e-04
1.197665369649805507e+04,8.511514170095324516e-04
1.198665925514174523e+04,5.729256663471460342e-04
1.199666481378543722e+04,1.406341209076344967e-03
1.200667037242912738e+04,1.746455018292181194e-05
1.201667593107281755e+04,2.943462459370493889e-04
1.202668148971650953e+04,8.504120633006095886e-04
1.203668704836019970e+04,2.946616150438785553e-04
1.204669260700389168e+04,5.729021504521369934e-04
1.205669816564758185e+04,5.730330012738704681e-04
1.206670372429127201e+04,2.956036769319325686e-04
1.207670928293496399e+04,2.952367940451949835e-04
1.208671484157865416e+04,2.936185919679701328e-04
1.209672040022234614e+04,5.727162933908402920e-04
1.210672595886603631e+04,5.719729233533143997e-04
1.211673151750972829e+04,2.944550651591271162e-04
1.212673707615341846e+04,8.499887189827859402e-04
1.213674263479710862e+04,2.948223263956606388e-04
1.214674819344080061e+04,2.940021804533898830e-04
1.215675375208449077e+04,5.722086061723530293e-04
1.216675931072818275e+04,5.719821201637387276e-04
1.217676486937187292e+04,8.499359246343374252e-04
1.218677042801556490e+04,2.951645292341709137e-04
1.219677598665925507e+04,8.505419827997684479e-04
1.220678154530294523e+04,5.720555200241506100e-04
1.221678710394663722e+04,5.726549425162374973e-04
1.222679266259032738e+04,2.940692938864231110e-04
1.223679822123401937e+04,1.127003226429224014e-03
1.224680377987770953e+04,8.493447676301002502e-04
1.225680933852140151e+04,1.725583388179074973e-05
1.226681489716509168e+04,1.601608164492063224e-05
1.227682045580878184e+04,1.127692870795726776e-03
1.228682601445247383e+04,1.631717350392136723e-05
1.229683157309616399e+04,5.716127343475818634e-04
1.230683713173985598e+04,5.710051627829670906e-04
1.231684269038354614e+04,5.707567324861884117e-04
1.232684824902723813e+04,2.928563917521387339e-04
1.233685380767092829e+04,1.567831714055500925e-05
1.234685936631461846e+04,2.938008401542901993e-04
1.235686492495831044e+04,1.566805985930841416e-05
1.236687048360200060e+04,2.927539462689310312e-04
1.237687604224569259e+04,5.715712904930114746e-04
1.238688160088938275e+04,5.707706441171467304e-04
1.239688715953307474e+04,1.682815374806523323e-03
1.240689271817676490e+04,8.481352124363183975e-04
1.241689827682045507e+04,1.532023270556237549e-05
1.242690383546414705e+04,2.926937595475465059e-04
1.243690939410783722e+04,2.928214962594211102e-04
1.244691495275152920e+04,1.681613735854625702e-03
1.245692051139521936e+04,5.709166871383786201e-04
1.246692607003891135e+04,5.714962608180940151e-04
1.247693162868260151e+04,2.926131128333508968e-04
1.248693718732629168e+04,1.125967246480286121e-03
1.249694274596998366e+04,1.404613140039145947e-03
1.250694830461367383e+04,1.456826339563122019e-05
1.251695386325736581e+04,8.480219403281807899e-04
1.252695942190105598e+04,5.700082983821630478e-04
1.253696498054474796e+04,1.505014279246097431e-05
1.254697053918843812e+04,5.701421760022640228e-04
1.255697609783212829e+04,5.700199981220066547e-04
1.256698165647582027e+04,5.706475349143147469e-04
1.257698721511951044e+04,5.700719775632023811e-04
1.258699277376320242e+04,5.703193019144237041e-04
1.259699833240689259e+04,1.124736969359219074e-03
1.260700389105058275e+04,8.481190889142453671e-04
1.261700944969427474e+04,5.706090014427900314e-04
1.262701500833796490e+04,5.693063721992075443e-04
1.263702056698165688e+04,1.125567010603845119e-03
1.264702612562534705e+04,2.928314206656068563e-04
1.265703168426903903e+04,1.402607769705355167e-03
1.266703724291272920e+04,2.920021070167422295e-04
1.267704280155641936e+04,5.701424088329076767e-04
1.268704836020011135e+04,2.919975668191909790e-04
1.269705391884380151e+04,8.475108770653605461e-04
1.270705947748749350e+04,2.912048948928713799e-04
1.271706503613118366e+04,5.695592262782156467e-04
1.272707059477487564e+04,2.917303354479372501e-04
1.273707615341856581e+04,1.125305774621665478e-03
1.274708171206225597e+04,1.125142327509820461e-03
1.275708727070594796e+04,2.921891573350876570e-04
1.276709282934963812e+04,5.698755267076194286e-04
1.277709838799333011e+04,2.916068187914788723e-04
1.278710394663702027e+04,5.691352416761219501e-04
1.279710950528071226e+04,8.470820030197501183e-04
1.280711506392440242e+04,5.693308776244521141e-04
1.281712062256809259e+04,8.472408517263829708e-04
1.282712618121178457e+04,8.468833402730524540e-04
1.283713173985547473e+04,5.689801764674484730e-04
1.284713729849916672e+04,8.465801365673542023e-04
1.285714285714285688e+04,1.124328002333641052e-03
1.286714841578654887e+04,1.679860171861946583e-03
1.287715397443023903e+04,5.690206307917833328e-04
1.288715953307392920e+04,2.908361493609845638e-04
1.289716509171762118e+04,2.911206393036991358e-04
1.290717065036131135e+04,1.249307115358533338e-05
1.291717620900500333e+04,2.912182244472205639e-04
1.292718176764869349e+04,8.462625555694103241e-04
1.293718732629238548e+04,8.456088835373520851e-04
1.294719288493607564e+04,1.124317292124032974e-03
1.295719844357976581e+04,1.123769674450159073e-03
1.296720400222345779e+04,2.896403893828392029e-04
1.297720956086714796e+04,2.902625128626823425e-04
1.298721511951083994e+04,8.464316488243639469e-04
1.299722067815453011e+04,5.684469360858201981e-04
1.300722623679822209e+04,2.901926927734166384e-04
1.301723179544191225e+04,1.313386201218236238e-05
1.302723735408560242e+04,8.569424971938133240e-04
1.303724291272929440e+04,8.506918093189597130e-04
1.304724847137298457e+04,5.704983486793935299e-04
1.305725403001667655e+04,1.381171477987663820e-05
1.306725958866036672e+04,8.471750188618898392e-04
1.307726514730405688e+04,2.914867654908448458e-04
1.308727070594774887e+04,5.691126571036875248e-04
1.309727626459143903e+04,1.364968375128228217e-05
1.310728182323513101e+04,2.907665038947016001e-04
1.311728738187882118e+04,8.466001017950475216e-04
1.312729294052251316e+04,5.684312200173735619e-04
1.313729849916620333e+04,8.459765813313424587e-04
1.314730405780989349e+04,2.911122282966971397e-04
1.315730961645358548e+04,1.123897032812237740e-03
1.316731517509727564e+04,8.460374665446579456e-04
1.317732073374096763e+04,1.400783658027648926e-03
1.318732629238465779e+04,2.908372262027114630e-04
1.319733185102834977e+04,8.457460207864642143e-04
1.320733740967203994e+04,5.676593282260000706e-04
1.321734296831573010e+04,2.896865189541131258e-04
1.322734852695942209e+04,8.459402597509324551e-04
1.323735408560311225e+04,5.679996684193611145e-04
1.324735964424680424e+04,8.459203527309000492e-04
1.325736520289049440e+04,2.897935919463634491e-04
1.326737076153418639e+04,5.677503650076687336e-04
1.327737632017787655e+04,5.676284199580550194e-04
1.328738187882156672e+04,2.892688207793980837e-04
1.329738743746525870e+04,8.451015455648303032e-04
1.330739299610894886e+04,2.892456541303545237e-04
1.331739855475264085e+04,2.894023782573640347e-04
1.332740411339633101e+04,5.670302198268473148e-04
1.333740967204002300e+04,8.445165003649890423e-04
1.334741523068371316e+04,1.122666406445205212e-03
1.335742078932740333e+04,8.446808787994086742e-04
1.336742634797109531e+04,2.890433534048497677e-04
1.337743190661478548e+04,8.448245935142040253e-04
1.338743746525847746e+04,2.891189651563763618e-04
1.339744302390216762e+04,2.892790653277188540e-04
1.340744858254585961e+04,2.885872963815927505e-04
1.341745414118954977e+04,2.893086348194628954e-04
1.342745969983323994e+04,1.122186426073312759e-03
1.343746525847693192e+04,2.889657334890216589e-04
1.344747081712062209e+04,1.122124260291457176e-03
1.345747637576431407e+04,2.892710908781737089e-04
1.346748193440800424e+04,8.445063140243291855e-04
1.347748749305169622e+04,2.893638738896697760e-04
1.348749305169538638e+04,1.078679360944079235e-05
1.349749861033907655e+04,2.884275163523852825e-04
1.350750416898276853e+04,2.888347371481359005e-04
1.351750972762645870e+04,2.884645655285567045e-04
1.352751528627015068e+04,8.449386805295944214e-04
1.353752084491384085e+04,5.664483760483562946e-04
1.354752640355753283e+04,5.661337636411190033e-04
1.355753196220122300e+04,2.886982401832938194e-04
1.356753752084491316e+04,2.885222784243524075e-04
1.357754307948860514e+04,5.659737507812678814e-04
1.358754863813229531e+04,5.656813154928386211e-04
1.359755419677598729e+04,1.399432541802525520e-03
1.360755975541967746e+04,1.121676410548388958e-03
1.361756531406336762e+04,5.664750933647155762e-04
1.362757087270705961e+04,5.662080948241055012e-04
1.363757643135074977e+04,5.656272987835109234e-04
1.364758198999444176e+04,2.879313833545893431e-04
1.365758754863813192e+04,8.436655043624341488e-04
1.366759310728182390e+04,2.880619140341877937e-04
1.367759866592551407e+04,5.650960374623537064e-04
1.368760422456920423e+04,5.650474340654909611e-04
1.369760978321289622e+04,2.876305952668190002e-04
1.370761534185658638e+04,5.655321292579174042e-04
1.371762090050027837e+04,2.877437509596347809e-04
1.372762645914396853e+04,2.879089443013072014e-04
1.373763201778766052e+04,5.656470311805605888e-04
1.374763757643135068e+04,8.431875030510127544e-04
1.375764313507504085e+04,5.653491243720054626e-04
1.376764869371873283e+04,5.657725268974900246e-04
1.377765425236242299e+04,9.544944987283088267e-06
1.378765981100611498e+04,1.676444546319544315e-03
1.379766536964980514e+04,9.691259947430808097e-06
1.380767092829349713e+04,5.658171721734106541e-04
1.381767648693718729e+04,2.874858910217881203e-04
1.382768204558087746e+04,1.398245804011821747e-03
1.383768760422456944e+04,2.871909819077700377e-04
1.384769316286825961e+04,2.874373167287558317e-04
1.385769872151195159e+04,5.651334649883210659e-04
1.386770428015564175e+04,2.870685129892081022e-04
1.387770983879933374e+04,2.874975616578012705e-04
1.388771539744302390e+04,8.425325504504144192e-04
1.389772095608671407e+04,8.426461718045175076e-04
1.390772651473040605e+04,5.647617508657276630e-04
1.391773207337409622e+04,8.422082173638045788e-04
1.392773763201778820e+04,9.702712304715532809e-06
1.393774319066147837e+04,5.648316582664847374e-04
1.394774874930517035e+04,5.644982447847723961e-04
1.395775430794886051e+04,2.870766038540750742e-04
1.396775986659255068e+04,5.648600053973495960e-04
1.397776542523624266e+04,8.423196268267929554e-04
1.398777098387993283e+04,8.418671204708516598e-04
1.399777654252362481e+04,8.904890819394495338e-06
1.400778210116731498e+04,9.343855708721093833e-06
1.401778765981100696e+04,8.874641025613527745e-06
1.402779321845469713e+04,5.639857845380902290e-04
1.403779877709838729e+04,2.867477014660835266e-04
1.404780433574207927e+04,2.867458679247647524e-04
1.405780989438576944e+04,1.397425890900194645e-03
1.406781545302946142e+04,5.641228635795414448e-04
1.407782101167315159e+04,5.643714684993028641e-04
1.408782657031684357e+04,1.397304818965494633e-03
1.409783212896053374e+04,1.119660679250955582e-03
1.410783768760422390e+04,5.641074967570602894e-04
1.411784324624791589e+04,8.219231858674902469e-06
1.412784880489160605e+04,2.860532258637249470e-04
1.413785436353529803e+04,5.639571463689208031e-04
1.414785992217898820e+04,5.637485301122069359e-04
1.415786548082267836e+04,1.119144144468009472e-03
1.416787103946637035e+04,1.119442051276564598e-03
1.417787659811006051e+04,2.858235093299299479e-04
1.418788215675375250e+04,2.857547951862215996e-04
1.419788771539744266e+04,2.860733948182314634e-04
1.420789327404113465e+04,2.859552332665771246e-04
1.421789883268482481e+04,5.638521397486329079e-04
1.422790439132851498e+04,5.632874672301113605e-04
1.423790994997220696e+04,2.858923398889601231e-04
1.424791550861589712e+04,5.634288536384701729e-04
1.425792106725958911e+04,1.119310618378221989e-03
1.426792662590327927e+04,5.638400907628238201e-04
1.427793218454697126e+04,1.396652078256011009e-03
1.428793774319066142e+04,1.118742860853672028e-03
1.429794330183435159e+04,5.636064452119171619e-04
1.430794886047804357e+04,7.584710601804545149e-06
1.431795441912173374e+04,8.413536706939339638e-04
1.432795997776542572e+04,2.856028731912374496e-04
1.433796553640911588e+04,7.898183866927865893e-06
1.434797109505280787e+04,5.632237880490720272e-04
1.435797665369649803e+04,8.409405709244310856e-04
1.436798221234018820e+04,2.853536861948668957e-04
1.437798777098388018e+04,8.407787536270916462e-04
1.438799332962757035e+04,5.632285610772669315e-04
1.439799888827126233e+04,5.630250670947134495e-04
1.440800444691495250e+04,7.437502063112333417e-06
1.441801000555864448e+04,2.852966426871716976e-04
1.442801556420233464e+04,2.849895390681922436e-04
1.443802112284602481e+04,8.408993016928434372e-04
1.444802668148971679e+04,5.628922372125089169e-04
1.445803224013340696e+04,7.227953119581798092e-06
1.446803779877709894e+04,5.629488732665777206e-04
1.447804335742078911e+04,5.628872313536703587e-04
1.448804891606448109e+04,8.409568108618259430e-04
1.449805447470817126e+04,8.406146662309765816e-04
1.450806003335186142e+04,2.850163145922124386e-04
1.451806559199555340e+04,1.118431100621819496e-03
1.452807115063924357e+04,5.629627266898751259e-04
1.453807670928293555e+04,7.750432814646046609e-06
1.454808226792662572e+04,8.406096021644771099e-04
1.455808782657031770e+04,5.627563805319368839e-04
1.456809338521400787e+04,6.932632004463812336e-06
1.457809894385769803e+04,2.849573502317070961e-04
1.458810450250139002e+04,7.241498224175302312e-06
1.459811006114508018e+04,5.471628159284591675e-03
1.460811561978877216e+04,9.989067912101745605e-02
1.461812117843246233e+04,4.665051773190498352e-02
1.462812673707615249e+04,1.718977838754653931e-02
1.463813229571984448e+04,4.949416499584913254e-03
1.464813785436353464e+04,2.416486153379082680e-03
1.465814341300722663e+04,2.076393458992242813e-03
1.466814897165091679e+04,2.492074272595345974e-04
1.467815453029460878e+04,7.662087446078658104e-04
1.468816008893829894e+04,6.695432821288704872e-04
1.469816564758198911e+04,5.687886732630431652e-04
1.470817120622568109e+04,8.497986709699034691e-04
1.471817676486937125e+04,4.152622714173048735e-04
1.472818232351306324e+04,1.167656038887798786e-03
1.473818788215675340e+04,3.381421265657991171e-04
1.474819344080044539e+04,6.101368926465511322e-04
1.475819899944413555e+04,3.362944989930838346e-04
1.476820455808782572e+04,5.228134250501170754e-05
1.477821011673151770e+04,3.280598320998251438e-04
1.478821567537520787e+04,3.247489512432366610e-04
1.479822123401889985e+04,5.992383812554180622e-04
1.480822679266259001e+04,4.802451076102443039e-05
1.481823235130628200e+04,3.262081299908459187e-04
1.482823790994997216e+04,1.159316278062760830e-03
1.483824346859366233e+04,3.223700623493641615e-04
1.484824902723735431e+04,3.233501047361642122e-04
1.485825458588104448e+04,1.436773687601089478e-03
1.486826014452473646e+04,8.779858471825718880e-04
1.487826570316842663e+04,3.214088210370391607e-04
1.488827126181211861e+04,1.150148455053567886e-03
1.489827682045580877e+04,3.972034755861386657e-05
1.490828237909949894e+04,3.153937868773937225e-04
1.491828793774319092e+04,3.790664777625352144e-05
1.492829349638688109e+04,8.724802173674106598e-04
1.493829905503057307e+04,5.932895001024007797e-04
1.494830461367426324e+04,3.137140010949224234e-04
1.495831017231795522e+04,8.685708744451403618e-04
1.496831573096164539e+04,3.467992792138829827e-05
1.497832128960533555e+04,3.116861626040190458e-04
1.498832684824902753e+04,3.132164420094341040e-04
1.499833240689271770e+04,5.926451995037496090e-04
1.500833796553640968e+04,8.671763353049755096e-04
1.501834352418009985e+04,8.680310565978288651e-04
1.502834908282379183e+04,3.086992655880749226e-04
1.503835464146748200e+04,3.111338592134416103e-04
1.504836020011117216e+04,3.115988511126488447e-04
1.505836575875486415e+04,3.112411359325051308e-04
1.506837131739855431e+04,8.674754062667489052e-04
1.507837687604224629e+04,5.845990963280200958e-04
1.508838243468593646e+04,8.648041402921080589e-04
1.509838799332962844e+04,5.868120933882892132e-04
1.510839355197331861e+04,3.282449688413180411e-05
1.511839911061700877e+04,3.098479064647108316e-04
1.512840466926070076e+04,8.624421316199004650e-04
1.513841022790439092e+04,3.097818698734045029e-04
1.514841578654808291e+04,5.833896575495600700e-04
1.515842134519177307e+04,1.139868400059640408e-03
1.516842690383546324e+04,3.061157185584306717e-04
1.517843246247915522e+04,3.076602297369390726e-04
1.518843802112284538e+04,1.418211730197072029e-03
1.519844357976653737e+04,3.066750650759786367e-04
1.520844913841022753e+04,5.847961292602121830e-04
1.521845469705391952e+04,3.052697575185447931e-04
1.522846025569760968e+04,3.045024350285530090e-04
1.523846581434129985e+04,5.823694518767297268e-04
1.524847137298499183e+04,3.049235965590924025e-04
1.525847693162868200e+04,5.835872143507003784e-04
1.526848249027237398e+04,2.597439561213832349e-05
1.527848804891606414e+04,3.046790952794253826e-04
1.528849360755975613e+04,8.607073687016963959e-04
1.529849916620344629e+04,2.500611299183219671e-05
1.530850472484713646e+04,5.807949346490204334e-04
1.531851028349082844e+04,8.577583939768373966e-04
1.532851584213451861e+04,2.744283665379043669e-05
1.533852140077821059e+04,8.598702261224389076e-04
1.534852695942190076e+04,3.038413997273892164e-04
1.535853251806559274e+04,8.582220179960131645e-04
1.536853807670928290e+04,1.414535450749099255e-03
1.537854363535297307e+04,1.133424811996519566e-03
1.538854919399666505e+04,5.792612791992723942e-04
1.539855475264035522e+04,2.421259887341875583e-05
1.540856031128404720e+04,2.356650293222628534e-05
1.541856586992773737e+04,2.275255246786400676e-05
1.542857142857142935e+04,8.575841202400624752e-04
1.543857698721511952e+04,2.289351505169179291e-05
1.544858254585880968e+04,3.026945341844111681e-04
1.545858810450250166e+04,8.582330192439258099e-04
1.546859366314619183e+04,5.786454421468079090e-04
1.547859922178988381e+04,1.410947763361036777e-03
1.548860478043357398e+04,2.495168337190989405e-05
1.549861033907726596e+04,2.333710654056631029e-05
1.550861589772095613e+04,3.009401552844792604e-04
1.551862145636464629e+04,1.133383135311305523e-03
1.552862701500833828e+04,8.563097799196839333e-04
1.553863257365202844e+04,1.131919678300619125e-03
1.554863813229572042e+04,2.997458504978567362e-04
1.555864369093941059e+04,1.133417361415922642e-03
1.556864924958310257e+04,1.132986042648553848e-03
1.557865480822679274e+04,1.132695702835917473e-03
1.558866036687048290e+04,8.552277577109634876e-04
1.559866592551417489e+04,3.004135505761951208e-04
1.560867148415786505e+04,2.998632553499191999e-04
1.561867704280155704e+04,8.539556292816996574e-04
1.562868260144524720e+04,2.252211015729699284e-05
1.563868816008893737e+04,8.546698372811079025e-04
1.564869371873262935e+04,2.971509820781648159e-04
1.565869927737631951e+04,2.001114626182243228e-05
1.566870483602001150e+04,5.757805774919688702e-04
1.567871039466370166e+04,2.967684995383024216e-04
1.568871595330739365e+04,8.539851987734436989e-04
1.569872151195108381e+04,8.534882217645645142e-04
1.570872707059477398e+04,2.970549394376575947e-04
1.571873262923846596e+04,1.131320837885141373e-03
1.572873818788215613e+04,8.532899664714932442e-04
1.573874374652584811e+04,5.753323785029351711e-04
1.574874930516953827e+04,5.757994367741048336e-04
1.575875486381323026e+04,2.967349428217858076e-04
1.576876042245692042e+04,5.742579232901334763e-04
1.577876598110061059e+04,5.756618338637053967e-04
1.578877153974430257e+04,8.520961273461580276e-04
1.579877709838799274e+04,2.962079015560448170e-04
1.580878265703168472e+04,5.734919104725122452e-04
1.581878821567537489e+04,2.961732388939708471e-04
1.582879377431906687e+04,8.504346478730440140e-04
1.583879933296275703e+04,1.956382038770243526e-05
1.584880489160644720e+04,2.971016510855406523e-04
1.585881045025013918e+04,5.741641507484018803e-04
1.586881600889382935e+04,5.740372580476105213e-04
1.587882156753752133e+04,1.730995063553564250e-05
1.588882712618121150e+04,2.958034747280180454e-04
1.589883268482490348e+04,5.744543741457164288e-04
1.590883824346859365e+04,8.516963571310043335e-04
1.591884380211228381e+04,5.728530813939869404e-04
1.592884936075597579e+04,1.866561979113612324e-05
1.593885491939966596e+04,2.947247121483087540e-04
1.594886047804335794e+04,1.771214556356426328e-05
1.595886603668704811e+04,5.717598833143711090e-04
1.596887159533074009e+04,5.731274723075330257e-04
1.597887715397443026e+04,1.128344330936670303e-03
1.598888271261812042e+04,2.955202944576740265e-04
1.599888827126181241e+04,1.683647977188229561e-03
1.600889382990550257e+04,8.508985629305243492e-04
1.601889938854919455e+04,5.729865515604615211e-04
1.602890494719288472e+04,5.729630356654524803e-04
1.603891050583657670e+04,2.956317621283233166e-04
1.604891606448026687e+04,2.950960479211062193e-04
1.605892162312395703e+04,1.655399501032661647e-05
1.606892718176764902e+04,8.494153735227882862e-04
1.607893274041133918e+04,2.943832660093903542e-04
1.608893829905503117e+04,8.513790089637041092e-04
1.609894385769872133e+04,2.950894995592534542e-04
1.610894941634241331e+04,1.704886017250828445e-05
1.611895497498610348e+04,2.940250269602984190e-04
1.612896053362979364e+04,2.934085787273943424e-04
1.613896609227348563e+04,2.933502546511590481e-04
1.614897165091717579e+04,5.711888079531490803e-04
1.615897720956086778e+04,5.707085365429520607e-04
1.616898276820455794e+04,8.489880710840225220e-04
1.617898832684824811e+04,5.710788536816835403e-04
1.618899388549194009e+04,5.708372918888926506e-04
1.619899944413563026e+04,5.710201221518218517e-04
1.620900500277932224e+04,1.127186929807066917e-03
1.621901056142301240e+04,8.493568748235702515e-04
1.622901612006670439e+04,1.579495437908917665e-05
1.623902167871039455e+04,5.706491065211594105e-04
1.624902723735408472e+04,2.937221725005656481e-04
1.625903279599777670e+04,1.533062095404602587e-05
1.626903835464146687e+04,1.496054755989462137e-05
1.627904391328515885e+04,2.937933022622019053e-04
1.628904947192884902e+04,2.919769030995666981e-04
1.629905503057254100e+04,8.474825299344956875e-04
1.630906058921623116e+04,1.536032141302712262e-05
1.631906614785992133e+04,1.126484945416450500e-03
1.632907170650361331e+04,8.493309724144637585e-04
1.633907726514730348e+04,1.125408918596804142e-03
1.634908282379099546e+04,2.922564744949340820e-04
1.635908838243468563e+04,5.700273322872817516e-04
1.636909394107837761e+04,2.928983303718268871e-04
1.637909949972206778e+04,1.125412178225815296e-03
1.638910505836575976e+04,2.927171881310641766e-04
1.639911061700944992e+04,5.686935037374496460e-04
1.640911617565314009e+04,5.711482372134923935e-04
1.641912173429683025e+04,5.707530071958899498e-04
1.642912729294052406e+04,1.353238076262641698e-05
1.643913285158421422e+04,8.478378877043724060e-04
1.644913841022790439e+04,5.701451445929706097e-04
1.645914396887159455e+04,5.707435775548219681e-04
1.646914952751528472e+04,2.929833717644214630e-04
1.647915508615897852e+04,5.700615001842379570e-04
1.648916064480266868e+04,1.461820738768437877e-05
1.649916620344635885e+04,8.474379428662359715e-04
1.650917176209004901e+04,1.125706825405359268e-03
1.651917732073373918e+04,5.688671371899545193e-04
1.652918287937743298e+04,2.905439177993685007e-04
1.653918843802112315e+04,8.467945153824985027e-04
1.654919399666481331e+04,8.466242579743266106e-04
1.655919955530850348e+04,2.915229124482721090e-04
1.656920511395219728e+04,5.685028154402971268e-04
1.657921067259588744e+04,1.304200395679799840e-05
1.658921623123957761e+04,1.123936963267624378e-03
1.659922178988326777e+04,1.333430191152729094e-05
1.660922734852695794e+04,2.908898168243467808e-04
1.661923290717065174e+04,5.690460093319416046e-04
1.662923846581434191e+04,2.904144348576664925e-04
1.663924402445803207e+04,2.914037322625517845e-04
1.664924958310172224e+04,2.908220631070435047e-04
1.665925514174541240e+04,2.905974397435784340e-04
1.666926070038910620e+04,5.688555538654327393e-04
1.667926625903279637e+04,8.460014360025525093e-04
1.668927181767648653e+04,1.123583759181201458e-03
1.669927737632017670e+04,8.467272855341434479e-04
1.670928293496387050e+04,2.919297839980572462e-04
1.671928849360756067e+04,1.123513909988105297e-03
1.672929405225125083e+04,2.899352693930268288e-04
1.673929961089494100e+04,1.197558140120236203e-05
1.674930516953863116e+04,5.683928611688315868e-04
1.675931072818232497e+04,1.123814261518418789e-03
1.676931628682601513e+04,2.904257271438837051e-04
1.677932184546970529e+04,1.280097512790234759e-05
1.678932740411339546e+04,8.458752417936921120e-04
1.679933296275708562e+04,1.123968628235161304e-03
1.680933852140077943e+04,2.902826527133584023e-04
1.681934408004446959e+04,2.898991224355995655e-04
1.682934963868815976e+04,2.901245316024869680e-04
1.683935519733184992e+04,2.894831413868814707e-04
1.684936075597554373e+04,2.907917660195380449e-04
1.685936631461923389e+04,5.679784808307886124e-04
1.686937187326292405e+04,2.907504676841199398e-04
1.687937743190661422e+04,8.453637128695845604e-04
1.688938299055030438e+04,8.455869974568486214e-04
1.689938854919399819e+04,2.908729948103427887e-04
1.690939410783768835e+04,2.895761572290211916e-04
1.691939966648137852e+04,1.120436536439228803e-05
1.692940522512506868e+04,2.895135548897087574e-04
1.693941078376875885e+04,1.678207190707325935e-03
1.694941634241245265e+04,2.896503137890249491e-04
1.695942190105614281e+04,5.675536813214421272e-04
1.696942745969983298e+04,5.672744591720402241e-04
1.697943301834352314e+04,8.444191771559417248e-04
1.698943857698721331e+04,5.672083934769034386e-04
1.699944413563090711e+04,1.122564775869250298e-03
1.700944969427459728e+04,2.900089602917432785e-04
1.701945525291828744e+04,8.447068976238369942e-04
1.702946081156197761e+04,5.669793463312089443e-04
1.703946637020567141e+04,1.165382218459853902e-05
1.704947192884936157e+04,2.894350618589669466e-04
1.705947748749305174e+04,2.895390789490193129e-04
1.706948304613674190e+04,5.661766044795513153e-04
1.707948860478043207e+04,5.669089732691645622e-04
1.708949416342412587e+04,8.444188861176371574e-04
1.709949972206781604e+04,2.893849159590899944e-04
1.710950528071150620e+04,8.441775571554899216e-04
1.711951083935519637e+04,2.888191083911806345e-04
1.712951639799888653e+04,1.081477876141434535e-05
1.713952195664258034e+04,2.889988245442509651e-04
1.714952751528627050e+04,8.445636485703289509e-04
1.715953307392996066e+04,1.400020206347107887e-03
1.716953863257365083e+04,1.105683895730180666e-05
1.717954419121734463e+04,1.106063973566051573e-05
1.718954974986103480e+04,2.892151242122054100e-04
1.719955530850472496e+04,8.434036280959844589e-04
1.720956086714841513e+04,2.884611603803932667e-04
1.721956642579210529e+04,2.886775764636695385e-04
1.722957198443579910e+04,1.399553264491260052e-03
1.723957754307948926e+04,2.882906992454081774e-04
1.724958310172317942e+04,8.441355894319713116e-04
1.725958866036686959e+04,5.666495999321341515e-04
1.726959421901055975e+04,5.661908071488142014e-04
1.727959977765425356e+04,1.399784232489764690e-03
1.728960533629794372e+04,8.435993222519755363e-04
1.729961089494163389e+04,2.881391847040504217e-04
1.730961645358532405e+04,2.885306603275239468e-04
1.731962201222901786e+04,2.882529224734753370e-04
1.732962757087270802e+04,1.057837380358250812e-05
1.733963312951639818e+04,5.657224101014435291e-04
1.734963868816008835e+04,5.660239839926362038e-04
1.735964424680377851e+04,2.882242552004754543e-04
1.736964980544747232e+04,5.661246250383555889e-04
1.737965536409116248e+04,2.879021049011498690e-04
1.738966092273485265e+04,5.653803236782550812e-04
1.739966648137854281e+04,8.435094496235251427e-04
1.740967204002223298e+04,5.657969741150736809e-04
1.741967759866592678e+04,5.652875988744199276e-04
1.742968315730961694e+04,2.875723585020750761e-04
1.743968871595330711e+04,2.879693638533353806e-04
1.744969427459699727e+04,1.002869066724088043e-05
1.745969983324068744e+04,2.882158150896430016e-04
1.746970539188438124e+04,5.655418499372899532e-04
1.747971095052807141e+04,8.435976924374699593e-04
1.748971650917176157e+04,8.432733593508601189e-04
1.749972206781545174e+04,5.656933644786477089e-04
1.750972762645914554e+04,5.652839899994432926e-04
1.751973318510283571e+04,5.654118722304701805e-04
1.752973874374652587e+04,5.656365538015961647e-04
1.753974430239021603e+04,5.652955151163041592e-04
1.754974986103390620e+04,5.652612308040261269e-04
1.755975541967760000e+04,5.651636165566742420e-04
1.756976097832129017e+04,2.875171485356986523e-04
1.757976653696498033e+04,1.120469300076365471e-03
1.758977209560867050e+04,8.422708488069474697e-04
1.759977765425236066e+04,9.351041626359801739e-06
1.760978321289605447e+04,2.875541977118700743e-04
1.761978877153974463e+04,8.431514725089073181e-04
1.762979433018343479e+04,1.120989094488322735e-03
1.763979988882712496e+04,9.193236110149882734e-06
1.764980544747081876e+04,9.058469004230573773e-06
1.765981100611450893e+04,5.648410879075527191e-04
1.766981656475819909e+04,9.043500540428794920e-06
1.767982212340188926e+04,8.423643885180354118e-04
1.768982768204557942e+04,5.652817199006676674e-04
1.769983324068927323e+04,9.272955139749683440e-06
1.770983879933296339e+04,8.426286512985825539e-04
1.771984435797665355e+04,2.867339353542774916e-04
1.772984991662034372e+04,2.868604788091033697e-04
1.773985547526403388e+04,5.644960911013185978e-04
1.774986103390772769e+04,8.738563337828963995e-06
1.775986659255141785e+04,2.869954041671007872e-04
1.776987215119510802e+04,1.675395178608596325e-03
1.777987770983879818e+04,9.533887350698933005e-06
1.778988326848249199e+04,5.642924807034432888e-04
1.779988882712618215e+04,5.647206562571227551e-04
1.780989438576987231e+04,5.644079064950346947e-04
1.781989994441356248e+04,5.645282799378037453e-04
1.782990550305725264e+04,2.869552699849009514e-04
1.783991106170094645e+04,1.119883731007575989e-03
1.784991662034463661e+04,2.864807320293039083e-04
1.785992217898832678e+04,2.865327987819910049e-04
1.786992773763201694e+04,2.869322779588401318e-04
1.787993329627570711e+04,1.397764659486711025e-03
1.788993885491940091e+04,8.421904058195650578e-04
1.789994441356309108e+04,1.120019471272826195e-03
1.790994997220678124e+04,8.417663630098104477e-04
1.791995553085047140e+04,2.866993891075253487e-04
1.792996108949416521e+04,2.866192662622779608e-04
1.793996664813785537e+04,1.119736232794821262e-03
1.794997220678154554e+04,2.864998532459139824e-04
1.795997776542523570e+04,8.418795187026262283e-04
1.796998332406892587e+04,8.420861558988690376e-04
1.797998888271261967e+04,5.634180852212011814e-04
1.798999444135630984e+04,5.645956844091415405e-04
1.800000000000000000e+04,2.862058463506400585e-04
