# kappa, training_loss
0.000000000000000000e+00,2.501820921897888184e-01
3.460087604470611367e-01,1.789404749870300293e-01
4.393004638594020239e-01,1.673657894134521484e-01
4.954894607646131988e-01,1.577512323856353760e-01
5.358255977705936868e-01,1.544418931007385254e-01
5.673132765061897897e-01,1.411612033843994141e-01
5.931447079502824016e-01,1.340974271297454834e-01
6.150458527094804229e-01,1.304617077112197876e-01
6.340562664852009700e-01,1.130777150392532349e-01
6.508508280855277439e-01,1.130264028906822205e-01
6.658925908297250729e-01,1.049597933888435364e-01
6.795130935362699853e-01,9.643236547708511353e-02
6.919578843395901568e-01,1.029871329665184021e-01
7.034139062765984995e-01,9.516154229640960693e-02
7.140267804180223665e-01,9.246043115854263306e-02
7.239121529930457877e-01,8.394404500722885132e-02
7.331633965453948631e-01,8.514875173568725586e-02
7.418569864253405921e-01,8.346585929393768311e-02
7.500563469525460825e-01,7.862436771392822266e-02
7.578146619146984841e-01,7.422630488872528076e-02
7.651769670196039153e-01,7.281786203384399414e-02
7.721817337819164573e-01,6.752116233110427856e-02
7.788620863205062417e-01,6.607852876186370850e-02
7.852467486537241248e-01,5.944245681166648865e-02
7.913607910931920175e-01,5.919987335801124573e-02
7.972262247908332711e-01,5.792023614048957825e-02
8.028624800644678094e-01,5.300028622150421143e-02
8.082867947419158927e-01,4.975458979606628418e-02
8.135145321017589470e-01,5.617417022585868835e-02
8.185594431925570236e-01,6.294933706521987915e-02
8.234338848135772659e-01,4.037416726350784302e-02
8.281490018569067635e-01,4.286608472466468811e-02
8.327148807821762588e-01,3.723912686109542847e-02
8.371406795401445944e-01,3.783232718706130981e-02
8.414347381531067649e-01,3.762517124414443970e-02
8.456046733082374089e-01,3.097942844033241272e-02
8.496574596596789819e-01,3.926762193441390991e-02
8.535995000193126181e-01,3.828903287649154663e-02
8.574366862100908371e-01,4.243438690900802612e-02
8.611744520339701392e-01,4.006651416420936584e-02
8.648178195496830645e-01,2.937869541347026825e-02
8.683714396494245369e-01,2.581952884793281555e-02
8.718396277570242825e-01,2.970928139984607697e-02
8.752263953349598280e-01,2.430259808897972107e-02
8.785354777771650081e-01,2.215281687676906586e-02
8.817703591740051472e-01,1.744594238698482513e-02
8.849342943610988277e-01,1.322033852338790894e-01
8.880303286018079723e-01,5.151563882827758789e-02
8.910613152017544669e-01,3.232545033097267151e-02
8.940299313107366030e-01,2.872300520539283752e-02
8.969386921313683425e-01,2.040351741015911102e-02
8.997899637234116899e-01,1.862537488341331482e-02
9.025859745671332979e-01,1.731258817017078400e-02
9.053288260272730481e-01,1.858698576688766479e-02
9.080205018407159212e-01,2.005776762962341309e-02
9.106628767351770959e-01,1.351153757423162460e-02
9.132577242726921396e-01,1.523189805448055267e-02
9.158067240001058762e-01,1.266971789300441742e-02
9.183114679787615087e-01,1.925390027463436127e-02
9.207734667569620335e-01,1.937696710228919983e-02
9.231941548413140630e-01,1.622104085981845856e-02
9.255748957165744750e-01,1.431023702025413513e-02
9.279169864579864813e-01,1.403682306408882141e-02
9.302216619751688675e-01,1.107018161565065384e-02
9.324900989223231518e-01,1.367018651217222214e-02
9.347234193057537555e-01,1.401330530643463135e-02
9.369226938163938145e-01,1.118259970098733902e-02
9.390889449121090360e-01,1.283961627632379532e-02
9.412231496719969392e-01,1.170621905475854874e-02
9.433262424426215320e-01,9.793802164494991302e-03
9.453991172941261789e-01,1.342088263481855392e-02
9.474426303023814055e-01,9.259954094886779785e-03
9.494576016717489741e-01,1.302389800548553467e-02
9.514448177116359151e-01,1.160246785730123520e-02
9.534050326787582019e-01,9.001485072076320648e-03
9.553389704959178719e-01,1.148267649114131927e-02
9.572473263570921986e-01,8.215762674808502197e-03
9.591307682277451230e-01,9.722568094730377197e-03
9.609899382484581309e-01,8.413072675466537476e-03
9.628254540492666713e-01,9.284294210374355316e-03
9.646379099814290647e-01,7.870933040976524353e-03
9.664278782727777628e-01,1.062357798218727112e-02
9.681959101122710187e-01,8.868874050676822662e-03
9.699425366688896322e-01,8.285423740744590759e-03
9.716682700495886671e-01,1.106006558984518051e-02
9.733736042006306821e-01,6.747399922460317612e-03
9.750590157562651905e-01,7.835985161364078522e-03
9.767249648384065397e-01,8.372128941118717194e-03
9.783718958106631947e-01,1.011324487626552582e-02
9.800002379898135052e-01,6.727228406816720963e-03
9.816104063175752348e-01,6.388776004314422607e-03
9.832028019952986364e-01,1.005952898412942886e-02
9.847778130840142419e-01,1.097042672336101532e-02
9.863358150720769046e-01,8.637079037725925446e-03
9.878771714124866543e-01,6.509154569357633591e-03
9.894022340318076036e-01,7.302184123545885086e-03
9.909113438124680373e-01,6.602524314075708389e-03
9.924048310500953596e-01,7.444038521498441696e-03
9.938830158874222276e-01,7.096524350345134735e-03
9.953462087261852886e-01,5.496748723089694977e-03
9.967947106183480122e-01,7.143354043364524841e-03
9.982288136378762999e-01,7.500625681132078171e-03
9.996488012342179541e-01,6.822756957262754440e-03
1.001054948568554481e+00,7.737965788692235947e-03
1.002447522833824989e+00,7.148705888539552689e-03
1.003826783559450320e+00,8.545519784092903137e-03
1.005192982901629284e+00,8.097845129668712616e-03
1.006546365920018005e+00,5.138386040925979614e-03
1.007887170841551550e+00,5.401331931352615356e-03
1.009215629312119056e+00,5.907127168029546738e-03
1.010531966636755596e+00,9.570445865392684937e-03
1.011836402008977398e+00,6.818536203354597092e-03
1.013129148729838391e+00,4.452080000191926956e-03
1.014410414417262540e+00,6.140827666968107224e-03
1.015680401206159988e+00,6.693135481327772141e-03
1.016939305939812632e+00,6.972524337470531464e-03
1.018187320352981651e+00,9.732382372021675110e-03
1.019424631247161761e+00,7.173110730946063995e-03
1.020651420658385433e+00,7.127657067030668259e-03
1.021867866017950988e+00,4.738566000014543533e-03
1.023074140306432067e+00,8.865362033247947693e-03
1.024270412201301550e+00,6.069329567253589630e-03
1.025456846218484541e+00,7.159508764743804932e-03
1.026633602848139093e+00,7.152059581130743027e-03
1.027800838684943319e+00,5.993840750306844711e-03
1.028958706553154245e+00,8.835362270474433899e-03
1.030107355626689314e+00,8.241992443799972534e-03
1.031246931544462342e+00,7.696564309298992157e-03
1.032377576521202878e+00,7.707341574132442474e-03
1.033499429453965224e+00,3.920812159776687622e-03
1.034612626024527859e+00,5.534328054636716843e-03
1.035717298797873553e+00,6.256353575736284256e-03
1.036813577316927137e+00,7.937941700220108032e-03
1.037901588193720803e+00,6.830513477325439453e-03
1.038981455197147019e+00,6.278744898736476898e-03
1.040053299337452941e+00,6.024525035172700882e-03
1.041117238947617540e+00,5.724905990064144135e-03
1.042173389761750668e+00,4.062965977936983109e-03
1.043221864990644399e+00,6.844454910606145859e-03
1.044262775394596110e+00,3.212925512343645096e-03
1.045296229353626094e+00,5.700245033949613571e-03
1.046322332935195609e+00,5.703415255993604660e-03
1.047341189959536178e+00,7.344510871917009354e-03
1.048352902062685388e+00,5.962587427347898483e-03
1.049357568757329773e+00,5.856220144778490067e-03
1.050355287491544054e+00,5.154596175998449326e-03
1.051346153705511099e+00,5.138831213116645813e-03
1.052330260886309210e+00,7.071994710713624954e-03
1.053307700620842891e+00,6.790456362068653107e-03
1.054278562646992379e+00,7.347539998590946198e-03
1.055242934903054319e+00,6.480601616203784943e-03
1.056200903575539085e+00,4.006875678896903992e-03
1.057152553145394247e+00,5.094299558550119400e-03
1.058097966432711035e+00,7.147472351789474487e-03
1.059037224639978181e+00,5.721367895603179932e-03
1.059970407393933112e+00,6.255845073610544205e-03
1.060897592786072430e+00,5.667761899530887604e-03
1.061818857411865213e+00,6.813169922679662704e-03
1.062734276408725531e+00,4.013301804661750793e-03
1.063643923492785026e+00,4.005161579698324203e-03
1.064547870994515089e+00,7.051780819892883301e-03
1.065446189893239470e+00,5.922104697674512863e-03
1.066338949850579310e+00,6.206350401043891907e-03
1.067226219242868313e+00,8.980354294180870056e-03
1.068108065192580725e+00,5.639786832034587860e-03
1.068984553598799625e+00,7.292184978723526001e-03
1.069855749166769732e+00,3.969150595366954803e-03
1.070721715436560695e+00,7.299337536096572876e-03
1.071582514810876408e+00,3.972671460360288620e-03
1.072438208582037866e+00,6.184971425682306290e-03
1.073288856958174220e+00,5.900957621634006500e-03
1.074134519088641770e+00,6.464399397373199463e-03
1.074975253088704896e+00,7.292063906788825989e-03
1.075811116063501771e+00,5.898744333535432816e-03
1.076642164131319968e+00,5.897170398384332657e-03
1.077468452446203262e+00,5.904943216592073441e-03
1.078290035219918508e+00,6.183080375194549561e-03
1.079106965743297231e+00,6.999036297202110291e-03
1.079919296406978146e+00,4.790741950273513794e-03
1.080727078721569034e+00,6.729158572852611542e-03
1.081530363337245726e+00,5.513348150998353958e-03
1.082329200062810193e+00,6.461225915700197220e-03
1.083123637884223500e+00,7.842427119612693787e-03
1.083913724982630056e+00,6.161953788250684738e-03
1.084699508751893360e+00,5.089966114610433578e-03
1.085481035815654138e+00,7.578757591545581818e-03
1.086258352043930842e+00,5.067886784672737122e-03
1.087031502569274499e+00,5.918128881603479385e-03
1.087800531802493031e+00,4.793808329850435257e-03
1.088565483447959226e+00,6.175588350743055344e-03
1.089326400518514149e+00,7.556860800832509995e-03
1.090083325349980203e+00,6.438116077333688736e-03
1.090836299615295601e+00,7.830672897398471832e-03
1.091585364338280906e+00,6.436417344957590103e-03
1.092330559907051191e+00,7.556806784123182297e-03
1.093071926087083590e+00,6.719441618770360947e-03
1.093809502033948888e+00,7.010510191321372986e-03
1.094543326305722708e+00,5.344637669622898102e-03
1.095273436875078277e+00,6.163564510643482208e-03
1.095999871141079662e+00,7.834922522306442261e-03
1.096722665940675023e+00,5.889687687158584595e-03
1.097441857559906975e+00,5.583450663834810257e-03
1.098157481744842068e+00,8.115053176879882812e-03
1.098869573712232928e+00,5.065766163170337677e-03
1.099578168159916158e+00,6.730118300765752792e-03
1.100283299276959115e+00,6.994715891778469086e-03
1.100985000753556875e+00,6.195681169629096985e-03
1.101683305790691847e+00,8.121917955577373505e-03
1.102378247109559117e+00,3.948603291064500809e-03
1.103069856960767536e+00,5.611342377960681915e-03
1.103758167133320089e+00,5.334461107850074768e-03
1.104443208963381107e+00,6.718598306179046631e-03
1.105125013342837637e+00,6.164785008877515793e-03
1.105803610727656761e+00,6.129811983555555344e-03
1.106479031146050618e+00,4.253491293638944626e-03
1.107151304206449138e+00,5.616536829620599747e-03
1.107820459105287370e+00,6.444038357585668564e-03
1.108486524634614945e+00,4.215903580188751221e-03
1.109149529189529249e+00,5.332946311682462692e-03
1.109809500775439606e+00,5.303868092596530914e-03
1.110466467015164271e+00,5.318938288837671280e-03
1.111120455155869324e+00,6.432600319385528564e-03
1.111771492075848133e+00,5.323612596839666367e-03
1.112419604291150499e+00,4.213165957480669022e-03
1.113064817962062802e+00,7.265120744705200195e-03
1.113707158899444050e+00,3.649430815130472183e-03
1.114346652570921359e+00,5.926626734435558319e-03
1.114983324106949114e+00,6.255918182432651520e-03
1.115617198306734004e+00,1.999150365591049194e-01
1.116248299644032160e+00,1.433528363704681396e-01
1.116876652272817960e+00,1.058274880051612854e-01
1.117502280032832251e+00,1.023264825344085693e-01
1.118125206455008458e+00,8.929114788770675659e-02
1.118745454766784109e+00,6.854961067438125610e-02
1.119363047897296903e+00,4.690883681178092957e-02
1.119978008482471088e+00,5.509230867028236389e-02
1.120590358869996361e+00,4.095600917935371399e-02
1.121200121124199756e+00,2.424390986561775208e-02
1.121807317030816709e+00,1.947731152176856995e-02
1.122411968101661772e+00,1.878816634416580200e-02
1.123014095579200511e+00,7.092956453561782837e-02
1.123613720441029251e+00,2.052972279489040375e-02
1.124210863404258243e+00,1.675297319889068604e-02
1.124805544929808887e+00,1.414309628307819366e-02
1.125397785226618597e+00,1.185690704733133316e-02
1.125987604255762164e+00,7.392805069684982300e-03
1.126575021734489424e+00,8.418671786785125732e-03
1.127160057140179195e+00,6.685006897896528244e-03
1.127742729714214853e+00,8.300532586872577667e-03
1.128323058465781514e+00,6.459034513682126999e-03
1.128901062175587500e+00,7.613102905452251434e-03
1.129476759399510977e+00,5.381313152611255646e-03
1.130050168472174210e+00,6.656263489276170731e-03
1.130621307510447204e+00,5.057272035628557205e-03
1.131190194416882955e+00,6.081548985093832016e-03
1.131756846883084089e+00,5.469632335007190704e-03
1.132321282393004003e+00,3.740711137652397156e-03
1.132883518226184050e+00,7.133429404348134995e-03
1.133443571460927668e+00,6.023077759891748428e-03
1.134001458977413224e+00,4.653234500437974930e-03
1.134557197460746680e+00,5.712398793548345566e-03
1.135110803403955426e+00,5.735012702643871307e-03
1.135662293110926147e+00,5.683410447090864182e-03
1.136211682699285186e+00,3.734442405402660370e-03
1.136758988103225176e+00,4.736510105431079865e-03
1.137304225076278152e+00,3.472577547654509544e-03
1.137847409194036263e+00,6.968052592128515244e-03
1.138388555856821416e+00,5.885127466171979904e-03
1.138927680292305844e+00,4.571380093693733215e-03
1.139464797558081832e+00,5.942601710557937622e-03
1.139999922544186806e+00,5.996422376483678818e-03
1.140533069975578906e+00,6.212041247636079788e-03
1.141064254414569268e+00,3.991350531578063965e-03
1.141593490263207444e+00,6.085887551307678223e-03
1.142120791765625532e+00,5.662350449711084366e-03
1.142646173010337662e+00,5.922620184719562531e-03
1.143169647932499089e+00,6.184913683682680130e-03
1.143691230316123963e+00,4.532466642558574677e-03
1.144210933796262930e+00,6.470581982284784317e-03
1.144728771861142080e+00,7.020612247288227081e-03
1.145244757854263273e+00,6.424271501600742340e-03
1.145758904976468040e+00,6.775690242648124695e-03
1.146271226287962186e+00,5.643866024911403656e-03
1.146781734710308642e+00,6.460831034928560257e-03
1.147290443028380791e+00,5.642279516905546188e-03
1.147797363892285594e+00,3.695598803460597992e-03
1.148302509819249639e+00,6.187630817294120789e-03
1.148805893195474326e+00,6.734746508300304413e-03
1.149307526277958402e+00,5.352688487619161606e-03
1.149807421196288093e+00,6.731481757014989853e-03
1.150305589954397689e+00,6.176379974931478500e-03
1.150802044432298388e+00,5.339697003364562988e-03
1.151296796387778487e+00,7.837494835257530212e-03
1.151789857458074717e+00,5.341562908142805099e-03
1.152281239161514037e+00,5.335730500519275665e-03
1.152770952899128121e+00,5.613118875771760941e-03
1.153259009956241199e+00,5.054056644439697266e-03
1.153745421504029922e+00,5.885657388716936111e-03
1.154230198601057689e+00,5.601840093731880188e-03
1.154713352194783882e+00,6.159257609397172928e-03
1.155194893123046018e+00,7.545289117842912674e-03
1.155674832115519690e+00,7.260813843458890915e-03
1.156153179795152308e+00,4.770702682435512543e-03
1.156629946679573973e+00,3.944060765206813812e-03
1.157105143182485696e+00,4.771280102431774139e-03
1.157578779615023423e+00,6.726873572915792465e-03
1.158050866187100514e+00,4.500472918152809143e-03
1.158521413008729350e+00,6.450240965932607651e-03
1.158990430091319634e+00,4.207428079098463058e-03
1.159457927348956030e+00,4.489810671657323837e-03
1.159923914599656714e+00,5.881253629922866821e-03
1.160388401566609495e+00,4.488357342779636383e-03
1.160851397879389957e+00,3.375000320374965668e-03
1.161312913075158937e+00,4.479703027755022049e-03
1.161772956599841145e+00,5.310197360813617706e-03
1.162231537809286230e+00,4.759926348924636841e-03
1.162688665970408319e+00,5.867301020771265030e-03
1.163144350262311777e+00,7.264684420078992844e-03
1.163598599777396103e+00,4.758006427437067032e-03
1.164051423522444839e+00,4.761796444654464722e-03
1.164502830419696267e+00,6.147580221295356750e-03
1.164952829307899895e+00,6.423129234462976456e-03
1.165401428943353190e+00,6.421690806746482849e-03
1.165848638000925419e+00,4.452217370271682739e-03
1.166294465075062625e+00,6.635250058025121689e-03
1.166738918680779724e+00,4.634968470782041550e-03
1.167182007254636389e+00,6.434392184019088745e-03
1.167623739155697393e+00,4.267944954335689545e-03
1.168064122666478966e+00,5.595611408352851868e-03
1.168503165993880932e+00,4.495799075812101364e-03
1.168940877270103762e+00,4.205250181257724762e-03
1.169377264553552953e+00,5.034933332353830338e-03
1.169812335829729655e+00,5.319071002304553986e-03
1.170246099012105523e+00,5.595399066805839539e-03
1.170678561942988694e+00,3.920314367860555649e-03
1.171109732394373326e+00,6.422256119549274445e-03
1.171539618068777155e+00,4.471792839467525482e-03
1.171968226600069052e+00,3.921593073755502701e-03
1.172395565554280150e+00,5.310346372425556183e-03
1.172821642430406541e+00,5.862781777977943420e-03
1.173246464661198640e+00,2.808420220389962196e-03
1.173670039613939009e+00,4.189787432551383972e-03
1.174092374591209298e+00,8.360117673873901367e-03
1.174513476831645198e+00,6.973481271415948868e-03
1.174933353510680956e+00,6.114755291491746902e-03
1.175352011741283453e+00,8.081121370196342468e-03
1.175769458574674520e+00,5.596613511443138123e-03
1.176185701001044359e+00,1.089957077056169510e-02
1.176600745950252991e+00,1.748730242252349854e-01
1.177014600292522806e+00,1.012454554438591003e-01
1.177427270839121798e+00,6.072424724698066711e-02
1.177838764343034139e+00,3.384260460734367371e-02
1.178249087499626091e+00,3.013297729194164276e-02
1.178658246947296595e+00,1.791251078248023987e-02
1.179066249268124089e+00,1.404104661196470261e-02
1.179473100988500445e+00,6.671705748885869980e-03
1.179878808579758465e+00,9.095336310565471649e-03
1.180283378458787835e+00,6.520749535411596298e-03
1.180686816988646415e+00,6.530690472573041916e-03
1.181089130479157756e+00,5.562553647905588150e-03
1.181490325187506629e+00,6.200176198035478592e-03
1.181890407318820335e+00,4.806603770703077316e-03
1.182289383026745355e+00,4.998513497412204742e-03
1.182687258414015563e+00,6.467405240982770920e-03
1.183084039533012444e+00,5.448904354125261307e-03
1.183479732386316430e+00,6.542690098285675049e-03
1.183874342927253132e+00,6.224658340215682983e-03
1.184267877060429797e+00,4.537849687039852142e-03
1.184660340642266219e+00,5.646113306283950806e-03
1.185051739481516542e+00,5.922519136220216751e-03
1.185442079339786181e+00,7.864309474825859070e-03
1.185831365932041193e+00,4.809377249330282211e-03
1.186219604927107429e+00,4.803103860467672348e-03
1.186606801948169920e+00,4.523111507296562195e-03
1.186992962573258703e+00,6.739868782460689545e-03
1.187378092335731328e+00,6.450153421610593796e-03
1.187762196724750030e+00,7.015303708612918854e-03
1.188145281185749358e+00,6.172518245875835419e-03
1.188527351120901354e+00,6.726733408868312836e-03
1.188908411889570305e+00,3.389313351362943649e-03
1.189288468808765264e+00,6.721454206854104996e-03
1.189667527153585702e+00,5.888008512556552887e-03
1.190045592157659815e+00,5.327570717781782150e-03
1.190422669013577739e+00,4.223934840410947800e-03
1.190798762873320538e+00,4.219550173729658127e-03
1.191173878848682532e+00,4.775400273501873016e-03
1.191548022011686969e+00,5.050400737673044205e-03
1.191921197394998577e+00,6.984974257647991180e-03
1.192293409992330133e+00,5.327733699232339859e-03
1.192664664758841697e+00,5.322663579136133194e-03
1.193034966611538517e+00,4.764555953443050385e-03
1.193404320429659826e+00,6.432259455323219299e-03
1.193772731055066094e+00,5.873582791537046432e-03
1.194140203292618940e+00,6.426305975764989853e-03
1.194506741910557945e+00,3.926377277821302414e-03
1.194872351640871022e+00,5.591824650764465332e-03
1.195237037179661232e+00,6.979169324040412903e-03
1.195600803187509165e+00,4.202639684081077576e-03
1.195963654289829980e+00,4.471200983971357346e-03
1.196325595077226245e+00,5.318714771419763565e-03
1.196686630105836313e+00,6.977551616728305817e-03
1.197046763897678945e+00,3.921571653336286545e-03
1.197406000940992365e+00,5.767458118498325348e-03
1.197764345690570442e+00,4.306979943066835403e-03
1.198121802568094640e+00,5.063433665782213211e-03
1.198478375962459763e+00,6.706167943775653839e-03
1.198834070230099025e+00,3.088995348662137985e-03
1.199188889695302462e+00,2.532075624912977219e-03
1.199542838650532683e+00,3.637542715296149254e-03
1.199895921356736173e+00,7.253226824104785919e-03
1.200248142043651267e+00,6.420586723834276199e-03
1.200599504910112358e+00,5.030611995607614517e-03
1.200950014124349652e+00,5.858327262103557587e-03
1.201299673824286929e+00,4.473618697375059128e-03
1.201648488117833313e+00,5.302032921463251114e-03
1.201996461083173484e+00,4.192699212580919266e-03
1.202343596769054113e+00,5.021706689149141312e-03
1.202689899195065859e+00,6.136428564786911011e-03
1.203035372351923593e+00,4.747396335005760193e-03
1.203380020201741063e+00,7.521629333496093750e-03
1.203723846678303788e+00,5.577836651355028152e-03
1.204066855687339732e+00,5.856004543602466583e-03
1.204409051106784645e+00,4.747069440782070160e-03
1.204750436787044299e+00,7.249521557241678238e-03
1.205091016551255612e+00,7.247047033160924911e-03
1.205430794195543331e+00,4.463830497115850449e-03
1.205769773489273611e+00,6.134581286460161209e-03
1.206107958175305361e+00,6.965661887079477310e-03
1.206445351970237390e+00,6.686304230242967606e-03
1.206781958564654422e+00,6.135368719696998596e-03
1.207117781623368469e+00,5.299201700836420059e-03
1.207452824785659296e+00,5.017948802560567856e-03
1.207787091665509571e+00,6.131547503173351288e-03
1.208120585851840678e+00,5.295554175972938538e-03
1.208453310908741862e+00,5.852350965142250061e-03
1.208785270375700271e+00,7.242459338158369064e-03
1.209116467767826331e+00,3.629828104749321938e-03
1.209446906576077119e+00,5.018264520913362503e-03
1.209776590267476859e+00,4.461975768208503723e-03
1.210105522285335855e+00,6.131187081336975098e-03
1.210433706049466096e+00,4.461301956325769424e-03
1.210761144956393531e+00,5.850958637893199921e-03
1.211087842379570789e+00,5.294464062899351120e-03
1.211413801669584123e+00,5.295510403811931610e-03
1.211739026154360133e+00,5.850860849022865295e-03
1.212063519139370493e+00,5.017171148210763931e-03
1.212387283907832236e+00,6.965068168938159943e-03
1.212710323720907590e+00,4.183151293545961380e-03
1.213032641817901158e+00,5.015615373849868774e-03
1.213354241416454871e+00,5.848501343280076981e-03
1.213675125712740055e+00,6.961785722523927689e-03
1.213995297881649504e+00,4.463551100343465805e-03
1.214314761076984439e+00,7.516714744269847870e-03
1.214633518431641246e+00,6.402478553354740143e-03
1.214951573057796663e+00,6.404309067875146866e-03
1.215268928047089192e+00,5.570854526013135910e-03
1.215585586470799395e+00,5.012992303818464279e-03
1.215901551380029089e+00,5.293314345180988312e-03
1.216216825805877200e+00,4.736671224236488342e-03
1.216531412759613406e+00,5.568637046962976456e-03
1.216845315232852887e+00,5.291479174047708511e-03
1.217158536197724406e+00,6.680747494101524353e-03
1.217471078607041068e+00,5.012704990804195404e-03
1.217782945394467076e+00,4.180985502898693085e-03
1.218094139474681370e+00,6.402063183486461639e-03
1.218404663743543948e+00,5.846566054970026016e-03
1.218714521078254176e+00,5.013140384107828140e-03
1.219023714337513331e+00,6.679359357804059982e-03
1.219332246361682248e+00,5.845228210091590881e-03
1.219640119972937198e+00,5.847913213074207306e-03
1.219947337975425095e+00,5.291033070534467697e-03
1.220253903155417152e+00,6.122241728007793427e-03
1.220559818281460096e+00,7.751130498945713043e-03
1.220865086104525821e+00,5.294382106512784958e-03
1.221169709358161048e+00,6.402101367712020874e-03
1.221473690758632547e+00,4.459017422050237656e-03
1.221777033005074342e+00,5.291483830660581589e-03
1.222079738779629610e+00,6.958036217838525772e-03
1.222381810747594111e+00,6.123869214206933975e-03
1.222683251557557416e+00,6.122128106653690338e-03
1.222984063841540348e+00,5.567498039454221725e-03
1.223284250215135316e+00,3.902014344930648804e-03
1.223583813277640653e+00,6.680538877844810486e-03
1.223882755612197171e+00,6.400813348591327667e-03
1.224181079785920945e+00,6.400691345334053040e-03
1.224478788350035652e+00,5.289581138640642166e-03
1.224775883840004465e+00,4.732714965939521790e-03
1.225072368775657949e+00,7.788917049765586853e-03
1.225368245661323297e+00,5.011858884245157242e-03
1.225663516985951551e+00,3.900413168594241142e-03
1.225958185223242625e+00,5.843156017363071442e-03
1.226252252831769862e+00,4.177660215646028519e-03
1.226545722255103055e+00,8.066312409937381744e-03
1.226838595921929898e+00,6.121435668319463730e-03
1.227130876246177671e+00,8.064959198236465454e-03
1.227422565627131812e+00,4.733126144856214523e-03
1.227713666449553820e+00,5.566074512898921967e-03
1.228004181083798718e+00,5.289024673402309418e-03
1.228294111885931184e+00,5.009120330214500427e-03
1.228583461197839455e+00,3.899154718965291977e-03
1.228872231347349242e+00,3.342698793858289719e-03
1.229160424648336303e+00,6.398822180926799774e-03
1.229448043400836577e+00,6.118866614997386932e-03
1.229735089891158317e+00,6.120829842984676361e-03
1.230021566391988896e+00,4.730482120066881180e-03
1.230307475162504494e+00,4.732673987746238708e-03
1.230592818448476233e+00,5.286518018692731857e-03
1.230877598482376323e+00,6.676306482404470444e-03
1.231161817483481746e+00,5.286437459290027618e-03
1.231445477657980625e+00,5.841590929776430130e-03
1.231728581199071471e+00,5.841984879225492477e-03
1.232011130287068212e+00,3.896708367392420769e-03
1.232293127089498119e+00,6.119651254266500473e-03
1.232574573761204828e+00,3.619216848164796829e-03
1.232855472444443601e+00,5.008660722523927689e-03
1.233135825268981467e+00,3.341809380799531937e-03
1.233415634352192924e+00,4.452045541256666183e-03
1.233694901799157861e+00,7.228977512568235397e-03
1.233973629702753705e+00,4.731426481157541275e-03
1.234251820143751122e+00,5.286630243062973022e-03
1.234529475190908165e+00,4.730996675789356232e-03
1.234806596901059983e+00,6.398114375770092010e-03
1.235083187319212961e+00,7.230340503156185150e-03
1.235359248478633543e+00,5.012867506593465805e-03
1.235634782400938603e+00,5.287699401378631592e-03
1.235909791096183596e+00,4.176716785877943039e-03
1.236184276562951823e+00,6.953843403607606888e-03
1.236458240788439911e+00,6.120007950812578201e-03
1.236731685748546195e+00,6.952197290956974030e-03
1.237004613407953757e+00,5.564045626670122147e-03
1.237277025720217249e+00,4.452055320143699646e-03
1.237548924627845714e+00,5.563303362578153610e-03
1.237820312062385852e+00,7.785469759255647659e-03
1.238091189944504844e+00,3.619136987254023552e-03
1.238361560184070731e+00,4.452961962670087814e-03
1.238631424680235016e+00,6.119137164205312729e-03
1.238900785321510600e+00,5.008618347346782684e-03
1.239169643985852831e+00,6.952260620892047882e-03
1.239438002540736994e+00,5.840627010911703110e-03
1.239705862843237139e+00,6.395443808287382126e-03
1.239973226740102019e+00,5.284665152430534363e-03
1.240240096067832143e+00,6.117346696555614471e-03
1.240506472652755710e+00,5.840138066560029984e-03
1.240772358311102552e+00,5.007224623113870621e-03
1.241037754849080077e+00,4.451263230293989182e-03
1.241302664062944761e+00,5.006424151360988617e-03
1.241567087739077868e+00,5.839827004820108414e-03
1.241831027654054509e+00,6.950623821467161179e-03
1.242094485574718021e+00,5.284435581415891647e-03
1.242357463258249473e+00,5.006439983844757080e-03
1.242619962452238047e+00,6.117336452007293701e-03
1.242881984894751435e+00,4.172730259597301483e-03
1.243143532314404442e+00,3.339686896651983261e-03
1.243404606430426496e+00,5.007035098969936371e-03
1.243665208952731804e+00,6.395553238689899445e-03
1.243925341581984201e+00,4.173134453594684601e-03
1.244185006009665084e+00,4.449873231351375580e-03
1.244444203918138259e+00,4.728827625513076782e-03
1.244702936980716990e+00,5.282885394990444183e-03
1.244961206861727510e+00,5.283256061375141144e-03
1.245219015216573410e+00,3.617135575041174889e-03
1.245476363691800037e+00,5.006093997508287430e-03
1.245733253925156436e+00,5.839407444000244141e-03
1.245989687545658864e+00,6.395007017999887466e-03
1.246245666173652511e+00,6.116765085607767105e-03
1.246501191420873234e+00,5.561508703976869583e-03
1.246756264890506838e+00,5.839293822646141052e-03
1.247010888177251919e+00,6.393904332071542740e-03
1.247265062867378038e+00,3.339151851832866669e-03
1.247518790538785005e+00,7.505524903535842896e-03
1.247772072761062612e+00,3.061314811930060387e-03
1.248024911095547695e+00,5.560652352869510651e-03
1.248277307095383648e+00,4.448899067938327789e-03
1.248529262305575038e+00,6.116250529885292053e-03
1.248780778263047342e+00,4.727656021714210510e-03
1.249031856496700010e+00,5.005359649658203125e-03
1.249282498527465979e+00,7.226926740258932114e-03
1.249532705868362958e+00,3.338449401780962944e-03
1.249782480024551612e+00,5.005382932722568512e-03
1.250031822493387512e+00,5.005580838769674301e-03
1.250280734764476431e+00,6.391405593603849411e-03
1.250529218319727187e+00,6.671045441180467606e-03
1.250777274633404268e+00,5.560113582760095596e-03
1.251024905172181345e+00,3.338063368573784828e-03
1.251272111395191677e+00,6.393601186573505402e-03
1.251518894754081845e+00,5.838293116539716721e-03
1.251765256693060824e+00,5.560385528951883316e-03
1.252011198648951718e+00,5.563261918723583221e-03
1.252256722051241944e+00,4.233564734458923340e-01
1.252501828322133415e+00,1.853451877832412720e-01
1.252746518876591386e+00,1.774525940418243408e-01
1.252990795122393308e+00,1.270585358142852783e-01
1.253234658460178341e+00,9.367148578166961670e-02
1.253478110283494429e+00,6.367886811494827271e-02
1.253721151978847370e+00,4.903002083301544189e-02
1.253963784925746561e+00,6.861677765846252441e-02
1.254206010496753620e+00,2.985900826752185822e-02
1.254447830057528135e+00,3.460489213466644287e-02
1.254689244966873396e+00,1.890928857028484344e-02
1.254930256576783698e+00,1.581003516912460327e-02
1.255170866232488081e+00,2.273242175579071045e-02
1.255411075272496513e+00,9.764037095010280609e-03
1.255650885028644081e+00,8.682442829012870789e-03
1.255890296826135621e+00,7.896606810390949249e-03
1.256129311983589014e+00,8.145228959619998932e-03
1.256367931813079819e+00,6.606980692595243454e-03
1.256606157620183017e+00,5.884198937565088272e-03
1.256843990704017866e+00,6.906578317284584045e-03
1.257081432357288309e+00,6.115351803600788116e-03
1.257318483866326497e+00,5.792340729385614395e-03
1.257555146511134536e+00,6.494807079434394836e-03
1.257791421565424672e+00,4.375640302896499634e-03
1.258027310296662371e+00,5.447144620120525360e-03
1.258262813966105398e+00,5.079090595245361328e-03
1.258497933828845561e+00,4.957624245434999466e-03
1.258732671133847569e+00,3.244478255510330200e-03
1.258967027123990556e+00,4.526684992015361786e-03
1.259201003036105604e+00,4.523573908954858780e-03
1.259434600101016377e+00,5.328474100679159164e-03
1.259667819543577094e+00,6.160993594676256180e-03
1.259900662582712050e+00,4.224382806569337845e-03
1.260133130431452919e+00,5.518360063433647156e-03
1.260365224296976283e+00,5.632950458675622940e-03
1.260596945380642708e+00,7.820466533303260803e-03
1.260828294878033384e+00,7.262325379997491837e-03
1.261059273978986761e+00,3.100547241047024727e-03
1.261289883867635409e+00,5.040525458753108978e-03
1.261520125722442431e+00,5.875874776393175125e-03
1.261750000716238329e+00,4.203652031719684601e-03
1.261979510016255857e+00,5.864114966243505478e-03
1.262208654784165995e+00,5.313422065228223801e-03
1.262437436176113259e+00,5.315778311342000961e-03
1.262665855342750554e+00,5.862521007657051086e-03
1.262893913429274262e+00,5.033977795392274857e-03
1.263121611575458214e+00,4.749450366944074631e-03
1.263348950915687885e+00,5.584083497524261475e-03
1.263575932578995253e+00,3.634624881669878960e-03
1.263802557689090778e+00,5.582731217145919800e-03
1.264028827364398255e+00,5.579482298344373703e-03
1.264254742718087687e+00,4.747768398374319077e-03
1.264480304858106363e+00,6.693570874631404877e-03
1.264705514887214832e+00,4.191162530332803726e-03
1.264930373903015992e+00,7.521797437220811844e-03
1.265154882997988839e+00,4.745686892420053482e-03
1.265379043259520664e+00,5.023091100156307220e-03
1.265602855769937030e+00,5.300056189298629761e-03
1.265826321606534854e+00,5.023856181651353836e-03
1.266049441841612389e+00,6.690202280879020691e-03
1.266272217542500522e+00,4.743638914078474045e-03
1.266494649771593428e+00,3.908851183950901031e-03
1.266716739586378759e+00,5.295064765959978104e-03
1.266938488039468069e+00,3.906898200511932373e-03
1.267159896178627010e+00,3.351198974996805191e-03
1.267380965046803976e+00,3.631821367889642715e-03
1.267601695682160301e+00,6.965398788452148438e-03
1.267822089118100237e+00,8.074644021689891815e-03
1.268042146383298263e+00,4.740117583423852921e-03
1.268261868501729506e+00,5.575953051447868347e-03
1.268481256492697273e+00,6.127971224486827850e-03
1.268700311370862366e+00,5.019242409616708755e-03
1.268919034146269942e+00,6.128462962806224823e-03
1.269137425824379051e+00,4.739064723253250122e-03
1.269355487406088390e+00,4.458743147552013397e-03
1.269573219887766502e+00,4.738014191389083862e-03
1.269790624261275980e+00,6.405030377209186554e-03
1.270007701514002996e+00,5.848811008036136627e-03
1.270224452628883283e+00,6.680948659777641296e-03
1.270440878584429001e+00,3.626486752182245255e-03
1.270656980354754939e+00,5.292663816362619400e-03
1.270872758909604938e+00,7.237575016915798187e-03
1.271088215214378314e+00,5.847114138305187225e-03
1.271303350230155838e+00,4.459288902580738068e-03
1.271518164913724824e+00,6.402634549885988235e-03
1.271732660217604671e+00,7.793284486979246140e-03
1.271946837090073501e+00,5.292211193591356277e-03
1.272160696475191033e+00,6.679499521851539612e-03
1.272374239312826782e+00,6.678809411823749542e-03
1.272587466538680934e+00,3.625164041295647621e-03
1.272800379084312095e+00,5.846821703016757965e-03
1.273012977877160612e+00,4.455348942428827286e-03
1.273225263840572108e+00,5.566995590925216675e-03
1.273437237893823015e+00,5.289502907544374466e-03
1.273648900952143004e+00,5.568073131144046783e-03
1.273860253926739627e+00,7.790606468915939331e-03
1.274071297724821195e+00,4.456899594515562057e-03
1.274282033249621415e+00,4.456216469407081604e-03
1.274492461400420718e+00,5.845637526363134384e-03
1.274702583072570894e+00,6.122109945863485336e-03
1.274912399157516862e+00,6.677844095975160599e-03
1.275121910542819981e+00,5.011135246604681015e-03
1.275331118112180695e+00,4.458631388843059540e-03
1.275540022745460300e+00,3.343618009239435196e-03
1.275748625318703144e+00,7.232106756418943405e-03
1.275956926704159944e+00,6.121602375060319901e-03
1.276164927770307544e+00,6.398573517799377441e-03
1.276372629381872903e+00,4.732367116957902908e-03
1.276580032399852405e+00,4.177047871053218842e-03
1.276787137681535622e+00,5.011074244976043701e-03
1.276993946080524411e+00,3.620736533775925636e-03
1.277200458446755560e+00,6.676850840449333191e-03
1.277406675626521215e+00,3.620896255597472191e-03
1.277612598462489313e+00,3.620767500251531601e-03
1.277818227793724892e+00,5.843150429427623749e-03
1.278023564455710082e+00,4.732229746878147125e-03
1.278228609280364525e+00,3.063545329496264458e-03
1.278433363096066255e+00,5.288713146001100540e-03
1.278637826727671012e+00,6.677888333797454834e-03
1.278842000996532668e+00,6.397577002644538879e-03
1.279045886720522551e+00,5.009094253182411194e-03
1.279249484714049201e+00,6.119693629443645477e-03
1.279452795788078578e+00,6.676019169390201569e-03
1.279655820750152717e+00,4.730634856969118118e-03
1.279858560404408818e+00,5.008038599044084549e-03
1.280061015551599235e+00,2.786652650684118271e-03
1.280263186989109681e+00,5.564342252910137177e-03
1.280465075510978101e+00,6.120495963841676712e-03
1.280666681907913773e+00,4.730182699859142303e-03
1.280868006967316397e+00,5.841410253196954727e-03
1.281069051473292308e+00,6.396219599992036819e-03
1.281269816206676238e+00,5.842185579240322113e-03
1.281470301945046186e+00,6.952070631086826324e-03
1.281670509462743635e+00,5.007041618227958679e-03
1.281870439530890415e+00,6.396380718797445297e-03
1.282070092917407145e+00,5.839843768626451492e-03
1.282269470387030763e+00,3.340938361361622810e-03
1.282468572701331855e+00,3.895981702953577042e-03
1.282667400618732190e+00,3.340451978147029877e-03
1.282865954894522487e+00,6.673696450889110565e-03
1.283064236280879067e+00,5.839729681611061096e-03
1.283262245526880951e+00,4.173710942268371582e-03
1.283459983378528069e+00,6.950665730983018875e-03
1.283657450578755466e+00,6.395683623850345612e-03
1.283854647867453069e+00,5.007413681596517563e-03
1.284051575981480564e+00,7.228835485875606537e-03
1.284248235654683823e+00,5.562088452279567719e-03
1.284444627617912671e+00,4.729734268039464951e-03
1.284640752599035318e+00,4.728540778160095215e-03
1.284836611322956568e+00,5.283223465085029602e-03
1.285032204511632248e+00,8.062325417995452881e-03
1.285227532884085422e+00,5.561322439461946487e-03
1.285422597156423485e+00,3.894947469234466553e-03
1.285617398041852599e+00,5.561789963394403458e-03
1.285811936250693677e+00,4.451017361134290695e-03
1.286006212490398148e+00,5.284086801111698151e-03
1.286200227465563506e+00,6.116891745477914810e-03
1.286393981877948178e+00,8.061145432293415070e-03
1.286587476426486853e+00,7.506107445806264877e-03
1.286780711807306021e+00,4.727824125438928604e-03
1.286973688713738406e+00,6.672741845250129700e-03
1.287166407836338733e+00,4.450226668268442154e-03
1.287358869862897937e+00,4.172403365373611450e-03
1.287551075478457152e+00,5.005002487450838089e-03
1.287743025365324145e+00,4.728069528937339783e-03
1.287934720203086636e+00,5.839150864630937576e-03
1.288126160668626952e+00,5.283204838633537292e-03
1.288317347436135796e+00,7.504897657781839371e-03
1.288508281177128012e+00,6.394788622856140137e-03
1.288698962560455463e+00,4.172140266746282578e-03
1.288889392252321020e+00,4.448884632438421249e-03
1.289079570916294104e+00,5.561192054301500320e-03
1.289269499213321568e+00,6.671800743788480759e-03
1.289459177801745238e+00,6.116142496466636658e-03
1.289648607337312791e+00,6.949363276362419128e-03
1.289837788473191527e+00,3.893568413332104683e-03
1.290026721859984127e+00,5.283559206873178482e-03
1.290215408145739540e+00,4.726977087557315826e-03
1.290403847975967411e+00,3.894521389156579971e-03
1.290592041993651851e+00,5.561154801398515701e-03
1.290779990839263203e+00,3.893449436873197556e-03
1.290967695150772476e+00,5.282770842313766479e-03
1.291155155563663337e+00,5.282771773636341095e-03
1.291342372710946096e+00,4.449324216693639755e-03
1.291529347223169255e+00,5.004233680665493011e-03
1.291716079728433497e+00,8.615909144282341003e-03
1.291902570852403453e+00,5.560555029660463333e-03
1.292088821218320360e+00,7.782458327710628510e-03
1.292274831447014938e+00,5.282408092170953751e-03
1.292460602156919824e+00,4.171079955995082855e-03
1.292646133964081567e+00,5.838163197040557861e-03
1.292831427482173057e+00,3.337832633405923843e-03
1.293016483322505739e+00,7.227288559079170227e-03
1.293201302094041383e+00,5.281771067529916763e-03
1.293385884403404962e+00,4.726459737867116928e-03
1.293570230854895531e+00,5.838053300976753235e-03
1.293754342050498440e+00,6.115123163908720016e-03
1.293938218589898215e+00,5.004424601793289185e-03
1.294121861070488322e+00,5.282321013510227203e-03
1.294305270087384274e+00,6.115233991295099258e-03
1.294488446233434953e+00,4.725952632725238800e-03
1.294671390099233266e+00,4.448275081813335419e-03
1.294854102273129248e+00,3.892896231263875961e-03
1.295036583341239611e+00,4.170538857579231262e-03
1.295218833887459731e+00,4.725955892354249954e-03
1.295400854493475196e+00,5.281896796077489853e-03
1.295582645738773131e+00,4.170601256191730499e-03
1.295764208200651524e+00,4.726023878902196884e-03
1.295945542454233435e+00,4.448386840522289276e-03
1.296126649072473880e+00,5.837215110659599304e-03
1.296307528626174710e+00,5.837078671902418137e-03
1.296488181683992158e+00,4.448452498763799667e-03
1.296668608812449719e+00,8.059270679950714111e-03
1.296848810575947697e+00,5.559279583394527435e-03
1.297028787536774086e+00,5.003450904041528702e-03
1.297208540255115228e+00,4.725896753370761871e-03
1.297388069289066248e+00,7.225861772894859314e-03
1.297567375194641048e+00,6.948435213416814804e-03
1.297746458525783630e+00,6.392177660018205643e-03
1.297925319834376978e+00,6.392223760485649109e-03
1.298103959670254381e+00,5.280984565615653992e-03
1.298282378581208985e+00,4.448196850717067719e-03
1.298460577113004444e+00,6.114604882895946503e-03
1.298638555809384254e+00,6.114517804235219955e-03
1.298816315212081740e+00,6.670300383120775223e-03
1.298993855860830715e+00,4.448157735168933868e-03
1.299171178293374807e+00,4.447728861123323441e-03
1.299348283045477004e+00,4.724996630102396011e-03
1.299525170650929429e+00,5.558997392654418945e-03
1.299701841641563993e+00,5.003706552088260651e-03
1.299878296547260170e+00,5.559078417718410492e-03
1.300054535895955876e+00,2.503291005268692970e-03
1.300230560213657238e+00,5.558685865253210068e-03
1.300406370024446590e+00,6.392034236341714859e-03
1.300581965850492905e+00,6.947762332856655121e-03
1.300757348212060460e+00,4.169673658907413483e-03
1.300932517627519269e+00,3.891997504979372025e-03
1.301107474613352633e+00,6.669772323220968246e-03
1.301282219684167574e+00,6.669507361948490143e-03
1.301456753352703277e+00,4.725409671664237976e-03
1.301631076129840192e+00,6.391500588506460190e-03
1.301805188524609136e+00,5.002596415579319000e-03
1.301979091044200842e+00,4.724761936813592911e-03
1.302152784193972623e+00,5.002534948289394379e-03
1.302326268477460136e+00,5.002936348319053650e-03
1.302499544396383824e+00,5.558548960834741592e-03
1.302672612450659573e+00,5.280659534037113190e-03
1.302845473138404708e+00,6.391942966729402542e-03
1.303018126955949763e+00,5.003098398447036743e-03
1.303190574397844470e+00,7.780723739415407181e-03
1.303362815956867982e+00,4.169168416410684586e-03
1.303534852124035526e+00,5.280706565827131271e-03
1.303706683388608845e+00,4.724990110844373703e-03
1.303878310238103300e+00,5.558081436902284622e-03
1.304049733158296087e+00,6.391644943505525589e-03
1.304220952633235786e+00,5.558040924370288849e-03
1.304391969145248353e+00,4.447428043931722641e-03
1.304562783174946894e+00,4.169031977653503418e-03
1.304733395201240320e+00,5.280549172312021255e-03
1.304903805701339570e+00,5.280246958136558533e-03
1.305074015150766487e+00,6.391464266926050186e-03
1.305244024023362259e+00,4.447105806320905685e-03
1.305413832791294970e+00,3.613634733483195305e-03
1.305583441925066923e+00,5.557979922741651535e-03
1.305752851893523303e+00,6.391204893589019775e-03
1.305922063163859503e+00,5.280733108520507812e-03
1.306091076201629120e+00,5.558015778660774231e-03
1.306259891470751056e+00,5.835890304297208786e-03
1.306428509433517737e+00,5.558138713240623474e-03
1.306596930550602886e+00,5.557984579354524612e-03
1.306765155281068180e+00,5.835728719830513000e-03
1.306933184082371469e+00,5.279964301735162735e-03
1.307101017410374988e+00,7.780060637742280960e-03
1.307268655719350026e+00,4.169311840087175369e-03
1.307436099461987578e+00,6.668956484645605087e-03
1.307603349089404121e+00,5.557924509048461914e-03
1.307770405051148277e+00,6.391061469912528992e-03
1.307937267795209468e+00,6.391178816556930542e-03
1.308103937768024361e+00,6.946942768990993500e-03
1.308270415414483967e+00,4.169111140072345734e-03
1.308436701177941197e+00,4.169240593910217285e-03
1.308602795500217297e+00,5.279893055558204651e-03
1.308768698821609844e+00,4.724599421024322510e-03
1.308934411580898960e+00,5.279906559735536575e-03
1.309099934215353978e+00,4.168773069977760315e-03
1.309265267160741653e+00,5.557559896260499954e-03
1.309430410851331938e+00,6.668932270258665085e-03
1.309595365719905313e+00,5.002092570066452026e-03
1.309760132197759219e+00,6.113492418080568314e-03
1.309924710714715612e+00,5.835294723510742188e-03
1.310089101699126068e+00,5.557937081903219223e-03
1.310253305577881111e+00,6.113335955888032913e-03
1.310417322776413540e+00,5.002086982131004333e-03
1.310581153718707981e+00,5.279765930026769638e-03
1.310744798827306434e+00,5.279925651848316193e-03
1.310908258523313608e+00,5.835244897753000259e-03
1.311071533226404906e+00,4.724280908703804016e-03
1.311234623354833317e+00,4.724232945591211319e-03
1.311397529325433631e+00,5.557646509259939194e-03
1.311560251553631540e+00,5.279646255075931549e-03
1.311722790453447196e+00,7.223891559988260269e-03
1.311885146437504090e+00,6.946353241801261902e-03
1.312047319917033716e+00,6.112882867455482483e-03
1.312209311301882675e+00,4.446524661034345627e-03
1.312371121000518226e+00,5.557510536164045334e-03
1.312532749420034728e+00,3.890595166012644768e-03
1.312694196966160076e+00,5.280020181089639664e-03
1.312855464043261478e+00,6.668436340987682343e-03
1.313016551054351666e+00,8.890843018889427185e-03
1.313177458401094899e+00,6.390752270817756653e-03
1.313338186483813175e+00,4.446182865649461746e-03
1.313498735701491560e+00,6.390462163835763931e-03
1.313659106451784631e+00,5.001919809728860855e-03
1.313819299131022467e+00,4.723938647657632828e-03
1.313979314134216869e+00,4.446124657988548279e-03
1.314139151855065801e+00,5.001720041036605835e-03
1.314298812685960938e+00,3.057027934119105339e-03
1.314458297017992328e+00,5.001548212021589279e-03
1.314617605240954390e+00,2.779648173600435257e-03
1.314776737743351465e+00,5.834854207932949066e-03
1.314935694912404252e+00,6.946109235286712646e-03
1.315094477134054252e+00,5.001784767955541611e-03
1.315253084792970872e+00,5.835032556205987930e-03
1.315411518272555647e+00,7.223677355796098709e-03
1.315569777954948893e+00,5.835024639964103699e-03
1.315727864221033938e+00,5.835083778947591782e-03
1.315885777450443772e+00,4.446195904165506363e-03
1.316043518021566605e+00,3.612774889916181564e-03
1.316201086311550084e+00,3.890632884576916695e-03
1.316358482696307508e+00,4.446123726665973663e-03
1.316515707550524494e+00,5.001469980925321579e-03
1.316672761247660750e+00,4.168267827481031418e-03
1.316829644159959622e+00,5.001723766326904297e-03
1.316986356658450541e+00,5.279376171529293060e-03
1.317142899112955234e+00,4.168090876191854477e-03
1.317299271892092838e+00,5.557125899940729141e-03
1.317455475363285000e+00,5.556918215006589890e-03
1.317611509892761879e+00,5.001421086490154266e-03
1.317767375845565914e+00,5.557028576731681824e-03
1.317923073585558269e+00,8.057252503931522369e-03
1.318078603475422605e+00,6.668246816843748093e-03
1.318233965876671743e+00,6.112579256296157837e-03
1.318389161149650990e+00,5.279293283820152283e-03
1.318544189653544363e+00,7.501484826207160950e-03
1.318699051746379469e+00,6.112573668360710144e-03
1.318853747785031727e+00,5.001440178602933884e-03
1.319008278125230138e+00,4.445725586265325546e-03
1.319162643121561507e+00,6.112641189247369766e-03
1.319316843127476435e+00,5.557035095989704132e-03
1.319470878495292210e+00,5.279196891933679581e-03
1.319624749576199685e+00,4.168037790805101395e-03
1.319778456720267057e+00,6.390297319740056992e-03
1.319932000276444306e+00,5.279241129755973816e-03
1.320085380592569413e+00,4.723650868982076645e-03
1.320238598015371245e+00,6.112357601523399353e-03
1.320391652890475553e+00,6.945712026208639145e-03
1.320544545562408967e+00,5.279290489852428436e-03
1.320697276374604545e+00,7.501447107642889023e-03
1.320849845669405109e+00,6.390259135514497757e-03
1.321002253788068570e+00,5.001279059797525406e-03
1.321154501070772813e+00,4.167969804257154465e-03
1.321306587856619918e+00,3.334654727950692177e-03
1.321458514483639712e+00,5.556918215006589890e-03
1.321610281288796651e+00,4.723515827208757401e-03
1.321761888607992041e+00,5.834473296999931335e-03
1.321913336776069148e+00,5.001152399927377701e-03
1.322064626126818521e+00,3.334673121571540833e-03
1.322215756992981328e+00,6.945589557290077209e-03
1.322366729706254240e+00,5.279012024402618408e-03
1.322517544597293648e+00,3.890123916789889336e-03
1.322668201995719883e+00,7.501165848225355148e-03
1.322818702230121657e+00,6.667944602668285370e-03
1.322969045628060947e+00,4.445488099008798599e-03
1.323119232516076327e+00,4.445747006684541702e-03
1.323269263219687630e+00,3.890299471095204353e-03
1.323419138063400391e+00,4.445514641702175140e-03
1.323568857370709839e+00,6.112286821007728577e-03
1.323718421464104456e+00,7.223458029329776764e-03
1.323867830665071743e+00,4.167888313531875610e-03
1.324017085294101115e+00,5.278912838548421860e-03
1.324166185670687890e+00,5.834320094436407089e-03
1.324315132113338400e+00,3.890235209837555885e-03
1.324463924939573101e+00,5.001062992960214615e-03
1.324612564465931008e+00,4.167729057371616364e-03
1.324761051007974366e+00,4.445617552846670151e-03
1.324909384880291086e+00,6.112114526331424713e-03
1.325057566396500963e+00,4.445612896233797073e-03
1.325205595869256792e+00,5.001095123589038849e-03
1.325353473610251687e+00,4.723452497273683548e-03
1.325501199930220197e+00,6.112250499427318573e-03
1.325648775138943192e+00,3.056589281186461449e-03
1.325796199545252740e+00,4.167666193097829819e-03
1.325943473457034782e+00,6.112145259976387024e-03
1.326090597181232233e+00,4.723292775452136993e-03
1.326237571023852091e+00,3.056586720049381256e-03
1.326384395289964768e+00,6.667709443718194962e-03
1.326531070283712088e+00,5.001208744943141937e-03
1.326677596308307949e+00,4.723159130662679672e-03
1.326823973666043877e+00,4.445438273251056671e-03
1.326970202658292131e+00,3.889978863298892975e-03
1.327116283585509038e+00,5.278895609080791473e-03
1.327262216747240098e+00,2.778821391984820366e-03
1.327408002442121981e+00,4.723237361758947372e-03
1.327553640967886972e+00,6.112231872975826263e-03
1.327699132621367184e+00,5.834294483065605164e-03
1.327844477698497005e+00,5.834238603711128235e-03
1.327989676494317317e+00,6.390050519257783890e-03
1.328134729302979267e+00,6.389855407178401947e-03
1.328279636417748044e+00,6.112226750701665878e-03
1.328424398131005102e+00,3.889872692525386810e-03
1.328569014734253262e+00,3.889869898557662964e-03
1.328713486518119824e+00,6.389878690242767334e-03
1.328857813772359453e+00,4.723316524177789688e-03
1.329001996785857731e+00,6.111990660429000854e-03
1.329146035846635820e+00,4.723086953163146973e-03
1.329289931241852463e+00,6.389799062162637711e-03
1.329433683257808196e+00,3.056506626307964325e-03
1.329577292179948689e+00,7.500853855162858963e-03
1.329720758292867844e+00,6.389833055436611176e-03
1.329864081880311577e+00,5.834161769598722458e-03
1.330007263225180703e+00,3.889647312462329865e-03
1.330150302609534929e+00,5.278645548969507217e-03
1.330293200314595303e+00,5.834256298840045929e-03
1.330435956620748872e+00,4.167554900050163269e-03
1.330578571807550459e+00,4.445305559784173965e-03
1.330721046153726661e+00,5.278632976114749908e-03
1.330863379937179625e+00,6.667529698461294174e-03
1.331005573434989708e+00,3.889743005856871605e-03
1.331147626923418148e+00,7.778583094477653503e-03
1.331289540677911276e+00,5.556399002671241760e-03
1.331431314973104296e+00,4.167707636952400208e-03
1.331572950082821949e+00,5.556497257202863693e-03
1.331714446280084285e+00,3.056380199268460274e-03
1.331855803837108887e+00,5.000812467187643051e-03
1.331997023025313531e+00,5.278647877275943756e-03
1.332138104115319521e+00,6.111999042332172394e-03
1.332279047376955683e+00,4.167716018855571747e-03
1.332419853079260808e+00,6.667448207736015320e-03
1.332560521490485872e+00,6.389600224792957306e-03
1.332701052878098702e+00,6.945258006453514099e-03
1.332841447508786192e+00,6.389759015291929245e-03
1.332981705648456972e+00,5.278725177049636841e-03
1.333121827562245398e+00,4.722998943179845810e-03
1.333261813514513561e+00,6.111936643719673157e-03
1.333401663768855272e+00,3.611843101680278778e-03
1.333541378588098514e+00,6.389660295099020004e-03
1.333680958234307656e+00,7.778624538332223892e-03
1.333820402968787899e+00,4.167478065937757492e-03
1.333959713052087270e+00,6.111880764365196228e-03
1.334098888743999733e+00,3.889606334269046783e-03
1.334237930303568298e+00,5.000717472285032272e-03
1.334376837989087461e+00,5.278587341308593750e-03
1.334515612058106315e+00,5.278465803712606430e-03
1.334654252767431659e+00,6.111819297075271606e-03
1.334792760373130438e+00,5.000669509172439575e-03
1.334931135130533297e+00,5.000736564397811890e-03
1.335069377294235915e+00,6.667474284768104553e-03
1.335207487118104108e+00,4.445168189704418182e-03
1.335345464855273834e+00,5.834106355905532837e-03
1.335483310758156739e+00,4.722961224615573883e-03
1.335621025078441049e+00,6.945133209228515625e-03
1.335758608067094899e+00,6.389573682099580765e-03
1.335896059974368999e+00,5.000677891075611115e-03
1.336033381049799740e+00,3.889615880325436592e-03
1.336170571542211638e+00,6.389528978615999222e-03
1.336307631699720000e+00,3.056233050301671028e-03
1.336444561769733363e+00,6.111858412623405457e-03
1.336581361998956829e+00,5.833955481648445129e-03
1.336718032633394282e+00,6.667296867817640305e-03
1.336854573918351052e+00,6.111724767833948135e-03
1.336990986098436363e+00,3.333993488922715187e-03
1.337127269417567099e+00,6.389558780938386917e-03
1.337263424118968480e+00,3.611752297729253769e-03
1.337399450445178717e+00,4.722899291664361954e-03
1.337535348638049904e+00,4.722861107438802719e-03
1.337671118938751347e+00,6.111776921898126602e-03
1.337806761587772675e+00,5.000648088753223419e-03
1.337942276824925392e+00,5.278386175632476807e-03
1.338077664889345764e+00,3.611746011301875114e-03
1.338212926019497928e+00,5.000582896173000336e-03
1.338348060453175226e+00,5.834029521793127060e-03
1.338483068427504419e+00,6.667227949947118759e-03
1.338617950178946137e+00,7.500718813389539719e-03
1.338752705943299093e+00,4.445038270205259323e-03
1.338887335955701419e+00,5.278304219245910645e-03
1.339021840450633771e+00,4.167221486568450928e-03
1.339156219661921998e+00,6.389553658664226532e-03
1.339290473822738248e+00,6.945050787180662155e-03
1.339424603165605188e+00,4.722807090729475021e-03
1.339558607922396671e+00,5.833963863551616669e-03
1.339692488324342401e+00,4.722920712083578110e-03
1.339826244602027483e+00,6.389587651938199997e-03
1.339959876985397091e+00,5.556218326091766357e-03
1.340093385703758022e+00,3.889571409672498703e-03
1.340226770985780247e+00,4.722768906503915787e-03
1.340360033059501133e+00,7.222778629511594772e-03
1.340493172152326107e+00,5.556072574108839035e-03
1.340626188491031545e+00,5.000639241188764572e-03
1.340759082301768101e+00,3.889444749802350998e-03
1.340891853810060041e+00,4.722794517874717712e-03
1.341024503240811683e+00,6.667188368737697601e-03
1.341157030818306728e+00,3.333924803882837296e-03
1.341289436766210486e+00,6.944955792278051376e-03
1.341421721307574089e+00,4.167336504906415939e-03
1.341553884664836049e+00,6.667207926511764526e-03
1.341685927059822481e+00,5.000615026801824570e-03
1.341817848713752648e+00,4.722832702100276947e-03
1.341949649847238302e+00,6.667239125818014145e-03
1.342081330680288120e+00,6.667146924883127213e-03
1.342212891432307709e+00,6.667138542979955673e-03
1.342344332322104261e+00,2.778240479528903961e-03
1.342475653567886784e+00,4.722752142697572708e-03
1.342606855387268983e+00,5.000495817512273788e-03
1.342737937997271258e+00,5.556053947657346725e-03
1.342868901614323374e+00,4.444999154657125473e-03
1.342999746454265564e+00,4.167193546891212463e-03
1.343130472732352754e+00,6.111639551818370819e-03
1.343261080663253448e+00,6.111604161560535431e-03
1.343391570461054840e+00,5.278333555907011032e-03
1.343521942339263475e+00,5.278237629681825638e-03
1.343652196510807473e+00,3.889461280778050423e-03
1.343782333188038525e+00,5.000472068786621094e-03
1.343912352582734560e+00,4.445047117769718170e-03
1.344042254906101963e+00,5.000474862754344940e-03
1.344172040368775356e+00,5.278297234326601028e-03
1.344301709180823812e+00,6.111610215157270432e-03
1.344431261551748191e+00,6.111597642302513123e-03
1.344560697690487139e+00,2.222661161795258522e-03
1.344690017805416637e+00,5.556008312851190567e-03
1.344819222104352896e+00,6.389390211552381516e-03
1.344948310794554347e+00,7.778331637382507324e-03
1.345077284082723645e+00,5.833828356117010117e-03
1.345206142175009223e+00,4.167143255472183228e-03
1.345334885277008841e+00,4.444858990609645844e-03
1.345463513593768257e+00,4.722747486084699631e-03
1.345592027329787221e+00,6.111537106335163116e-03
1.345720426689018367e+00,3.055989043787121773e-03
1.345848711874870762e+00,3.611516673117876053e-03
1.345976883090210796e+00,5.833748728036880493e-03
1.346104940537365513e+00,5.833740811794996262e-03
1.346232884418122833e+00,5.000470206141471863e-03
1.346360714933734437e+00,5.833799019455909729e-03
1.346488432284918213e+00,5.833762697875499725e-03
1.346616036671858696e+00,5.000430159270763397e-03
1.346743528294209957e+00,6.389285437762737274e-03
1.346870907351096935e+00,7.222650572657585144e-03
1.346998174041118546e+00,5.000452045351266861e-03
1.347125328562347235e+00,5.278208293020725250e-03
1.347252371112333202e+00,3.055989043787121773e-03
1.347379301888105063e+00,2.500507049262523651e-03
1.347506121086170960e+00,5.278267897665500641e-03
1.347632828902523006e+00,4.722650628536939621e-03
1.347759425532635946e+00,6.389262154698371887e-03
1.347885911171470275e+00,5.000381730496883392e-03
1.348012286013475336e+00,4.167059902101755142e-03
1.348138550252589107e+00,6.111594382673501968e-03
1.348264704082240861e+00,5.833773408085107803e-03
1.348390747695352943e+00,4.167164210230112076e-03
1.348516681284342544e+00,3.055953420698642731e-03
1.348642505041123485e+00,5.833697970956563950e-03
1.348768219157107984e+00,5.278122611343860626e-03
1.348893823823207994e+00,5.555946379899978638e-03
1.349019319229837199e+00,6.389270536601543427e-03
1.349144705566913460e+00,4.722664598375558853e-03
1.349269983023858810e+00,5.000345408916473389e-03
1.349395151789603675e+00,6.389283109456300735e-03
1.349520212052585988e+00,5.555942654609680176e-03
1.349645164000754516e+00,5.555957090109586716e-03
1.349770007821569751e+00,3.889336716383695602e-03
1.349894743702006794e+00,3.889306215569376945e-03
1.350019371828555137e+00,5.555962212383747101e-03
1.350143892387221989e+00,3.889271756634116173e-03
1.350268305563533389e+00,3.889272687956690788e-03
1.350392611542535537e+00,3.611532971262931824e-03
1.350516810508797017e+00,6.389220245182514191e-03
1.350640902646409902e+00,5.833745468407869339e-03
1.350764888138991315e+00,5.555987823754549026e-03
1.350888767169686311e+00,7.500404026359319687e-03
1.351012539921167876e+00,4.167057573795318604e-03
1.351136206575639376e+00,4.722459241747856140e-03
1.351259767314836102e+00,4.444840364158153534e-03
1.351383222320026389e+00,5.000400822609663010e-03
1.351506571772014720e+00,4.444801248610019684e-03
1.351629815851140615e+00,5.830566864460706711e-03
1.351752954737283297e+00,6.955116987228393555e-03
1.351875988609861245e+00,2.266990989446640015e-01
1.351998917647833531e+00,1.811263263225555420e-01
1.352121742029703588e+00,1.450159549713134766e-01
1.352244461933517883e+00,1.253418177366256714e-01
1.352367077536870354e+00,7.547205686569213867e-02
1.352489589016901306e+00,6.156146153807640076e-02
1.352611996550300510e+00,4.120257124304771423e-02
1.352734300313308768e+00,4.161595925688743591e-02
1.352856500481718793e+00,7.010249793529510498e-02
1.352978597230876767e+00,3.618520498275756836e-02
1.353100590735684339e+00,2.349162660539150238e-02
1.353222481170599290e+00,1.490172464400529861e-02
1.353344268709638865e+00,1.910794712603092194e-02
1.353465953526378440e+00,2.059785276651382446e-02
1.353587535793955299e+00,1.509317196905612946e-02
1.353709015685069961e+00,1.138659380376338959e-02
1.353830393371985519e+00,8.248833008110523224e-03
1.353951669026531857e+00,7.493927609175443649e-03
1.354072842820106093e+00,5.176484119147062302e-03
1.354193914923672581e+00,7.173867896199226379e-03
1.354314885507766686e+00,5.421012174338102341e-03
1.354435754742494558e+00,6.008872762322425842e-03
1.354556522797535800e+00,6.364986300468444824e-03
1.354677189842143692e+00,5.270750261843204498e-03
1.354797756045147183e+00,6.313589867204427719e-03
1.354918221574952675e+00,5.775459110736846924e-03
1.355038586599544459e+00,4.040507599711418152e-03
1.355158851286487831e+00,6.227097008377313614e-03
1.355279015802927756e+00,5.934431217610836029e-03
1.355399080315593530e+00,5.069310311228036880e-03
1.355519044990797672e+00,5.340913310647010803e-03
1.355638909994437924e+00,5.350511521100997925e-03
1.355758675491999687e+00,6.434584967792034149e-03
1.355878341648555585e+00,5.332089494913816452e-03
1.355997908628769233e+00,6.432504393160343170e-03
1.356117376596893243e+00,6.155322771519422531e-03
1.356236745716774328e+00,6.143067963421344757e-03
1.356356016151851751e+00,5.590063985437154770e-03
1.356475188065160209e+00,5.034567322582006454e-03
1.356594261619330499e+00,5.028015468269586563e-03
1.356713236976591297e+00,4.473273176699876785e-03
1.356832114298769820e+00,5.406330339610576630e-03
1.356950893747294051e+00,6.705540698021650314e-03
1.357069575483193624e+00,5.306754261255264282e-03
1.357188159667100269e+00,5.562446545809507370e-03
1.357306646459251365e+00,4.752355162054300308e-03
1.357425036019488163e+00,5.860175006091594696e-03
1.357543328507260005e+00,2.803074661642313004e-03
1.357661524081623883e+00,4.188611637800931931e-03
1.357779622901246208e+00,4.187742248177528381e-03
1.357897625124403485e+00,3.631783183664083481e-03
1.358015530908985635e+00,5.019284319132566452e-03
1.358133340412494006e+00,5.852303002029657364e-03
1.358251053792045804e+00,5.850474350154399872e-03
1.358368671204373435e+00,5.574703682214021683e-03
1.358486192805825832e+00,5.580084398388862610e-03
1.358603618752371123e+00,4.462997429072856903e-03
1.358720949199595740e+00,3.629255108535289764e-03
1.358838184302707752e+00,6.681911647319793701e-03
1.358955324216537308e+00,5.295580253005027771e-03
1.359072369095536414e+00,4.180257208645343781e-03
1.359189319093783155e+00,5.014480557292699814e-03
1.359306174364980135e+00,6.683950778096914291e-03
1.359422935062456483e+00,5.292949732393026352e-03
1.359539601339170511e+00,6.124262232333421707e-03
1.359656173347708830e+00,4.738170187920331955e-03
1.359772651240289010e+00,5.292827729135751724e-03
1.359889035168760030e+00,5.569667089730501175e-03
1.360005325284603162e+00,3.902601078152656555e-03
1.360121521738934636e+00,3.065784228965640068e-03
1.360237624682504975e+00,6.122620310634374619e-03
1.360353634265701661e+00,4.734663758426904678e-03
1.360469550638549574e+00,3.621513023972511292e-03
1.360585373950711885e+00,6.957099772989749908e-03
1.360701104351491608e+00,6.401942111551761627e-03
1.360816741989833156e+00,6.123283412307500839e-03
1.360932287014323006e+00,4.734220448881387711e-03
1.361047739573190807e+00,6.954298354685306549e-03
1.361163099814310495e+00,3.900367300957441330e-03
1.361278367885201623e+00,4.731421358883380890e-03
1.361393543933030692e+00,5.287135485559701920e-03
1.361508628104611374e+00,6.398753263056278229e-03
1.361623620546407176e+00,4.731784574687480927e-03
1.361738521404530999e+00,6.399961188435554504e-03
1.361853330824746910e+00,4.454526584595441818e-03
1.361968048952471699e+00,4.731832537800073624e-03
1.362082675932775544e+00,6.953245028853416443e-03
1.362197211910382233e+00,6.398455239832401276e-03
1.362311657029672274e+00,5.844726692885160446e-03
1.362426011434682227e+00,3.899658098816871643e-03
1.362540275269106482e+00,8.063267916440963745e-03
1.362654448676297925e+00,6.398561876267194748e-03
1.362768531799270599e+00,4.452843219041824341e-03
1.362882524780698157e+00,5.562985781580209732e-03
1.362996427762917184e+00,4.730988759547472000e-03
1.363110240887926539e+00,5.286889616400003433e-03
1.363223964297390456e+00,4.730370827019214630e-03
1.363337598132637218e+00,5.006573628634214401e-03
1.363451142534662486e+00,5.285693332552909851e-03
1.363564597644128629e+00,4.451928660273551941e-03
1.363677963601366505e+00,6.395525764673948288e-03
1.363791240546376793e+00,6.951058283448219299e-03
1.363904428618829989e+00,5.840638186782598495e-03
1.364017527958068632e+00,3.895460860803723335e-03
1.364130538703107742e+00,5.006604362279176712e-03
1.364243460992635493e+00,5.833400413393974304e-03
1.364356294965015426e+00,5.532600916922092438e-03
1.364469040758286011e+00,3.897035727277398109e-03
1.364581698510162644e+00,4.175567999482154846e-03
1.364694268358038309e+00,5.842202343046665192e-03
1.364806750438984251e+00,4.729638807475566864e-03
1.364919144889752189e+00,4.729668609797954559e-03
1.365031451846773880e+00,5.284978076815605164e-03
1.365143671446162887e+00,4.452286288142204285e-03
1.365255803823715031e+00,5.560732912272214890e-03
1.365367849114910381e+00,3.894930705428123474e-03
1.365479807454913042e+00,6.672426126897335052e-03
1.365591678978572920e+00,4.450366832315921783e-03
1.365703463820426622e+00,5.839962977916002274e-03
1.365815162114697889e+00,4.173275548964738846e-03
1.365926773995299159e+00,3.616358852013945580e-03
1.366038299595832450e+00,3.061972558498382568e-03
1.366149739049590250e+00,5.289864260703325272e-03
1.366261092489555740e+00,3.343469463288784027e-03
1.366372360048404566e+00,4.452010150998830795e-03
1.366483541858506845e+00,4.728423431515693665e-03
1.366594638051925381e+00,4.729365929961204529e-03
1.366705648760418779e+00,5.006371065974235535e-03
1.366816574115441441e+00,6.672927644103765488e-03
1.366927414248145789e+00,4.173004068434238434e-03
1.367038169289380711e+00,5.838732700794935226e-03
1.367148839369694446e+00,5.005485843867063522e-03
1.367259424619336139e+00,5.838549695909023285e-03
1.367369925168253841e+00,5.283121019601821899e-03
1.367480341146098954e+00,4.727586638182401657e-03
1.367590672682224007e+00,3.617184935137629509e-03
1.367700919905685764e+00,3.893625456839799881e-03
1.367811082945245449e+00,6.117381155490875244e-03
1.367921161929369189e+00,6.394005846232175827e-03
1.368031156986229124e+00,5.283188074827194214e-03
1.368141068243704739e+00,5.282462574541568756e-03
1.368250895829383973e+00,5.560711026191711426e-03
1.368360639870562556e+00,3.338553244248032570e-03
1.368470300494246228e+00,5.560089834034442902e-03
1.368579877827151847e+00,4.726998973637819290e-03
1.368689371995707615e+00,5.838029086589813232e-03
1.368798783126053742e+00,5.837603937834501266e-03
1.368908111344043999e+00,5.560529418289661407e-03
1.369017356775245498e+00,6.115385796874761581e-03
1.369126519544942022e+00,3.615312511101365089e-03
1.369235599778130918e+00,4.726609215140342712e-03
1.369344597599528424e+00,6.114949472248554230e-03
1.369453513133566780e+00,5.004771053791046143e-03
1.369562346504397121e+00,5.559279117733240128e-03
1.369671097835889695e+00,5.282211583107709885e-03
1.369779767251635416e+00,4.726181272417306900e-03
1.369888354874945202e+00,5.282029509544372559e-03
1.369996860828852414e+00,5.003419704735279083e-03
1.370105285236113080e+00,4.726405721157789230e-03
1.370213628219206115e+00,4.448325838893651962e-03
1.370321889900334877e+00,6.392439827322959900e-03
1.370430070401428280e+00,2.781577408313751221e-03
1.370538169844140564e+00,4.448029678314924240e-03
1.370646188349853523e+00,3.892713459208607674e-03
1.370754126039675169e+00,3.892566077411174774e-03
1.370861983034443066e+00,4.725612234324216843e-03
1.370969759454723436e+00,4.170410800725221634e-03
1.371077455420812941e+00,4.448052495718002319e-03
1.371185071052738680e+00,8.058915846049785614e-03
1.371292606470259301e+00,6.114200688898563385e-03
1.371400061792865666e+00,4.169979598373174667e-03
1.371507437139782848e+00,5.003436002880334854e-03
1.371614732629968358e+00,5.003073252737522125e-03
1.371721948382116141e+00,5.558645818382501602e-03
1.371829084514654351e+00,3.614575136452913284e-03
1.371936141145748245e+00,5.836589727550745010e-03
1.372043118393300176e+00,5.836770869791507721e-03
1.372150016374950043e+00,5.558357574045658112e-03
1.372256835208076842e+00,7.225585635751485825e-03
1.372363575009798664e+00,5.003170575946569443e-03
1.372470235896974033e+00,5.836516618728637695e-03
1.372576817986202791e+00,5.280770361423492432e-03
1.372683321393826095e+00,4.169731400907039642e-03
1.372789746235927533e+00,4.725464619696140289e-03
1.372896092628334452e+00,7.225363049656152725e-03
1.373002360686617740e+00,5.002711433917284012e-03
1.373108550526093818e+00,5.835792981088161469e-03
1.373214662261823982e+00,5.280313082039356232e-03
1.373320696008615949e+00,5.558509845286607742e-03
1.373426651881024751e+00,3.614149754866957664e-03
1.373532529993352735e+00,6.669566966593265533e-03
1.373638330459651558e+00,2.780587179586291313e-03
1.373744053393721298e+00,3.613539040088653564e-03
1.373849698909112682e+00,5.836406722664833069e-03
1.373955267119126633e+00,5.558563861995935440e-03
1.374060758136815608e+00,5.002278368920087814e-03
1.374166172074985148e+00,5.557886790484189987e-03
1.374271509046192108e+00,5.002550780773162842e-03
1.374376769162748202e+00,6.669448222965002060e-03
1.374481952536719565e+00,4.169212654232978821e-03
1.374587059279926526e+00,6.669270340353250504e-03
1.374692089503945613e+00,5.280067678540945053e-03
1.374797043320109990e+00,3.891061991453170776e-03
1.374901920839509906e+00,6.668995600193738937e-03
1.375006722172993356e+00,3.891126485541462898e-03
1.375111447431167422e+00,5.835531745105981827e-03
1.375216096724397818e+00,5.002492573112249374e-03
1.375320670162810677e+00,6.947011221200227737e-03
1.375425167856292985e+00,4.724659025669097900e-03
1.375529589914492590e+00,3.613603534176945686e-03
1.375633936446819972e+00,5.835990421473979950e-03
1.375738207562448245e+00,6.669169757515192032e-03
1.375842403370313383e+00,2.224201569333672523e-03
1.375946523979116209e+00,6.946855224668979645e-03
1.376050569497322185e+00,4.446919541805982590e-03
1.376154540033162288e+00,6.391528993844985962e-03
1.376258435694633464e+00,5.001981742680072784e-03
1.376362256589499955e+00,5.557781551033258438e-03
1.376466002825292634e+00,5.279983859509229660e-03
1.376569674509311891e+00,5.557887721806764603e-03
1.376673271748625638e+00,5.557613447308540344e-03
1.376776794650072189e+00,4.446844570338726044e-03
1.376880243320259378e+00,5.002290010452270508e-03
1.376983617865566334e+00,4.446524661034345627e-03
1.377086918392143700e+00,3.057822817936539650e-03
1.377190145005914079e+00,5.280071869492530823e-03
1.377293297812572925e+00,5.280264653265476227e-03
1.377396376917588983e+00,5.279634613543748856e-03
1.377499382426205399e+00,5.002009682357311249e-03
1.377602314443439946e+00,5.279734730720520020e-03
1.377705173074085465e+00,5.002028308808803558e-03
1.377807958422710755e+00,4.724359605461359024e-03
1.377910670593662568e+00,6.668500136584043503e-03
1.378013309691062949e+00,4.446467384696006775e-03
1.378115875818813674e+00,6.390608847141265869e-03
1.378218369080593808e+00,4.446370061486959457e-03
1.378320789579862371e+00,6.946464069187641144e-03
1.378423137419857447e+00,5.835416261106729507e-03
1.378525412703598407e+00,4.168364685028791428e-03
1.378627615533885020e+00,3.335172310471534729e-03
1.378729746013299451e+00,6.112764123827219009e-03
1.378831804244205372e+00,5.835096351802349091e-03
1.378933790328749742e+00,5.001788958907127380e-03
1.379035704368862802e+00,5.557266995310783386e-03
1.379137546466259856e+00,4.724177066236734390e-03
1.379239316722439268e+00,4.724073223769664764e-03
1.379341015238686463e+00,5.001896526664495468e-03
1.379442642116071926e+00,5.557377822697162628e-03
1.379544197455452759e+00,6.946134846657514572e-03
1.379645681357472897e+00,5.835017655044794083e-03
1.379747093922565337e+00,6.668507121503353119e-03
1.379848435250949912e+00,4.168244544416666031e-03
1.379949705442636398e+00,5.279520060867071152e-03
1.380050904597423855e+00,7.223718799650669098e-03
1.380152032814900842e+00,5.834904033690690994e-03
1.380253090194447640e+00,6.390494294464588165e-03
1.380354076835235366e+00,4.723771475255489349e-03
1.380454992836226857e+00,5.279260687530040741e-03
1.380555838296178006e+00,5.557210650295019150e-03
1.380656613313636871e+00,4.446027334779500961e-03
1.380757317986945676e+00,4.168253857642412186e-03
1.380857952414241030e+00,3.890387015417218208e-03
1.380958516693453930e+00,4.168393556028604507e-03
1.381059010922311314e+00,3.057037713006138802e-03
1.381159435198334950e+00,4.446191247552633286e-03
1.381259789618844325e+00,3.057127352803945541e-03
1.381360074280954864e+00,5.279186181724071503e-03
1.381460289281580822e+00,3.612495725974440575e-03
1.381560434717433727e+00,5.279444623738527298e-03
1.381660510685023713e+00,4.445678088814020157e-03
1.381760517280661293e+00,3.890330204740166664e-03
1.381860454600455368e+00,5.557074211537837982e-03
1.381960322740316771e+00,5.001479294151067734e-03
1.382060121795956054e+00,6.668142974376678467e-03
1.382159851862885702e+00,5.279221106320619583e-03
1.382259513036421028e+00,3.334816312417387962e-03
1.382359105411678613e+00,4.168039653450250626e-03
1.382458629083578749e+00,5.556967575103044510e-03
1.382558084146846111e+00,5.001342855393886566e-03
1.382657470696008417e+00,5.279204808175563812e-03
1.382756788825398875e+00,4.167994484305381775e-03
1.382856038629156181e+00,6.112501025199890137e-03
1.382955220201224300e+00,5.001521669328212738e-03
1.383054333635354016e+00,4.723642021417617798e-03
1.383153379025102492e+00,4.168084356933832169e-03
1.383252356463835264e+00,5.001316312700510025e-03
1.383351266044724914e+00,5.278836935758590698e-03
1.383450107860753064e+00,5.834768060594797134e-03
1.383548882004709712e+00,5.001288838684558868e-03
1.383647588569195452e+00,6.390173453837633133e-03
1.383746227646620142e+00,4.723577760159969330e-03
1.383844799329204012e+00,5.556754302233457565e-03
1.383943303708979444e+00,3.890167921781539917e-03
1.384041740877789861e+00,4.723419900983572006e-03
1.384140110927290168e+00,4.723318852484226227e-03
1.384238413948948754e+00,4.445725120604038239e-03
1.384336650034046823e+00,6.945592816919088364e-03
1.384434819273679507e+00,4.445551428943872452e-03
1.384532921758756085e+00,4.723514895886182785e-03
1.384630957579999988e+00,4.445740487426519394e-03
1.384728926827950124e+00,3.890001447871327400e-03
1.384826829592961550e+00,6.389975082129240036e-03
1.384924665965205026e+00,4.723293706774711609e-03
1.385022436034667459e+00,5.834635347127914429e-03
1.385120139891154345e+00,5.834408104419708252e-03
1.385217777624287550e+00,4.445542115718126297e-03
1.385315349323507750e+00,4.723540507256984711e-03
1.385412855078073990e+00,3.889954648911952972e-03
1.385510294977064349e+00,6.112362723797559738e-03
1.385607669109377271e+00,5.556633695960044861e-03
1.385704977563730456e+00,5.001117940992116928e-03
1.385802220428662634e+00,5.834509618580341339e-03
1.385899397792533572e+00,6.667782552540302277e-03
1.385996509743524507e+00,3.334458451718091965e-03
1.386093556369639046e+00,5.834512878209352493e-03
1.386190537758702490e+00,5.001064855605363846e-03
1.386287453998364283e+00,4.445560276508331299e-03
1.386384305176096454e+00,6.389951799064874649e-03
1.386481091379195618e+00,5.001073703169822693e-03
1.386577812694782086e+00,7.223352324217557907e-03
1.386674469209801863e+00,5.278902594000101089e-03
1.386771061011025541e+00,5.834509618580341339e-03
1.386867588185050515e+00,3.612245433032512665e-03
1.386964050818299432e+00,6.112167611718177795e-03
1.387060448997022410e+00,5.556513555347919464e-03
1.387156782807296374e+00,5.278709344565868378e-03
1.387253052335026160e+00,3.612112719565629959e-03
1.387349257665944746e+00,4.723159130662679672e-03
1.387445398885613912e+00,4.167545121163129807e-03
1.387541476079423575e+00,7.501085288822650909e-03
1.387637489332594676e+00,4.445374943315982819e-03
1.387733438730176738e+00,5.278833210468292236e-03
1.387829324357050309e+00,5.834296811372041702e-03
1.387925146297927181e+00,3.334217704832553864e-03
1.388020904637349284e+00,5.278714466840028763e-03
1.388116599459691791e+00,7.778652478009462357e-03
1.388212230849160900e+00,5.278700962662696838e-03
1.388307798889796496e+00,5.000870674848556519e-03
1.388403303665470379e+00,3.612079424783587456e-03
1.388498745259888700e+00,5.001042503863573074e-03
1.388594123756591525e+00,4.445223603397607803e-03
1.388689439238953272e+00,5.278640892356634140e-03
1.388784691790182935e+00,5.001035984605550766e-03
1.388879881493325419e+00,5.000783130526542664e-03
1.388975008431260427e+00,5.000814795494079590e-03
1.389070072686704904e+00,5.278752651065587997e-03
1.389165074342211703e+00,8.334169164299964905e-03
1.389260013480170697e+00,5.000818055123090744e-03
1.389354890182809443e+00,3.612047061324119568e-03
1.389449704532193186e+00,5.556378047913312912e-03
1.389544456610225964e+00,4.445235244929790497e-03
1.389639146498649946e+00,6.667455192655324936e-03
1.389733774279046763e+00,4.445237107574939728e-03
1.389828340032837284e+00,5.001032259315252304e-03
1.389922843841282951e+00,5.834106821566820145e-03
1.390017285785485113e+00,4.445226397365331650e-03
1.390111665946386355e+00,5.278658587485551834e-03
1.390205984404769834e+00,5.278644617646932602e-03
1.390300241241261281e+00,5.834235344082117081e-03
1.390394436536327882e+00,4.723067861050367355e-03
1.390488570370279620e+00,4.167509265244007111e-03
1.390582642823268822e+00,4.445190075784921646e-03
1.390676653975292165e+00,3.334084758535027504e-03
1.390770603906188896e+00,6.667463108897209167e-03
1.390864492695643273e+00,5.556336604058742523e-03
1.390958320423183237e+00,5.556332413107156754e-03
1.391052087168182627e+00,4.167498555034399033e-03
1.391145793009860077e+00,3.611912718042731285e-03
1.391239438027279673e+00,4.445219878107309341e-03
1.391333022299352296e+00,4.167420323938131332e-03
1.391426545904834944e+00,5.000747740268707275e-03
1.391520008922331852e+00,4.167402628809213638e-03
1.391613411430294045e+00,3.889534389600157738e-03
1.391706753507020888e+00,5.000882316380739212e-03
1.391800035230659427e+00,4.167389124631881714e-03
1.391893256679205493e+00,5.000854376703500748e-03
1.391986417930503706e+00,5.278517492115497589e-03
1.392079519062248139e+00,3.611827036365866661e-03
1.392172560151982097e+00,3.334170440211892128e-03
1.392265541277099228e+00,4.722978454083204269e-03
1.392358462514844186e+00,5.278465803712606430e-03
1.392451323942311525e+00,4.722982179373502731e-03
1.392544125636447472e+00,5.556191783398389816e-03
1.392636867674049928e+00,5.556243006139993668e-03
1.392729550131768690e+00,5.834061652421951294e-03
1.392822173086106119e+00,5.556235089898109436e-03
1.392914736613416693e+00,4.445101134479045868e-03
1.393007240789908563e+00,2.500691218301653862e-03
1.393099685691643774e+00,5.278456956148147583e-03
1.393192071394537379e+00,5.000683479011058807e-03
1.393284397974358990e+00,6.389576941728591919e-03
1.393376665506733003e+00,6.389548536390066147e-03
1.393468874067138596e+00,2.222865587100386620e-03
1.393561023730910842e+00,4.722943063825368881e-03
1.393653114573239593e+00,5.278454627841711044e-03
1.393745146669171930e+00,3.611690364778041840e-03
1.393837120093609938e+00,4.722864367067813873e-03
1.393929034921314480e+00,5.833954084664583206e-03
1.394020891226902092e+00,4.167316481471061707e-03
1.394112689084846979e+00,5.000628065317869186e-03
1.394204428569482346e+00,5.278371274471282959e-03
1.394296109754998625e+00,6.667266134172677994e-03
1.394387732715445471e+00,6.945025175809860229e-03
1.394479297524730876e+00,6.945065688341856003e-03
1.394570804256622942e+00,5.000629927963018417e-03
1.394662252984749218e+00,4.722944460809230804e-03
1.394753643782597585e+00,5.278390366584062576e-03
1.394844976723515595e+00,3.611679654568433762e-03
1.394936251880712463e+00,5.556277465075254440e-03
1.395027469327257741e+00,3.889541607350111008e-03
1.395118629136083310e+00,4.167261533439159393e-03
1.395209731379982276e+00,4.722852725535631180e-03
1.395300776131610077e+00,5.278363358229398727e-03
1.395391763463484480e+00,5.000605247914791107e-03
1.395482693447987144e+00,5.556102842092514038e-03
1.395573566157361611e+00,5.556075833737850189e-03
1.395664381663715314e+00,6.667257752269506454e-03
1.395755140039020459e+00,3.611740656197071075e-03
1.395845841355112693e+00,5.833905655890703201e-03
1.395936485683691997e+00,4.722852259874343872e-03
1.396027073096324678e+00,6.944919936358928680e-03
1.396117603664440932e+00,3.889444516971707344e-03
1.396208077459336616e+00,3.333914326503872871e-03
1.396298494552174585e+00,5.000532139092683792e-03
1.396388855013983132e+00,6.111607886850833893e-03
1.396479158915657326e+00,3.056040499359369278e-03
1.396569406327959451e+00,5.556078162044286728e-03
1.396659597321518564e+00,4.444923717528581619e-03
1.396749731966832053e+00,7.500532083213329315e-03
1.396839810334264520e+00,6.389447487890720367e-03
1.396929832494049561e+00,3.611688269302248955e-03
1.397019798516288658e+00,4.167154897004365921e-03
1.397109708470952727e+00,5.278300959616899490e-03
1.397199562427881903e+00,6.667134352028369904e-03
1.397289360456785534e+00,5.278273485600948334e-03
1.397379102627243519e+00,8.056063205003738403e-03
1.397468789008705414e+00,6.111497059464454651e-03
1.397558419670491769e+00,5.556039512157440186e-03
1.397647994681793460e+00,5.000497214496135712e-03
1.397737514111673018e+00,5.000499542802572250e-03
1.397826978029064637e+00,6.389458198100328445e-03
1.397916386502773722e+00,5.278279539197683334e-03
1.398005739601478226e+00,5.556018091738224030e-03
1.398095037393728868e+00,6.111642345786094666e-03
1.398184279947948694e+00,3.611543448641896248e-03
1.398273467332433739e+00,5.833859089761972427e-03
1.398362599615354140e+00,6.389366928488016129e-03
1.398451676864752802e+00,4.444927908480167389e-03
1.398540699148547617e+00,5.556088872253894806e-03
1.398629666534530136e+00,3.889450570568442345e-03
1.398718579090367342e+00,6.667119450867176056e-03
1.398807436883600097e+00,4.722686484456062317e-03
1.398896239981645584e+00,3.889296902343630791e-03
1.398984988451795530e+00,5.278319586068391800e-03
1.399073682361218873e+00,6.111569236963987350e-03
1.399162321776959317e+00,4.444910679012537003e-03
1.399250906765938440e+00,3.333774395287036896e-03
1.399339437394953478e+00,6.111593917012214661e-03
1.399427913730679318e+00,4.444871563464403152e-03
1.399516335839668280e+00,5.556048359721899033e-03
1.399604703788350335e+00,5.278251133859157562e-03
1.399693017643033111e+00,4.722614772617816925e-03
1.399781277469902996e+00,2.778137335553765297e-03
1.399869483335024922e+00,2.778188558295369148e-03
1.399957635304342807e+00,4.722613375633955002e-03
1.400045733443678886e+00,7.500519510358572006e-03
1.400133777818736380e+00,5.000390112400054932e-03
1.400221768495097052e+00,6.389297544956207275e-03
1.400309705538222982e+00,5.000414326786994934e-03
1.400397589013457456e+00,5.833706352859735489e-03
1.400485418986022967e+00,4.167072474956512451e-03
1.400573195521024550e+00,5.833748728036880493e-03
1.400660918683447331e+00,4.444851074367761612e-03
1.400748588538158090e+00,6.111531518399715424e-03
1.400836205149905922e+00,6.389276124536991119e-03
1.400923768583322016e+00,3.611544845625758171e-03
1.401011278902919432e+00,6.389229092746973038e-03
1.401098736173093995e+00,5.833697970956563950e-03
1.401186140458124729e+00,5.000391975045204163e-03
1.401273491822174533e+00,6.389293354004621506e-03
1.401360790329288175e+00,4.722645971924066544e-03
1.401448036043395629e+00,6.667093373835086823e-03
1.401535229028310514e+00,5.833725444972515106e-03
1.401622369347730768e+00,6.111521273851394653e-03
1.401709457065239306e+00,5.556025542318820953e-03
1.401796492244303360e+00,4.167066421359777451e-03
1.401883474948275587e+00,5.555963609367609024e-03
1.401970405240394735e+00,5.000417586416006088e-03
1.402057283183784309e+00,4.167026374489068985e-03
1.402144108841454573e+00,4.722621757537126541e-03
1.402230882276301660e+00,3.889306448400020599e-03
1.402317603551109126e+00,5.833658855408430099e-03
1.402404272728545953e+00,6.667053792625665665e-03
1.402490889871169433e+00,6.388942245393991470e-03
1.402577455041423615e+00,4.167025908827781677e-03
1.402663968301640640e+00,3.889221465215086937e-03
1.402750429714040514e+00,4.722631536424160004e-03
1.402836839340731112e+00,6.389278918504714966e-03
1.402923197243708842e+00,5.278659984469413757e-03
1.403009503484859311e+00,6.389346905052661896e-03
1.403095758125956438e+00,2.391502112150192261e-01
1.403181961228664232e+00,2.250850796699523926e-01
1.403268112854535232e+00,1.909215301275253296e-01
1.403354213065012956e+00,1.742551177740097046e-01
1.403440261921429899e+00,1.423241496086120605e-01
1.403526259485009309e+00,8.513344824314117432e-02
1.403612205816865188e+00,6.614068150520324707e-02
1.403698100978002072e+00,4.096833243966102600e-02
1.403783945029315916e+00,2.674611844122409821e-02
1.403869738031593650e+00,1.888882555067539215e-02
1.403955480045514070e+00,2.108399197459220886e-02
1.404041171131648280e+00,1.290267053991556168e-02
1.404126811350458137e+00,1.205181330442428589e-02
1.404212400762299806e+00,8.829819969832897186e-03
1.404297939427420427e+00,8.976499550044536591e-03
1.404383427405961005e+00,6.272999104112386703e-03
1.404468864757955071e+00,4.646924324333667755e-03
1.404554251543330246e+00,7.264709565788507462e-03
1.404639587821907343e+00,5.491282790899276733e-03
1.404724873653401040e+00,5.580210126936435699e-03
1.404810109097420545e+00,5.369590129703283310e-03
1.404895294213469148e+00,6.204708013683557510e-03
1.404980429060945113e+00,4.837385378777980804e-03
1.405065513699140789e+00,3.490008879452943802e-03
1.405150548187245052e+00,3.973605576902627945e-03
1.405235532584341085e+00,4.811175633221864700e-03
1.405320466949408154e+00,4.784384276717901230e-03
1.405405351341320941e+00,5.108536686748266220e-03
1.405490185818851323e+00,5.052811000496149063e-03
1.405574970440666371e+00,4.778185859322547913e-03
1.405659705265330572e+00,4.201896488666534424e-03
1.405744390351304718e+00,5.586354527622461319e-03
1.405829025756947459e+00,6.419593468308448792e-03
1.405913611540513974e+00,3.919267561286687851e-03
1.405998147760157968e+00,5.021871533244848251e-03
1.406082634473929227e+00,4.737922456115484238e-03
1.406167071739778285e+00,6.672009360045194626e-03
1.406251459615551536e+00,5.860696546733379364e-03
1.406335798158995010e+00,5.300316493958234787e-03
1.406420087427753707e+00,6.132862530648708344e-03
1.406504327479371375e+00,4.741062875837087631e-03
1.406588518371290730e+00,5.291840527206659317e-03
1.406672660160854127e+00,4.460796713829040527e-03
1.406756752905304220e+00,4.183138255029916763e-03
1.406840796661783077e+00,4.183649551123380661e-03
1.406924791487332627e+00,5.294035188853740692e-03
1.407008737438895984e+00,3.346391255035996437e-03
1.407092634573316792e+00,5.292238667607307434e-03
1.407176482947338769e+00,5.565732251852750778e-03
1.407260282617607938e+00,5.573198664933443069e-03
1.407344033640670844e+00,4.736957140266895294e-03
1.407427736072976110e+00,4.456690046936273575e-03
1.407511389970873550e+00,5.013869144022464752e-03
1.407594995390615722e+00,4.745316226035356522e-03
1.407678552388356819e+00,6.126755848526954651e-03
1.407762061020153999e+00,3.902556840330362320e-03
1.407845521341966721e+00,3.068219404667615891e-03
1.407928933409657857e+00,5.844921804964542389e-03
1.408012297278993019e+00,4.455155227333307266e-03
1.408095613005641455e+00,4.733174107968807220e-03
1.408178880645176045e+00,2.788641722872853279e-03
1.408262100253073301e+00,4.177759401500225067e-03
1.408345271884713368e+00,5.011111963540315628e-03
1.408428395595382021e+00,4.177713301032781601e-03
1.408511471440268226e+00,6.399234756827354431e-03
1.408594499474466577e+00,4.176211077719926834e-03
1.408677479752975303e+00,4.731247201561927795e-03
1.408760412330699152e+00,4.452923778444528580e-03
1.408843297262447836e+00,5.565217696130275726e-03
1.408926134602936253e+00,7.231743074953556061e-03
1.409008924406785379e+00,6.119491532444953918e-03
1.409091666728522485e+00,3.897306276485323906e-03
1.409174361622580918e+00,8.063578978180885315e-03
1.409257009143299655e+00,4.451085347682237625e-03
1.409339609344925748e+00,3.896489273756742477e-03
1.409422162281612101e+00,3.063450101763010025e-03
1.409504668007419248e+00,5.006105639040470123e-03
1.409587126576314908e+00,4.729107022285461426e-03
1.409669538042173986e+00,4.728660918772220612e-03
1.409751902458779238e+00,3.616409609094262123e-03
1.409834219879821715e+00,5.007184576243162155e-03
1.409916490358900099e+00,5.559885874390602112e-03
1.409998713949522253e+00,5.561778321862220764e-03
1.410080890705103673e+00,4.450932610780000687e-03
1.410163020678969037e+00,3.068280406296253204e-03
1.410245103924351984e+00,5.287241656333208084e-03
1.410327140494395337e+00,5.844400729984045029e-03
1.410409130442151548e+00,4.453508649021387100e-03
1.410491073820582031e+00,5.284854210913181305e-03
1.410572970682558713e+00,4.451304674148559570e-03
1.410654821080863153e+00,5.006853025406599045e-03
1.410736625068187422e+00,5.283281672745943069e-03
1.410818382697133222e+00,5.005902610719203949e-03
1.410900094020214102e+00,2.783620264381170273e-03
1.410981759089853238e+00,6.949678063392639160e-03
1.411063377958385434e+00,5.560797639191150665e-03
1.411144950678057342e+00,5.004710052162408829e-03
1.411226477301025461e+00,3.337890375405550003e-03
1.411307957879359476e+00,3.338475013151764870e-03
1.411389392465040027e+00,5.283096805214881897e-03
1.411470781109959827e+00,4.727265331894159317e-03
1.411552123865923880e+00,4.449210595339536667e-03
1.411633420784650150e+00,6.115731783211231232e-03
1.411714671917768449e+00,5.005215760320425034e-03
1.411795877316821990e+00,5.005153827369213104e-03
1.411877037033266502e+00,4.449122119694948196e-03
1.411958151118471338e+00,5.837629083544015884e-03
1.412039219623719033e+00,3.893039654940366745e-03
1.412120242600205966e+00,5.282816942781209946e-03
1.412201220099041477e+00,6.393018644303083420e-03
1.412282152171250083e+00,4.448920022696256638e-03
1.412363038867769927e+00,5.003781989216804504e-03
1.412443880239453442e+00,5.004068370908498764e-03
1.412524676337067353e+00,5.281324498355388641e-03
1.412605427211294007e+00,4.726469051092863083e-03
1.412686132912729597e+00,2.227134536951780319e-03
1.412766793491886830e+00,6.670562084764242172e-03
1.412847408999192034e+00,6.948542315512895584e-03
1.412927979484988716e+00,5.281889345496892929e-03
1.413008504999534676e+00,3.337655216455459595e-03
1.413088985593004887e+00,6.114438641816377640e-03
1.413169421315489505e+00,6.670664995908737183e-03
1.413249812216994972e+00,4.725997336208820343e-03
1.413330158347444243e+00,4.448335152119398117e-03
1.413410459756677895e+00,4.726240877062082291e-03
1.413490716494451904e+00,3.336825175210833549e-03
1.413570928610440092e+00,5.003294441848993301e-03
