# n, training_loss
0.000000000000000000e+00,4.625822007656097412e-01
1.000667111407605070e+01,1.778891533613204956e-01
2.001334222815210140e+01,1.524350792169570923e-01
3.002001334222815387e+01,1.390883475542068481e-01
4.002668445630420280e+01,1.302479207515716553e-01
5.003335557038025172e+01,1.227751448750495911e-01
6.004002668445630775e+01,1.166645511984825134e-01
7.004669779853234957e+01,1.111117899417877197e-01
8.005336891260840559e+01,1.062082722783088684e-01
9.006004002668446162e+01,1.017064824700355530e-01
1.000667111407605034e+02,9.756181389093399048e-02
1.100733822548365595e+02,9.382183104753494263e-02
1.200800533689126155e+02,9.032046794891357422e-02
1.300867244829886715e+02,8.700145035982131958e-02
1.400933955970646991e+02,8.467332273721694946e-02
1.501000667111407552e+02,8.156039565801620483e-02
1.601067378252168112e+02,7.897137850522994995e-02
1.701134089392928672e+02,7.669176906347274780e-02
1.801200800533689232e+02,7.449168711900711060e-02
1.901267511674449509e+02,7.243280857801437378e-02
2.001334222815210069e+02,7.081823796033859253e-02
2.101400933955970629e+02,6.861913949251174927e-02
2.201467645096731189e+02,6.696503609418869019e-02
2.301534356237491750e+02,6.521242111921310425e-02
2.401601067378252310e+02,6.408925354480743408e-02
2.501667778519012586e+02,6.215440481901168823e-02
2.601734489659773431e+02,6.066210940480232239e-02
2.701801200800533707e+02,5.956221744418144226e-02
2.801867911941293983e+02,5.797838419675827026e-02
2.901934623082054827e+02,5.737164244055747986e-02
3.002001334222815103e+02,5.609985068440437317e-02
3.102068045363575948e+02,5.470069497823715210e-02
3.202134756504336224e+02,5.340248346328735352e-02
3.302201467645096500e+02,5.236530676484107971e-02
3.402268178785857344e+02,5.132485181093215942e-02
3.502334889926617620e+02,5.076389014720916748e-02
3.602401601067378465e+02,4.931979998946189880e-02
3.702468312208138741e+02,4.875419288873672485e-02
3.802535023348899017e+02,4.750381410121917725e-02
3.902601734489659862e+02,4.706965386867523193e-02
4.002668445630420138e+02,4.572829231619834900e-02
4.102735156771180982e+02,4.531951621174812317e-02
4.202801867911941258e+02,4.409212619066238403e-02
4.302868579052701534e+02,4.369656369090080261e-02
4.402935290193462379e+02,4.256029054522514343e-02
4.503002001334222655e+02,4.211561009287834167e-02
4.603068712474983499e+02,4.121658951044082642e-02
4.703135423615743775e+02,4.068429023027420044e-02
4.803202134756504620e+02,3.971586376428604126e-02
4.903268845897264896e+02,3.923821821808815002e-02
5.003335557038025172e+02,3.872419893741607666e-02
5.103402268178786017e+02,3.796969354152679443e-02
5.203468979319546861e+02,3.717432916164398193e-02
5.303535690460306569e+02,3.670934587717056274e-02
5.403602401601067413e+02,3.620241209864616394e-02
5.503669112741828258e+02,3.540775552392005920e-02
5.603735823882587965e+02,3.521842136979103088e-02
5.703802535023348810e+02,3.431751579046249390e-02
5.803869246164109654e+02,3.399438038468360901e-02
5.903935957304869362e+02,3.323538228869438171e-02
6.004002668445630206e+02,3.285774588584899902e-02
6.104069379586391051e+02,3.256190568208694458e-02
6.204136090727151895e+02,3.176670894026756287e-02
6.304202801867911603e+02,3.142311424016952515e-02
6.404269513008672448e+02,3.077358566224575043e-02
6.504336224149433292e+02,3.034280240535736084e-02
6.604402935290193000e+02,3.061039932072162628e-02
6.704469646430953844e+02,2.953139506280422211e-02
6.804536357571714689e+02,2.897918596863746643e-02
6.904603068712475533e+02,2.862115763127803802e-02
7.004669779853235241e+02,2.819192409515380859e-02
7.104736490993996085e+02,2.778504602611064911e-02
7.204803202134756930e+02,2.734621427953243256e-02
7.304869913275516637e+02,2.709349617362022400e-02
7.404936624416277482e+02,2.674796059727668762e-02
7.505003335557038326e+02,2.625228278338909149e-02
7.605070046697798034e+02,2.589371800422668457e-02
7.705136757838558879e+02,2.543323300778865814e-02
7.805203468979319723e+02,2.524284087121486664e-02
7.905270180120080568e+02,2.484079264104366302e-02
8.005336891260840275e+02,2.445021457970142365e-02
8.105403602401601120e+02,2.411083690822124481e-02
8.205470313542361964e+02,2.368535473942756653e-02
8.305537024683121672e+02,2.349306084215641022e-02
8.405603735823882516e+02,2.316419035196304321e-02
8.505670446964643361e+02,2.274859324097633362e-02
8.605737158105403068e+02,2.245525829493999481e-02
8.705803869246163913e+02,2.205520495772361755e-02
8.805870580386924757e+02,2.182881347835063934e-02
8.905937291527685602e+02,2.157918922603130341e-02
9.006004002668445310e+02,2.113997004926204681e-02
9.106070713809206154e+02,2.096955291926860809e-02
9.206137424949966999e+02,2.054842934012413025e-02
9.306204136090726706e+02,2.025408297777175903e-02
9.406270847231487551e+02,2.013636939227581024e-02
9.506337558372248395e+02,1.971890963613986969e-02
9.606404269513009240e+02,1.949237100780010223e-02
9.706470980653768947e+02,1.918142475187778473e-02
9.806537691794529792e+02,1.888049952685832977e-02
9.906604402935290636e+02,1.872467249631881714e-02
1.000667111407605034e+03,1.841625943779945374e-02
1.010673782521681119e+03,1.812785118818283081e-02
1.020680453635757203e+03,1.796541363000869751e-02
1.030687124749833174e+03,1.761970855295658112e-02
1.040693795863909372e+03,1.743643358349800110e-02
1.050700466977985343e+03,1.720063947141170502e-02
1.060707138092061314e+03,1.692742295563220978e-02
1.070713809206137512e+03,1.677110977470874786e-02
1.080720480320213483e+03,1.650658063590526581e-02
1.090727151434289453e+03,1.626257225871086121e-02
1.100733822548365652e+03,1.609596610069274902e-02
1.110740493662441622e+03,1.589499600231647491e-02
1.120747164776517593e+03,1.563765853643417358e-02
1.130753835890593791e+03,1.550047565251588821e-02
1.140760507004669762e+03,1.523609925061464310e-02
1.150767178118745733e+03,1.505719870328903198e-02
1.160773849232821931e+03,1.487898547202348709e-02
1.170780520346897902e+03,1.465528178960084915e-02
1.180787191460973872e+03,1.447378005832433701e-02
1.190793862575050071e+03,1.436214521527290344e-02
1.200800533689126041e+03,1.410553418099880219e-02
1.210807204803202239e+03,1.396448630839586258e-02
1.220813875917278210e+03,1.376053597778081894e-02
1.230820547031354181e+03,1.358127128332853317e-02
1.240827218145430379e+03,1.343933679163455963e-02
1.250833889259506350e+03,1.326032634824514389e-02
1.260840560373582321e+03,1.308839675039052963e-02
1.270847231487658519e+03,1.293989829719066620e-02
1.280853902601734490e+03,1.276094373315572739e-02
1.290860573715810460e+03,1.261532772332429886e-02
1.300867244829886658e+03,1.246826257556676865e-02
1.310873915943962629e+03,1.229534391313791275e-02
1.320880587058038600e+03,1.214582752436399460e-02
1.330887258172114798e+03,1.201291289180517197e-02
1.340893929286190769e+03,1.183970924466848373e-02
1.350900600400266740e+03,1.170050911605358124e-02
1.360907271514342938e+03,1.153916772454977036e-02
1.370913942628418908e+03,1.138999778777360916e-02
1.380920613742495107e+03,1.125755719840526581e-02
1.390927284856571077e+03,1.110181398689746857e-02
1.400933955970647048e+03,1.095920335501432419e-02
1.410940627084723246e+03,1.083463896065950394e-02
1.420947298198799217e+03,1.068577822297811508e-02
1.430953969312875188e+03,1.055569574236869812e-02
1.440960640426951386e+03,1.042890176177024841e-02
1.450967311541027357e+03,1.029389444738626480e-02
1.460973982655103327e+03,1.017814781516790390e-02
1.470980653769179526e+03,1.004758570343255997e-02
1.480987324883255496e+03,9.930307976901531219e-03
1.490993995997331467e+03,9.809248149394989014e-03
1.501000667111407665e+03,9.690713137388229370e-03
1.511007338225483636e+03,9.577752090990543365e-03
1.521014009339559607e+03,9.466163814067840576e-03
1.531020680453635805e+03,9.351006709039211273e-03
1.541027351567711776e+03,9.245533496141433716e-03
1.551034022681787746e+03,9.133175946772098541e-03
1.561040693795863945e+03,9.028886444866657257e-03
1.571047364909939915e+03,8.923253044486045837e-03
1.581054036024016114e+03,8.820903487503528595e-03
1.591060707138092084e+03,8.717676624655723572e-03
1.601067378252168055e+03,8.617621846497058868e-03
1.611074049366244253e+03,8.518363349139690399e-03
1.621080720480320224e+03,8.419821038842201233e-03
1.631087391594396195e+03,8.323576301336288452e-03
1.641094062708472393e+03,8.227860555052757263e-03
1.651100733822548364e+03,8.132955990731716156e-03
1.661107404936624334e+03,8.039547130465507507e-03
1.671114076050700533e+03,7.947746664285659790e-03
1.681120747164776503e+03,7.857934571802616119e-03
1.691127418278852474e+03,7.766511291265487671e-03
1.701134089392928672e+03,7.677888497710227966e-03
1.711140760507004643e+03,7.590656634420156479e-03
1.721147431621080614e+03,7.504066452383995056e-03
1.731154102735156812e+03,7.418765220791101456e-03
1.741160773849232783e+03,7.334866095334291458e-03
1.751167444963308981e+03,7.251970469951629639e-03
1.761174116077384951e+03,7.170506287366151810e-03
1.771180787191460922e+03,7.090523373335599899e-03
1.781187458305537120e+03,7.011106703430414200e-03
1.791194129419613091e+03,6.932545918971300125e-03
1.801200800533689062e+03,6.855283863842487335e-03
1.811207471647765260e+03,6.779028102755546570e-03
1.821214142761841231e+03,6.703708320856094360e-03
1.831220813875917202e+03,6.629323586821556091e-03
1.841227484989993400e+03,6.556103937327861786e-03
1.851234156104069370e+03,6.483279168605804443e-03
1.861240827218145341e+03,6.411707960069179535e-03
1.871247498332221539e+03,6.340685300529003143e-03
1.881254169446297510e+03,6.270512007176876068e-03
1.891260840560373481e+03,6.201054900884628296e-03
1.901267511674449679e+03,6.132301874458789825e-03
1.911274182788525650e+03,6.064305547624826431e-03
1.921280853902601848e+03,5.997155793011188507e-03
1.931287525016677819e+03,5.930359475314617157e-03
1.941294196130753789e+03,5.864378064870834351e-03
1.951300867244829988e+03,5.799522157758474350e-03
1.961307538358905958e+03,5.735492333769798279e-03
1.971314209472981929e+03,5.672195460647344589e-03
1.981320880587058127e+03,5.609705112874507904e-03
1.991327551701134098e+03,5.548610817641019821e-03
2.001334222815210069e+03,5.488313268870115280e-03
2.011340893929286267e+03,5.429048556834459305e-03
2.021347565043362238e+03,5.370691418647766113e-03
2.031354236157438208e+03,5.313104484230279922e-03
2.041360907271514407e+03,5.256466567516326904e-03
2.051367578385590605e+03,5.199929699301719666e-03
2.061374249499666348e+03,5.143881309777498245e-03
2.071380920613742546e+03,5.087990313768386841e-03
2.081387591727818744e+03,5.031974054872989655e-03
2.091394262841894488e+03,4.975694231688976288e-03
2.101400933955970686e+03,4.919839557260274887e-03
2.111407605070046884e+03,4.864350892603397369e-03
2.121414276184122627e+03,4.810106474906206131e-03
2.131420947298198826e+03,4.757508169859647751e-03
2.141427618412275024e+03,4.706837236881256104e-03
2.151434289526350767e+03,4.657872486859560013e-03
2.161440960640426965e+03,4.610311239957809448e-03
2.171447631754503163e+03,4.563937894999980927e-03
2.181454302868578907e+03,4.518663510680198669e-03
2.191460973982655105e+03,4.474474117159843445e-03
2.201467645096731303e+03,4.431168083101511002e-03
2.211474316210807046e+03,4.388689994812011719e-03
2.221480987324883245e+03,4.347064998000860214e-03
2.231487658438959443e+03,4.306286573410034180e-03
2.241494329553035186e+03,4.266233183443546295e-03
2.251501000667111384e+03,4.227008670568466187e-03
2.261507671781187582e+03,4.188308492302894592e-03
2.271514342895263326e+03,4.150460474193096161e-03
2.281521014009339524e+03,4.113214090466499329e-03
2.291527685123415722e+03,4.076485987752676010e-03
2.301534356237491465e+03,4.040653817355632782e-03
2.311541027351567664e+03,4.005417227745056152e-03
2.321547698465643862e+03,3.970643971115350723e-03
2.331554369579719605e+03,3.936753608286380768e-03
2.341561040693795803e+03,3.903324017301201820e-03
2.351567711807872001e+03,3.870480228215456009e-03
2.361574382921947745e+03,3.838244592770934105e-03
2.371581054036023943e+03,3.806380089372396469e-03
2.381587725150100141e+03,3.775005927309393883e-03
2.391594396264176339e+03,3.744236659258604050e-03
2.401601067378252083e+03,3.713818266987800598e-03
2.411607738492328281e+03,3.683975432068109512e-03
2.421614409606404479e+03,3.654633183032274246e-03
2.431621080720480222e+03,3.625735407695174217e-03
2.441627751834556420e+03,3.597347997128963470e-03
2.451634422948632618e+03,3.569323569536209106e-03
2.461641094062708362e+03,3.541592042893171310e-03
2.471647765176784560e+03,3.514457726851105690e-03
2.481654436290860758e+03,3.487626090645790100e-03
2.491661107404936502e+03,3.461295505985617638e-03
2.501667778519012700e+03,3.435348859056830406e-03
2.511674449633088898e+03,3.409657627344131470e-03
2.521681120747164641e+03,3.384474897757172585e-03
2.531687791861240839e+03,3.359760157763957977e-03
2.541694462975317037e+03,3.335393499583005905e-03
2.551701134089392781e+03,3.311313455924391747e-03
2.561707805203468979e+03,3.287625731900334358e-03
2.571714476317545177e+03,3.264298895373940468e-03
2.581721147431620921e+03,3.241373691707849503e-03
2.591727818545697119e+03,3.218644531443715096e-03
2.601734489659773317e+03,3.196450415998697281e-03
2.611741160773849060e+03,3.174545476213097572e-03
2.621747831887925258e+03,3.152991645038127899e-03
2.631754503002001456e+03,3.131786594167351723e-03
2.641761174116077200e+03,3.110851859673857689e-03
2.651767845230153398e+03,3.090373240411281586e-03
2.661774516344229596e+03,3.070171456784009933e-03
2.671781187458305340e+03,3.050269791856408119e-03
2.681787858572381538e+03,3.030684543773531914e-03
2.691794529686457736e+03,3.011472523212432861e-03
2.701801200800533479e+03,2.992419293150305748e-03
2.711807871914609677e+03,2.973787486553192139e-03
2.721814543028685875e+03,2.955366158857941628e-03
2.731821214142761619e+03,2.937240293249487877e-03
2.741827885256837817e+03,2.919397549703717232e-03
2.751834556370914015e+03,2.901837928220629692e-03
2.761841227484990213e+03,2.884533256292343140e-03
2.771847898599065957e+03,2.867404371500015259e-03
2.781854569713142155e+03,2.850587479770183563e-03
2.791861240827218353e+03,2.833938226103782654e-03
2.801867911941294096e+03,2.817543223500251770e-03
2.811874583055370294e+03,2.801454626023769379e-03
2.821881254169446493e+03,2.785566030070185661e-03
2.831887925283522236e+03,2.769870916381478310e-03
2.841894596397598434e+03,2.754441229626536369e-03
2.851901267511674632e+03,2.739236457273364067e-03
2.861907938625750376e+03,2.724096877500414848e-03
2.871914609739826574e+03,2.709291409701108932e-03
2.881921280853902772e+03,2.694641239941120148e-03
2.891927951967978515e+03,2.680222736671566963e-03
2.901934623082054713e+03,2.665948355570435524e-03
2.911941294196130912e+03,2.651912160217761993e-03
2.921947965310206655e+03,2.638082252815365791e-03
2.931954636424282853e+03,2.624388551339507103e-03
2.941961307538359051e+03,2.610884839668869972e-03
2.951967978652434795e+03,2.597582293674349785e-03
2.961974649766510993e+03,2.584408503025770187e-03
2.971981320880587191e+03,2.571455202996730804e-03
2.981987991994662934e+03,2.558558480814099312e-03
2.991994663108739132e+03,2.545919269323348999e-03
3.002001334222815331e+03,2.533369930461049080e-03
3.012008005336891074e+03,2.520955633372068405e-03
3.022014676450967272e+03,2.508785575628280640e-03
3.032021347565043470e+03,2.496669767424464226e-03
3.042028018679119214e+03,2.484733005985617638e-03
3.052034689793195412e+03,2.472853986546397209e-03
3.062041360907271610e+03,2.461162395775318146e-03
3.072048032021347353e+03,2.449628431349992752e-03
3.082054703135423551e+03,2.438088413327932358e-03
3.092061374249499750e+03,2.426782622933387756e-03
3.102068045363575493e+03,2.415537834167480469e-03
3.112074716477651691e+03,2.404414582997560501e-03
3.122081387591727889e+03,2.393337199464440346e-03
3.132088058705804087e+03,2.382462145760655403e-03
3.142094729819879831e+03,2.371528884395956993e-03
3.152101400933956029e+03,2.360740443691611290e-03
3.162108072048032227e+03,2.350024646148085594e-03
3.172114743162107970e+03,2.339351456612348557e-03
3.182121414276184169e+03,2.328691771253943443e-03
3.192128085390260367e+03,2.318159909918904305e-03
3.202134756504336110e+03,2.307584742084145546e-03
3.212141427618412308e+03,2.296992344781756401e-03
3.222148098732488506e+03,2.286437433212995529e-03
3.232154769846564250e+03,2.276003593578934669e-03
3.242161440960640448e+03,2.265555784106254578e-03
3.252168112074716646e+03,2.255162922665476799e-03
3.262174783188792389e+03,2.244921401143074036e-03
3.272181454302868588e+03,2.234628889709711075e-03
3.282188125416944786e+03,2.224531024694442749e-03
3.292194796531020529e+03,2.214435255154967308e-03
3.302201467645096727e+03,2.204393036663532257e-03
3.312208138759172925e+03,2.194427419453859329e-03
3.322214809873248669e+03,2.184651792049407959e-03
3.332221480987324867e+03,2.174913184717297554e-03
3.342228152101401065e+03,2.165187848731875420e-03
3.352234823215476808e+03,2.155530266463756561e-03
3.362241494329553007e+03,2.145882695913314819e-03
3.372248165443629205e+03,2.136149210855364799e-03
3.382254836557704948e+03,2.125917235389351845e-03
3.392261507671781146e+03,2.114744624122977257e-03
3.402268178785857344e+03,2.098929136991500854e-03
3.412274849899933088e+03,2.059688558802008629e-03
3.422281521014009286e+03,2.027003094553947449e-03
3.432288192128085484e+03,2.008449751883745193e-03
3.442294863242161227e+03,1.995343016460537910e-03
3.452301534356237426e+03,1.984513830393552780e-03
3.462308205470313624e+03,1.974714221432805061e-03
3.472314876584389367e+03,1.965667353942990303e-03
3.482321547698465565e+03,1.956934574991464615e-03
3.492328218812541763e+03,1.948480028659105301e-03
3.502334889926617961e+03,1.940338872373104095e-03
3.512341561040693705e+03,1.932335202582180500e-03
3.522348232154769903e+03,1.924559357576072216e-03
3.532354903268846101e+03,1.916913897730410099e-03
3.542361574382921845e+03,1.909444923512637615e-03
3.552368245496998043e+03,1.902071875520050526e-03
3.562374916611074241e+03,1.894854358397424221e-03
3.572381587725149984e+03,1.887741847895085812e-03
3.582388258839226182e+03,1.880731317214667797e-03
3.592394929953302380e+03,1.873729866929352283e-03
3.602401601067378124e+03,1.866927719675004482e-03
3.612408272181454322e+03,1.860193442553281784e-03
3.622414943295530520e+03,1.853551482781767845e-03
3.632421614409606264e+03,1.847004634328186512e-03
3.642428285523682462e+03,1.840542186982929707e-03
3.652434956637758660e+03,1.834081951528787613e-03
3.662441627751834403e+03,1.827725209295749664e-03
3.672448298865910601e+03,1.821383251808583736e-03
3.682454969979986799e+03,1.815072959288954735e-03
3.692461641094062543e+03,1.808727975003421307e-03
3.702468312208138741e+03,1.802222803235054016e-03
3.712474983322214939e+03,1.795321586541831493e-03
3.722481654436290682e+03,1.786970882676541805e-03
3.732488325550366881e+03,1.770213129930198193e-03
3.742494996664443079e+03,1.709297182969748974e-03
3.752501667778518822e+03,1.691987155936658382e-03
3.762508338892595020e+03,1.682431553490459919e-03
3.772515010006671218e+03,1.674015191383659840e-03
3.782521681120746962e+03,1.666818046942353249e-03
3.792528352234823160e+03,1.660342211835086346e-03
3.802535023348899358e+03,1.654226798564195633e-03
3.812541694462975101e+03,1.648340141400694847e-03
3.822548365577051300e+03,1.642611459828913212e-03
3.832555036691127498e+03,1.637016772292554379e-03
3.842561707805203696e+03,1.631520804949104786e-03
3.852568378919279439e+03,1.626133453100919724e-03
3.862575050033355637e+03,1.620806637220084667e-03
3.872581721147431836e+03,1.615537214092910290e-03
3.882588392261507579e+03,1.610355102457106113e-03
3.892595063375583777e+03,1.605206402018666267e-03
3.902601734489659975e+03,1.600068761035799980e-03
3.912608405603735719e+03,1.594953355379402637e-03
3.922615076717811917e+03,1.589836319908499718e-03
3.932621747831888115e+03,1.584732788614928722e-03
3.942628418945963858e+03,1.579619129188358784e-03
3.952635090060040056e+03,1.574465306475758553e-03
3.962641761174116255e+03,1.569198793731629848e-03
3.972648432288191998e+03,1.563798286952078342e-03
3.982655103402268196e+03,1.558147254399955273e-03
3.992661774516344394e+03,1.552127068862318993e-03
4.002668445630420138e+03,1.545503968372941017e-03
4.012675116744496336e+03,1.537748845294117928e-03
4.022681787858572534e+03,1.528526889160275459e-03
4.032688458972648277e+03,1.517959986813366413e-03
4.042695130086724475e+03,1.507029985077679157e-03
4.052701801200800674e+03,1.496659242548048496e-03
4.062708472314876417e+03,1.486977678723633289e-03
4.072715143428952615e+03,1.478208228945732117e-03
4.082721814543028813e+03,1.470029004849493504e-03
4.092728485657104557e+03,1.462462823837995529e-03
4.102735156771181209e+03,1.455259043723344803e-03
4.112741827885256498e+03,1.448429771699011326e-03
4.122748498999332696e+03,1.441888744011521339e-03
4.132755170113408894e+03,1.435453188605606556e-03
4.142761841227485093e+03,1.429116935469210148e-03
4.152768512341561291e+03,1.422661938704550266e-03
4.162775183455637489e+03,1.415847335010766983e-03
4.172781854569712777e+03,1.408301992341876030e-03
4.182788525683788976e+03,1.399243832565844059e-03
4.192795196797865174e+03,1.387946889735758305e-03
4.202801867911941372e+03,1.375298947095870972e-03
4.212808539026017570e+03,1.363524934276938438e-03
4.222815210140093768e+03,1.353005296550691128e-03
4.232821881254169057e+03,1.343781012110412121e-03
4.242828552368245255e+03,1.335610519163310528e-03
4.252835223482321453e+03,1.328223384916782379e-03
4.262841894596397651e+03,1.321439747698605061e-03
4.272848565710473849e+03,1.315172878094017506e-03
4.282855236824550047e+03,1.309311017394065857e-03
4.292861907938625336e+03,1.303784199990332127e-03
4.302868579052701534e+03,1.298552146181464195e-03
4.312875250166777732e+03,1.293588662520051003e-03
4.322881921280853931e+03,1.288773142732679844e-03
4.332888592394930129e+03,1.284155296161770821e-03
4.342895263509006327e+03,1.279700780287384987e-03
4.352901934623081615e+03,1.275389106012880802e-03
4.362908605737157814e+03,1.271197455935180187e-03
4.372915276851234012e+03,1.267118495889008045e-03
4.382921947965310210e+03,1.263152807950973511e-03
4.392928619079386408e+03,1.259308191947638988e-03
4.402935290193462606e+03,1.255521900020539761e-03
4.412941961307538804e+03,1.251857029274106026e-03
4.422948632421614093e+03,1.248254906386137009e-03
4.432955303535690291e+03,1.244733575731515884e-03
4.442961974649766489e+03,1.241280115209519863e-03
4.452968645763842687e+03,1.237877877429127693e-03
4.462975316877918885e+03,1.234554219990968704e-03
4.472981987991995084e+03,1.231268397532403469e-03
4.482988659106070372e+03,1.228059874847531319e-03
4.492995330220146570e+03,1.224893494509160519e-03
4.503002001334222768e+03,1.221780315972864628e-03
4.513008672448298967e+03,1.218708930537104607e-03
4.523015343562375165e+03,1.215700642205774784e-03
4.533022014676451363e+03,1.212722971104085445e-03
4.543028685790526652e+03,1.209792331792414188e-03
4.553035356904602850e+03,1.206901157274842262e-03
4.563042028018679048e+03,1.204032334499061108e-03
4.573048699132755246e+03,1.201226608827710152e-03
4.583055370246831444e+03,1.198466517962515354e-03
4.593062041360907642e+03,1.195724937133491039e-03
4.603068712474982931e+03,1.193026546388864517e-03
4.613075383589059129e+03,1.190368435345590115e-03
4.623082054703135327e+03,1.187746063806116581e-03
4.633088725817211525e+03,1.185139408335089684e-03
4.643095396931287723e+03,1.182561623863875866e-03
4.653102068045363922e+03,1.180016552098095417e-03
4.663108739159439210e+03,1.177503261715173721e-03
4.673115410273515408e+03,1.175007899291813374e-03
4.683122081387591606e+03,1.172545598819851875e-03
4.693128752501667805e+03,1.170111820101737976e-03
4.703135423615744003e+03,1.167676178738474846e-03
4.713142094729820201e+03,1.165281049907207489e-03
4.723148765843895490e+03,1.162863918580114841e-03
4.733155436957971688e+03,1.160457148216664791e-03
4.743162108072047886e+03,1.158054685220122337e-03
4.753168779186124084e+03,1.155593898147344589e-03
4.763175450300200282e+03,1.153087825514376163e-03
4.773182121414276480e+03,1.150402938947081566e-03
4.783188792528352678e+03,1.147182192653417587e-03
4.793195463642427967e+03,1.139974803663790226e-03
4.803202134756504165e+03,1.108098542317748070e-03
4.813208805870580363e+03,1.095330808311700821e-03
4.823215476984656561e+03,1.085438882000744343e-03
4.833222148098732760e+03,1.077925087884068489e-03
4.843228819212808958e+03,1.071928767487406731e-03
4.853235490326884246e+03,1.066777040250599384e-03
4.863242161440960444e+03,1.062268856912851334e-03
4.873248832555036643e+03,1.058185705915093422e-03
4.883255503669112841e+03,1.054374151863157749e-03
4.893262174783189039e+03,1.050890423357486725e-03
4.903268845897265237e+03,1.047597848810255527e-03
4.913275517011340526e+03,1.044502016156911850e-03
4.923282188125416724e+03,1.041536917909979820e-03
4.933288859239492922e+03,1.038724440149962902e-03
4.943295530353569120e+03,1.036005327478051186e-03
4.953302201467645318e+03,1.033380860462784767e-03
4.963308872581721516e+03,1.030868152156472206e-03
4.973315543695796805e+03,1.028413069434463978e-03
4.983322214809873003e+03,1.026028767228126526e-03
4.993328885923949201e+03,1.023730030283331871e-03
5.003335557038025399e+03,1.021473901346325874e-03
5.013342228152101598e+03,1.019286690279841423e-03
5.023348899266177796e+03,1.017133356072008610e-03
5.033355570380253084e+03,1.015026937238872051e-03
5.043362241494329282e+03,1.012966269627213478e-03
5.053368912608405481e+03,1.010948559269309044e-03
5.063375583722481679e+03,1.008970430120825768e-03
5.073382254836557877e+03,1.007032813504338264e-03
5.083388925950634075e+03,1.005131867714226246e-03
5.093395597064709364e+03,1.003263052552938461e-03
5.103402268178785562e+03,1.001432072371244431e-03
5.113408939292861760e+03,9.996248409152030945e-04
5.123415610406937958e+03,9.978549787774682045e-04
5.133422281521014156e+03,9.961175965145230293e-04
5.143428952635090354e+03,9.943885961547493935e-04
5.153435623749166552e+03,9.926985949277877808e-04
5.163442294863241841e+03,9.910302469506859779e-04
5.173448965977318039e+03,9.893855312839150429e-04
5.183455637091394237e+03,9.877628181129693985e-04
5.193462308205470435e+03,9.861701400950551033e-04
5.203468979319546634e+03,9.845956228673458099e-04
5.213475650433622832e+03,9.830460185185074806e-04
5.223482321547698120e+03,9.815198136493563652e-04
5.233488992661774319e+03,9.800054831430315971e-04
5.243495663775850517e+03,9.785110596567392349e-04
5.253502334889926715e+03,9.770398028194904327e-04
5.263509006004002913e+03,9.755883947946131229e-04
5.273515677118079111e+03,9.741412941366434097e-04
5.283522348232154400e+03,9.727272554300725460e-04
5.293529019346230598e+03,9.713266044855117798e-04
5.303535690460306796e+03,9.699383517727255821e-04
5.313542361574382994e+03,9.685652330517768860e-04
5.323549032688459192e+03,9.672119631431996822e-04
5.333555703802535390e+03,9.658681810833513737e-04
5.343562374916610679e+03,9.645482641644775867e-04
5.353569046030686877e+03,9.632440051063895226e-04
5.363575717144763075e+03,9.619495249353349209e-04
5.373582388258839273e+03,9.606757084839046001e-04
5.383589059372915472e+03,9.594041621312499046e-04
5.393595730486991670e+03,9.581550257280468941e-04
5.403602401601066958e+03,9.569093235768377781e-04
5.413609072715143157e+03,9.556921431794762611e-04
5.423615743829219355e+03,9.544715867377817631e-04
5.433622414943295553e+03,9.532702970318496227e-04
5.443629086057371751e+03,9.520882158540189266e-04
5.453635757171447949e+03,9.509098017588257790e-04
5.463642428285523238e+03,9.497400023974478245e-04
5.473649099399599436e+03,9.485939517617225647e-04
5.483655770513675634e+03,9.474476682953536510e-04
5.493662441627751832e+03,9.463196620345115662e-04
5.503669112741828030e+03,9.452023077756166458e-04
5.513675783855904228e+03,9.440923458896577358e-04
5.523682454969980427e+03,9.429952478967607021e-04
5.533689126084055715e+03,9.419104317203164101e-04
5.543695797198131913e+03,9.408357436768710613e-04
5.553702468312208111e+03,9.397721150889992714e-04
5.563709139426284310e+03,9.387162863276898861e-04
5.573715810540360508e+03,9.376720408909022808e-04
5.583722481654436706e+03,9.366374579258263111e-04
5.593729152768511995e+03,9.356141672469675541e-04
5.603735823882588193e+03,9.345976868644356728e-04
5.613742494996664391e+03,9.335938375443220139e-04
5.623749166110740589e+03,9.325971477665007114e-04
5.633755837224816787e+03,9.316116920672357082e-04
5.643762508338892985e+03,9.306388674303889275e-04
5.653769179452968274e+03,9.296708740293979645e-04
5.663775850567044472e+03,9.287141729146242142e-04
5.673782521681120670e+03,9.277608478441834450e-04
5.683789192795196868e+03,9.268234134651720524e-04
5.693795863909273066e+03,9.258896461687982082e-04
5.703802535023349265e+03,9.249720606021583080e-04
5.713809206137424553e+03,9.240573854185640812e-04
5.723815877251500751e+03,9.231506264768540859e-04
5.733822548365576949e+03,9.222486405633389950e-04
5.743829219479653148e+03,9.213529410772025585e-04
5.753835890593729346e+03,9.204735397361218929e-04
5.763842561707805544e+03,9.195976308546960354e-04
5.773849232821880832e+03,9.187273681163787842e-04
5.783855903935957031e+03,9.178697364404797554e-04
5.793862575050033229e+03,9.170185658149421215e-04
5.803869246164109427e+03,9.161698399111628532e-04
5.813875917278185625e+03,9.153346763923764229e-04
5.823882588392261823e+03,9.145011426880955696e-04
5.833889259506337112e+03,9.136777371168136597e-04
5.843895930620413310e+03,9.128634119406342506e-04
5.853902601734489508e+03,9.120572940446436405e-04
5.863909272848565706e+03,9.112507686950266361e-04
5.873915943962641904e+03,9.104527416639029980e-04
5.883922615076718103e+03,9.096631547436118126e-04
5.893929286190794301e+03,9.088819497264921665e-04
5.903935957304869589e+03,9.081075550056993961e-04
5.913942628418945787e+03,9.073335677385330200e-04
5.923949299533021986e+03,9.065725025720894337e-04
5.933955970647098184e+03,9.058159776031970978e-04
5.943962641761174382e+03,9.050698718056082726e-04
5.953969312875250580e+03,9.043242316693067551e-04
5.963975983989325869e+03,9.035835973918437958e-04
5.973982655103402067e+03,9.028578642755746841e-04
5.983989326217478265e+03,9.021313162520527840e-04
5.993995997331554463e+03,9.014114039018750191e-04
6.004002668445630661e+03,9.006995242089033127e-04
6.014009339559706859e+03,8.999904384836554527e-04
6.024016010673782148e+03,8.992897928692400455e-04
6.034022681787858346e+03,8.985960739664733410e-04
6.044029352901934544e+03,8.979004342108964920e-04
6.054036024016010742e+03,8.972142240963876247e-04
6.064042695130086940e+03,8.965357556007802486e-04
6.074049366244163139e+03,8.958644466474652290e-04
6.084056037358238427e+03,8.951905765570700169e-04
6.094062708472314625e+03,8.945308509282767773e-04
6.104069379586390824e+03,8.938723476603627205e-04
6.114076050700467022e+03,8.932230994105339050e-04
6.124082721814543220e+03,8.925747824832797050e-04
6.134089392928619418e+03,8.919318788684904575e-04
6.144096064042694707e+03,8.912931079976260662e-04
6.154102735156770905e+03,8.906591101549565792e-04
6.164109406270847103e+03,8.900281391106545925e-04
6.174116077384923301e+03,8.894048514775931835e-04
6.184122748498999499e+03,8.887887815944850445e-04
6.194129419613075697e+03,8.881762041710317135e-04
6.204136090727150986e+03,8.875677012838423252e-04
6.214142761841227184e+03,8.869615267030894756e-04
6.224149432955303382e+03,8.863602415658533573e-04
6.234156104069379580e+03,8.857659995555877686e-04
6.244162775183455778e+03,8.851781603880226612e-04
6.254169446297531977e+03,8.845883421599864960e-04
6.264176117411608175e+03,8.840075461193919182e-04
6.274182788525683463e+03,8.834321051836013794e-04
6.284189459639759662e+03,8.828580612316727638e-04
6.294196130753835860e+03,8.822919335216283798e-04
6.304202801867912058e+03,8.817302295938134193e-04
6.314209472981988256e+03,8.811689331196248531e-04
6.324216144096064454e+03,8.806117693893611431e-04
6.334222815210139743e+03,8.800628711469471455e-04
6.344229486324215941e+03,8.795145549811422825e-04
6.354236157438292139e+03,8.789691491983830929e-04
6.364242828552368337e+03,8.784288074821233749e-04
6.374249499666444535e+03,8.778945775702595711e-04
6.384256170780520733e+03,8.773612789809703827e-04
6.394262841894596022e+03,8.768339757807552814e-04
6.404269513008672220e+03,8.763113874010741711e-04
6.414276184122748418e+03,8.757884497754275799e-04
6.424282855236824616e+03,8.752697613090276718e-04
6.434289526350900815e+03,8.747570100240409374e-04
6.444296197464977013e+03,8.742473437450826168e-04
6.454302868579052301e+03,8.737402968108654022e-04
6.464309539693128499e+03,8.732358692213892937e-04
6.474316210807204698e+03,8.727333042770624161e-04
6.484322881921280896e+03,8.722340571694076061e-04
6.494329553035357094e+03,8.717408054508268833e-04
6.504336224149433292e+03,8.712482522241771221e-04
6.514342895263508581e+03,8.707577362656593323e-04
6.524349566377584779e+03,8.702733903191983700e-04
6.534356237491660977e+03,8.697879384271800518e-04
6.544362908605737175e+03,8.693055133335292339e-04
6.554369579719813373e+03,8.688270463608205318e-04
6.564376250833889571e+03,8.683500927872955799e-04
6.574382921947964860e+03,8.678770973347127438e-04
6.584389593062041058e+03,8.674042765051126480e-04
6.594396264176117256e+03,8.669318049214780331e-04
6.604402935290193454e+03,8.664631750434637070e-04
6.614409606404269653e+03,8.659938466735184193e-04
6.624416277518345851e+03,8.655259734950959682e-04
6.634422948632422049e+03,8.650585077702999115e-04
6.644429619746497337e+03,8.645950001664459705e-04
6.654436290860573536e+03,8.641273016110062599e-04
6.664442961974649734e+03,8.636562852188944817e-04
6.674449633088725932e+03,8.631860255263745785e-04
6.684456304202802130e+03,8.627097704447805882e-04
6.694462975316878328e+03,8.622308378107845783e-04
6.704469646430953617e+03,8.617427665740251541e-04
6.714476317545029815e+03,8.612407254986464977e-04
6.724482988659106013e+03,8.607198251411318779e-04
6.734489659773182211e+03,8.601649897173047066e-04
6.744496330887258409e+03,8.595559047535061836e-04
6.754503002001334607e+03,8.588324417360126972e-04
6.764509673115409896e+03,8.578149718232452869e-04
6.774516344229486094e+03,8.550664642825722694e-04
6.784523015343562292e+03,8.044147398322820663e-04
6.794529686457638491e+03,7.887028623372316360e-04
6.804536357571714689e+03,7.776328711770474911e-04
6.814543028685790887e+03,7.716179825365543365e-04
6.824549699799866175e+03,7.672194624319672585e-04
6.834556370913942374e+03,7.473487639799714088e-04
6.844563042028018572e+03,7.018620381131768227e-04
6.854569713142094770e+03,6.883912137709558010e-04
6.864576384256170968e+03,6.803619908168911934e-04
6.874583055370247166e+03,6.757510709576308727e-04
6.884589726484322455e+03,6.726108840666711330e-04
6.894596397598398653e+03,6.702506798319518566e-04
6.904603068712474851e+03,6.683557876385748386e-04
6.914609739826551049e+03,6.667893030680716038e-04
6.924616410940627247e+03,6.654449971392750740e-04
6.934623082054703445e+03,6.642742082476615906e-04
6.944629753168778734e+03,6.632213480770587921e-04
6.954636424282854932e+03,6.622654618695378304e-04
6.964643095396931130e+03,6.613828591071069241e-04
6.974649766511007329e+03,6.605551461689174175e-04
6.984656437625083527e+03,6.597763858735561371e-04
6.994663108739159725e+03,6.590397679246962070e-04
7.004669779853235923e+03,6.583388894796371460e-04
7.014676450967311212e+03,6.576747400686144829e-04
7.024683122081387410e+03,6.570363766513764858e-04
7.034689793195463608e+03,6.564218201674520969e-04
7.044696464309539806e+03,6.558303721249103546e-04
7.054703135423616004e+03,6.552594713866710663e-04
7.064709806537692202e+03,6.547044031322002411e-04
7.074716477651767491e+03,6.541644688695669174e-04
7.084723148765843689e+03,6.536391447298228741e-04
7.094729819879919887e+03,6.531283725053071976e-04
7.104736490993996085e+03,6.526293582282960415e-04
7.114743162108072283e+03,6.521441973745822906e-04
7.124749833222148482e+03,6.516686989925801754e-04
7.134756504336223770e+03,6.512042600661516190e-04
7.144763175450299968e+03,6.507507059723138809e-04
7.154769846564376166e+03,6.503061158582568169e-04
7.164776517678452365e+03,6.498708389699459076e-04
7.174783188792528563e+03,6.494425470009446144e-04
7.184789859906604761e+03,6.490228115580976009e-04
7.194796531020680050e+03,6.486090715043246746e-04
7.204803202134756248e+03,6.482032476924359798e-04
7.214809873248832446e+03,6.478041759692132473e-04
7.224816544362908644e+03,6.474126712419092655e-04
7.234823215476984842e+03,6.470269290730357170e-04
7.244829886591061040e+03,6.466484046541154385e-04
7.254836557705136329e+03,6.462747696787118912e-04
7.264843228819212527e+03,6.459073629230260849e-04
7.274849899933288725e+03,6.455452530644834042e-04
7.284856571047364923e+03,6.451885565184056759e-04
7.294863242161441121e+03,6.448359345085918903e-04
7.304869913275517320e+03,6.444873870350420475e-04
7.314876584389592608e+03,6.441452424041926861e-04
7.324883255503668806e+03,6.438067066483199596e-04
7.334889926617745004e+03,6.434728275053203106e-04
7.344896597731821203e+03,6.431458168663084507e-04
7.354903268845897401e+03,6.428187480196356773e-04
7.364909939959973599e+03,6.424979073926806450e-04
7.374916611074049797e+03,6.421806756407022476e-04
7.384923282188125086e+03,6.418665288947522640e-04
7.394929953302201284e+03,6.415577954612672329e-04
7.404936624416277482e+03,6.412523216567933559e-04
7.414943295530353680e+03,6.409502821043133736e-04
7.424949966644429878e+03,6.406507454812526703e-04
7.434956637758506076e+03,6.403543520718812943e-04
7.444963308872581365e+03,6.400632555596530437e-04
7.454969979986657563e+03,6.397727993316948414e-04
7.464976651100733761e+03,6.394861848093569279e-04
7.474983322214809959e+03,6.392027717083692551e-04
7.484989993328886158e+03,6.389220361597836018e-04
7.494996664442962356e+03,6.386438035406172276e-04
7.505003335557037644e+03,6.383696454577147961e-04
7.515010006671113842e+03,6.380988052114844322e-04
7.525016677785190041e+03,6.378289544954895973e-04
7.535023348899266239e+03,6.375641678459942341e-04
7.545030020013342437e+03,6.373001961037516594e-04
7.555036691127418635e+03,6.370406481437385082e-04
7.565043362241493924e+03,6.367813912220299244e-04
7.575050033355570122e+03,6.365265580825507641e-04
7.585056704469646320e+03,6.362733547575771809e-04
7.595063375583722518e+03,6.360216648317873478e-04
7.605070046697798716e+03,6.357716629281640053e-04
7.615076717811874914e+03,6.355258519761264324e-04
7.625083388925950203e+03,6.352808559313416481e-04
7.635090060040026401e+03,6.350392359308898449e-04
7.645096731154102599e+03,6.347993621602654457e-04
7.655103402268178797e+03,6.345621077343821526e-04
7.665110073382254996e+03,6.343263085000216961e-04
7.675116744496331194e+03,6.340924301184713840e-04
7.685123415610407392e+03,6.338616949506103992e-04
7.695130086724482680e+03,6.336325895972549915e-04
7.705136757838558879e+03,6.334057543426752090e-04
7.715143428952635077e+03,6.331792683340609074e-04
7.725150100066711275e+03,6.329567404463887215e-04
7.735156771180787473e+03,6.327355513349175453e-04
7.745163442294863671e+03,6.325170397758483887e-04
7.755170113408938960e+03,6.322995759546756744e-04
7.765176784523015158e+03,6.320844404399394989e-04
7.775183455637091356e+03,6.318701780401170254e-04
7.785190126751167554e+03,6.316592334769666195e-04
7.795196797865243752e+03,6.314495112746953964e-04
7.805203468979319950e+03,6.312411278486251831e-04
7.815210140093395239e+03,6.310350145213305950e-04
7.825216811207471437e+03,6.308309966698288918e-04
7.835223482321547635e+03,6.306271534413099289e-04
7.845230153435623834e+03,6.304256967268884182e-04
7.855236824549700032e+03,6.302257534116506577e-04
7.865243495663776230e+03,6.300280219875276089e-04
7.875250166777851518e+03,6.298314547166228294e-04
7.885256837891927717e+03,6.296374485827982426e-04
7.895263509006003915e+03,6.294451304711401463e-04
7.905270180120080113e+03,6.292520556598901749e-04
7.915276851234156311e+03,6.290628225542604923e-04
7.925283522348232509e+03,6.288733566179871559e-04
7.935290193462307798e+03,6.286862189881503582e-04
7.945296864576383996e+03,6.285001873038709164e-04
7.955303535690460194e+03,6.283155526034533978e-04
7.965310206804536392e+03,6.281331297941505909e-04
7.975316877918612590e+03,6.279522785916924477e-04
7.985323549032688788e+03,6.277717184275388718e-04
7.995330220146764077e+03,6.275924970395863056e-04
8.005336891260840275e+03,6.274147890508174896e-04
8.015343562374916473e+03,6.272397586144506931e-04
8.025350233488992671e+03,6.270650192163884640e-04
8.035356904603068870e+03,6.268917350098490715e-04
8.045363575717145068e+03,6.267197313718497753e-04
8.055370246831221266e+03,6.265479023568332195e-04
8.065376917945296555e+03,6.263806135393679142e-04
8.075383589059372753e+03,6.262114038690924644e-04
8.085390260173448951e+03,6.260442314669489861e-04
8.095396931287525149e+03,6.258786306716501713e-04
8.105403602401601347e+03,6.257142522372305393e-04
8.115410273515677545e+03,6.255518528632819653e-04
8.125416944629752834e+03,6.253898609429597855e-04
8.135423615743829032e+03,6.252285093069076538e-04
8.145430286857905230e+03,6.250690203160047531e-04
8.155436957971981428e+03,6.249100551940500736e-04
8.165443629086057626e+03,6.247519049793481827e-04
8.175450300200133825e+03,6.245957920327782631e-04
8.185456971314209113e+03,6.244414835236966610e-04
8.195463642428285311e+03,6.242872914299368858e-04
8.205470313542362419e+03,6.241361843422055244e-04
8.215476984656437708e+03,6.239833892323076725e-04
8.225483655770512996e+03,6.238326895982027054e-04
8.235490326884590104e+03,6.236828630790114403e-04
8.245496997998665393e+03,6.235344917513430119e-04
8.255503669112742500e+03,6.233876338228583336e-04
8.265510340226817789e+03,6.232411251403391361e-04
8.275517011340893077e+03,6.230951403267681599e-04
8.285523682454970185e+03,6.229514838196337223e-04
8.295530353569045474e+03,6.228077691048383713e-04
8.305537024683122581e+03,6.226660916581749916e-04
8.315543695797197870e+03,6.225241231732070446e-04
8.325550366911274978e+03,6.223841337487101555e-04
8.335557038025350266e+03,6.222446681931614876e-04
8.345563709139425555e+03,6.221072399057447910e-04
8.355570380253502663e+03,6.219703936949372292e-04
8.365577051367577951e+03,6.218332564458250999e-04
8.375583722481655059e+03,6.216982146725058556e-04
8.385590393595730347e+03,6.215635221451520920e-04
8.395597064709805636e+03,6.214295281097292900e-04
8.405603735823882744e+03,6.212969892658293247e-04
8.415610406937958032e+03,6.211666623130440712e-04
8.425617078052035140e+03,6.210356368683278561e-04
8.435623749166110429e+03,6.209058337844908237e-04
8.445630420280187536e+03,6.207769038155674934e-04
8.455637091394262825e+03,6.206499529071152210e-04
8.465643762508338114e+03,6.205226527526974678e-04
8.475650433622415221e+03,6.203962257131934166e-04
8.485657104736490510e+03,6.202709046192467213e-04
8.495663775850567617e+03,6.201465148478746414e-04
8.505670446964642906e+03,6.200225325301289558e-04
8.515677118078720014e+03,6.199000054039061069e-04
8.525683789192795302e+03,6.197785260155797005e-04
8.535690460306870591e+03,6.196579779498279095e-04
8.545697131420947699e+03,6.195372552610933781e-04
8.555703802535022987e+03,6.194174638949334621e-04
8.565710473649100095e+03,6.192996515892446041e-04
8.575717144763175384e+03,6.191817810758948326e-04
8.585723815877250672e+03,6.190647254697978497e-04
8.595730486991327780e+03,6.189485429786145687e-04
8.605737158105403068e+03,6.188329425640404224e-04
8.615743829219480176e+03,6.187176331877708435e-04
8.625750500333555465e+03,6.186045357026159763e-04
8.635757171447632572e+03,6.184910889714956284e-04
8.645763842561707861e+03,6.183787481859326363e-04
8.655770513675783150e+03,6.182675133459270000e-04
8.665777184789860257e+03,6.181563949212431908e-04
8.675783855903935546e+03,6.180463824421167374e-04
8.685790527018012654e+03,6.179370684549212456e-04
8.695797198132087942e+03,6.178275216370820999e-04
8.705803869246163231e+03,6.177201867103576660e-04
8.715810540360240338e+03,6.176138995215296745e-04
8.725817211474315627e+03,6.175066810101270676e-04
8.735823882588392735e+03,6.174006266519427299e-04
8.745830553702468023e+03,6.172956200316548347e-04
8.755837224816545131e+03,6.171910208649933338e-04
8.765843895930620420e+03,6.170872366055846214e-04
8.775850567044695708e+03,6.169843254610896111e-04
8.785857238158772816e+03,6.168825202621519566e-04
8.795863909272848105e+03,6.167804240249097347e-04
8.805870580386925212e+03,6.166789680719375610e-04
8.815877251501000501e+03,6.165783852338790894e-04
8.825883922615077608e+03,6.164791411720216274e-04
8.835890593729152897e+03,6.163798389025032520e-04
8.845897264843228186e+03,6.162817589938640594e-04
8.855903935957305293e+03,6.161846104077994823e-04
8.865910607071380582e+03,6.160865887068212032e-04
8.875917278185457690e+03,6.159906042739748955e-04
8.885923949299532978e+03,6.158950855024158955e-04
8.895930620413608267e+03,6.157996249385178089e-04
8.905937291527685375e+03,6.157048628665506840e-04
8.915943962641760663e+03,6.156108574941754341e-04
8.925950633755837771e+03,6.155172013677656651e-04
8.935957304869913060e+03,6.154247093945741653e-04
8.945963975983990167e+03,6.153321592137217522e-04
8.955970647098065456e+03,6.152412970550358295e-04
8.965977318212140744e+03,6.151501438580453396e-04
8.975983989326217852e+03,6.150592816993594170e-04
8.985990660440293141e+03,6.149696419015526772e-04
8.995997331554370248e+03,6.148802349343895912e-04
9.006004002668445537e+03,6.147914682514965534e-04
9.016010673782520826e+03,6.147035164758563042e-04
9.026017344896597933e+03,6.146162631921470165e-04
9.036024016010673222e+03,6.145291845314204693e-04
9.046030687124750330e+03,6.144424551166594028e-04
9.056037358238825618e+03,6.143561913631856441e-04
9.066044029352902726e+03,6.142715574242174625e-04
9.076050700466978014e+03,6.141862249933183193e-04
9.086057371581053303e+03,6.141019403003156185e-04
9.096064042695130411e+03,6.140181212686002254e-04
9.106070713809205699e+03,6.139345932751893997e-04
9.116077384923282807e+03,6.138516473583877087e-04
9.126084056037358096e+03,6.137693999335169792e-04
9.136090727151433384e+03,6.136879092082381248e-04
9.146097398265510492e+03,6.136064184829592705e-04
9.156104069379585781e+03,6.135258590802550316e-04
9.166110740493662888e+03,6.134452996775507927e-04
9.176117411607738177e+03,6.133656133897602558e-04
9.186124082721815284e+03,6.132867420092225075e-04
9.196130753835890573e+03,6.132081616669893265e-04
9.206137424949965862e+03,6.131296977400779724e-04
9.216144096064042969e+03,6.130517576821148396e-04
9.226150767178118258e+03,6.129746325314044952e-04
9.236157438292195366e+03,6.128975655883550644e-04
9.246164109406270654e+03,6.128213135525584221e-04
9.256170780520347762e+03,6.127459346316754818e-04
9.266177451634423051e+03,6.126701482571661472e-04
9.276184122748498339e+03,6.125954678282141685e-04
9.286190793862575447e+03,6.125203799456357956e-04
9.296197464976650735e+03,6.124469800852239132e-04
9.306204136090727843e+03,6.123735220171511173e-04
9.316210807204803132e+03,6.123003549873828888e-04
9.326217478318878420e+03,6.122278864495456219e-04
9.336224149432955528e+03,6.121559417806565762e-04
9.346230820547030817e+03,6.120841717347502708e-04
9.356237491661107924e+03,6.120129837654531002e-04
9.366244162775183213e+03,6.119424942880868912e-04
9.376250833889260321e+03,6.118724122643470764e-04
9.386257505003335609e+03,6.118025630712509155e-04
9.396264176117410898e+03,6.117328885011374950e-04
9.406270847231488005e+03,6.116643198765814304e-04
9.416277518345563294e+03,6.115955766290426254e-04
9.426284189459640402e+03,6.115278811194002628e-04
9.436290860573715690e+03,6.114592542871832848e-04
9.446297531687790979e+03,6.113921990618109703e-04
9.456304202801868087e+03,6.113254348747432232e-04
9.466310873915943375e+03,6.112587288953363895e-04
9.476317545030020483e+03,6.111927796155214310e-04
9.486324216144095772e+03,6.111273542046546936e-04
9.496330887258172879e+03,6.110622198320925236e-04
9.506337558372248168e+03,6.109973182901740074e-04
9.516344229486323457e+03,6.109327077865600586e-04
9.526350900600400564e+03,6.108690286055207253e-04
9.536357571714475853e+03,6.108052330091595650e-04
9.546364242828552960e+03,6.107417866587638855e-04
9.556370913942628249e+03,6.106790388002991676e-04
9.566377585056705357e+03,6.106162327341735363e-04
9.576384256170780645e+03,6.105544744059443474e-04
9.586390927284855934e+03,6.104924832470715046e-04
9.596397598398933042e+03,6.104308995418250561e-04
9.606404269513008330e+03,6.103698397055268288e-04
9.616410940627085438e+03,6.103094201534986496e-04
9.626417611741160727e+03,6.102492334321141243e-04
9.636424282855236015e+03,6.101891631260514259e-04
9.646430953969313123e+03,6.101297913119196892e-04
9.656437625083388411e+03,6.100704777054488659e-04
9.666444296197465519e+03,6.100117461755871773e-04
9.676450967311540808e+03,6.099530728533864021e-04
9.686457638425617915e+03,6.098952144384384155e-04
9.696464309539693204e+03,6.098381127230823040e-04
9.706470980653768493e+03,6.097806035540997982e-04
9.716477651767845600e+03,6.097233854234218597e-04
9.726484322881920889e+03,6.096672150306403637e-04
9.736490993995997997e+03,6.096104043535888195e-04
9.746497665110073285e+03,6.095545832067728043e-04
9.756504336224148574e+03,6.094989948906004429e-04
9.766511007338225681e+03,6.094435811974108219e-04
9.776517678452300970e+03,6.093888077884912491e-04
9.786524349566378078e+03,6.093341507948935032e-04
9.796531020680453366e+03,6.092800176702439785e-04
9.806537691794530474e+03,6.092258263379335403e-04
9.816544362908605763e+03,6.091721588745713234e-04
9.826551034022681051e+03,6.091191316954791546e-04
9.836557705136758159e+03,6.090659881010651588e-04
9.846564376250833448e+03,6.090138340368866920e-04
9.856571047364910555e+03,6.089614471420645714e-04
9.866577718478985844e+03,6.089092930778861046e-04
9.876584389593061132e+03,6.088577792979776859e-04
9.886591060707138240e+03,6.088064983487129211e-04
9.896597731821213529e+03,6.087551009841263294e-04
9.906604402935290636e+03,6.087045767344534397e-04
9.916611074049365925e+03,6.086541689001023769e-04
9.926617745163443033e+03,6.086045177653431892e-04
9.936624416277518321e+03,6.085544591769576073e-04
9.946631087391593610e+03,6.085049826651811600e-04
9.956637758505670718e+03,6.084557389840483665e-04
9.966644429619746006e+03,6.084068445488810539e-04
9.976651100733823114e+03,6.083583575673401356e-04
9.986657771847898402e+03,6.083101034164428711e-04
9.996664442961975510e+03,6.082626059651374817e-04
1.000667111407605080e+04,6.082145264372229576e-04
1.001667778519012609e+04,6.081670289859175682e-04
1.002668445630420320e+04,6.081200554035604000e-04
1.003669112741827848e+04,6.080730236135423183e-04
1.004669779853235559e+04,6.080267485231161118e-04
1.005670446964643088e+04,6.079803570173680782e-04
1.006671114076050617e+04,6.079343729652464390e-04
1.007671781187458328e+04,6.078888545744121075e-04
1.008672448298865856e+04,6.078436854295432568e-04
1.009673115410273567e+04,6.077988073229789734e-04
1.010673782521681096e+04,6.077538128010928631e-04
1.011674449633088807e+04,6.077086436562240124e-04
1.012675116744496336e+04,6.076643476262688637e-04
1.013675783855903865e+04,6.076202844269573689e-04
1.014676450967311575e+04,6.075767450965940952e-04
1.015677118078719104e+04,6.075333221815526485e-04
1.016677785190126815e+04,6.074897828511893749e-04
1.017678452301534344e+04,6.074468255974352360e-04
1.018679119412941873e+04,6.074042175896465778e-04
1.019679786524349583e+04,6.073616677895188332e-04
1.020680453635757112e+04,6.073191761970520020e-04
1.021681120747164823e+04,6.072772666811943054e-04
1.022681787858572352e+04,6.072355317883193493e-04
1.023682454969980063e+04,6.071936222724616528e-04
1.024683122081387592e+04,6.071524112485349178e-04
1.025683789192795120e+04,6.071113166399300098e-04
1.026684456304202831e+04,6.070704548619687557e-04
1.027685123415610360e+04,6.070298259146511555e-04
1.028685790527018071e+04,6.069894880056381226e-04
1.029686457638425600e+04,6.069496739655733109e-04
1.030687124749833310e+04,6.069097435101866722e-04
1.031687791861240839e+04,6.068701040931046009e-04
1.032688458972648368e+04,6.068306392990052700e-04
1.033689126084056079e+04,6.067915237508714199e-04
1.034689793195463608e+04,6.067524082027375698e-04
1.035690460306871319e+04,6.067137583158910275e-04
1.036691127418278847e+04,6.066754576750099659e-04
1.037691794529686376e+04,6.066371570341289043e-04
1.038692461641094087e+04,6.065990310162305832e-04
1.039693128752501616e+04,6.065612542442977428e-04
1.040693795863909327e+04,6.065237685106694698e-04
1.041694462975316856e+04,6.064864574000239372e-04
1.042695130086724566e+04,6.064492627047002316e-04
1.043695797198132095e+04,6.064123008400201797e-04
1.044696464309539624e+04,6.063756882213056087e-04
1.045697131420947335e+04,6.063390756025910378e-04
1.046697798532354864e+04,6.063026958145201206e-04
1.047698465643762574e+04,6.062666652724146843e-04
1.048699132755170103e+04,6.062306347303092480e-04
1.049699799866577632e+04,6.061950698494911194e-04
1.050700466977985343e+04,6.061595631763339043e-04
1.051701134089392872e+04,6.061244639568030834e-04
1.052701801200800583e+04,6.060893065296113491e-04
1.053702468312208111e+04,6.060546729713678360e-04
1.054703135423615822e+04,6.060200394131243229e-04
1.055703802535023351e+04,6.059857551008462906e-04
1.056704469646430880e+04,6.059511797502636909e-04
1.057705136757838591e+04,6.059173610992729664e-04
1.058705803869246120e+04,6.058834842406213284e-04
1.059706470980653830e+04,6.058498402126133442e-04
1.060707138092061359e+04,6.058163125999271870e-04
1.061707805203469070e+04,6.057832506485283375e-04
1.062708472314876599e+04,6.057501886971294880e-04
1.063709139426284128e+04,6.057173595763742924e-04
1.064709806537691838e+04,6.056845886632800102e-04
1.065710473649099367e+04,6.056521669961512089e-04
1.066711140760507078e+04,6.056198035366833210e-04
1.067711807871914607e+04,6.055880221538245678e-04
1.068712474983322136e+04,6.055560079403221607e-04
1.069713142094729847e+04,6.055241683498024940e-04
1.070713809206137375e+04,6.054926197975873947e-04
1.071714476317545086e+04,6.054614204913377762e-04
1.072715143428952615e+04,6.054301047697663307e-04
1.073715810540360326e+04,6.053993129171431065e-04
1.074716477651767855e+04,6.053687538951635361e-04
1.075717144763175384e+04,6.053379620425403118e-04
1.076717811874583094e+04,6.053078104741871357e-04
1.077718478985990623e+04,6.052774260751903057e-04
1.078719146097398334e+04,6.052475073374807835e-04
1.079719813208805863e+04,6.052173557691276073e-04
1.080720480320213392e+04,6.051876698620617390e-04
1.081721147431621102e+04,6.051582167856395245e-04
1.082721814543028631e+04,6.051290547475218773e-04
1.083722481654436342e+04,6.050998927094042301e-04
1.084723148765843871e+04,6.050710217095911503e-04
1.085723815877251582e+04,6.050419760867953300e-04
1.086724482988659111e+04,6.050133379176259041e-04
1.087725150100066639e+04,6.049850489944219589e-04
1.088725817211474350e+04,6.049565854482352734e-04
1.089726484322881879e+04,6.049284129403531551e-04
1.090727151434289590e+04,6.049003568477928638e-04
1.091727818545697119e+04,6.048727664165198803e-04
1.092728485657104648e+04,6.048450595699250698e-04
1.093729152768512358e+04,6.048174691386520863e-04
1.094729819879919887e+04,6.047902861610054970e-04
1.095730486991327598e+04,6.047631031833589077e-04
1.096731154102735127e+04,6.047361530363559723e-04
1.097731821214142838e+04,6.047092028893530369e-04
1.098732488325550366e+04,6.046825437806546688e-04
1.099733155436957895e+04,6.046559428796172142e-04
1.100733822548365606e+04,6.046295166015625000e-04
1.101734489659773135e+04,6.046032067388296127e-04
1.102735156771180846e+04,6.045772461220622063e-04
1.103735823882588375e+04,6.045512272976338863e-04
1.104736490993996085e+04,6.045253830961883068e-04
1.105737158105403614e+04,6.044996553100645542e-04
1.106737825216811143e+04,6.044740439392626286e-04
1.107738492328218854e+04,6.044488400220870972e-04
1.108739159439626383e+04,6.044235778972506523e-04
1.109739826551034093e+04,6.043986068107187748e-04
1.110740493662441622e+04,6.043738103471696377e-04
1.111741160773849151e+04,6.043486646376550198e-04
1.112741827885256862e+04,6.043243338353931904e-04
1.113742494996664391e+04,6.042998284101486206e-04
1.114743162108072102e+04,6.042755558155477047e-04
1.115743829219479630e+04,6.042512832209467888e-04
1.116744496330887341e+04,6.042271270416676998e-04
1.117745163442294870e+04,6.042032619006931782e-04
1.118745830553702399e+04,6.041794549673795700e-04
1.119746497665110110e+04,6.041557644493877888e-04
1.120747164776517639e+04,6.041323067620396614e-04
1.121747831887925349e+04,6.041089654900133610e-04
1.122748498999332878e+04,6.040857406333088875e-04
1.123749166110740407e+04,6.040626321919262409e-04
1.124749833222148118e+04,6.040394655428826809e-04
1.125750500333555647e+04,6.040167645551264286e-04
1.126751167444963357e+04,6.039941217750310898e-04
1.127751834556370886e+04,6.039715372025966644e-04
1.128752501667778597e+04,6.039491272531449795e-04
1.129753168779186126e+04,6.039267755113542080e-04
1.130753835890593655e+04,6.039045401848852634e-04
1.131754503002001366e+04,6.038824212737381458e-04
1.132755170113408894e+04,6.038604769855737686e-04
1.133755837224816605e+04,6.038385909050703049e-04
1.134756504336224134e+04,6.038169958628714085e-04
1.135757171447631845e+04,6.037954008206725121e-04
1.136757838559039374e+04,6.037739221937954426e-04
1.137758505670446903e+04,6.037525599822402000e-04
1.138759172781854613e+04,6.037314888089895248e-04
1.139759839893262142e+04,6.037102430127561092e-04
1.140760507004669853e+04,6.036893464624881744e-04
1.141761174116077382e+04,6.036686827428638935e-04
1.142761841227484911e+04,6.036479026079177856e-04
1.143762508338892621e+04,6.036271806806325912e-04
1.144763175450300150e+04,6.036066333763301373e-04
1.145763842561707861e+04,6.035862606950104237e-04
1.146764509673115390e+04,6.035660044290125370e-04
1.147765176784523101e+04,6.035460392013192177e-04
1.148765843895930630e+04,6.035258993506431580e-04
1.149766511007338158e+04,6.035061669535934925e-04
1.150767178118745869e+04,6.034863181412220001e-04
1.151767845230153398e+04,6.034667021594941616e-04
1.152768512341561109e+04,6.034471443854272366e-04
1.153769179452968638e+04,6.034275866113603115e-04
1.154769846564376166e+04,6.034083198755979538e-04
1.155770513675783877e+04,6.033892277628183365e-04
1.156771180787191406e+04,6.033700774423778057e-04
1.157771847898599117e+04,6.033511017449200153e-04
1.158772515010006646e+04,6.033322424627840519e-04
1.159773182121414357e+04,6.033134413883090019e-04
1.160773849232821885e+04,6.032947567291557789e-04
1.161774516344229414e+04,6.032763049006462097e-04
1.162775183455637125e+04,6.032578530721366405e-04
1.163775850567044654e+04,6.032395758666098118e-04
1.164776517678452365e+04,6.032212986610829830e-04
1.165777184789859893e+04,6.032032542861998081e-04
1.166777851901267422e+04,6.031851517036557198e-04
1.167778519012675133e+04,6.031671655364334583e-04
1.168779186124082662e+04,6.031494121998548508e-04
1.169779853235490373e+04,6.031317752785980701e-04
1.170780520346897902e+04,6.031143129803240299e-04
1.171781187458305612e+04,6.030967342667281628e-04
1.172781854569713141e+04,6.030793301761150360e-04
1.173782521681120670e+04,6.030620425008237362e-04
1.174783188792528381e+04,6.030448712408542633e-04
1.175783855903935910e+04,6.030276999808847904e-04
1.176784523015343621e+04,6.030109361745417118e-04
1.177785190126751149e+04,6.029938813298940659e-04
1.178785857238158860e+04,6.029772339388728142e-04
1.179786524349566389e+04,6.029604119248688221e-04
1.180787191460973918e+04,6.029438809491693974e-04
1.181787858572381629e+04,6.029274081811308861e-04
1.182788525683789157e+04,6.029111100360751152e-04
1.183789192795196868e+04,6.028946954756975174e-04
1.184789859906604397e+04,6.028785719536244869e-04
1.185790527018011926e+04,6.028622738085687160e-04
1.186791194129419637e+04,6.028462084941565990e-04
1.187791861240827166e+04,6.028303178027272224e-04
1.188792528352234876e+04,6.028144853189587593e-04
1.189793195463642405e+04,6.027987110428512096e-04
1.190793862575050116e+04,6.027831113897264004e-04
1.191794529686457645e+04,6.027676281519234180e-04
1.192795196797865174e+04,6.027520867064595222e-04
1.193795863909272884e+04,6.027366034686565399e-04
1.194796531020680413e+04,6.027212948538362980e-04
1.195797198132088124e+04,6.027061026543378830e-04
1.196797865243495653e+04,6.026911432854831219e-04
1.197798532354903182e+04,6.026760092936456203e-04
1.198799199466310893e+04,6.026611081324517727e-04
1.199799866577718421e+04,6.026462069712579250e-04
1.200800533689126132e+04,6.026314222253859043e-04
1.201801200800533661e+04,6.026166956871747971e-04
1.202801867911941372e+04,6.026019691489636898e-04
1.203802535023348901e+04,6.025875336490571499e-04
1.204803202134756430e+04,6.025729235261678696e-04
1.205803869246164140e+04,6.025586626492440701e-04
1.206804536357571669e+04,6.025442853569984436e-04
1.207805203468979380e+04,6.025299662724137306e-04
1.208805870580386909e+04,6.025157636031508446e-04
1.209806537691794620e+04,6.025018519721925259e-04
1.210807204803202148e+04,6.024878239259123802e-04
1.211807871914609677e+04,6.024739122949540615e-04
1.212808539026017388e+04,6.024602917023003101e-04
1.213809206137424917e+04,6.024463218636810780e-04
1.214809873248832628e+04,6.024326430633664131e-04
1.215810540360240157e+04,6.024189642630517483e-04
1.216811207471647685e+04,6.024053436703979969e-04
1.217811874583055396e+04,6.023920141160488129e-04
1.218812541694462925e+04,6.023786263540387154e-04
1.219813208805870636e+04,6.023653550073504448e-04
1.220813875917278165e+04,6.023522000759840012e-04
1.221814543028685875e+04,6.023389869369566441e-04
1.222815210140093404e+04,6.023258902132511139e-04
1.223815877251500933e+04,6.023129099048674107e-04
1.224816544362908644e+04,6.023001624271273613e-04
1.225817211474316173e+04,6.022872985340654850e-04
1.226817878585723884e+04,6.022744928486645222e-04
1.227818545697131412e+04,6.022618035785853863e-04
1.228819212808538941e+04,6.022491143085062504e-04
1.229819879919946652e+04,6.022366578690707684e-04
1.230820547031354181e+04,6.022242596372961998e-04
1.231821214142761892e+04,6.022116867825388908e-04
1.232821881254169421e+04,6.021994631737470627e-04
1.233822548365577131e+04,6.021870649419724941e-04
1.234823215476984660e+04,6.021749577485024929e-04
1.235823882588392189e+04,6.021628505550324917e-04
1.236824549699799900e+04,6.021508015692234039e-04
1.237825216811207429e+04,6.021388107910752296e-04
1.238825883922615139e+04,6.021268782205879688e-04
1.239826551034022668e+04,6.021150620654225349e-04
1.240827218145430197e+04,6.021032459102571011e-04
1.241827885256837908e+04,6.020914879627525806e-04
1.242828552368245437e+04,6.020799628458917141e-04
1.243829219479653148e+04,6.020683213137090206e-04
1.244829886591060676e+04,6.020567961968481541e-04
1.245830553702468387e+04,6.020452128723263741e-04
1.246831220813875916e+04,6.020338041707873344e-04
1.247831887925283445e+04,6.020225118845701218e-04
1.248832555036691156e+04,6.020113942213356495e-04
1.249833222148098685e+04,6.020002183504402637e-04
1.250833889259506395e+04,6.019888678565621376e-04
1.251834556370913924e+04,6.019779248163104057e-04
1.252835223482321635e+04,6.019669235683977604e-04
1.253835890593729164e+04,6.019559805281460285e-04
1.254836557705136693e+04,6.019450956955552101e-04
1.255837224816544403e+04,6.019342690706253052e-04
1.256837891927951932e+04,6.019236170686781406e-04
1.257838559039359643e+04,6.019127904437482357e-04
1.258839226150767172e+04,6.019021966494619846e-04
1.259839893262174701e+04,6.018916028551757336e-04
1.260840560373582412e+04,6.018811254762113094e-04
1.261841227484989940e+04,6.018707063049077988e-04
1.262841894596397651e+04,6.018602871336042881e-04
1.263842561707805180e+04,6.018499261699616909e-04
1.264843228819212891e+04,6.018397398293018341e-04
1.265843895930620420e+04,6.018296116963028908e-04
1.266844563042027949e+04,6.018194253556430340e-04
1.267845230153435659e+04,6.018092972226440907e-04
1.268845897264843188e+04,6.017992855049669743e-04
1.269846564376250899e+04,6.017893902026116848e-04
1.270847231487658428e+04,6.017793784849345684e-04
1.271847898599065957e+04,6.017695413902401924e-04
1.272848565710473667e+04,6.017598207108676434e-04
1.273849232821881196e+04,6.017498672008514404e-04
1.274849899933288907e+04,6.017401465214788914e-04
1.275850567044696436e+04,6.017306004650890827e-04
1.276851234156104147e+04,6.017209962010383606e-04
1.277851901267511676e+04,6.017113337293267250e-04
1.278852568378919204e+04,6.017019622959196568e-04
1.279853235490326915e+04,6.016924744471907616e-04
1.280853902601734444e+04,6.016830448061227798e-04
1.281854569713142155e+04,6.016736733727157116e-04
1.282855236824549684e+04,6.016645347699522972e-04
1.283855903935957394e+04,6.016552797518670559e-04
1.284856571047364923e+04,6.016461411491036415e-04
1.285857238158772452e+04,6.016370025463402271e-04
1.286857905270180163e+04,6.016278057359158993e-04
1.287858572381587692e+04,6.016188417561352253e-04
1.288859239492995403e+04,6.016098777763545513e-04
1.289859906604402931e+04,6.016009137965738773e-04
1.290860573715810460e+04,6.015921244397759438e-04
1.291861240827218171e+04,6.015832768753170967e-04
1.292861907938625700e+04,6.015744875185191631e-04
1.293862575050033411e+04,6.015658145770430565e-04
1.294863242161440940e+04,6.015571416355669498e-04
1.295863909272848650e+04,6.015485269017517567e-04
1.296864576384256179e+04,6.015398539602756500e-04
1.297865243495663708e+04,6.015314138494431973e-04
1.298865910607071419e+04,6.015229737386107445e-04
1.299866577718478948e+04,6.015145336277782917e-04
1.300867244829886658e+04,6.015061517246067524e-04
1.301867911941294187e+04,6.014978280290961266e-04
1.302868579052701716e+04,6.014895043335855007e-04
1.303869246164109427e+04,6.014811224304139614e-04
1.304869913275516956e+04,6.014730315655469894e-04
1.305870580386924667e+04,6.014649407006800175e-04
1.306871247498332195e+04,6.014567916281521320e-04
1.307871914609739906e+04,6.014488171786069870e-04
1.308872581721147435e+04,6.014407263137400150e-04
1.309873248832554964e+04,6.014328682795166969e-04
1.310873915943962675e+04,6.014248938299715519e-04
1.311874583055370204e+04,6.014169775880873203e-04
1.312875250166777914e+04,6.014091777615249157e-04
1.313875917278185443e+04,6.014014361426234245e-04
1.314876584389592972e+04,6.013935781084001064e-04
1.315877251501000683e+04,6.013858946971595287e-04
1.316877918612408212e+04,6.013782694935798645e-04
1.317878585723815922e+04,6.013707024976611137e-04
1.318879252835223451e+04,6.013631355017423630e-04
1.319879919946631162e+04,6.013556267134845257e-04
1.320880587058038691e+04,6.013481761328876019e-04
1.321881254169446220e+04,6.013408419676125050e-04
1.322881921280853931e+04,6.013333913870155811e-04
1.323882588392261459e+04,6.013259990140795708e-04
1.324883255503669170e+04,6.013186066411435604e-04
1.325883922615076699e+04,6.013113888911902905e-04
1.326884589726484410e+04,6.013041129335761070e-04
1.327885256837891939e+04,6.012968951836228371e-04
1.328885923949299467e+04,6.012898520566523075e-04
1.329886591060707178e+04,6.012826925143599510e-04
1.330887258172114707e+04,6.012756493873894215e-04
1.331887925283522418e+04,6.012685480527579784e-04
1.332888592394929947e+04,6.012616213411092758e-04
1.333889259506337476e+04,6.012545782141387463e-04
1.334889926617745186e+04,6.012476515024900436e-04
1.335890593729152715e+04,6.012407829985022545e-04
1.336891260840560426e+04,6.012339727021753788e-04
1.337891927951967955e+04,6.012271041981875896e-04
1.338892595063375666e+04,6.012204103171825409e-04
1.339893262174783194e+04,6.012136582285165787e-04
1.340893929286190723e+04,6.012070225551724434e-04
1.341894596397598434e+04,6.012003868818283081e-04
1.342895263509005963e+04,6.011936930008232594e-04
1.343895930620413674e+04,6.011871155351400375e-04
1.344896597731821203e+04,6.011806544847786427e-04
1.345897264843228731e+04,6.011741934344172478e-04
1.346897931954636442e+04,6.011676741763949394e-04
1.347898599066043971e+04,6.011612131260335445e-04
1.348899266177451682e+04,6.011548684909939766e-04
1.349899933288859211e+04,6.011485820636153221e-04
1.350900600400266921e+04,6.011421792209148407e-04
1.351901267511674450e+04,6.011360674165189266e-04
1.352901934623081979e+04,6.011297809891402721e-04
1.353902601734489690e+04,6.011235527694225311e-04
1.354903268845897219e+04,6.011174409650266171e-04
1.355903935957304930e+04,6.011112127453088760e-04
1.356904603068712458e+04,6.011051591485738754e-04
1.357905270180120169e+04,6.010989891365170479e-04
1.358905937291527698e+04,6.010930519551038742e-04
1.359906604402935227e+04,6.010870565660297871e-04
1.360907271514342938e+04,6.010810611769556999e-04
1.361907938625750467e+04,6.010751822032034397e-04
1.362908605737158177e+04,6.010692450217902660e-04
1.363909272848565706e+04,6.010633660480380058e-04
1.364909939959973235e+04,6.010576034896075726e-04
1.365910607071380946e+04,6.010517245158553123e-04
1.366911274182788475e+04,6.010459619574248791e-04
1.367911941294196185e+04,6.010402576066553593e-04
1.368912608405603714e+04,6.010345532558858395e-04
1.369913275517011425e+04,6.010289071127772331e-04
1.370913942628418954e+04,6.010233191773295403e-04
1.371914609739826483e+04,6.010176730342209339e-04
1.372915276851234194e+04,6.010120268911123276e-04
1.373915943962641722e+04,6.010064971633255482e-04
1.374916611074049433e+04,6.010010838508605957e-04
1.375917278185456962e+04,6.009957287460565567e-04
1.376917945296864491e+04,6.009900826029479504e-04
1.377918612408272202e+04,6.009847274981439114e-04
1.378919279519679731e+04,6.009793141856789589e-04
1.379919946631087441e+04,6.009739008732140064e-04
1.380920613742494970e+04,6.009686621837317944e-04
1.381921280853902681e+04,6.009633652865886688e-04
1.382921947965310210e+04,6.009580683894455433e-04
1.383922615076717739e+04,6.009528879076242447e-04
1.384923282188125449e+04,6.009477074258029461e-04
1.385923949299532978e+04,6.009425269439816475e-04
1.386924616410940689e+04,6.009373464621603489e-04
1.387925283522348218e+04,6.009322241879999638e-04
1.388925950633755747e+04,6.009271601215004921e-04
1.389926617745163458e+04,6.009220960550010204e-04
1.390927284856570986e+04,6.009171484038233757e-04
1.391927951967978697e+04,6.009120843373239040e-04
1.392928619079386226e+04,6.009071366861462593e-04
1.393929286190793937e+04,6.009021890349686146e-04
1.394929953302201466e+04,6.008972995914518833e-04
1.395930620413608995e+04,6.008924101479351521e-04
1.396931287525016705e+04,6.008874624967575073e-04
1.397931954636424234e+04,6.008826894685626030e-04
1.398932621747831945e+04,6.008778582327067852e-04
1.399933288859239474e+04,6.008730852045118809e-04
1.400933955970647185e+04,6.008684285916388035e-04
1.401934623082054713e+04,6.008636555634438992e-04
1.402935290193462242e+04,6.008588825352489948e-04
1.403935957304869953e+04,6.008541677147150040e-04
1.404936624416277482e+04,6.008495111018419266e-04
1.405937291527685193e+04,6.008449126966297626e-04
1.406937958639092722e+04,6.008403724990785122e-04
1.407938625750500250e+04,6.008357740938663483e-04
1.408939292861907961e+04,6.008312338963150978e-04
1.409939959973315490e+04,6.008269265294075012e-04
1.410940627084723201e+04,6.008222699165344238e-04
1.411941294196130730e+04,6.008177879266440868e-04
1.412941961307538440e+04,6.008133641444146633e-04
1.413942628418945969e+04,6.008088821545243263e-04
1.414943295530353498e+04,6.008045165799558163e-04
1.415943962641761209e+04,6.008001510053873062e-04
1.416944629753168738e+04,6.007958436384797096e-04
1.417945296864576449e+04,6.007914198562502861e-04
1.418945963975983977e+04,6.007871706970036030e-04
1.419946631087391506e+04,6.007828633300960064e-04
1.420947298198799217e+04,6.007786723785102367e-04
1.421947965310206746e+04,6.007744814269244671e-04
1.422948632421614457e+04,6.007702904753386974e-04
1.423949299533021986e+04,6.007660995237529278e-04
1.424949966644429696e+04,6.007618503645062447e-04
1.425950633755837225e+04,6.007577176205813885e-04
1.426951300867244754e+04,6.007537012919783592e-04
1.427951967978652465e+04,6.007496267557144165e-04
1.428952635090059994e+04,6.007454940117895603e-04
1.429953302201467704e+04,6.007413612678647041e-04
1.430953969312875233e+04,6.007374613545835018e-04
1.431954636424282944e+04,6.007334450259804726e-04
1.432955303535690473e+04,6.007294286973774433e-04
1.433955970647098002e+04,6.007255287840962410e-04
1.434956637758505713e+04,6.007215706631541252e-04
1.435957304869913241e+04,6.007176125422120094e-04
1.436957971981320952e+04,6.007138290442526340e-04
1.437958639092728481e+04,6.007098709233105183e-04
1.438959306204136010e+04,6.007061456330120564e-04
1.439959973315543721e+04,6.007022457197308540e-04
1.440960640426951250e+04,6.006984622217714787e-04
1.441961307538358960e+04,6.006946787238121033e-04
1.442961974649766489e+04,6.006908952258527279e-04
1.443962641761174200e+04,6.006872281432151794e-04
1.444963308872581729e+04,6.006835028529167175e-04
1.445963975983989258e+04,6.006797775626182556e-04
1.446964643095396968e+04,6.006760522723197937e-04
1.447965310206804497e+04,6.006724433973431587e-04
1.448965977318212208e+04,6.006687763147056103e-04
1.449966644429619737e+04,6.006652838550508022e-04
1.450967311541027266e+04,6.006616167724132538e-04
1.451967978652434977e+04,6.006579496897757053e-04
1.452968645763842505e+04,6.006544572301208973e-04
1.453969312875250216e+04,6.006509065628051758e-04
1.454969979986657745e+04,6.006474141031503677e-04
1.455970647098065456e+04,6.006439216434955597e-04
1.456971314209472985e+04,6.006404873915016651e-04
1.457971981320880514e+04,6.006369949318468571e-04
1.458972648432288224e+04,6.006335024721920490e-04
1.459973315543695753e+04,6.006301846355199814e-04
1.460973982655103464e+04,6.006267503835260868e-04
1.461974649766510993e+04,6.006233743391931057e-04
1.462975316877918522e+04,6.006199400871992111e-04
1.463975983989326232e+04,6.006166222505271435e-04
1.464976651100733761e+04,6.006133626215159893e-04
1.465977318212141472e+04,6.006100447848439217e-04
1.466977985323549001e+04,6.006067269481718540e-04
1.467978652434956712e+04,6.006035255268216133e-04
1.468979319546364241e+04,6.006002076901495457e-04
1.469979986657771769e+04,6.005970062687993050e-04
1.470980653769179480e+04,6.005936884321272373e-04
1.471981320880587009e+04,6.005904870107769966e-04
1.472981987991994720e+04,6.005873437970876694e-04
1.473982655103402249e+04,6.005842587910592556e-04
1.474983322214809959e+04,6.005810573697090149e-04
1.475983989326217488e+04,6.005779141560196877e-04
1.476984656437625017e+04,6.005748291499912739e-04
1.477985323549032728e+04,6.005716859363019466e-04
1.478985990660440257e+04,6.005686591379344463e-04
1.479986657771847968e+04,6.005656323395669460e-04
1.480987324883255496e+04,6.005626055411994457e-04
1.481987991994663025e+04,6.005595787428319454e-04
1.482988659106070736e+04,6.005565519444644451e-04
1.483989326217478265e+04,6.005535251460969448e-04
1.484989993328885976e+04,6.005505565553903580e-04
1.485990660440293505e+04,6.005475297570228577e-04
1.486991327551701215e+04,6.005446775816380978e-04
1.487991994663108744e+04,6.005417671985924244e-04
1.488992661774516273e+04,6.005387986078858376e-04
1.489993328885923984e+04,6.005358882248401642e-04
1.490993995997331513e+04,6.005329778417944908e-04
1.491994663108739223e+04,6.005301256664097309e-04
1.492995330220146752e+04,6.005273316986858845e-04
1.493995997331554281e+04,6.005244795233011246e-04
1.494996664442961992e+04,6.005216855555772781e-04
1.495997331554369521e+04,6.005188333801925182e-04
1.496997998665777232e+04,6.005160976201295853e-04
1.497998665777184760e+04,6.005133618600666523e-04
1.498999332888592471e+04,6.005105678923428059e-04
1.500000000000000000e+04,6.005078903399407864e-04
