# kappa, accuracy
0.000000000000000000e+00,5.764444470405578613e-01
3.463228186725376134e-01,6.169999837875366211e-01
4.396294530854672478e-01,6.414999961853027344e-01
4.958237475608739397e-01,6.483333110809326172e-01
5.361625978496190603e-01,6.588333249092102051e-01
5.676519258001555546e-01,6.651666760444641113e-01
5.934844657179519922e-01,6.704999804496765137e-01
6.153864066972849489e-01,6.758888959884643555e-01
6.343974200914619388e-01,6.803888678550720215e-01
6.511924495235141830e-01,6.845555305480957031e-01
6.662345874579365113e-01,6.887778043746948242e-01
6.798553977518316804e-01,6.881111264228820801e-01
6.923004453009055092e-01,6.918888688087463379e-01
7.037566847853351515e-01,6.928889155387878418e-01
7.143697456160192916e-01,6.983888745307922363e-01
7.242552801529709150e-01,7.000555396080017090e-01
7.335066655475422914e-01,7.030555605888366699e-01
7.422003806798121994e-01,7.031111121177673340e-01
7.503998526191764107e-01,7.046666741371154785e-01
7.581582673271894945e-01,7.095000147819519043e-01
7.655206622529104887e-01,7.105000019073486328e-01
7.725255103221488895e-01,7.136111259460449219e-01
7.792059368095153316e-01,7.141666412353515625e-01
7.855906666889712620e-01,7.161666750907897949e-01
7.917047710691409446e-01,7.165555357933044434e-01
7.975702617719364618e-01,7.186666727066040039e-01
8.032065696824859380e-01,7.177222371101379395e-01
8.086309331121813715e-01,7.210000157356262207e-01
8.138587157543402117e-01,7.198333144187927246e-01
8.189036690152491360e-01,7.211666703224182129e-01
8.237781500043637184e-01,7.224444150924682617e-01
8.284933038840633923e-01,7.235000133514404297e-01
8.330592173505902975e-01,7.220555543899536133e-01
8.374850485627201024e-01,7.231110930442810059e-01
8.417791377263645902e-01,7.275000214576721191e-01
8.459491016913892603e-01,7.278888821601867676e-01
8.500019152566016256e-01,7.244444489479064941e-01
8.539439813629495779e-01,7.260000109672546387e-01
8.577811919489025660e-01,7.300555706024169922e-01
8.615189809201162507e-01,7.265555262565612793e-01
8.651623704286780514e-01,7.256666421890258789e-01
8.687160114510523723e-01,7.289999723434448242e-01
8.721842194873316023e-01,7.304999828338623047e-01
8.755710060691783703e-01,7.314444184303283691e-01
8.788801066534360773e-01,7.324444651603698730e-01
8.821150053878000774e-01,7.276666760444641113e-01
8.852789571602447394e-01,7.330555319786071777e-01
8.883750072820409960e-01,7.344999909400939941e-01
8.914060091027360411e-01,7.343333363533020020e-01
8.943746398124748920e-01,7.298889160156250000e-01
8.972834146509967024e-01,7.346110939979553223e-01
9.001346997122829929e-01,7.333333492279052734e-01
9.029307235081923677e-01,7.319444417953491211e-01
9.056735874326771185e-01,7.329444289207458496e-01
9.083652752496743643e-01,7.336111068725585938e-01
9.110076617119878817e-01,7.363333106040954590e-01
9.136025204049527115e-01,7.377777695655822754e-01
9.161515308970814564e-01,7.346666455268859863e-01
9.186562852698928472e-01,7.369999885559082031e-01
9.211182940904999450e-01,7.383888959884643555e-01
9.235389918830677614e-01,7.360000014305114746e-01
9.259197421487617152e-01,7.367777824401855469e-01
9.282618419781771824e-01,7.373333573341369629e-01
9.305665262953115580e-01,7.361111044883728027e-01
9.328349717678472430e-01,7.383888959884643555e-01
9.350683004147424260e-01,7.373889088630676270e-01
9.372675829388170676e-01,7.377222180366516113e-01
9.394338418091158216e-01,7.390000224113464355e-01
9.415680541152582350e-01,7.405555844306945801e-01
9.436711542137213860e-01,7.388888597488403320e-01
9.457440361839958287e-01,7.360000014305114746e-01
9.477875561107738100e-01,7.357222437858581543e-01
9.498025342067488719e-01,7.393888831138610840e-01
9.517897567892045219e-01,7.388333082199096680e-01
9.537499781223075512e-01,7.407777905464172363e-01
9.556839221359141323e-01,7.390000224113464355e-01
9.575922840306848594e-01,7.415555715560913086e-01
9.594757317784202710e-01,7.421666383743286133e-01
9.613349075257139331e-01,7.397222518920898438e-01
9.631704289083095061e-01,7.416666746139526367e-01
9.649828902828880839e-01,7.402777671813964844e-01
9.667728638824376608e-01,7.394444346427917480e-01
9.685409009008211223e-01,7.406111359596252441e-01
9.702875325116870897e-01,7.424444556236267090e-01
9.720132708264374033e-01,7.388888597488403320e-01
9.737186097955713437e-01,7.398889064788818359e-01
9.754040260573793031e-01,7.434444427490234375e-01
9.770699797376298790e-01,7.411666512489318848e-01
9.787169152036117037e-01,7.405555844306945801e-01
9.803452617756180931e-01,7.439444661140441895e-01
9.819554343987245693e-01,7.394999861717224121e-01
9.835478342774933713e-01,7.423333525657653809e-01
9.851228494760260190e-01,7.412222027778625488e-01
9.866808554856175695e-01,7.413333058357238770e-01
9.882222157620824676e-01,7.416111230850219727e-01
9.897472822346811139e-01,7.422222495079040527e-01
9.912563957884259480e-01,7.434444427490234375e-01
9.927498867214225031e-01,7.408333420753479004e-01
9.942280751787793136e-01,7.424444556236267090e-01
9.956912715645142020e-01,7.394999861717224121e-01
9.971397769327799976e-01,7.431111335754394531e-01
9.985738833596456976e-01,7.426111102104187012e-01
9.999938742965793770e-01,7.420555353164672852e-01
1.001400024906704989e+00,7.416111230850219727e-01
1.002792602384829035e+00,7.413889169692993164e-01
1.004171866262168811e+00,7.434444427490234375e-01
1.005538068696651743e+00,7.432777881622314453e-01
1.006891454749598402e+00,7.431111335754394531e-01
1.008232262649546351e+00,7.430555820465087891e-01
1.009560724043928381e+00,7.408888936042785645e-01
1.010877064239267487e+00,7.437777519226074219e-01
1.012181502430513635e+00,7.422778010368347168e-01
1.013474251920104319e+00,7.402777671813964844e-01
1.014755520327297322e+00,7.438333630561828613e-01
1.016025509788290204e+00,7.436110973358154297e-01
1.017284417147607201e+00,7.422778010368347168e-01
1.018532434141209420e+00,7.438333630561828613e-01
1.019769747571750429e+00,7.424444556236267090e-01
1.020996539476382248e+00,7.431111335754394531e-01
1.022212987287484998e+00,7.451111078262329102e-01
1.023419263986678374e+00,7.431111335754394531e-01
1.024615538252446445e+00,7.428333163261413574e-01
1.025801974601692423e+00,7.436666488647460938e-01
1.026978733525521159e+00,7.429999709129333496e-01
1.028145971619526255e+00,7.440000176429748535e-01
1.029303841708852252e+00,7.411110997200012207e-01
1.030452492968273903e+00,7.453888654708862305e-01
1.031592071037537472e+00,7.419999837875366211e-01
1.032722718132177864e+00,7.447222471237182617e-01
1.033844573150029422e+00,7.441666722297668457e-01
1.034957771773627799e+00,7.440000176429748535e-01
1.036062446568688955e+00,7.438333630561828613e-01
1.037158727078849152e+00,7.429444193840026855e-01
1.038246739916830474e+00,7.435555458068847656e-01
1.039326608852194633e+00,7.432777881622314453e-01
1.040398454895838265e+00,7.423333525657653809e-01
1.041462396381370725e+00,7.428333163261413574e-01
1.042518549043514486e+00,7.419444322586059570e-01
1.043567026093655148e+00,7.442222237586975098e-01
1.044607938292667626e+00,7.408888936042785645e-01
1.045641394021132875e+00,7.433888912200927734e-01
1.046667499347057273e+00,7.438333630561828613e-01
1.047686358091201253e+00,7.432777881622314453e-01
1.048698071890117545e+00,7.408333420753479004e-01
1.049702740256993172e+00,7.429999709129333496e-01
1.050700460640389355e+00,7.426111102104187012e-01
1.051691328480961918e+00,7.417777776718139648e-01
1.052675437266249903e+00,7.427777647972106934e-01
1.053652878583606123e+00,7.433888912200927734e-01
1.054623742171346246e+00,7.448333501815795898e-01
1.055588115968191465e+00,7.446110844612121582e-01
1.056546086161065157e+00,7.430555820465087891e-01
1.057497737231317236e+00,7.430555820465087891e-01
1.058443151999431064e+00,7.437777519226074219e-01
1.059382411668276180e+00,7.433333396911621094e-01
1.060315595864962379e+00,7.427222132682800293e-01
1.061242782681347974e+00,7.433888912200927734e-01
1.062164048713255537e+00,7.438333630561828613e-01
1.063079469098442864e+00,7.429444193840026855e-01
1.063989117553377328e+00,7.431666851043701172e-01
1.064893066408856726e+00,7.428333163261413574e-01
1.065791386644524330e+00,7.426111102104187012e-01
1.066684147922311920e+00,7.425000071525573730e-01
1.067571418618857182e+00,7.419999837875366211e-01
1.068453265856929457e+00,7.429999709129333496e-01
1.069329755535901594e+00,7.422778010368347168e-01
1.070200952361299418e+00,7.437222003936767578e-01
1.071066919873468359e+00,7.422778010368347168e-01
1.071927720475380319e+00,7.423889040946960449e-01
1.072783415459619194e+00,7.430555820465087891e-01
1.073634065034569485e+00,7.438889145851135254e-01
1.074479728349837959e+00,7.437777519226074219e-01
1.075320463520933467e+00,7.437222003936767578e-01
1.076156327653232658e+00,7.436110973358154297e-01
1.076987376865256030e+00,7.434999942779541016e-01
1.077813666311275398e+00,7.432777881622314453e-01
1.078635250203279883e+00,7.412222027778625488e-01
1.079452181832319280e+00,7.456111311912536621e-01
1.080264513589244801e+00,7.429444193840026855e-01
1.081072296984871839e+00,7.418888807296752930e-01
1.081875582669579616e+00,7.421110868453979492e-01
1.082674420452369501e+00,7.433888912200927734e-01
1.083468859319396405e+00,7.429999709129333496e-01
1.084258947451995692e+00,7.433888912200927734e-01
1.085044732244216492e+00,7.438889145851135254e-01
1.085826260319881609e+00,7.423333525657653809e-01
1.086603577549188016e+00,7.436110973358154297e-01
1.087376729064860603e+00,7.432222366333007812e-01
1.088145759277878488e+00,7.433888912200927734e-01
1.088910711892781213e+00,7.436110973358154297e-01
1.089671629922573270e+00,7.415000200271606445e-01
1.090428555703237601e+00,7.440555691719055176e-01
1.091181530907868735e+00,7.437777519226074219e-01
1.091930596560440891e+00,7.429444193840026855e-01
1.092675793049219690e+00,7.429999709129333496e-01
1.093417160139829480e+00,7.425555586814880371e-01
1.094154736987985599e+00,7.432777881622314453e-01
1.094888562151903999e+00,7.429999709129333496e-01
1.095618673604397575e+00,7.429999709129333496e-01
1.096345108744665620e+00,7.421110868453979492e-01
1.097067904409789518e+00,7.437222003936767578e-01
1.097787096885941782e+00,7.418333292007446289e-01
1.098502721919317082e+00,7.425555586814880371e-01
1.099214814726793055e+00,7.436666488647460938e-01
1.099923410006329538e+00,7.414444684982299805e-01
1.100628541947114014e+00,7.419444322586059570e-01
1.101330244239459910e+00,7.422778010368347168e-01
1.102028550084464653e+00,7.423333525657653809e-01
1.102723492203437905e+00,7.436666488647460938e-01
1.103415102847099316e+00,7.432222366333007812e-01
1.104103413804561340e+00,7.426666617393493652e-01
1.104788456412095332e+00,7.426666617393493652e-01
1.105470261561693590e+00,7.433888912200927734e-01
1.106148859709426668e+00,7.417777776718139648e-01
1.106824280883607736e+00,7.427777647972106934e-01
1.107496554692765756e+00,7.423333525657653809e-01
1.108165710333433918e+00,7.438889145851135254e-01
1.108831776597757557e+00,7.415555715560913086e-01
1.109494781880927983e+00,7.431111335754394531e-01
1.110154754188446669e+00,7.436110973358154297e-01
1.110811721143222686e+00,7.403333187103271484e-01
1.111465709992510709e+00,7.431666851043701172e-01
1.112116747614691814e+00,7.438889145851135254e-01
1.112764860525901511e+00,7.425555586814880371e-01
1.113410074886510559e+00,7.435555458068847656e-01
1.114052416507460563e+00,7.432222366333007812e-01
1.114691910856460133e+00,7.432222366333007812e-01
1.115328583064043144e+00,7.419444322586059570e-01
1.115962457929495333e+00,7.437222003936767578e-01
1.116593559926649437e+00,7.420555353164672852e-01
1.117221913209555995e+00,7.438889145851135254e-01
1.117847541618029794e+00,7.428333163261413574e-01
1.118470468683077979e+00,7.432777881622314453e-01
1.119090717632209797e+00,7.417222261428833008e-01
1.119708311394633338e+00,7.434999942779541016e-01
1.120323272606342790e+00,7.430555820465087891e-01
1.120935623615095800e+00,7.435555458068847656e-01
1.121545386485286899e+00,7.429999709129333496e-01
1.122152583002717252e+00,7.426111102104187012e-01
1.122757234679266469e+00,7.427777647972106934e-01
1.123359362757463842e+00,7.428888678550720215e-01
1.123958988214968535e+00,7.418333292007446289e-01
1.124556131768952749e+00,7.432222366333007812e-01
1.125150813880398504e+00,7.432222366333007812e-01
1.125743054758302497e+00,7.437222003936767578e-01
1.126332874363799030e+00,7.440555691719055176e-01
1.126920292414195224e+00,7.431111335754394531e-01
1.127505328386926742e+00,7.432777881622314453e-01
1.128088001523433137e+00,7.413333058357238770e-01
1.128668330832954592e+00,7.429444193840026855e-01
1.129246335096253606e+00,7.413333058357238770e-01
1.129822032869261417e+00,7.433888912200927734e-01
1.130395442486652913e+00,7.427777647972106934e-01
1.130966582065349835e+00,7.425000071525573730e-01
1.131535469507955805e+00,7.425555586814880371e-01
1.132102122506123409e+00,7.423889040946960449e-01
1.132666558543855562e+00,7.431111335754394531e-01
1.133228794900742020e+00,7.423889040946960449e-01
1.133788848655133963e+00,7.438889145851135254e-01
1.134346736687256385e+00,7.419999837875366211e-01
1.134902475682261880e+00,7.440000176429748535e-01
1.135456082133223354e+00,7.425555586814880371e-01
1.136007572344072347e+00,7.429999709129333496e-01
1.136556962432479168e+00,7.429444193840026855e-01
1.137104268332680190e+00,7.422778010368347168e-01
1.137649505798250305e+00,7.431666851043701172e-01
1.138192690404823848e+00,7.438333630561828613e-01
1.138733837552764250e+00,7.436666488647460938e-01
1.139272962469784600e+00,7.418333292007446289e-01
1.139810080213517596e+00,7.418333292007446289e-01
1.140345205674040630e+00,7.425555586814880371e-01
1.140878353576350923e+00,7.426111102104187012e-01
1.141409538482798025e+00,7.441666722297668457e-01
1.141938774795469458e+00,7.429444193840026855e-01
1.142466076758535065e+00,7.438333630561828613e-01
1.142991458460545617e+00,7.431111335754394531e-01
1.143514933836693004e+00,7.440000176429748535e-01
1.144036516671027126e+00,7.429999709129333496e-01
1.144556220598634155e+00,7.430555820465087891e-01
1.145074059107774600e+00,7.437777519226074219e-01
1.145590045541985402e+00,7.423889040946960449e-01
1.146104193102140734e+00,7.414444684982299805e-01
1.146616514848481039e+00,7.436666488647460938e-01
1.147127023702601223e+00,7.422222495079040527e-01
1.147635732449407975e+00,7.432222366333007812e-01
1.148142653739039343e+00,7.431666851043701172e-01
1.148647800088754112e+00,7.431666851043701172e-01
1.149151183884784766e+00,7.438889145851135254e-01
1.149652817384160253e+00,7.422778010368347168e-01
1.150152712716497438e+00,7.442222237586975098e-01
1.150650881885759924e+00,7.429444193840026855e-01
1.151147336771988883e+00,7.436110973358154297e-01
1.151642089133001701e+00,7.433888912200927734e-01
1.152135150606063085e+00,7.428888678550720215e-01
1.152626532709528639e+00,7.437222003936767578e-01
1.153116246844458015e+00,7.434444427490234375e-01
1.153604304296202532e+00,7.432222366333007812e-01
1.154090716235966152e+00,7.436110973358154297e-01
1.154575493722339141e+00,7.444999814033508301e-01
1.155058647702807084e+00,7.444999814033508301e-01
1.155540189015233477e+00,7.444444298744201660e-01
1.156020128389319668e+00,7.431111335754394531e-01
1.156498476448038382e+00,7.444999814033508301e-01
1.156975243709045031e+00,7.428888678550720215e-01
1.157450440586064833e+00,7.434444427490234375e-01
1.157924077390258155e+00,7.441111207008361816e-01
1.158396164331562561e+00,7.431111335754394531e-01
1.158866711520014192e+00,7.426666617393493652e-01
1.159335728967046064e+00,7.435555458068847656e-01
1.159803226586765712e+00,7.424444556236267090e-01
1.160269214197214627e+00,7.421666383743286133e-01
1.160733701521602601e+00,7.426111102104187012e-01
1.161196698189528087e+00,7.441666722297668457e-01
1.161658213738173462e+00,7.426666617393493652e-01
1.162118257613485417e+00,7.433888912200927734e-01
1.162576839171334031e+00,7.443333268165588379e-01
1.163033967678655634e+00,7.437222003936767578e-01
1.163489652314575240e+00,7.433333396911621094e-01
1.163943902171512557e+00,7.440555691719055176e-01
1.164396726256271553e+00,7.440555691719055176e-01
1.164848133491110937e+00,7.433333396911621094e-01
1.165298132714799983e+00,7.438889145851135254e-01
1.165746732683655473e+00,7.433888912200927734e-01
1.166193942072565992e+00,7.438333630561828613e-01
1.166639769475996680e+00,7.438333630561828613e-01
1.167084223408981547e+00,7.444444298744201660e-01
1.167527312308099141e+00,7.435555458068847656e-01
1.167969044532431999e+00,7.438889145851135254e-01
1.168409428364515001e+00,7.435555458068847656e-01
1.168848472011265738e+00,7.426111102104187012e-01
1.169286183604902218e+00,7.431111335754394531e-01
1.169722571203848371e+00,7.438333630561828613e-01
1.170157642793621333e+00,7.434444427490234375e-01
1.170591406287710967e+00,7.450555562973022461e-01
1.171023869528441841e+00,7.438889145851135254e-01
1.171455040287824767e+00,7.441666722297668457e-01
1.171884926268394356e+00,7.432777881622314453e-01
1.172313535104035465e+00,7.426666617393493652e-01
1.172740874360795216e+00,7.418333292007446289e-01
1.173166951537685687e+00,7.437777519226074219e-01
1.173591774067473503e+00,7.435555458068847656e-01
1.174015349317456769e+00,7.425555586814880371e-01
1.174437684590231790e+00,7.435555458068847656e-01
1.174858787124449799e+00,7.443333268165588379e-01
1.175278664095560144e+00,7.432777881622314453e-01
1.175697322616544804e+00,7.428333163261413574e-01
