# n, training_loss
0.000000000000000000e+00,2.499834001064300537e-01
1.002898550724637694e+01,2.340911477804183960e-01
2.005797101449275388e+01,2.237107008695602417e-01
3.008695652173913260e+01,2.185406833887100220e-01
4.011594202898550776e+01,2.184649109840393066e-01
5.014492753623188293e+01,2.127204686403274536e-01
6.017391304347826519e+01,2.078462392091751099e-01
7.020289855072464036e+01,2.074898928403854370e-01
8.023188405797101552e+01,2.031655162572860718e-01
9.026086956521739069e+01,1.976190060377120972e-01
1.002898550724637659e+02,1.964003890752792358e-01
1.103188405797101410e+02,1.909234821796417236e-01
1.203478260869565304e+02,1.832545846700668335e-01
1.303768115942029056e+02,1.832400560379028320e-01
1.404057971014492807e+02,1.866773366928100586e-01
1.504347826086956559e+02,1.821124702692031860e-01
1.604637681159420310e+02,1.805611848831176758e-01
1.704927536231884062e+02,1.765590757131576538e-01
1.805217391304347814e+02,1.734957844018936157e-01
1.905507246376811565e+02,1.677244603633880615e-01
2.005797101449275317e+02,1.685557365417480469e-01
2.106086956521739069e+02,1.646231859922409058e-01
2.206376811594202820e+02,1.616331040859222412e-01
2.306666666666666572e+02,1.592311263084411621e-01
2.406956521739130608e+02,1.578211486339569092e-01
2.507246376811594359e+02,1.520263999700546265e-01
2.607536231884058111e+02,1.529234945774078369e-01
2.707826086956521863e+02,1.492489129304885864e-01
2.808115942028985614e+02,1.453918069601058960e-01
2.908405797101449366e+02,1.434648036956787109e-01
3.008695652173913118e+02,1.412407904863357544e-01
3.108985507246376869e+02,1.397798657417297363e-01
3.209275362318840621e+02,1.336633265018463135e-01
3.309565217391304373e+02,1.324164867401123047e-01
3.409855072463768124e+02,1.289329230785369873e-01
3.510144927536231876e+02,1.276577115058898926e-01
3.610434782608695627e+02,1.257282197475433350e-01
3.710724637681159379e+02,1.286161690950393677e-01
3.811014492753623131e+02,1.212047412991523743e-01
3.911304347826086882e+02,1.208054870367050171e-01
4.011594202898550634e+02,1.182139962911605835e-01
4.111884057971014386e+02,1.187910139560699463e-01
4.212173913043478137e+02,1.113591194152832031e-01
4.312463768115941889e+02,1.155156716704368591e-01
4.412753623188405641e+02,1.079196780920028687e-01
4.513043478260869392e+02,1.069639325141906738e-01
4.613333333333333144e+02,1.052063703536987305e-01
4.713623188405796895e+02,1.056917235255241394e-01
4.813913043478261216e+02,1.037184968590736389e-01
4.914202898550724967e+02,9.953811019659042358e-02
5.014492753623188719e+02,1.013544499874114990e-01
5.114782608695652470e+02,9.531665593385696411e-02
5.215072463768116222e+02,9.336917102336883545e-02
5.315362318840579974e+02,9.515121579170227051e-02
5.415652173913043725e+02,9.390492737293243408e-02
5.515942028985507477e+02,9.158275276422500610e-02
5.616231884057971229e+02,9.104339778423309326e-02
5.716521739130434980e+02,9.053290635347366333e-02
5.816811594202898732e+02,8.676695078611373901e-02
5.917101449275362484e+02,8.557453006505966187e-02
6.017391304347826235e+02,8.103259652853012085e-02
6.117681159420289987e+02,7.942341268062591553e-02
6.217971014492753739e+02,7.807905972003936768e-02
6.318260869565217490e+02,7.783152163028717041e-02
6.418550724637681242e+02,7.656921446323394775e-02
6.518840579710144993e+02,7.813197374343872070e-02
6.619130434782608745e+02,7.670366019010543823e-02
6.719420289855072497e+02,7.326967269182205200e-02
6.819710144927536248e+02,7.011209428310394287e-02
6.920000000000000000e+02,6.903877854347229004e-02
7.020289855072463752e+02,6.625466048717498779e-02
7.120579710144927503e+02,6.770806759595870972e-02
7.220869565217391255e+02,6.965254247188568115e-02
7.321159420289855007e+02,6.671773642301559448e-02
7.421449275362318758e+02,6.413958966732025146e-02
7.521739130434782510e+02,6.488998234272003174e-02
7.622028985507246261e+02,6.240773200988769531e-02
7.722318840579710013e+02,6.040979176759719849e-02
7.822608695652173765e+02,6.009012088179588318e-02
7.922898550724637516e+02,5.958481505513191223e-02
8.023188405797101268e+02,5.871738493442535400e-02
8.123478260869565020e+02,5.616060644388198853e-02
8.223768115942028771e+02,5.721230432391166687e-02
8.324057971014492523e+02,5.395129695534706116e-02
8.424347826086956275e+02,5.404856428503990173e-02
8.524637681159420026e+02,5.242537707090377808e-02
8.624927536231883778e+02,5.366813391447067261e-02
8.725217391304347530e+02,5.324059724807739258e-02
8.825507246376811281e+02,4.976916685700416565e-02
8.925797101449275033e+02,4.995901882648468018e-02
9.026086956521738784e+02,4.835057258605957031e-02
9.126376811594202536e+02,4.832963645458221436e-02
9.226666666666666288e+02,4.766027629375457764e-02
9.326956521739130039e+02,4.543328657746315002e-02
9.427246376811593791e+02,4.608814418315887451e-02
9.527536231884057543e+02,4.571794345974922180e-02
9.627826086956522431e+02,4.337977245450019836e-02
9.728115942028986183e+02,4.197777062654495239e-02
9.828405797101449934e+02,4.187757521867752075e-02
9.928695652173913686e+02,4.087084904313087463e-02
1.002898550724637744e+03,3.970160335302352905e-02
1.012927536231884119e+03,3.874046355485916138e-02
1.022956521739130494e+03,3.823111578822135925e-02
1.032985507246376756e+03,3.926301002502441406e-02
1.043014492753623244e+03,3.839812427759170532e-02
1.053043478260869506e+03,3.763204440474510193e-02
1.063072463768115995e+03,3.903385624289512634e-02
1.073101449275362256e+03,3.463200107216835022e-02
1.083130434782608745e+03,3.671991080045700073e-02
1.093159420289855007e+03,3.438265621662139893e-02
1.103188405797101495e+03,3.306575492024421692e-02
1.113217391304347757e+03,3.371483832597732544e-02
1.123246376811594246e+03,3.408091142773628235e-02
1.133275362318840507e+03,3.264412656426429749e-02
1.143304347826086996e+03,3.103992715477943420e-02
1.153333333333333258e+03,3.324455022811889648e-02
1.163362318840579746e+03,3.030082210898399353e-02
1.173391304347826008e+03,3.094911947846412659e-02
1.183420289855072497e+03,2.848592586815357208e-02
1.193449275362318758e+03,2.921682596206665039e-02
1.203478260869565247e+03,2.783030457794666290e-02
1.213507246376811509e+03,2.917175553739070892e-02
1.223536231884057997e+03,2.989265508949756622e-02
1.233565217391304259e+03,2.681736461818218231e-02
1.243594202898550748e+03,2.689500898122787476e-02
1.253623188405797009e+03,2.576251700520515442e-02
1.263652173913043498e+03,2.577381953597068787e-02
1.273681159420289760e+03,2.508100308477878571e-02
1.283710144927536248e+03,2.502303570508956909e-02
1.293739130434782737e+03,2.529278770089149475e-02
1.303768115942028999e+03,2.404519915580749512e-02
1.313797101449275488e+03,2.323029376566410065e-02
1.323826086956521749e+03,2.283479273319244385e-02
1.333855072463768238e+03,2.291355095803737640e-02
1.343884057971014499e+03,2.404354140162467957e-02
1.353913043478260988e+03,2.102057822048664093e-02
1.363942028985507250e+03,2.355497516691684723e-02
1.373971014492753739e+03,2.045894600450992584e-02
1.384000000000000000e+03,2.150066010653972626e-02
1.394028985507246489e+03,2.073427475988864899e-02
1.404057971014492750e+03,2.141427062451839447e-02
1.414086956521739239e+03,1.876431331038475037e-02
1.424115942028985501e+03,1.947929337620735168e-02
1.434144927536231990e+03,1.838665083050727844e-02
1.444173913043478251e+03,1.900662109255790710e-02
1.454202898550724740e+03,1.838562451303005219e-02
1.464231884057971001e+03,1.871917769312858582e-02
1.474260869565217490e+03,1.802759431302547455e-02
1.484289855072463752e+03,1.822690293192863464e-02
1.494318840579710240e+03,1.684033870697021484e-02
1.504347826086956502e+03,1.815796457231044769e-02
1.514376811594202991e+03,1.734200492501258850e-02
1.524405797101449252e+03,1.693540811538696289e-02
1.534434782608695741e+03,1.573711447417736053e-02
1.544463768115942003e+03,1.593727059662342072e-02
1.554492753623188491e+03,1.494303625077009201e-02
1.564521739130434753e+03,1.574871316552162170e-02
1.574550724637681242e+03,1.541904173791408539e-02
1.584579710144927503e+03,1.433621346950531006e-02
1.594608695652173992e+03,1.568963006138801575e-02
1.604637681159420254e+03,1.483837421983480453e-02
1.614666666666666742e+03,1.514143589884042740e-02
1.624695652173913004e+03,1.570148766040802002e-02
1.634724637681159493e+03,1.364330388605594635e-02
1.644753623188405754e+03,1.464406866580247879e-02
1.654782608695652243e+03,1.357817370444536209e-02
1.664811594202898505e+03,1.445877458900213242e-02
1.674840579710144993e+03,1.335317827761173248e-02
1.684869565217391255e+03,1.223684288561344147e-02
1.694898550724637744e+03,1.243443973362445831e-02
1.704927536231884005e+03,1.250904425978660583e-02
1.714956521739130494e+03,1.285467017441987991e-02
1.724985507246376756e+03,1.182824373245239258e-02
1.735014492753623244e+03,1.233746204525232315e-02
1.745043478260869506e+03,1.241634041070938110e-02
1.755072463768115995e+03,1.203275471925735474e-02
1.765101449275362256e+03,1.029877737164497375e-02
1.775130434782608745e+03,1.155592594295740128e-02
1.785159420289855007e+03,1.240867003798484802e-02
1.795188405797101495e+03,1.080083940178155899e-02
1.805217391304347757e+03,1.137831714004278183e-02
1.815246376811594246e+03,1.126792281866073608e-02
1.825275362318840507e+03,1.054036989808082581e-02
1.835304347826086996e+03,1.087020616978406906e-02
1.845333333333333258e+03,1.099624391645193100e-02
1.855362318840579746e+03,1.033986080437898636e-02
1.865391304347826008e+03,9.646453894674777985e-03
1.875420289855072497e+03,9.674594737589359283e-03
1.885449275362318758e+03,1.105482783168554306e-02
1.895478260869565247e+03,9.758668020367622375e-03
1.905507246376811509e+03,8.974299766123294830e-03
1.915536231884057997e+03,9.958682581782341003e-03
1.925565217391304486e+03,9.490419179201126099e-03
1.935594202898550748e+03,9.935408830642700195e-03
1.945623188405797237e+03,9.990435093641281128e-03
1.955652173913043498e+03,8.877813816070556641e-03
1.965681159420289987e+03,9.063231758773326874e-03
1.975710144927536248e+03,8.866164833307266235e-03
1.985739130434782737e+03,8.708536624908447266e-03
1.995768115942028999e+03,9.572047740221023560e-03
2.005797101449275488e+03,8.662510663270950317e-03
2.015826086956521749e+03,8.301798254251480103e-03
2.025855072463768238e+03,8.583208546042442322e-03
2.035884057971014499e+03,8.251624181866645813e-03
2.045913043478260988e+03,7.812509313225746155e-03
2.055942028985507477e+03,8.153878152370452881e-03
2.065971014492753511e+03,7.786484900861978531e-03
2.076000000000000000e+03,8.333357051014900208e-03
2.086028985507246489e+03,7.672777865082025528e-03
2.096057971014492978e+03,6.952792406082153320e-03
2.106086956521739012e+03,6.850103847682476044e-03
2.116115942028985501e+03,7.383887190371751785e-03
2.126144927536231990e+03,7.594821508973836899e-03
2.136173913043478478e+03,7.121490780264139175e-03
2.146202898550724512e+03,7.062241435050964355e-03
2.156231884057971001e+03,6.944104097783565521e-03
2.166260869565217490e+03,6.836501415818929672e-03
2.176289855072463979e+03,7.371792104095220566e-03
2.186318840579710013e+03,6.716639269143342972e-03
2.196347826086956502e+03,6.403259932994842529e-03
2.206376811594202991e+03,5.741914734244346619e-03
2.216405797101449480e+03,5.974697414785623550e-03
2.226434782608695514e+03,6.283571943640708923e-03
2.236463768115942003e+03,5.563071463257074356e-03
2.246492753623188491e+03,5.670687183737754822e-03
2.256521739130434980e+03,6.003963295370340347e-03
2.266550724637681014e+03,5.694959312677383423e-03
2.276579710144927503e+03,6.083320360630750656e-03
2.286608695652173992e+03,5.833919625729322433e-03
2.296637681159420481e+03,5.818308796733617783e-03
2.306666666666666515e+03,5.482221022248268127e-03
2.316695652173913004e+03,6.586982868611812592e-03
2.326724637681159493e+03,6.254197563976049423e-03
2.336753623188405982e+03,6.124638486653566360e-03
2.346782608695652016e+03,4.961010068655014038e-03
2.356811594202898505e+03,5.732687655836343765e-03
2.366840579710144993e+03,5.310953594744205475e-03
2.376869565217391482e+03,6.052352953702211380e-03
2.386898550724637516e+03,5.065721925348043442e-03
2.396927536231884005e+03,5.787402391433715820e-03
2.406956521739130494e+03,5.242540501058101654e-03
2.416985507246376983e+03,5.331963766366243362e-03
2.427014492753623017e+03,4.724532365798950195e-03
2.437043478260869506e+03,4.559066612273454666e-03
2.447072463768115995e+03,4.213145468384027481e-03
2.457101449275362484e+03,4.677415825426578522e-03
2.467130434782608518e+03,4.798638168722391129e-03
2.477159420289855007e+03,4.281129688024520874e-03
2.487188405797101495e+03,4.425039980560541153e-03
2.497217391304347984e+03,4.974911455065011978e-03
2.507246376811594018e+03,4.388902336359024048e-03
2.517275362318840507e+03,3.710139542818069458e-03
2.527304347826086996e+03,4.298018757253885269e-03
2.537333333333333485e+03,4.496179986745119095e-03
2.547362318840579519e+03,3.974628634750843048e-03
2.557391304347826008e+03,4.178394097834825516e-03
2.567420289855072497e+03,4.721968900412321091e-03
2.577449275362318986e+03,4.934169817715883255e-03
2.587478260869565474e+03,3.634357824921607971e-03
2.597507246376811509e+03,3.890182124450802803e-03
2.607536231884057997e+03,3.777069505304098129e-03
2.617565217391304486e+03,4.262906033545732498e-03
2.627594202898550975e+03,3.430458717048168182e-03
2.637623188405797009e+03,4.195287358015775681e-03
2.647652173913043498e+03,3.747949376702308655e-03
2.657681159420289987e+03,3.878720570355653763e-03
2.667710144927536476e+03,3.850846784189343452e-03
2.677739130434782510e+03,3.748832968994975090e-03
2.687768115942028999e+03,3.132914425805211067e-03
2.697797101449275488e+03,3.682419424876570702e-03
2.707826086956521976e+03,4.005433525890111923e-03
2.717855072463768010e+03,4.230946302413940430e-03
2.727884057971014499e+03,3.629905870184302330e-03
2.737913043478260988e+03,3.603248624131083488e-03
2.747942028985507477e+03,4.007785581052303314e-03
2.757971014492753511e+03,3.259483492001891136e-03
2.768000000000000000e+03,3.509363159537315369e-03
2.778028985507246489e+03,3.065949073061347008e-03
2.788057971014492978e+03,3.100313013419508934e-03
2.798086956521739012e+03,2.875100355595350266e-03
2.808115942028985501e+03,3.167836926877498627e-03
2.818144927536231990e+03,2.824134891852736473e-03
2.828173913043478478e+03,2.966427244246006012e-03
2.838202898550724512e+03,2.762324642390012741e-03
2.848231884057971001e+03,3.494867123663425446e-03
2.858260869565217490e+03,3.654500469565391541e-03
2.868289855072463979e+03,3.104605479165911674e-03
2.878318840579710013e+03,2.785963704809546471e-03
2.888347826086956502e+03,2.904389752075076103e-03
2.898376811594202991e+03,2.893656725063920021e-03
2.908405797101449480e+03,4.344912245869636536e-03
2.918434782608695514e+03,3.777762176468968391e-03
2.928463768115942003e+03,2.854753285646438599e-03
2.938492753623188491e+03,2.597511047497391701e-03
2.948521739130434980e+03,2.885317895561456680e-03
2.958550724637681014e+03,2.571773715317249298e-03
2.968579710144927503e+03,3.353624837473034859e-03
2.978608695652173992e+03,2.581083448603749275e-03
2.988637681159420481e+03,3.372821956872940063e-03
2.998666666666666515e+03,2.693351823836565018e-03
3.008695652173913004e+03,2.197896596044301987e-03
3.018724637681159493e+03,2.438537310808897018e-03
3.028753623188405982e+03,2.765669254586100578e-03
3.038782608695652016e+03,3.443337045609951019e-03
3.048811594202898505e+03,3.541395999491214752e-03
3.058840579710144993e+03,2.691451460123062134e-03
3.068869565217391482e+03,2.936997916549444199e-03
3.078898550724637516e+03,2.261402783915400505e-03
3.088927536231884005e+03,3.448822302743792534e-03
3.098956521739130494e+03,2.687123371288180351e-03
3.108985507246376983e+03,2.477381844073534012e-03
3.119014492753623017e+03,2.873864723369479179e-03
3.129043478260869506e+03,2.504587871953845024e-03
3.139072463768115995e+03,2.931378083303570747e-03
3.149101449275362484e+03,2.543729031458497047e-03
3.159130434782608518e+03,2.220169873908162117e-03
3.169159420289855007e+03,2.393255243077874184e-03
3.179188405797101495e+03,1.838809112086892128e-03
3.189217391304347984e+03,2.939079655334353447e-03
3.199246376811594018e+03,2.049103612080216408e-03
3.209275362318840507e+03,2.332816831767559052e-03
3.219304347826086996e+03,2.173262415453791618e-03
3.229333333333333485e+03,2.289863536134362221e-03
3.239362318840579974e+03,2.120960969477891922e-03
3.249391304347826008e+03,2.007034607231616974e-03
3.259420289855072497e+03,1.901813317090272903e-03
3.269449275362318986e+03,1.947489334270358086e-03
3.279478260869565474e+03,2.295381855219602585e-03
3.289507246376811509e+03,2.437070244923233986e-03
3.299536231884057997e+03,1.856063725426793098e-03
3.309565217391304486e+03,1.597223803400993347e-03
3.319594202898550975e+03,1.608334016054868698e-03
3.329623188405797009e+03,1.848646323196589947e-03
3.339652173913043498e+03,1.622521784156560898e-03
3.349681159420289987e+03,1.606757985427975655e-03
3.359710144927536476e+03,1.837123418226838112e-03
3.369739130434782510e+03,2.045760396867990494e-03
3.379768115942028999e+03,2.715482143685221672e-03
3.389797101449275488e+03,1.807971508242189884e-03
3.399826086956521976e+03,2.634417731314897537e-03
3.409855072463768010e+03,1.769933151081204414e-03
3.419884057971014499e+03,1.693555037491023540e-03
3.429913043478260988e+03,2.042372012510895729e-03
3.439942028985507477e+03,1.664790441282093525e-03
3.449971014492753511e+03,1.642777235247194767e-03
3.460000000000000000e+03,1.705157803371548653e-03
