# n,accuracy
0.000000000000000000e+00,6.432777643203735352e-01
1.003999999999999915e+01,6.695833206176757812e-01
2.007999999999999829e+01,6.871666908264160156e-01
3.011999999999999744e+01,6.995833516120910645e-01
4.015999999999999659e+01,7.106944322586059570e-01
5.019999999999999574e+01,7.188055515289306641e-01
6.023999999999999488e+01,7.288888692855834961e-01
7.028000000000000114e+01,7.369444370269775391e-01
8.031999999999999318e+01,7.409999966621398926e-01
9.035999999999998522e+01,7.457777857780456543e-01
1.003999999999999915e+02,7.524999976158142090e-01
1.104399999999999977e+02,7.591388821601867676e-01
1.204799999999999898e+02,7.620833516120910645e-01
1.305199999999999818e+02,7.635277509689331055e-01
1.405600000000000023e+02,7.663888931274414062e-01
1.505999999999999943e+02,7.688333392143249512e-01
1.606399999999999864e+02,7.706388831138610840e-01
1.706799999999999784e+02,7.769166827201843262e-01
1.807199999999999704e+02,7.788333296775817871e-01
1.907599999999999909e+02,7.818889021873474121e-01
2.007999999999999829e+02,7.838333249092102051e-01
2.108399999999999750e+02,7.876389026641845703e-01
2.208799999999999955e+02,7.887499928474426270e-01
2.309199999999999875e+02,7.898610830307006836e-01
2.409599999999999795e+02,7.911944389343261719e-01
2.509999999999999716e+02,7.939444184303283691e-01
2.610399999999999636e+02,7.953611016273498535e-01
2.710799999999999841e+02,7.963333129882812500e-01
2.811200000000000045e+02,7.973611354827880859e-01
2.911599999999999682e+02,7.990833520889282227e-01
3.011999999999999886e+02,8.007500171661376953e-01
3.112399999999999523e+02,8.006944656372070312e-01
3.212799999999999727e+02,8.023611307144165039e-01
3.313199999999999932e+02,8.020555377006530762e-01
3.413599999999999568e+02,8.028333187103271484e-01
3.513999999999999773e+02,8.037499785423278809e-01
3.614399999999999409e+02,8.036110997200012207e-01
3.714799999999999613e+02,8.063333630561828613e-01
3.815199999999999818e+02,8.052222132682800293e-01
3.915599999999999454e+02,8.056666851043701172e-01
4.015999999999999659e+02,8.069999814033508301e-01
4.116399999999999864e+02,8.082222342491149902e-01
4.216799999999999500e+02,8.066111207008361816e-01
4.317199999999999704e+02,8.081389069557189941e-01
4.417599999999999909e+02,8.078333139419555664e-01
4.517999999999999545e+02,8.078888654708862305e-01
4.618399999999999750e+02,8.086666464805603027e-01
4.718799999999999386e+02,8.090555667877197266e-01
4.819199999999999591e+02,8.082222342491149902e-01
4.919599999999999795e+02,8.098611235618591309e-01
5.019999999999999432e+02,8.095277547836303711e-01
5.120399999999999636e+02,8.106389045715332031e-01
5.220799999999999272e+02,8.107777833938598633e-01
5.321200000000000045e+02,8.102777600288391113e-01
5.421599999999999682e+02,8.101666569709777832e-01
5.521999999999999318e+02,8.121666908264160156e-01
5.622400000000000091e+02,8.102499842643737793e-01
5.722799999999999727e+02,8.111110925674438477e-01
5.823199999999999363e+02,8.119166493415832520e-01
5.923599999999999000e+02,8.116111159324645996e-01
6.023999999999999773e+02,8.116944432258605957e-01
6.124399999999999409e+02,8.115277886390686035e-01
6.224799999999999045e+02,8.130833506584167480e-01
6.325199999999999818e+02,8.105555772781372070e-01
6.425599999999999454e+02,8.123611211776733398e-01
6.525999999999999091e+02,8.125833272933959961e-01
6.626399999999999864e+02,8.123611211776733398e-01
6.726799999999999500e+02,8.131389021873474121e-01
6.827199999999999136e+02,8.118888735771179199e-01
6.927599999999999909e+02,8.135277628898620605e-01
7.027999999999999545e+02,8.115833401679992676e-01
7.128399999999999181e+02,8.131666779518127441e-01
7.228799999999998818e+02,8.138055801391601562e-01
7.329199999999999591e+02,8.093333244323730469e-01
7.429599999999999227e+02,8.124444484710693359e-01
7.529999999999998863e+02,8.143055438995361328e-01
7.630399999999999636e+02,8.137778043746948242e-01
7.730799999999999272e+02,8.150277733802795410e-01
7.831199999999998909e+02,8.119999766349792480e-01
7.931599999999999682e+02,8.139166831970214844e-01
8.031999999999999318e+02,8.138611316680908203e-01
8.132399999999998954e+02,8.141944408416748047e-01
8.232799999999999727e+02,8.116944432258605957e-01
8.333199999999999363e+02,8.144999742507934570e-01
8.433599999999999000e+02,8.143610954284667969e-01
8.533999999999999773e+02,8.143610954284667969e-01
8.634399999999999409e+02,8.151944279670715332e-01
8.734799999999999045e+02,8.154166936874389648e-01
8.835199999999999818e+02,8.145555257797241211e-01
8.935599999999999454e+02,8.134999871253967285e-01
9.035999999999999091e+02,8.154166936874389648e-01
9.136399999999998727e+02,8.137500286102294922e-01
9.236799999999999500e+02,8.147222399711608887e-01
9.337199999999999136e+02,8.149166703224182129e-01
9.437599999999998772e+02,8.144999742507934570e-01
9.537999999999999545e+02,8.133888840675354004e-01
9.638399999999999181e+02,8.148888945579528809e-01
9.738799999999998818e+02,8.145277500152587891e-01
9.839199999999999591e+02,8.147222399711608887e-01
9.939599999999999227e+02,8.120555281639099121e-01
1.003999999999999886e+03,8.152777552604675293e-01
1.014039999999999964e+03,8.157777786254882812e-01
1.024079999999999927e+03,8.145277500152587891e-01
1.034119999999999891e+03,8.161388635635375977e-01
1.044159999999999854e+03,8.143055438995361328e-01
1.054199999999999818e+03,8.158611059188842773e-01
1.064240000000000009e+03,8.136388659477233887e-01
1.074279999999999973e+03,8.149999976158142090e-01
1.084319999999999936e+03,8.119999766349792480e-01
1.094359999999999900e+03,8.162778019905090332e-01
1.104399999999999864e+03,8.153055310249328613e-01
1.114439999999999827e+03,8.158611059188842773e-01
1.124480000000000018e+03,8.142777681350708008e-01
1.134519999999999982e+03,8.160555362701416016e-01
1.144559999999999945e+03,8.130555748939514160e-01
1.154599999999999909e+03,8.164444565773010254e-01
1.164639999999999873e+03,8.140277862548828125e-01
1.174679999999999836e+03,8.160833120346069336e-01
1.184719999999999800e+03,8.142499923706054688e-01
1.194759999999999991e+03,8.146111369132995605e-01
1.204799999999999955e+03,8.141388893127441406e-01
1.214839999999999918e+03,8.148611187934875488e-01
1.224879999999999882e+03,8.152777552604675293e-01
1.234919999999999845e+03,8.147500157356262207e-01
1.244959999999999809e+03,8.156388998031616211e-01
1.255000000000000000e+03,8.130000233650207520e-01
1.265039999999999964e+03,8.160277605056762695e-01
1.275079999999999927e+03,8.148611187934875488e-01
1.285119999999999891e+03,8.156666755676269531e-01
1.295159999999999854e+03,8.149999976158142090e-01
1.305199999999999818e+03,8.142777681350708008e-01
1.315239999999999782e+03,8.152499794960021973e-01
1.325279999999999973e+03,8.158611059188842773e-01
1.335319999999999936e+03,8.148333430290222168e-01
1.345359999999999900e+03,8.160555362701416016e-01
1.355399999999999864e+03,8.139444589614868164e-01
1.365439999999999827e+03,8.149166703224182129e-01
1.375479999999999791e+03,8.157777786254882812e-01
1.385519999999999982e+03,8.149444460868835449e-01
1.395559999999999945e+03,8.152499794960021973e-01
1.405599999999999909e+03,8.141388893127441406e-01
1.415639999999999873e+03,8.158055543899536133e-01
1.425679999999999836e+03,8.145833611488342285e-01
1.435719999999999800e+03,8.157777786254882812e-01
1.445759999999999764e+03,8.132222294807434082e-01
1.455799999999999955e+03,8.156111240386962891e-01
1.465839999999999918e+03,8.146944642066955566e-01
1.475879999999999882e+03,8.159166574478149414e-01
1.485919999999999845e+03,8.139444589614868164e-01
1.495959999999999809e+03,8.153889179229736328e-01
1.505999999999999773e+03,8.135277628898620605e-01
1.516039999999999964e+03,8.155000209808349609e-01
1.526079999999999927e+03,8.153889179229736328e-01
1.536119999999999891e+03,8.152499794960021973e-01
1.546159999999999854e+03,8.144999742507934570e-01
1.556199999999999818e+03,8.162222504615783691e-01
1.566239999999999782e+03,8.148333430290222168e-01
1.576279999999999973e+03,8.157500028610229492e-01
1.586319999999999936e+03,8.156388998031616211e-01
1.596359999999999900e+03,8.147500157356262207e-01
1.606399999999999864e+03,8.144444227218627930e-01
1.616439999999999827e+03,8.144444227218627930e-01
1.626479999999999791e+03,8.151111006736755371e-01
1.636519999999999754e+03,8.156666755676269531e-01
1.646559999999999945e+03,8.136110901832580566e-01
1.656599999999999909e+03,8.151388764381408691e-01
1.666639999999999873e+03,8.153333067893981934e-01
1.676679999999999836e+03,8.149444460868835449e-01
1.686719999999999800e+03,8.154166936874389648e-01
1.696759999999999764e+03,8.163055777549743652e-01
1.706799999999999955e+03,8.144721984863281250e-01
1.716839999999999918e+03,8.145277500152587891e-01
1.726879999999999882e+03,8.143888711929321289e-01
1.736919999999999845e+03,8.162500262260437012e-01
1.746959999999999809e+03,8.138889074325561523e-01
1.756999999999999773e+03,8.162222504615783691e-01
1.767039999999999964e+03,8.146666884422302246e-01
1.777079999999999927e+03,8.157500028610229492e-01
1.787119999999999891e+03,8.149444460868835449e-01
1.797159999999999854e+03,8.139444589614868164e-01
1.807199999999999818e+03,8.154722452163696289e-01
1.817239999999999782e+03,8.156388998031616211e-01
1.827279999999999745e+03,8.159999847412109375e-01
1.837319999999999936e+03,8.154166936874389648e-01
1.847359999999999900e+03,8.157500028610229492e-01
1.857399999999999864e+03,8.153055310249328613e-01
1.867439999999999827e+03,8.156111240386962891e-01
1.877479999999999791e+03,8.159444332122802734e-01
1.887519999999999754e+03,8.154722452163696289e-01
1.897559999999999945e+03,8.147222399711608887e-01
1.907599999999999909e+03,8.156111240386962891e-01
1.917639999999999873e+03,8.148888945579528809e-01
1.927679999999999836e+03,8.153055310249328613e-01
1.937719999999999800e+03,8.145833611488342285e-01
1.947759999999999764e+03,8.146389126777648926e-01
1.957799999999999727e+03,8.161110877990722656e-01
1.967839999999999918e+03,8.153333067893981934e-01
1.977879999999999882e+03,8.165000081062316895e-01
1.987919999999999845e+03,8.152222037315368652e-01
1.997959999999999809e+03,8.167499899864196777e-01
2.007999999999999773e+03,8.158055543899536133e-01
2.018039999999999736e+03,8.151944279670715332e-01
2.028079999999999927e+03,8.156666755676269531e-01
2.038119999999999891e+03,8.149166703224182129e-01
2.048159999999999854e+03,8.148611187934875488e-01
2.058199999999999818e+03,8.158611059188842773e-01
2.068239999999999782e+03,8.155277967453002930e-01
2.078279999999999745e+03,8.154166936874389648e-01
2.088319999999999709e+03,8.153055310249328613e-01
2.098359999999999673e+03,8.147500157356262207e-01
2.108399999999999636e+03,8.162500262260437012e-01
2.118439999999999600e+03,8.156111240386962891e-01
2.128480000000000018e+03,8.144444227218627930e-01
2.138519999999999982e+03,8.161388635635375977e-01
2.148559999999999945e+03,8.163611292839050293e-01
2.158599999999999909e+03,8.149722218513488770e-01
2.168639999999999873e+03,8.154444694519042969e-01
2.178679999999999836e+03,8.153610825538635254e-01
2.188719999999999800e+03,8.160277605056762695e-01
2.198759999999999764e+03,8.147777915000915527e-01
2.208799999999999727e+03,8.158888816833496094e-01
2.218839999999999691e+03,8.156388998031616211e-01
2.228879999999999654e+03,8.155833482742309570e-01
2.238919999999999618e+03,8.150555491447448730e-01
2.248960000000000036e+03,8.156944513320922852e-01
2.259000000000000000e+03,8.151944279670715332e-01
2.269039999999999964e+03,8.148055672645568848e-01
2.279079999999999927e+03,8.154166936874389648e-01
2.289119999999999891e+03,8.145277500152587891e-01
2.299159999999999854e+03,8.148888945579528809e-01
2.309199999999999818e+03,8.152777552604675293e-01
2.319239999999999782e+03,8.153610825538635254e-01
2.329279999999999745e+03,8.152777552604675293e-01
2.339319999999999709e+03,8.154444694519042969e-01
2.349359999999999673e+03,8.148055672645568848e-01
2.359399999999999636e+03,8.151388764381408691e-01
2.369439999999999600e+03,8.148055672645568848e-01
2.379480000000000018e+03,8.152777552604675293e-01
2.389519999999999982e+03,8.153055310249328613e-01
2.399559999999999945e+03,8.148055672645568848e-01
2.409599999999999909e+03,8.146666884422302246e-01
2.419639999999999873e+03,8.148055672645568848e-01
2.429679999999999836e+03,8.155277967453002930e-01
2.439719999999999800e+03,8.158888816833496094e-01
2.449759999999999764e+03,8.152222037315368652e-01
2.459799999999999727e+03,8.156666755676269531e-01
2.469839999999999691e+03,8.153889179229736328e-01
2.479879999999999654e+03,8.141944408416748047e-01
2.489919999999999618e+03,8.146944642066955566e-01
2.499959999999999582e+03,8.157777786254882812e-01
2.510000000000000000e+03,8.158888816833496094e-01
