# n,accuracy
0.000000000000000000e+00,5.001666545867919922e-01
1.005649717514124220e+01,6.012222170829772949e-01
2.011299435028248439e+01,6.058889031410217285e-01
3.016949152542372659e+01,6.090555787086486816e-01
4.022598870056496878e+01,6.046110987663269043e-01
5.028248587570621453e+01,6.167777776718139648e-01
6.033898305084745317e+01,6.154999732971191406e-01
7.039548022598869181e+01,6.211110949516296387e-01
8.045197740112993756e+01,6.205555796623229980e-01
9.050847457627118331e+01,6.211666464805603027e-01
1.005649717514124291e+02,6.241111159324645996e-01
1.106214689265536606e+02,6.208888888359069824e-01
1.206779661016949063e+02,6.279444694519042969e-01
1.307344632768361521e+02,6.290555596351623535e-01
1.407909604519773836e+02,6.266666650772094727e-01
1.508474576271186436e+02,6.269444227218627930e-01
1.609039548022598751e+02,6.262778043746948242e-01
1.709604519774011067e+02,6.341111063957214355e-01
1.810169491525423666e+02,6.314444541931152344e-01
1.910734463276835982e+02,6.318333148956298828e-01
2.011299435028248581e+02,6.356666684150695801e-01
2.111864406779660897e+02,6.336110830307006836e-01
2.212429378531073212e+02,6.334999799728393555e-01
2.312994350282485811e+02,6.339444518089294434e-01
2.413559322033898127e+02,6.381111145019531250e-01
2.514124293785310442e+02,6.321111321449279785e-01
2.614689265536723042e+02,6.366111040115356445e-01
2.715254237288135641e+02,6.336666941642761230e-01
2.815819209039547673e+02,6.343888640403747559e-01
2.916384180790960272e+02,6.410555839538574219e-01
3.016949152542372872e+02,6.403889060020446777e-01
3.117514124293784903e+02,6.407777667045593262e-01
3.218079096045197502e+02,6.436111330986022949e-01
3.318644067796610102e+02,6.439444422721862793e-01
3.419209039548022133e+02,6.454444527626037598e-01
3.519774011299434733e+02,6.446666717529296875e-01
3.620338983050847332e+02,6.447222232818603516e-01
3.720903954802259364e+02,6.442221999168395996e-01
3.821468926553671963e+02,6.363888978958129883e-01
3.922033898305084563e+02,6.365555524826049805e-01
4.022598870056497162e+02,6.358888745307922363e-01
4.123163841807909193e+02,6.359999775886535645e-01
4.223728813559321793e+02,6.328333616256713867e-01
4.324293785310734393e+02,6.376110911369323730e-01
4.424858757062146424e+02,6.423333287239074707e-01
4.525423728813559023e+02,6.394444704055786133e-01
4.625988700564971623e+02,6.412777900695800781e-01
4.726553672316383654e+02,6.450555324554443359e-01
4.827118644067796254e+02,6.441110968589782715e-01
4.927683615819208853e+02,6.373333334922790527e-01
5.028248587570620884e+02,6.425555348396301270e-01
5.128813559322034052e+02,6.337222456932067871e-01
5.229378531073446084e+02,6.358333230018615723e-01
5.329943502824858115e+02,6.372222304344177246e-01
5.430508474576271283e+02,6.395555734634399414e-01
5.531073446327683314e+02,6.357222199440002441e-01
5.631638418079095345e+02,6.430000066757202148e-01
5.732203389830508513e+02,6.447222232818603516e-01
5.832768361581920544e+02,6.452222466468811035e-01
5.933333333333332575e+02,6.438888907432556152e-01
6.033898305084745743e+02,6.439999938011169434e-01
6.134463276836157775e+02,6.393888592720031738e-01
6.235028248587569806e+02,6.368888616561889648e-01
6.335593220338982974e+02,6.333333253860473633e-01
6.436158192090395005e+02,6.313889026641845703e-01
6.536723163841807036e+02,6.395000219345092773e-01
6.637288135593220204e+02,6.402778029441833496e-01
6.737853107344632235e+02,6.469444632530212402e-01
6.838418079096044266e+02,6.463333368301391602e-01
6.938983050847457434e+02,6.471666693687438965e-01
7.039548022598869466e+02,6.464444398880004883e-01
7.140112994350281497e+02,6.342777609825134277e-01
7.240677966101694665e+02,6.389999985694885254e-01
7.341242937853106696e+02,6.373333334922790527e-01
7.441807909604518727e+02,6.395555734634399414e-01
7.542372881355931895e+02,6.420555710792541504e-01
7.642937853107343926e+02,6.377778053283691406e-01
7.743502824858755957e+02,6.370000243186950684e-01
7.844067796610169125e+02,6.391666531562805176e-01
7.944632768361581157e+02,6.470000147819519043e-01
8.045197740112994325e+02,6.467221975326538086e-01
8.145762711864406356e+02,6.456111073493957520e-01
8.246327683615818387e+02,6.486666798591613770e-01
8.346892655367231555e+02,6.470000147819519043e-01
8.447457627118643586e+02,6.307777762413024902e-01
8.548022598870055617e+02,6.426110863685607910e-01
8.648587570621468785e+02,6.320555806159973145e-01
8.749152542372880816e+02,6.365555524826049805e-01
8.849717514124292848e+02,6.403889060020446777e-01
8.950282485875706016e+02,6.366666555404663086e-01
9.050847457627118047e+02,6.420555710792541504e-01
9.151412429378530078e+02,6.413333415985107422e-01
9.251977401129943246e+02,6.401666402816772461e-01
9.352542372881355277e+02,6.315555572509765625e-01
9.453107344632767308e+02,6.341666579246520996e-01
9.553672316384180476e+02,6.405000090599060059e-01
9.654237288135592507e+02,6.439999938011169434e-01
9.754802259887004539e+02,6.439444422721862793e-01
9.855367231638417707e+02,6.322222352027893066e-01
9.955932203389829738e+02,6.340000033378601074e-01
1.005649717514124177e+03,6.353889107704162598e-01
1.015706214689265494e+03,6.381666660308837891e-01
1.025762711864406810e+03,6.399999856948852539e-01
1.035819209039548014e+03,6.387222409248352051e-01
1.045875706214689217e+03,6.368888616561889648e-01
1.055932203389830420e+03,6.389444470405578613e-01
1.065988700564971623e+03,6.340555548667907715e-01
1.076045197740112826e+03,6.373888850212097168e-01
1.086101694915254257e+03,6.337777972221374512e-01
1.096158192090395460e+03,6.372222304344177246e-01
1.106214689265536663e+03,6.340000033378601074e-01
1.116271186440677866e+03,6.378889083862304688e-01
1.126327683615819069e+03,6.360555291175842285e-01
1.136384180790960272e+03,6.376110911369323730e-01
1.146440677966101703e+03,6.377778053283691406e-01
1.156497175141242906e+03,6.353333592414855957e-01
1.166553672316384109e+03,6.319444179534912109e-01
1.176610169491525312e+03,6.334999799728393555e-01
1.186666666666666515e+03,6.330555677413940430e-01
1.196723163841807718e+03,6.303889155387878418e-01
1.206779661016949149e+03,6.285555362701416016e-01
1.216836158192090352e+03,6.246666908264160156e-01
1.226892655367231555e+03,6.370555758476257324e-01
1.236949152542372758e+03,6.178888678550720215e-01
1.247005649717513961e+03,6.242222189903259277e-01
1.257062146892655164e+03,6.420555710792541504e-01
1.267118644067796595e+03,6.297777891159057617e-01
1.277175141242937798e+03,6.395555734634399414e-01
1.287231638418079001e+03,6.321111321449279785e-01
1.297288135593220204e+03,6.359444260597229004e-01
1.307344632768361407e+03,6.420555710792541504e-01
1.317401129943502838e+03,6.398888826370239258e-01
1.327457627118644041e+03,6.257777810096740723e-01
1.337514124293785244e+03,6.361111402511596680e-01
1.347570621468926447e+03,6.337222456932067871e-01
1.357627118644067650e+03,6.368888616561889648e-01
1.367683615819208853e+03,6.318888664245605469e-01
1.377740112994350284e+03,6.388888955116271973e-01
1.387796610169491487e+03,6.336110830307006836e-01
1.397853107344632690e+03,6.409444212913513184e-01
1.407909604519773893e+03,6.406111121177673340e-01
1.417966101694915096e+03,6.474444270133972168e-01
1.428022598870056299e+03,6.413888931274414062e-01
1.438079096045197730e+03,6.054444313049316406e-01
1.448135593220338933e+03,6.442221999168395996e-01
1.458192090395480136e+03,6.452777981758117676e-01
1.468248587570621339e+03,6.077222228050231934e-01
1.478305084745762542e+03,6.428333520889282227e-01
1.488361581920903745e+03,6.201666593551635742e-01
1.498418079096045176e+03,6.399999856948852539e-01
1.508474576271186379e+03,6.302777528762817383e-01
1.518531073446327582e+03,6.264444589614868164e-01
1.528587570621468785e+03,6.140000224113464355e-01
1.538644067796609988e+03,6.218888759613037109e-01
1.548700564971751191e+03,5.985000133514404297e-01
1.558757062146892622e+03,6.078888773918151855e-01
1.568813559322033825e+03,6.102222204208374023e-01
1.578870056497175028e+03,6.131111383438110352e-01
1.588926553672316231e+03,6.312222480773925781e-01
1.598983050847457434e+03,6.320000290870666504e-01
1.609039548022598865e+03,6.083889007568359375e-01
1.619096045197740068e+03,6.228888630867004395e-01
1.629152542372881271e+03,5.828333497047424316e-01
1.639209039548022474e+03,6.259999871253967285e-01
1.649265536723163677e+03,6.213333606719970703e-01
1.659322033898304880e+03,6.212777495384216309e-01
1.669378531073446311e+03,6.228333115577697754e-01
1.679435028248587514e+03,6.251666545867919922e-01
1.689491525423728717e+03,6.186110973358154297e-01
1.699548022598869920e+03,6.161110997200012207e-01
1.709604519774011123e+03,6.339444518089294434e-01
1.719661016949152327e+03,6.036111116409301758e-01
1.729717514124293757e+03,5.791666507720947266e-01
1.739774011299434960e+03,5.908889174461364746e-01
1.749830508474576163e+03,5.000000000000000000e-01
1.759887005649717366e+03,5.000000000000000000e-01
1.769943502824858570e+03,5.000000000000000000e-01
1.780000000000000000e+03,5.000000000000000000e-01
