# kappa, training_loss
0.000000000000000000e+00,2.494709640741348267e-01
3.460087604470611367e-01,1.764407753944396973e-01
4.393004638594020239e-01,1.610968858003616333e-01
4.954894607646131988e-01,1.604580879211425781e-01
5.358255977705936868e-01,1.469596624374389648e-01
5.673132765061897897e-01,1.473543941974639893e-01
5.931447079502824016e-01,1.440720707178115845e-01
6.150458527094804229e-01,1.425945460796356201e-01
6.340562664852009700e-01,1.284418553113937378e-01
6.508508280855277439e-01,1.333644688129425049e-01
6.658925908297250729e-01,1.287524849176406860e-01
6.795130935362699853e-01,1.243149116635322571e-01
6.919578843395901568e-01,1.181138604879379272e-01
7.034139062765984995e-01,1.172472685575485229e-01
7.140267804180223665e-01,1.151234135031700134e-01
7.239121529930457877e-01,1.076951399445533752e-01
7.331633965453948631e-01,1.007787734270095825e-01
7.418569864253405921e-01,1.033332198858261108e-01
7.500563469525460825e-01,9.267815947532653809e-02
7.578146619146984841e-01,9.237068146467208862e-02
7.651769670196039153e-01,9.293965250253677368e-02
7.721817337819164573e-01,9.410420060157775879e-02
7.788620863205062417e-01,8.977168053388595581e-02
7.852467486537241248e-01,8.212415874004364014e-02
7.913607910931920175e-01,8.564490824937820435e-02
7.972262247908332711e-01,8.394577354192733765e-02
8.028624800644678094e-01,8.573510497808456421e-02
8.082867947419158927e-01,8.080622553825378418e-02
8.135145321017589470e-01,7.572313398122787476e-02
8.185594431925570236e-01,7.467965781688690186e-02
8.234338848135772659e-01,7.414337247610092163e-02
8.281490018569067635e-01,7.432049512863159180e-02
8.327148807821762588e-01,7.238240540027618408e-02
8.371406795401445944e-01,6.739397346973419189e-02
8.414347381531067649e-01,6.656011939048767090e-02
8.456046733082374089e-01,6.267204880714416504e-02
8.496574596596789819e-01,6.700372695922851562e-02
8.535995000193126181e-01,6.264115869998931885e-02
8.574366862100908371e-01,5.954173207283020020e-02
8.611744520339701392e-01,6.209134310483932495e-02
8.648178195496830645e-01,6.144832447171211243e-02
8.683714396494245369e-01,5.533265694975852966e-02
8.718396277570242825e-01,5.666568502783775330e-02
8.752263953349598280e-01,5.568850785493850708e-02
8.785354777771650081e-01,5.361007899045944214e-02
8.817703591740051472e-01,5.321254581212997437e-02
8.849342943610988277e-01,5.180219560861587524e-02
8.880303286018079723e-01,5.179665610194206238e-02
8.910613152017544669e-01,5.035001784563064575e-02
8.940299313107366030e-01,4.745051264762878418e-02
8.969386921313683425e-01,4.782377555966377258e-02
8.997899637234116899e-01,4.985273256897926331e-02
9.025859745671332979e-01,4.400861263275146484e-02
9.053288260272730481e-01,4.111322388052940369e-02
9.080205018407159212e-01,4.415595531463623047e-02
9.106628767351770959e-01,4.531703144311904907e-02
9.132577242726921396e-01,4.337828606367111206e-02
9.158067240001058762e-01,3.820960968732833862e-02
9.183114679787615087e-01,3.900143504142761230e-02
9.207734667569620335e-01,4.118831455707550049e-02
9.231941548413140630e-01,4.271624609827995300e-02
9.255748957165744750e-01,3.584759682416915894e-02
9.279169864579864813e-01,3.565772622823715210e-02
9.302216619751688675e-01,3.647189214825630188e-02
9.324900989223231518e-01,3.615538403391838074e-02
9.347234193057537555e-01,3.549466282129287720e-02
9.369226938163938145e-01,3.479287028312683105e-02
9.390889449121090360e-01,3.306252509355545044e-02
9.412231496719969392e-01,3.409815207123756409e-02
9.433262424426215320e-01,3.128698095679283142e-02
9.453991172941261789e-01,3.127227723598480225e-02
9.474426303023814055e-01,3.060057200491428375e-02
9.494576016717489741e-01,2.886230498552322388e-02
9.514448177116359151e-01,3.142572566866874695e-02
9.534050326787582019e-01,2.911861985921859741e-02
9.553389704959178719e-01,3.258724883198738098e-02
9.572473263570921986e-01,2.496221475303173065e-02
9.591307682277451230e-01,2.787615172564983368e-02
9.609899382484581309e-01,2.622771076858043671e-02
9.628254540492666713e-01,2.754456549882888794e-02
9.646379099814290647e-01,2.650030702352523804e-02
9.664278782727777628e-01,2.439753897488117218e-02
9.681959101122710187e-01,2.535202726721763611e-02
9.699425366688896322e-01,2.546700462698936462e-02
9.716682700495886671e-01,2.331543900072574615e-02
9.733736042006306821e-01,2.125891856849193573e-02
9.750590157562651905e-01,2.151013351976871490e-02
9.767249648384065397e-01,2.197957970201969147e-02
9.783718958106631947e-01,2.230793237686157227e-02
9.800002379898135052e-01,2.185557037591934204e-02
9.816104063175752348e-01,1.979367621243000031e-02
9.832028019952986364e-01,2.269440144300460815e-02
9.847778130840142419e-01,2.202458307147026062e-02
9.863358150720769046e-01,2.168835513293743134e-02
9.878771714124866543e-01,1.924337260425090790e-02
9.894022340318076036e-01,1.765767484903335571e-02
9.909113438124680373e-01,1.875966414809226990e-02
9.924048310500953596e-01,1.803485490381717682e-02
9.938830158874222276e-01,1.784116588532924652e-02
9.953462087261852886e-01,1.679261028766632080e-02
9.967947106183480122e-01,1.833961531519889832e-02
9.982288136378762999e-01,1.642560213804244995e-02
9.996488012342179541e-01,1.727963984012603760e-02
1.001054948568554481e+00,2.034826204180717468e-02
1.002447522833824989e+00,1.513970084488391876e-02
1.003826783559450320e+00,1.621639356017112732e-02
1.005192982901629284e+00,2.065719105303287506e-02
1.006546365920018005e+00,1.832805201411247253e-02
1.007887170841551550e+00,1.691061630845069885e-02
1.009215629312119056e+00,1.420072000473737717e-02
1.010531966636755596e+00,1.858892664313316345e-02
1.011836402008977398e+00,1.364886015653610229e-02
1.013129148729838391e+00,1.486902404576539993e-02
1.014410414417262540e+00,1.499787904322147369e-02
1.015680401206159988e+00,1.488836575299501419e-02
1.016939305939812632e+00,1.339226681739091873e-02
1.018187320352981651e+00,1.258210837841033936e-02
1.019424631247161761e+00,1.347975898534059525e-02
1.020651420658385433e+00,1.524792611598968506e-02
1.021867866017950988e+00,1.205563358962535858e-02
1.023074140306432067e+00,1.197335030883550644e-02
1.024270412201301550e+00,1.161831803619861603e-02
1.025456846218484541e+00,1.507356856018304825e-02
1.026633602848139093e+00,1.277221273630857468e-02
1.027800838684943319e+00,1.391877140849828720e-02
1.028958706553154245e+00,1.332360412925481796e-02
1.030107355626689314e+00,1.155675109475851059e-02
1.031246931544462342e+00,1.421230565756559372e-02
1.032377576521202878e+00,1.015440467745065689e-02
1.033499429453965224e+00,1.229430735111236572e-02
1.034612626024527859e+00,1.007193513214588165e-02
1.035717298797873553e+00,1.075632590800523758e-02
1.036813577316927137e+00,8.243730291724205017e-03
1.037901588193720803e+00,1.150131691247224808e-02
1.038981455197147019e+00,8.252510800957679749e-03
1.040053299337452941e+00,9.844373911619186401e-03
1.041117238947617540e+00,9.233432821929454803e-03
1.042173389761750668e+00,9.302709251642227173e-03
1.043221864990644399e+00,9.959074668586254120e-03
1.044262775394596110e+00,1.015130989253520966e-02
1.045296229353626094e+00,1.023893337696790695e-02
1.046322332935195609e+00,8.066768757998943329e-03
1.047341189959536178e+00,1.014131400734186172e-02
1.048352902062685388e+00,7.597008254379034042e-03
1.049357568757329773e+00,9.317745454609394073e-03
1.050355287491544054e+00,1.055564824491739273e-02
1.051346153705511099e+00,1.037815771996974945e-02
1.052330260886309210e+00,8.631282486021518707e-03
1.053307700620842891e+00,1.029202342033386230e-02
1.054278562646992379e+00,1.034242659807205200e-02
1.055242934903054319e+00,7.738201413303613663e-03
1.056200903575539085e+00,7.992394268512725830e-03
1.057152553145394247e+00,6.013314239680767059e-03
1.058097966432711035e+00,8.217711001634597778e-03
1.059037224639978181e+00,8.662397041916847229e-03
1.059970407393933112e+00,8.242333307862281799e-03
1.060897592786072430e+00,7.714178413152694702e-03
1.061818857411865213e+00,1.035551074892282486e-02
1.062734276408725531e+00,9.456530213356018066e-03
1.063643923492785026e+00,6.943600252270698547e-03
1.064547870994515089e+00,8.162681944668292999e-03
1.065446189893239470e+00,8.307785727083683014e-03
1.066338949850579310e+00,7.801507599651813507e-03
1.067226219242868313e+00,6.465055979788303375e-03
1.068108065192580725e+00,8.061716333031654358e-03
1.068984553598799625e+00,8.958687074482440948e-03
1.069855749166769732e+00,7.240935694426298141e-03
1.070721715436560695e+00,7.735986728221178055e-03
1.071582514810876408e+00,7.668090052902698517e-03
1.072438208582037866e+00,9.543516673147678375e-03
1.073288856958174220e+00,1.033701188862323761e-02
1.074134519088641770e+00,6.843539420515298843e-03
1.074975253088704896e+00,8.431136608123779297e-03
1.075811116063501771e+00,7.314723450690507889e-03
1.076642164131319968e+00,7.302922196686267853e-03
1.077468452446203262e+00,6.639532744884490967e-03
1.078290035219918508e+00,8.742537349462509155e-03
1.079106965743297231e+00,7.078749127686023712e-03
1.079919296406978146e+00,7.595328614115715027e-03
1.080727078721569034e+00,8.164332248270511627e-03
1.081530363337245726e+00,6.700209807604551315e-03
1.082329200062810193e+00,8.009421639144420624e-03
1.083123637884223500e+00,7.337467279285192490e-03
1.083913724982630056e+00,7.466902490705251694e-03
1.084699508751893360e+00,6.058325525373220444e-03
1.085481035815654138e+00,4.644584376364946365e-03
1.086258352043930842e+00,7.875819690525531769e-03
1.087031502569274499e+00,6.985035259276628494e-03
1.087800531802493031e+00,7.461965549737215042e-03
1.088565483447959226e+00,7.116030901670455933e-03
1.089326400518514149e+00,5.576238967478275299e-03
1.090083325349980203e+00,7.583118043839931488e-03
1.090836299615295601e+00,7.529533468186855316e-03
1.091585364338280906e+00,5.155454389750957489e-03
1.092330559907051191e+00,6.869326345622539520e-03
1.093071926087083590e+00,6.092078983783721924e-03
1.093809502033948888e+00,7.654332090169191360e-03
1.094543326305722708e+00,6.184239871799945831e-03
1.095273436875078277e+00,7.959313690662384033e-03
1.095999871141079662e+00,4.188101273030042648e-03
1.096722665940675023e+00,6.003535818308591843e-03
1.097441857559906975e+00,4.643109627068042755e-03
1.098157481744842068e+00,6.771050393581390381e-03
1.098869573712232928e+00,7.662244606763124466e-03
1.099578168159916158e+00,6.800220813602209091e-03
1.100283299276959115e+00,6.422234233468770981e-03
1.100985000753556875e+00,5.740697961300611496e-03
1.101683305790691847e+00,6.869323551654815674e-03
1.102378247109559117e+00,5.542831495404243469e-03
1.103069856960767536e+00,7.410247810184955597e-03
1.103758167133320089e+00,7.210163865238428116e-03
1.104443208963381107e+00,5.537787452340126038e-03
1.105125013342837637e+00,7.134224753826856613e-03
1.105803610727656761e+00,3.961990587413311005e-03
1.106479031146050618e+00,5.510664544999599457e-03
1.107151304206449138e+00,6.525306031107902527e-03
1.107820459105287370e+00,4.782759584486484528e-03
1.108486524634614945e+00,4.714420065283775330e-03
1.109149529189529249e+00,6.819355301558971405e-03
1.109809500775439606e+00,5.429215263575315475e-03
1.110466467015164271e+00,6.645590532571077347e-03
1.111120455155869324e+00,5.802342202514410019e-03
1.111771492075848133e+00,5.512687843292951584e-03
1.112419604291150499e+00,5.790635477751493454e-03
1.113064817962062802e+00,5.202181171625852585e-03
1.113707158899444050e+00,6.593616213649511337e-03
1.114346652570921359e+00,5.174963269382715225e-03
1.114983324106949114e+00,5.498010665178298950e-03
1.115617198306734004e+00,6.352267228066921234e-03
1.116248299644032160e+00,6.858792155981063843e-03
1.116876652272817960e+00,5.159492604434490204e-03
1.117502280032832251e+00,6.010628305375576019e-03
1.118125206455008458e+00,4.988205153495073318e-03
1.118745454766784109e+00,6.151694804430007935e-03
1.119363047897296903e+00,5.693963728845119476e-03
1.119978008482471088e+00,6.741473916918039322e-03
1.120590358869996361e+00,6.881535053253173828e-03
1.121200121124199756e+00,3.691630205139517784e-03
1.121807317030816709e+00,5.377867724746465683e-03
1.122411968101661772e+00,5.943693686276674271e-03
1.123014095579200511e+00,7.200235966593027115e-03
1.123613720441029251e+00,6.125957239419221878e-03
1.124210863404258243e+00,6.981519050896167755e-03
1.124805544929808887e+00,4.946539178490638733e-03
1.125397785226618597e+00,5.078230984508991241e-03
1.125987604255762164e+00,7.213177159428596497e-03
1.126575021734489424e+00,7.447883486747741699e-03
1.127160057140179195e+00,4.993663169443607330e-03
1.127742729714214853e+00,5.994935519993305206e-03
1.128323058465781514e+00,4.425887484103441238e-03
1.128901062175587500e+00,6.797024514526128769e-03
1.129476759399510977e+00,6.861669011414051056e-03
1.130050168472174210e+00,5.829372443258762360e-03
1.130621307510447204e+00,4.121529404073953629e-03
1.131190194416882955e+00,4.664873238652944565e-03
1.131756846883084089e+00,3.202231833711266518e-03
1.132321282393004003e+00,5.424415227025747299e-03
1.132883518226184050e+00,4.596354905515909195e-03
1.133443571460927668e+00,3.225237829610705376e-03
1.134001458977413224e+00,6.238582544028759003e-03
1.134557197460746680e+00,3.712919540703296661e-03
1.135110803403955426e+00,4.325948189944028854e-03
1.135662293110926147e+00,4.331181757152080536e-03
1.136211682699285186e+00,4.302623216062784195e-03
1.136758988103225176e+00,5.706343334168195724e-03
1.137304225076278152e+00,3.469185438007116318e-03
1.137847409194036263e+00,3.746938193216919899e-03
1.138388555856821416e+00,5.224454682320356369e-03
1.138927680292305844e+00,4.295881837606430054e-03
1.139464797558081832e+00,2.851247787475585938e-03
1.139999922544186806e+00,3.616925328969955444e-03
1.140533069975578906e+00,4.743960220366716385e-03
1.141064254414569268e+00,3.715172410011291504e-03
1.141593490263207444e+00,4.211239516735076904e-03
1.142120791765625532e+00,7.830416783690452576e-03
1.142646173010337662e+00,4.168658051639795303e-03
1.143169647932499089e+00,5.046144593507051468e-03
1.143691230316123963e+00,2.599182305857539177e-03
1.144210933796262930e+00,2.640421967953443527e-03
1.144728771861142080e+00,4.566343035548925400e-03
1.145244757854263273e+00,3.499284852296113968e-03
1.145758904976468040e+00,3.855592571198940277e-03
1.146271226287962186e+00,4.303114954382181168e-03
1.146781734710308642e+00,4.857826512306928635e-03
1.147290443028380791e+00,4.122436977922916412e-03
1.147797363892285594e+00,3.275532275438308716e-03
1.148302509819249639e+00,5.518915597349405289e-03
1.148805893195474326e+00,4.731138236820697784e-03
1.149307526277958402e+00,4.731111694127321243e-03
1.149807421196288093e+00,3.725358285009860992e-03
1.150305589954397689e+00,5.633667111396789551e-03
1.150802044432298388e+00,5.757765378803014755e-03
1.151296796387778487e+00,3.885361365973949432e-03
1.151789857458074717e+00,3.641636343672871590e-03
1.152281239161514037e+00,4.399807658046483994e-03
1.152770952899128121e+00,4.083936102688312531e-03
1.153259009956241199e+00,4.682655446231365204e-03
1.153745421504029922e+00,5.253319162875413895e-03
1.154230198601057689e+00,5.762301385402679443e-03
1.154713352194783882e+00,4.667517263442277908e-03
1.155194893123046018e+00,4.924845416098833084e-03
1.155674832115519690e+00,3.502941690385341644e-03
1.156153179795152308e+00,4.064666107296943665e-03
1.156629946679573973e+00,6.236168555915355682e-03
1.157105143182485696e+00,3.994556143879890442e-03
1.157578779615023423e+00,4.844595212489366531e-03
1.158050866187100514e+00,4.590317606925964355e-03
1.158521413008729350e+00,3.762434469535946846e-03
1.158990430091319634e+00,4.302547778934240341e-03
1.159457927348956030e+00,2.637021010741591454e-03
1.159923914599656714e+00,4.839387256652116776e-03
1.160388401566609495e+00,3.734832396730780602e-03
1.160851397879389957e+00,2.044448396191000938e-03
1.161312913075158937e+00,4.832188598811626434e-03
1.161772956599841145e+00,2.596159931272268295e-03
1.162231537809286230e+00,5.369877908378839493e-03
1.162688665970408319e+00,4.822107497602701187e-03
1.163144350262311777e+00,4.542545881122350693e-03
1.163598599777396103e+00,4.562166985124349594e-03
1.164051423522444839e+00,3.118834458291530609e-03
1.164502830419696267e+00,3.966212272644042969e-03
1.164952829307899895e+00,4.251081030815839767e-03
1.165401428943353190e+00,5.097201559692621231e-03
1.165848638000925419e+00,3.991337493062019348e-03
1.166294465075062625e+00,3.681234316900372505e-03
1.166738918680779724e+00,2.573933219537138939e-03
1.167182007254636389e+00,4.245665390044450760e-03
1.167623739155697393e+00,4.205020144581794739e-03
1.168064122666478966e+00,3.102790098637342453e-03
1.168503165993880932e+00,2.288416726514697075e-03
1.168940877270103762e+00,4.241501912474632263e-03
1.169377264553552953e+00,3.406867384910583496e-03
1.169812335829729655e+00,3.399586305022239685e-03
1.170246099012105523e+00,5.834218114614486694e-03
1.170678561942988694e+00,3.906369209289550781e-03
1.171109732394373326e+00,3.370597725734114647e-03
1.171539618068777155e+00,5.288915242999792099e-03
1.171968226600069052e+00,3.351086517795920372e-03
1.172395565554280150e+00,3.911737352609634399e-03
1.172821642430406541e+00,3.903079079464077950e-03
1.173246464661198640e+00,4.737852141261100769e-03
1.173670039613939009e+00,4.734161775559186935e-03
1.174092374591209298e+00,3.364158794283866882e-03
1.174513476831645198e+00,3.077859990298748016e-03
1.174933353510680956e+00,3.339337417855858803e-03
1.175352011741283453e+00,3.061668714508414268e-03
1.175769458574674520e+00,4.442719742655754089e-03
1.176185701001044359e+00,4.432840272784233093e-03
1.176600745950252991e+00,3.873588284477591515e-03
1.177014600292522806e+00,5.294905044138431549e-03
1.177427270839121798e+00,4.143483471125364304e-03
1.177838764343034139e+00,3.594640642404556274e-03
1.178249087499626091e+00,4.143540747463703156e-03
1.178658246947296595e+00,4.426455590873956680e-03
1.179066249268124089e+00,3.041615244001150131e-03
1.179473100988500445e+00,2.204155549407005310e-03
1.179878808579758465e+00,4.144789651036262512e-03
1.180283378458787835e+00,2.752442611381411552e-03
1.180686816988646415e+00,4.717320669442415237e-03
1.181089130479157756e+00,3.868364961817860603e-03
1.181490325187506629e+00,3.043542150408029556e-03
1.181890407318820335e+00,3.023127559572458267e-03
1.182289383026745355e+00,3.842315403744578362e-03
1.182687258414015563e+00,3.293106099590659142e-03
1.183084039533012444e+00,3.281958168372511864e-03
1.183479732386316430e+00,3.557985415682196617e-03
1.183874342927253132e+00,4.954618867486715317e-03
1.184267877060429797e+00,4.123007412999868393e-03
1.184660340642266219e+00,3.562882309779524803e-03
1.185051739481516542e+00,3.831325797364115715e-03
1.185442079339786181e+00,3.553260816261172295e-03
1.185831365932041193e+00,3.264934988692402840e-03
1.186219604927107429e+00,3.779841586947441101e-03
1.186606801948169920e+00,4.943555686622858047e-03
1.186992962573258703e+00,2.980546327307820320e-03
1.187378092335731328e+00,2.990735461935400963e-03
1.187762196724750030e+00,4.398935008794069290e-03
1.188145281185749358e+00,3.568373853340744972e-03
1.188527351120901354e+00,4.664891865104436874e-03
1.188908411889570305e+00,2.178437775000929832e-03
1.189288468808765264e+00,3.557628020644187927e-03
1.189667527153585702e+00,2.435406902804970741e-03
1.190045592157659815e+00,3.825970226898789406e-03
1.190422669013577739e+00,3.507695859298110008e-03
1.190798762873320538e+00,3.591912100091576576e-03
1.191173878848682532e+00,3.546073334291577339e-03
1.191548022011686969e+00,4.114499315619468689e-03
1.191921197394998577e+00,3.816185519099235535e-03
1.192293409992330133e+00,2.996734809130430222e-03
1.192664664758841697e+00,5.753718782216310501e-03
1.193034966611538517e+00,4.937801510095596313e-03
1.193404320429659826e+00,3.531389869749546051e-03
1.193772731055066094e+00,4.926620516926050186e-03
1.194140203292618940e+00,3.270918037742376328e-03
1.194506741910557945e+00,4.080840386450290680e-03
1.194872351640871022e+00,1.861872035078704357e-03
1.195237037179661232e+00,4.917848855257034302e-03
1.195600803187509165e+00,4.619019106030464172e-03
1.195963654289829980e+00,2.962442114949226379e-03
1.196325595077226245e+00,2.966628875583410263e-03
1.196686630105836313e+00,3.226234111934900284e-03
1.197046763897678945e+00,3.769024275243282318e-03
1.197406000940992365e+00,4.139842465519905090e-03
1.197764345690570442e+00,2.713224617764353752e-03
1.198121802568094640e+00,3.523605642840266228e-03
1.198478375962459763e+00,4.898152314126491547e-03
1.198834070230099025e+00,3.211513161659240723e-03
1.199188889695302462e+00,4.889008123427629471e-03
1.199542838650532683e+00,3.768218914046883583e-03
1.199895921356736173e+00,3.212430747225880623e-03
1.200248142043651267e+00,5.168213509023189545e-03
1.200599504910112358e+00,2.681609475985169411e-03
1.200950014124349652e+00,2.379005076363682747e-03
1.201299673824286929e+00,4.350165370851755142e-03
1.201648488117833313e+00,3.244385821744799614e-03
1.201996461083173484e+00,4.052404779940843582e-03
1.202343596769054113e+00,2.103249309584498405e-03
1.202689899195065859e+00,4.882737528532743454e-03
1.203035372351923593e+00,3.512743860483169556e-03
1.203380020201741063e+00,4.605706781148910522e-03
1.203723846678303788e+00,4.327255301177501678e-03
1.204066855687339732e+00,4.042846616357564926e-03
1.204409051106784645e+00,3.202716121450066566e-03
1.204750436787044299e+00,4.026763141155242920e-03
1.205091016551255612e+00,4.588538780808448792e-03
1.205430794195543331e+00,3.194722114130854607e-03
1.205769773489273611e+00,4.852913785725831985e-03
1.206107958175305361e+00,4.591126926243305206e-03
1.206445351970237390e+00,2.910019597038626671e-03
1.206781958564654422e+00,5.143184680491685867e-03
1.207117781623368469e+00,3.469040850177407265e-03
1.207452824785659296e+00,4.300639964640140533e-03
1.207787091665509571e+00,3.757280297577381134e-03
1.208120585851840678e+00,3.207204164937138557e-03
1.208453310908741862e+00,4.843169357627630234e-03
1.208785270375700271e+00,4.036164842545986176e-03
1.209116467767826331e+00,2.364759333431720734e-03
1.209446906576077119e+00,3.191959578543901443e-03
1.209776590267476859e+00,2.082346240058541298e-03
1.210105522285335855e+00,2.908029127866029739e-03
1.210433706049466096e+00,2.646449021995067596e-03
1.210761144956393531e+00,4.300574772059917450e-03
1.211087842379570789e+00,4.297252744436264038e-03
1.211413801669584123e+00,2.632221207022666931e-03
1.211739026154360133e+00,4.590920638293027878e-03
1.212063519139370493e+00,3.460943931713700294e-03
1.212387283907832236e+00,3.459881292656064034e-03
1.212710323720907590e+00,5.399668123573064804e-03
1.213032641817901158e+00,3.450228367000818253e-03
1.213354241416454871e+00,2.896462567150592804e-03
1.213675125712740055e+00,5.112648475915193558e-03
1.213995297881649504e+00,1.511765411123633385e-03
1.214314761076984439e+00,2.890858100727200508e-03
1.214633518431641246e+00,4.001866094768047333e-03
1.214951573057796663e+00,3.719297703355550766e-03
1.215268928047089192e+00,4.563188645988702774e-03
1.215585586470799395e+00,2.064714208245277405e-03
1.215901551380029089e+00,2.607702044770121574e-03
1.216216825805877200e+00,5.104602780193090439e-03
1.216531412759613406e+00,2.879564650356769562e-03
1.216845315232852887e+00,2.886567264795303345e-03
1.217158536197724406e+00,2.603173255920410156e-03
1.217471078607041068e+00,4.268620163202285767e-03
1.217782945394467076e+00,4.277692642062902451e-03
1.218094139474681370e+00,2.046206500381231308e-03
1.218404663743543948e+00,4.273987840861082077e-03
1.218714521078254176e+00,4.275016486644744873e-03
1.219023714337513331e+00,3.718713764101266861e-03
1.219332246361682248e+00,5.690712481737136841e-03
1.219640119972937198e+00,2.362020313739776611e-03
1.219947337975425095e+00,2.775154709815979004e-01
1.220253903155417152e+00,2.875452637672424316e-01
1.220559818281460096e+00,2.933812141418457031e-01
1.220865086104525821e+00,2.625873088836669922e-01
1.221169709358161048e+00,2.736607193946838379e-01
1.221473690758632547e+00,2.585600614547729492e-01
1.221777033005074342e+00,2.669342458248138428e-01
1.222079738779629610e+00,2.545940876007080078e-01
1.222381810747594111e+00,2.611592113971710205e-01
1.222683251557557416e+00,2.451227307319641113e-01
1.222984063841540348e+00,2.412448823451995850e-01
1.223284250215135316e+00,2.319557815790176392e-01
1.223583813277640653e+00,2.067276835441589355e-01
1.223882755612197171e+00,1.934389621019363403e-01
1.224181079785920945e+00,1.702388525009155273e-01
1.224478788350035652e+00,1.598141342401504517e-01
1.224775883840004465e+00,1.290273517370223999e-01
1.225072368775657949e+00,1.036293059587478638e-01
1.225368245661323297e+00,7.342246174812316895e-02
1.225663516985951551e+00,5.417149141430854797e-02
1.225958185223242625e+00,3.917000442743301392e-02
1.226252252831769862e+00,3.578047826886177063e-02
1.226545722255103055e+00,2.449716441333293915e-02
1.226838595921929898e+00,2.029438130557537079e-02
1.227130876246177671e+00,1.507390569895505905e-02
1.227422565627131812e+00,1.514377631247043610e-02
1.227713666449553820e+00,8.790620602667331696e-03
1.228004181083798718e+00,6.645378656685352325e-03
1.228294111885931184e+00,1.044138614088296890e-02
1.228583461197839455e+00,1.162939332425594330e-02
1.228872231347349242e+00,8.541259914636611938e-03
1.229160424648336303e+00,6.196013651788234711e-03
1.229448043400836577e+00,8.709639310836791992e-03
1.229735089891158317e+00,7.310373708605766296e-03
1.230021566391988896e+00,5.887658335268497467e-03
1.230307475162504494e+00,6.612261757254600525e-03
1.230592818448476233e+00,4.154261201620101929e-03
1.230877598482376323e+00,4.109398927539587021e-03
1.231161817483481746e+00,3.548019332811236382e-03
1.231445477657980625e+00,3.828025422990322113e-03
1.231728581199071471e+00,5.461684428155422211e-03
1.232011130287068212e+00,4.881046712398529053e-03
1.232293127089498119e+00,5.424745380878448486e-03
1.232574573761204828e+00,3.151265438646078110e-03
1.232855472444443601e+00,2.630586270242929459e-03
1.233135825268981467e+00,2.618163591250777245e-03
1.233415634352192924e+00,4.218524321913719177e-03
1.233694901799157861e+00,3.592575900256633759e-03
1.233973629702753705e+00,2.534507773816585541e-03
1.234251820143751122e+00,3.906196681782603264e-03
1.234529475190908165e+00,3.621865529567003250e-03
1.234806596901059983e+00,4.103897605091333389e-03
1.235083187319212961e+00,4.982192069292068481e-03
1.235359248478633543e+00,3.043306758627295494e-03
1.235634782400938603e+00,3.914736676961183548e-03
1.235909791096183596e+00,3.258258104324340820e-03
1.236184276562951823e+00,2.432871609926223755e-03
1.236458240788439911e+00,2.426746767014265060e-03
1.236731685748546195e+00,4.657075740396976471e-03
1.237004613407953757e+00,3.212662879377603531e-03
1.237277025720217249e+00,4.590230528265237808e-03
1.237548924627845714e+00,5.714618600904941559e-03
1.237820312062385852e+00,3.214143682271242142e-03
1.238091189944504844e+00,2.650571987032890320e-03
1.238361560184070731e+00,4.292658064514398575e-03
1.238631424680235016e+00,3.166023408994078636e-03
1.238900785321510600e+00,2.603486413136124611e-03
1.239169643985852831e+00,3.754049539566040039e-03
1.239438002540736994e+00,4.554847255349159241e-03
1.239705862843237139e+00,3.446827642619609833e-03
1.239973226740102019e+00,3.716415958479046822e-03
1.240240096067832143e+00,2.615771256387233734e-03
1.240506472652755710e+00,2.619858132675290108e-03
1.240772358311102552e+00,3.717810614034533501e-03
1.241037754849080077e+00,5.361906718462705612e-03
1.241302664062944761e+00,4.779694136232137680e-03
1.241567087739077868e+00,3.395562293007969856e-03
1.241831027654054509e+00,4.507064819335937500e-03
1.242094485574718021e+00,3.422003472223877907e-03
1.242357463258249473e+00,3.680049441754817963e-03
1.242619962452238047e+00,4.217105451971292496e-03
1.242881984894751435e+00,3.116656560450792313e-03
1.243143532314404442e+00,4.235561937093734741e-03
1.243404606430426496e+00,3.971872385591268539e-03
1.243665208952731804e+00,4.201550036668777466e-03
1.243925341581984201e+00,5.048740189522504807e-03
1.244185006009665084e+00,3.910074941813945770e-03
1.244444203918138259e+00,3.916191402822732925e-03
1.244702936980716990e+00,3.887920407578349113e-03
1.244961206861727510e+00,3.874243702739477158e-03
1.245219015216573410e+00,4.417280200868844986e-03
1.245476363691800037e+00,4.170328844338655472e-03
1.245733253925156436e+00,3.312420565634965897e-03
1.245989687545658864e+00,3.048376645892858505e-03
1.246245666173652511e+00,4.706797190010547638e-03
1.246501191420873234e+00,3.051607403904199600e-03
1.246756264890506838e+00,4.259507637470960617e-03
1.247010888177251919e+00,2.490125130861997604e-03
1.247265062867378038e+00,3.358398098498582840e-03
1.247518790538785005e+00,4.424160812050104141e-03
1.247772072761062612e+00,4.490756895393133163e-03
1.248024911095547695e+00,3.303664037957787514e-03
1.248277307095383648e+00,1.913168351165950298e-03
1.248529262305575038e+00,3.597993403673171997e-03
1.248780778263047342e+00,3.329726401716470718e-03
1.249031856496700010e+00,2.172799315303564072e-03
1.249282498527465979e+00,2.767564030364155769e-03
1.249532705868362958e+00,1.619051443412899971e-03
1.249782480024551612e+00,4.139996599406003952e-03
1.250031822493387512e+00,3.572500078007578850e-03
1.250280734764476431e+00,4.409189801663160324e-03
1.250529218319727187e+00,4.125968087464570999e-03
1.250777274633404268e+00,5.220697727054357529e-03
1.251024905172181345e+00,4.956775344908237457e-03
1.251272111395191677e+00,2.738459734246134758e-03
1.251518894754081845e+00,3.541094018146395683e-03
1.251765256693060824e+00,3.006798913702368736e-03
1.252011198648951718e+00,2.727729035541415215e-03
1.252256722051241944e+00,3.819271922111511230e-03
1.252501828322133415e+00,4.108156077563762665e-03
1.252746518876591386e+00,3.535092342644929886e-03
1.252990795122393308e+00,4.923385567963123322e-03
1.253234658460178341e+00,3.284816397354006767e-03
1.253478110283494429e+00,3.835848765447735786e-03
1.253721151978847370e+00,2.434860449284315109e-03
1.253963784925746561e+00,3.538196906447410583e-03
1.254206010496753620e+00,1.878079143352806568e-03
1.254447830057528135e+00,2.989783650264143944e-03
1.254689244966873396e+00,6.016886327415704727e-03
1.254930256576783698e+00,3.815996460616588593e-03
1.255170866232488081e+00,3.805848304182291031e-03
1.255411075272496513e+00,4.369144327938556671e-03
1.255650885028644081e+00,3.250843845307826996e-03
1.255890296826135621e+00,3.799383994191884995e-03
1.256129311983589014e+00,3.248727880418300629e-03
1.256367931813079819e+00,3.534982213750481606e-03
1.256606157620183017e+00,2.965687774121761322e-03
1.256843990704017866e+00,1.863566925749182701e-03
1.257081432357288309e+00,3.506327047944068909e-03
1.257318483866326497e+00,1.573136192746460438e-03
1.257555146511134536e+00,5.180249921977519989e-03
1.257791421565424672e+00,2.391687361523509026e-03
1.258027310296662371e+00,3.509633941575884819e-03
1.258262813966105398e+00,2.959146630018949509e-03
1.258497933828845561e+00,2.953451126813888550e-03
1.258732671133847569e+00,3.774052485823631287e-03
1.258967027123990556e+00,3.509052330628037453e-03
1.259201003036105604e+00,4.614171106368303299e-03
1.259434600101016377e+00,6.557834800332784653e-03
1.259667819543577094e+00,3.502420382574200630e-03
1.259900662582712050e+00,2.123272046446800232e-03
1.260133130431452919e+00,4.055954515933990479e-03
1.260365224296976283e+00,4.049837589263916016e-03
1.260596945380642708e+00,4.326760768890380859e-03
1.260828294878033384e+00,3.771761665120720863e-03
1.261059273978986761e+00,4.604046698659658432e-03
1.261289883867635409e+00,2.099193632602691650e-03
1.261520125722442431e+00,4.601883701980113983e-03
1.261750000716238329e+00,2.379172015935182571e-03
1.261979510016255857e+00,3.764937166124582291e-03
1.262208654784165995e+00,2.368585905060172081e-03
1.262437436176113259e+00,2.650692360475659370e-03
1.262665855342750554e+00,2.932179486379027367e-03
1.262893913429274262e+00,2.369581488892436028e-03
1.263121611575458214e+00,3.194838762283325195e-03
1.263348950915687885e+00,3.193791722878813744e-03
1.263575932578995253e+00,4.040692932903766632e-03
1.263802557689090778e+00,3.757756436243653297e-03
1.264028827364398255e+00,3.749127499759197235e-03
1.264254742718087687e+00,3.197763580828905106e-03
1.264480304858106363e+00,4.345804452896118164e-03
1.264705514887214832e+00,4.319495055824518204e-03
1.264930373903015992e+00,3.762351348996162415e-03
1.265154882997988839e+00,4.885478876531124115e-03
1.265379043259520664e+00,4.314554855227470398e-03
1.265602855769937030e+00,3.462242428213357925e-03
1.265826321606534854e+00,5.143603309988975525e-03
1.266049441841612389e+00,2.897270489484071732e-03
1.266272217542500522e+00,3.190835239365696907e-03
1.266494649771593428e+00,3.748589195311069489e-03
1.266716739586378759e+00,2.918747020885348320e-03
1.266938488039468069e+00,3.525123232975602150e-03
1.267159896178627010e+00,2.091552596539258957e-03
1.267380965046803976e+00,3.462915541604161263e-03
1.267601695682160301e+00,3.741449909284710884e-03
1.267822089118100237e+00,2.630467992275953293e-03
1.268042146383298263e+00,2.638436388224363327e-03
1.268261868501729506e+00,3.458696184679865837e-03
1.268481256492697273e+00,2.904543653130531311e-03
1.268700311370862366e+00,2.901369705796241760e-03
1.268919034146269942e+00,2.348790410906076431e-03
1.269137425824379051e+00,4.583380185067653656e-03
1.269355487406088390e+00,5.136335734277963638e-03
1.269573219887766502e+00,2.618495142087340355e-03
1.269790624261275980e+00,4.015721846371889114e-03
1.270007701514002996e+00,2.899068873375654221e-03
1.270224452628883283e+00,3.173794364556670189e-03
1.270440878584429001e+00,2.344022272154688835e-03
1.270656980354754939e+00,1.789149828255176544e-03
1.270872758909604938e+00,3.445526119321584702e-03
1.271088215214378314e+00,2.616855315864086151e-03
1.271303350230155838e+00,3.737941384315490723e-03
1.271518164913724824e+00,3.454490331932902336e-03
1.271732660217604671e+00,1.504377694800496101e-03
1.271946837090073501e+00,3.718599909916520119e-03
1.272160696475191033e+00,2.607345581054687500e-03
1.272374239312826782e+00,2.056378172710537910e-03
1.272587466538680934e+00,3.165902569890022278e-03
1.272800379084312095e+00,5.387219134718179703e-03
1.273012977877160612e+00,2.619116101413965225e-03
1.273225263840572108e+00,2.882776316255331039e-03
1.273437237893823015e+00,2.885143505409359932e-03
1.273648900952143004e+00,2.887967741116881371e-03
1.273860253926739627e+00,3.719590371474623680e-03
1.274071297724821195e+00,3.156504593789577484e-03
1.274282033249621415e+00,3.159431507810950279e-03
1.274492461400420718e+00,2.602231921628117561e-03
1.274702583072570894e+00,3.713909769430756569e-03
1.274912399157516862e+00,4.550660960376262665e-03
1.275121910542819981e+00,3.434957005083560944e-03
1.275331118112180695e+00,2.602529013529419899e-03
1.275540022745460300e+00,3.710236167535185814e-03
1.275748625318703144e+00,4.542560316622257233e-03
1.275956926704159944e+00,3.994340077042579651e-03
1.276164927770307544e+00,2.320318482816219330e-03
1.276372629381872903e+00,4.820131231099367142e-03
1.276580032399852405e+00,1.212631352245807648e-03
1.276787137681535622e+00,3.700934117659926414e-03
1.276993946080524411e+00,5.096069071441888809e-03
1.277200458446755560e+00,4.263231530785560608e-03
1.277406675626521215e+00,3.427515039220452309e-03
1.277612598462489313e+00,4.266500938683748245e-03
1.277818227793724892e+00,2.313060918822884560e-03
1.278023564455710082e+00,2.316519385203719139e-03
1.278228609280364525e+00,3.143600188195705414e-03
1.278433363096066255e+00,4.260146524757146835e-03
1.278637826727671012e+00,3.145899390801787376e-03
1.278842000996532668e+00,4.540397785604000092e-03
1.279045886720522551e+00,5.646389909088611603e-03
1.279249484714049201e+00,3.150740172713994980e-03
1.279452795788078578e+00,3.702359739691019058e-03
1.279655820750152717e+00,2.031072974205017090e-03
1.279858560404408818e+00,1.484552980400621891e-03
1.280061015551599235e+00,3.975491039454936981e-03
1.280263186989109681e+00,1.751116942614316940e-03
1.280465075510978101e+00,3.139517735689878464e-03
1.280666681907913773e+00,3.422511508688330650e-03
1.280868006967316397e+00,2.860147273167967796e-03
1.281069051473292308e+00,1.748744980432093143e-03
1.281269816206676238e+00,3.135249949991703033e-03
1.281470301945046186e+00,3.136984538286924362e-03
1.281670509462743635e+00,3.959214314818382263e-03
1.281870439530890415e+00,3.694365732371807098e-03
1.282070092917407145e+00,2.853070385754108429e-03
1.282269470387030763e+00,3.140496788546442986e-03
1.282468572701331855e+00,2.577785402536392212e-03
1.282667400618732190e+00,3.687095828354358673e-03
1.282865954894522487e+00,1.747623435221612453e-03
1.283064236280879067e+00,1.466418616473674774e-03
1.283262245526880951e+00,4.248750396072864532e-03
1.283459983378528069e+00,3.412046469748020172e-03
1.283657450578755466e+00,2.857062034308910370e-03
1.283854647867453069e+00,3.686129581183195114e-03
1.284051575981480564e+00,3.408498829230666161e-03
1.284248235654683823e+00,9.140435140579938889e-04
1.284444627617912671e+00,3.405689727514982224e-03
1.284640752599035318e+00,2.578373532742261887e-03
1.284836611322956568e+00,1.739739906042814255e-03
1.285032204511632248e+00,2.853412181138992310e-03
1.285227532884085422e+00,3.409298369660973549e-03
1.285422597156423485e+00,1.738351886160671711e-03
1.285617398041852599e+00,2.017311519011855125e-03
1.285811936250693677e+00,2.571034478023648262e-03
1.286006212490398148e+00,2.572401892393827438e-03
1.286200227465563506e+00,3.126302966848015785e-03
1.286393981877948178e+00,3.682566108182072639e-03
1.286587476426486853e+00,3.131086006760597229e-03
1.286780711807306021e+00,2.854139776900410652e-03
1.286973688713738406e+00,3.403345821425318718e-03
1.287166407836338733e+00,4.233656916767358780e-03
1.287358869862897937e+00,3.952563274651765823e-03
1.287551075478457152e+00,2.290421398356556892e-03
1.287743025365324145e+00,2.289643511176109314e-03
1.287934720203086636e+00,2.286167815327644348e-03
1.288126160668626952e+00,4.513918887823820114e-03
1.288317347436135796e+00,2.012931741774082184e-03
1.288508281177128012e+00,6.177634466439485550e-03
1.288698962560455463e+00,3.119241213425993919e-03
1.288889392252321020e+00,3.122902940958738327e-03
1.289079570916294104e+00,7.270557805895805359e-03
1.289269499213321568e+00,3.680751426145434380e-03
1.289459177801745238e+00,4.731646738946437836e-03
1.289648607337312791e+00,3.684044349938631058e-03
1.289837788473191527e+00,1.470560091547667980e-03
1.290026721859984127e+00,3.959462512284517288e-03
1.290215408145739540e+00,3.677354892715811729e-03
1.290403847975967411e+00,3.672931110486388206e-03
1.290592041993651851e+00,3.676688997074961662e-03
1.290779990839263203e+00,2.287392038851976395e-03
1.290967695150772476e+00,2.841562731191515923e-03
1.291155155563663337e+00,2.566297538578510284e-03
1.291342372710946096e+00,3.954709973186254501e-03
1.291529347223169255e+00,3.116430481895804405e-03
1.291716079728433497e+00,2.564791822806000710e-03
1.291902570852403453e+00,2.564735943451523781e-03
1.292088821218320360e+00,3.115955740213394165e-03
1.292274831447014938e+00,2.841087523847818375e-03
1.292460602156919824e+00,3.112775739282369614e-03
1.292646133964081567e+00,2.840247470885515213e-03
1.292831427482173057e+00,4.226636607199907303e-03
1.293016483322505739e+00,3.115560859441757202e-03
1.293201302094041383e+00,3.669909434393048286e-03
1.293385884403404962e+00,3.112384583801031113e-03
1.293570230854895531e+00,4.500268492847681046e-03
1.293754342050498440e+00,3.110046498477458954e-03
1.293938218589898215e+00,3.115435829386115074e-03
1.294121861070488322e+00,4.224587697535753250e-03
1.294305270087384274e+00,2.832035068422555923e-03
1.294488446233434953e+00,2.554537495598196983e-03
1.294671390099233266e+00,2.831242978572845459e-03
1.294854102273129248e+00,3.385989228263497353e-03
1.295036583341239611e+00,2.281794790178537369e-03
1.295218833887459731e+00,3.108986886218190193e-03
1.295400854493475196e+00,3.385443473234772682e-03
1.295582645738773131e+00,1.442656037397682667e-03
1.295764208200651524e+00,3.942090552300214767e-03
1.295945542454233435e+00,4.220166709274053574e-03
1.296126649072473880e+00,3.386518452316522598e-03
1.296307528626174710e+00,2.274814760312438011e-03
1.296488181683992158e+00,2.835994353517889977e-03
1.296668608812449719e+00,1.718587125651538372e-03
1.296848810575947697e+00,3.106727730482816696e-03
1.297028787536774086e+00,4.773551132529973984e-03
1.297208540255115228e+00,2.525344956666231155e-03
1.297388069289066248e+00,3.689157078042626381e-03
1.297567375194641048e+00,2.279771724715828896e-03
1.297746458525783630e+00,3.390833036974072456e-03
1.297925319834376978e+00,2.280477900058031082e-03
1.298103959670254381e+00,3.660158719867467880e-03
1.298282378581208985e+00,2.004032954573631287e-03
1.298460577113004444e+00,4.494154360145330429e-03
1.298638555809384254e+00,4.216342233121395111e-03
1.298816315212081740e+00,3.942726645618677139e-03
1.298993855860830715e+00,2.830817131325602531e-03
1.299171178293374807e+00,3.385973628610372543e-03
1.299348283045477004e+00,4.771349485963582993e-03
1.299525170650929429e+00,3.106797346845269203e-03
1.299701841641563993e+00,1.439029932953417301e-03
1.299878296547260170e+00,3.377192420884966850e-03
1.300054535895955876e+00,2.268305746838450432e-03
1.300230560213657238e+00,3.380088834092020988e-03
1.300406370024446590e+00,5.601522047072649002e-03
1.300581965850492905e+00,3.105014562606811523e-03
1.300757348212060460e+00,1.715496182441711426e-03
1.300932517627519269e+00,4.771811421960592270e-03
1.301107474613352633e+00,3.655000822618603706e-03
1.301282219684167574e+00,2.820763504132628441e-03
1.301456753352703277e+00,3.936083987355232239e-03
1.301631076129840192e+00,2.267369069159030914e-03
1.301805188524609136e+00,3.102288814261555672e-03
1.301979091044200842e+00,3.379241097718477249e-03
1.302152784193972623e+00,2.823238493874669075e-03
1.302326268477460136e+00,3.098009387031197548e-03
1.302499544396383824e+00,1.710742129944264889e-03
1.302672612450659573e+00,1.988935982808470726e-03
1.302845473138404708e+00,2.818539505824446678e-03
1.303018126955949763e+00,1.984529197216033936e-03
1.303190574397844470e+00,3.932955209165811539e-03
1.303362815956867982e+00,3.097120439633727074e-03
1.303534852124035526e+00,2.263232832774519920e-03
1.303706683388608845e+00,3.100856672972440720e-03
1.303878310238103300e+00,4.761261399835348129e-03
1.304049733158296087e+00,4.483496304601430893e-03
1.304220952633235786e+00,4.763051401823759079e-03
1.304391969145248353e+00,2.818286186084151268e-03
1.304562783174946894e+00,2.817430533468723297e-03
1.304733395201240320e+00,3.374164458364248276e-03
1.304903805701339570e+00,5.039465148001909256e-03
1.305074015150766487e+00,2.816569525748491287e-03
1.305244024023362259e+00,4.486038349568843842e-03
1.305413832791294970e+00,3.930298611521720886e-03
1.305583441925066923e+00,1.149264164268970490e-03
1.305752851893523303e+00,4.203208256512880325e-03
1.305922063163859503e+00,2.258901717141270638e-03
1.306091076201629120e+00,4.206407815217971802e-03
1.306259891470751056e+00,2.817422151565551758e-03
1.306428509433517737e+00,1.982473535463213921e-03
1.306596930550602886e+00,4.483446013182401657e-03
1.306765155281068180e+00,3.647830802947282791e-03
1.306933184082371469e+00,3.646824741736054420e-03
1.307101017410374988e+00,1.983622554689645767e-03
1.307268655719350026e+00,2.536602783948183060e-03
1.307436099461987578e+00,2.258067019283771515e-03
1.307603349089404121e+00,3.650534432381391525e-03
1.307770405051148277e+00,2.256555948406457901e-03
1.307937267795209468e+00,4.478451330214738846e-03
1.308103937768024361e+00,3.648643381893634796e-03
1.308270415414483967e+00,2.535222331061959267e-03
1.308436701177941197e+00,3.924258518964052200e-03
1.308602795500217297e+00,2.535641426220536232e-03
1.308768698821609844e+00,1.704261754639446735e-03
1.308934411580898960e+00,3.921392839401960373e-03
1.309099934215353978e+00,2.810948295518755913e-03
1.309265267160741653e+00,1.700979773886501789e-03
1.309430410851331938e+00,1.702195615507662296e-03
1.309595365719905313e+00,5.033585708588361740e-03
1.309760132197759219e+00,3.918082918971776962e-03
1.309924710714715612e+00,2.810634672641754150e-03
1.310089101699126068e+00,1.699578016996383667e-03
1.310253305577881111e+00,3.923636861145496368e-03
1.310417322776413540e+00,2.812311751767992973e-03
1.310581153718707981e+00,3.367569763213396072e-03
1.310744798827306434e+00,3.365810029208660126e-03
1.310908258523313608e+00,3.918178379535675049e-03
1.311071533226404906e+00,5.032552871853113174e-03
1.311234623354833317e+00,2.530480269342660904e-03
1.311397529325433631e+00,1.976939616724848747e-03
1.311560251553631540e+00,3.919561393558979034e-03
1.311722790453447196e+00,3.921091556549072266e-03
1.311885146437504090e+00,4.476660396903753281e-03
1.312047319917033716e+00,3.365214215591549873e-03
1.312209311301882675e+00,3.362532239407300949e-03
1.312371121000518226e+00,2.250215038657188416e-03
1.312532749420034728e+00,3.642600495368242264e-03
1.312694196966160076e+00,4.753623157739639282e-03
1.312855464043261478e+00,3.085584612563252449e-03
1.313016551054351666e+00,2.530892146751284599e-03
1.313177458401094899e+00,3.641192801296710968e-03
1.313338186483813175e+00,3.917300608009099960e-03
1.313498735701491560e+00,4.473061300814151764e-03
1.313659106451784631e+00,3.081972477957606316e-03
1.313819299131022467e+00,2.806296339258551598e-03
1.313979314134216869e+00,1.974524930119514465e-03
1.314139151855065801e+00,2.527769422158598900e-03
1.314298812685960938e+00,3.640958108007907867e-03
1.314458297017992328e+00,3.639475675299763680e-03
1.314617605240954390e+00,4.473528359085321426e-03
1.314776737743351465e+00,3.360398579388856888e-03
1.314935694912404252e+00,3.639649366959929466e-03
1.315094477134054252e+00,4.193671513348817825e-03
1.315253084792970872e+00,2.803555922582745552e-03
1.315411518272555647e+00,3.083000192418694496e-03
1.315569777954948893e+00,2.805072581395506859e-03
1.315727864221033938e+00,3.082921262830495834e-03
1.315885777450443772e+00,1.693868543952703476e-03
1.316043518021566605e+00,3.915394190698862076e-03
1.316201086311550084e+00,4.748565610498189926e-03
1.316358482696307508e+00,3.915140870958566666e-03
1.316515707550524494e+00,5.306489299982786179e-03
1.316672761247660750e+00,3.359301481395959854e-03
1.316829644159959622e+00,3.358533838763833046e-03
1.316986356658450541e+00,1.969218719750642776e-03
1.317142899112955234e+00,3.078453242778778076e-03
1.317299271892092838e+00,3.636832349002361298e-03
1.317455475363285000e+00,3.637514775618910789e-03
1.317611509892761879e+00,3.360138041898608208e-03
1.317767375845565914e+00,4.467544611543416977e-03
1.317923073585558269e+00,3.913748543709516525e-03
1.318078603475422605e+00,3.637415124103426933e-03
1.318233965876671743e+00,3.078919602558016777e-03
1.318389161149650990e+00,2.524215495213866234e-03
1.318544189653544363e+00,4.746764432638883591e-03
1.318699051746379469e+00,3.914771135896444321e-03
1.318853747785031727e+00,2.246754476800560951e-03
1.319008278125230138e+00,3.355511929839849472e-03
1.319162643121561507e+00,2.248189877718687057e-03
1.319316843127476435e+00,1.967811957001686096e-03
1.319470878495292210e+00,3.634857246652245522e-03
1.319624749576199685e+00,2.523975446820259094e-03
1.319778456720267057e+00,2.801740076392889023e-03
1.319932000276444306e+00,3.909213002771139145e-03
1.320085380592569413e+00,3.079692833125591278e-03
1.320238598015371245e+00,3.634769702330231667e-03
1.320391652890475553e+00,1.689117052592337132e-03
1.320544545562408967e+00,3.077525179833173752e-03
1.320697276374604545e+00,3.076609689742326736e-03
1.320849845669405109e+00,4.188701976090669632e-03
1.321002253788068570e+00,2.522760769352316856e-03
1.321154501070772813e+00,4.192046821117401123e-03
1.321306587856619918e+00,2.244293224066495895e-03
1.321458514483639712e+00,1.689663506112992764e-03
1.321610281288796651e+00,2.799706999212503433e-03
1.321761888607992041e+00,2.801533788442611694e-03
1.321913336776069148e+00,5.022704135626554489e-03
1.322064626126818521e+00,1.688564661890268326e-03
1.322215756992981328e+00,2.243957016617059708e-03
1.322366729706254240e+00,4.465181846171617508e-03
1.322517544597293648e+00,2.797964029014110565e-03
1.322668201995719883e+00,3.077033208683133125e-03
1.322818702230121657e+00,2.797337947413325310e-03
1.322969045628060947e+00,3.631792729720473289e-03
1.323119232516076327e+00,4.464426077902317047e-03
1.323269263219687630e+00,3.631077939644455910e-03
1.323419138063400391e+00,4.187020938843488693e-03
1.323568857370709839e+00,1.408215612173080444e-03
1.323718421464104456e+00,4.187338519841432571e-03
1.323867830665071743e+00,2.521200804039835930e-03
1.324017085294101115e+00,4.186967853456735611e-03
1.324166185670687890e+00,3.909893333911895752e-03
1.324315132113338400e+00,3.352296072989702225e-03
1.324463924939573101e+00,3.076239721849560738e-03
1.324612564465931008e+00,4.184625111520290375e-03
1.324761051007974366e+00,3.630522172898054123e-03
1.324909384880291086e+00,3.354359883815050125e-03
1.325057566396500963e+00,3.908715210855007172e-03
1.325205595869256792e+00,2.518663182854652405e-03
1.325353473610251687e+00,3.907256759703159332e-03
1.325501199930220197e+00,3.907945007085800171e-03
1.325648775138943192e+00,4.463194869458675385e-03
1.325796199545252740e+00,1.963922521099448204e-03
1.325943473457034782e+00,4.742658697068691254e-03
1.326090597181232233e+00,3.629285143688321114e-03
1.326237571023852091e+00,4.185644444078207016e-03
1.326384395289964768e+00,2.795502310618758202e-03
1.326531070283712088e+00,2.518462250009179115e-03
1.326677596308307949e+00,4.462117329239845276e-03
1.326823973666043877e+00,2.517210785299539566e-03
1.326970202658292131e+00,3.905641613528132439e-03
1.327116283585509038e+00,1.963013550266623497e-03
1.327262216747240098e+00,2.241106703877449036e-03
1.327408002442121981e+00,4.184457939118146896e-03
1.327553640967886972e+00,3.352401545271277428e-03
1.327699132621367184e+00,2.241299953311681747e-03
1.327844477698497005e+00,4.462698008865118027e-03
1.327989676494317317e+00,3.072507912293076515e-03
1.328134729302979267e+00,3.073796862736344337e-03
1.328279636417748044e+00,2.794879022985696793e-03
1.328424398131005102e+00,3.627775702625513077e-03
1.328569014734253262e+00,3.627674421295523643e-03
1.328713486518119824e+00,3.627339377999305725e-03
1.328857813772359453e+00,2.516007982194423676e-03
1.329001996785857731e+00,2.240325324237346649e-03
1.329146035846635820e+00,4.460189491510391235e-03
1.329289931241852463e+00,3.349093953147530556e-03
1.329433683257808196e+00,3.905518446117639542e-03
1.329577292179948689e+00,3.627476980909705162e-03
1.329720758292867844e+00,4.183882847428321838e-03
1.329864081880311577e+00,2.239533001556992531e-03
1.330007263225180703e+00,2.795052016153931618e-03
1.330150302609534929e+00,3.904875833541154861e-03
1.330293200314595303e+00,3.904805285856127739e-03
1.330435956620748872e+00,2.793717663735151291e-03
1.330578571807550459e+00,3.071534913033246994e-03
1.330721046153726661e+00,1.404977985657751560e-03
1.330863379937179625e+00,5.016318522393703461e-03
1.331005573434989708e+00,3.625825047492980957e-03
1.331147626923418148e+00,2.514373511075973511e-03
1.331289540677911276e+00,2.793338382616639137e-03
1.331431314973104296e+00,3.070551436394453049e-03
1.331572950082821949e+00,1.958337845280766487e-03
1.331714446280084285e+00,3.070844104513525963e-03
1.331855803837108887e+00,4.182155709713697433e-03
1.331997023025313531e+00,5.570735316723585129e-03
1.332138104115319521e+00,3.902862546965479851e-03
1.332279047376955683e+00,3.901975462213158607e-03
1.332419853079260808e+00,1.681778463535010815e-03
1.332560521490485872e+00,3.625648794695734978e-03
1.332701052878098702e+00,1.403828733600676060e-03
1.332841447508786192e+00,3.348862752318382263e-03
1.332981705648456972e+00,3.902665805071592331e-03
1.333121827562245398e+00,3.070099279284477234e-03
1.333261813514513561e+00,2.514498541131615639e-03
1.333401663768855272e+00,3.902810858562588692e-03
1.333541378588098514e+00,2.513473853468894958e-03
1.333680958234307656e+00,4.180328920483589172e-03
1.333820402968787899e+00,2.235619351267814636e-03
1.333959713052087270e+00,1.124459435231983662e-03
1.334098888743999733e+00,2.513749292120337486e-03
1.334237930303568298e+00,3.902292810380458832e-03
1.334376837989087461e+00,2.791235223412513733e-03
1.334515612058106315e+00,4.180013667792081833e-03
1.334654252767431659e+00,3.903713775798678398e-03
1.334792760373130438e+00,3.901966148987412453e-03
1.334931135130533297e+00,2.790980972349643707e-03
1.335069377294235915e+00,3.346675774082541466e-03
1.335207487118104108e+00,3.069198690354824066e-03
1.335345464855273834e+00,2.235234715044498444e-03
1.335483310758156739e+00,4.457461647689342499e-03
1.335621025078441049e+00,2.512795152142643929e-03
1.335758608067094899e+00,2.512527164071798325e-03
1.335896059974368999e+00,1.957022352144122124e-03
1.336033381049799740e+00,4.179115872830152512e-03
1.336170571542211638e+00,3.623380325734615326e-03
1.336307631699720000e+00,3.068893915042281151e-03
1.336444561769733363e+00,1.401879242621362209e-03
1.336581361998956829e+00,3.900965675711631775e-03
1.336718032633394282e+00,3.346913261339068413e-03
1.336854573918351052e+00,3.900809912011027336e-03
1.336990986098436363e+00,2.790219616144895554e-03
1.337127269417567099e+00,3.901609685271978378e-03
1.337263424118968480e+00,3.901518881320953369e-03
1.337399450445178717e+00,3.901074873283505440e-03
1.337535348638049904e+00,4.734267946332693100e-03
1.337671118938751347e+00,3.623322583734989166e-03
1.337806761587772675e+00,2.233622362837195396e-03
1.337942276824925392e+00,1.401309506036341190e-03
1.338077664889345764e+00,1.678157248534262180e-03
1.338212926019497928e+00,1.956382300704717636e-03
1.338348060453175226e+00,2.234586747363209724e-03
1.338483068427504419e+00,4.733373876661062241e-03
1.338617950178946137e+00,2.789197023957967758e-03
1.338752705943299093e+00,5.012278910726308823e-03
1.338887335955701419e+00,3.067158628255128860e-03
1.339021840450633771e+00,3.345198230817914009e-03
1.339156219661921998e+00,1.956114079803228378e-03
1.339290473822738248e+00,3.900792682543396950e-03
1.339424603165605188e+00,3.344655735418200493e-03
1.339558607922396671e+00,1.956007443368434906e-03
1.339692488324342401e+00,2.511527389287948608e-03
1.339826244602027483e+00,2.510763704776763916e-03
1.339959876985397091e+00,2.789066638797521591e-03
1.340093385703758022e+00,3.345434553921222687e-03
1.340226770985780247e+00,1.955126179382205009e-03
1.340360033059501133e+00,3.621783573180437088e-03
1.340493172152326107e+00,2.788249636068940163e-03
1.340626188491031545e+00,3.621168201789259911e-03
1.340759082301768101e+00,2.788468031212687492e-03
1.340891853810060041e+00,6.399888079613447189e-03
1.341024503240811683e+00,3.066023578867316246e-03
1.341157030818306728e+00,3.066370263695716858e-03
1.341289436766210486e+00,3.343876451253890991e-03
1.341421721307574089e+00,3.620967734605073929e-03
1.341553884664836049e+00,3.344510914757847786e-03
1.341685927059822481e+00,4.454378969967365265e-03
1.341817848713752648e+00,3.065291792154312134e-03
1.341949649847238302e+00,2.233000472187995911e-03
1.342081330680288120e+00,2.787693869322538376e-03
1.342212891432307709e+00,1.955226762220263481e-03
1.342344332322104261e+00,5.565637256950139999e-03
1.342475653567886784e+00,4.176983144134283066e-03
1.342606855387268983e+00,2.787591191008687019e-03
1.342737937997271258e+00,2.509920857846736908e-03
1.342868901614323374e+00,2.232082188129425049e-03
1.342999746454265564e+00,3.620797535404562950e-03
1.343130472732352754e+00,2.787379315122961998e-03
1.343261080663253448e+00,4.454140551388263702e-03
1.343391570461054840e+00,4.731859080493450165e-03
1.343521942339263475e+00,1.953843981027603149e-03
1.343652196510807473e+00,2.787284320220351219e-03
1.343782333188038525e+00,4.175913054496049881e-03
1.343912352582734560e+00,2.787566045299172401e-03
1.344042254906101963e+00,4.453845322132110596e-03
1.344172040368775356e+00,3.897925140336155891e-03
1.344301709180823812e+00,2.786866854876279831e-03
1.344431261551748191e+00,2.509341342374682426e-03
1.344560697690487139e+00,3.620477393269538879e-03
1.344690017805416637e+00,4.175624344497919083e-03
1.344819222104352896e+00,3.897719318047165871e-03
1.344948310794554347e+00,3.064305754378437996e-03
1.345077284082723645e+00,3.620547009631991386e-03
1.345206142175009223e+00,1.675001811236143112e-03
1.345334885277008841e+00,4.175770562142133713e-03
1.345463513593768257e+00,4.175544250756502151e-03
1.345592027329787221e+00,3.619934897869825363e-03
1.345720426689018367e+00,1.953296363353729248e-03
1.345848711874870762e+00,3.342262003570795059e-03
1.345976883090210796e+00,2.508697565644979477e-03
1.346104940537365513e+00,2.786246128380298615e-03
1.346232884418122833e+00,3.341809147968888283e-03
1.346360714933734437e+00,3.064051736146211624e-03
1.346488432284918213e+00,2.508950885385274887e-03
1.346616036671858696e+00,3.897781949490308762e-03
1.346743528294209957e+00,3.619697876274585724e-03
1.346870907351096935e+00,1.952890190295875072e-03
1.346998174041118546e+00,3.341475967317819595e-03
1.347125328562347235e+00,2.785670105367898941e-03
1.347252371112333202e+00,2.507731784135103226e-03
1.347379301888105063e+00,3.341060597449541092e-03
1.347506121086170960e+00,3.063235897570848465e-03
1.347632828902523006e+00,4.174319561570882797e-03
1.347759425532635946e+00,4.452578723430633545e-03
1.347885911171470275e+00,1.952981227077543736e-03
1.348012286013475336e+00,3.619074355810880661e-03
1.348138550252589107e+00,3.341256873682141304e-03
1.348264704082240861e+00,3.897031303495168686e-03
1.348390747695352943e+00,2.785599557682871819e-03
1.348516681284342544e+00,3.063447773456573486e-03
1.348642505041123485e+00,1.951859565451741219e-03
1.348768219157107984e+00,2.785000018775463104e-03
1.348893823823207994e+00,2.785688498988747597e-03
1.349019319229837199e+00,3.063307609409093857e-03
1.349144705566913460e+00,2.507432596758008003e-03
1.349269983023858810e+00,3.341116476804018021e-03
1.349395151789603675e+00,1.674425089731812477e-03
1.349520212052585988e+00,2.506948309019207954e-03
1.349645164000754516e+00,2.507570199668407440e-03
1.349770007821569751e+00,2.507285913452506065e-03
1.349894743702006794e+00,4.173586610704660416e-03
1.350019371828555137e+00,2.785636112093925476e-03
1.350143892387221989e+00,1.673803548328578472e-03
1.350268305563533389e+00,3.340449417009949684e-03
1.350392611542535537e+00,3.340299939736723900e-03
1.350516810508797017e+00,1.952096703462302685e-03
1.350640902646409902e+00,3.062362782657146454e-03
1.350764888138991315e+00,3.896065754815936089e-03
1.350888767169686311e+00,2.229255624115467072e-03
1.351012539921167876e+00,3.062835661694407463e-03
1.351136206575639376e+00,3.617897629737854004e-03
1.351259767314836102e+00,3.618475049734115601e-03
1.351383222320026389e+00,2.229079138487577438e-03
1.351506571772014720e+00,1.951184356585144997e-03
1.351629815851140615e+00,4.451340064406394958e-03
1.351752954737283297e+00,2.229137811809778214e-03
1.351875988609861245e+00,3.063111333176493645e-03
1.351998917647833531e+00,5.006696563214063644e-03
1.352121742029703588e+00,2.507168566808104515e-03
1.352244461933517883e+00,3.617878537625074387e-03
1.352367077536870354e+00,2.228786237537860870e-03
1.352489589016901306e+00,3.062226576730608940e-03
1.352611996550300510e+00,2.229077974334359169e-03
1.352734300313308768e+00,2.784379757940769196e-03
1.352856500481718793e+00,3.339325077831745148e-03
1.352978597230876767e+00,3.340229624882340431e-03
1.353100590735684339e+00,4.173517227172851562e-03
1.353222481170599290e+00,2.229016739875078201e-03
1.353344268709638865e+00,3.895078320056200027e-03
1.353465953526378440e+00,3.895655740052461624e-03
1.353587535793955299e+00,2.784632146358489990e-03
1.353709015685069961e+00,3.340168390423059464e-03
1.353830393371985519e+00,3.339492250233888626e-03
1.353951669026531857e+00,2.228416735306382179e-03
1.354072842820106093e+00,3.339576767757534981e-03
1.354193914923672581e+00,3.627926111221313477e-03
1.354314885507766686e+00,1.112036332488059998e-01
1.354435754742494558e+00,6.050420179963111877e-02
1.354556522797535800e+00,4.398102313280105591e-02
1.354677189842143692e+00,6.844127178192138672e-02
1.354797756045147183e+00,5.535091832280158997e-02
1.354918221574952675e+00,2.190793864428997040e-02
1.355038586599544459e+00,1.332744397222995758e-02
1.355158851286487831e+00,8.097176440060138702e-03
1.355279015802927756e+00,8.881950750946998596e-03
1.355399080315593530e+00,2.836915478110313416e-02
1.355519044990797672e+00,1.384010165929794312e-02
1.355638909994437924e+00,1.107402425259351730e-02
1.355758675491999687e+00,5.628841463476419449e-03
1.355878341648555585e+00,2.764909528195858002e-03
1.355997908628769233e+00,3.864771919324994087e-03
1.356117376596893243e+00,5.401670932769775391e-03
1.356236745716774328e+00,2.648534253239631653e-03
1.356356016151851751e+00,3.443504450842738152e-03
1.356475188065160209e+00,2.857696264982223511e-03
1.356594261619330499e+00,2.576486673206090927e-03
1.356713236976591297e+00,2.831689547747373581e-03
1.356832114298769820e+00,2.007208298891782761e-03
1.356950893747294051e+00,2.288440009579062462e-03
1.357069575483193624e+00,2.836802275851368904e-03
1.357188159667100269e+00,2.841074019670486450e-03
1.357306646459251365e+00,2.549069467931985855e-03
1.357425036019488163e+00,1.721462933346629143e-03
1.357543328507260005e+00,3.668055171146988869e-03
1.357661524081623883e+00,3.388028591871261597e-03
1.357779622901246208e+00,6.079049198888242245e-04
1.357897625124403485e+00,4.487445577979087830e-03
1.358015530908985635e+00,3.376777516677975655e-03
1.358133340412494006e+00,2.825079020112752914e-03
1.358251053792045804e+00,2.822116250172257423e-03
1.358368671204373435e+00,2.825326519086956978e-03
1.358486192805825832e+00,5.039036273956298828e-03
1.358603618752371123e+00,3.101412905380129814e-03
1.358720949199595740e+00,2.538331318646669388e-03
1.358838184302707752e+00,2.817666623741388321e-03
1.358955324216537308e+00,5.320122465491294861e-03
1.359072369095536414e+00,3.365471726283431053e-03
1.359189319093783155e+00,2.813270315527915955e-03
1.359306174364980135e+00,1.982457935810089111e-03
1.359422935062456483e+00,3.929066937416791916e-03
1.359539601339170511e+00,2.537664258852601051e-03
1.359656173347708830e+00,3.645825199782848358e-03
1.359772651240289010e+00,2.539065200835466385e-03
1.359889035168760030e+00,5.309035535901784897e-03
1.360005325284603162e+00,1.697480794973671436e-03
1.360121521738934636e+00,4.197181202471256256e-03
1.360237624682504975e+00,2.814946696162223816e-03
1.360353634265701661e+00,3.916711546480655670e-03
1.360469550638549574e+00,2.531775971874594688e-03
1.360585373950711885e+00,4.753794055432081223e-03
1.360701104351491608e+00,3.647380042821168900e-03
1.360816741989833156e+00,2.808998804539442062e-03
1.360932287014323006e+00,1.420887769199907780e-03
1.361047739573190807e+00,4.201223608106374741e-03
1.361163099814310495e+00,3.640596056357026100e-03
1.361278367885201623e+00,2.810146659612655640e-03
1.361393543933030692e+00,1.696551917120814323e-03
1.361508628104611374e+00,4.753284621983766556e-03
1.361623620546407176e+00,3.085111966356635094e-03
1.361738521404530999e+00,2.254723571240901947e-03
1.361853330824746910e+00,3.084772266447544098e-03
1.361968048952471699e+00,2.804596209898591042e-03
1.362082675932775544e+00,3.918366506695747375e-03
1.362197211910382233e+00,2.803374780341982841e-03
1.362311657029672274e+00,1.416219631209969521e-03
1.362426011434682227e+00,4.192725755274295807e-03
1.362540275269106482e+00,1.972246449440717697e-03
1.362654448676297925e+00,2.249684417620301247e-03
1.362768531799270599e+00,3.639862872660160065e-03
1.362882524780698157e+00,2.527831122279167175e-03
1.362996427762917184e+00,2.806172939017415047e-03
1.363110240887926539e+00,3.637690097093582153e-03
1.363223964297390456e+00,4.191485699266195297e-03
1.363337598132637218e+00,2.528591314330697060e-03
1.363451142534662486e+00,3.355272579938173294e-03
1.363564597644128629e+00,2.523828996345400810e-03
1.363677963601366505e+00,1.412680954672396183e-03
1.363791240546376793e+00,3.081152215600013733e-03
1.363904428618829989e+00,3.916287794709205627e-03
1.364017527958068632e+00,3.912542946636676788e-03
1.364130538703107742e+00,3.912379033863544464e-03
1.364243460992635493e+00,4.190951120108366013e-03
1.364356294965015426e+00,2.523792209103703499e-03
1.364469040758286011e+00,3.635938977822661400e-03
1.364581698510162644e+00,3.636009991168975830e-03
1.364694268358038309e+00,1.414064900018274784e-03
1.364806750438984251e+00,2.245383569970726967e-03
1.364919144889752189e+00,1.689146040007472038e-03
1.365031451846773880e+00,3.633574582636356354e-03
1.365143671446162887e+00,3.633902408182621002e-03
1.365255803823715031e+00,3.078612266108393669e-03
1.365367849114910381e+00,1.967665506526827812e-03
1.365479807454913042e+00,3.633415093645453453e-03
1.365591678978572920e+00,3.360720351338386536e-03
1.365703463820426622e+00,3.915160428732633591e-03
1.365815162114697889e+00,3.358250483870506287e-03
1.365926773995299159e+00,3.353655105456709862e-03
1.366038299595832450e+00,2.801292808726429939e-03
1.366149739049590250e+00,2.243533032014966011e-03
1.366261092489555740e+00,3.909965045750141144e-03
1.366372360048404566e+00,2.801495837047696114e-03
1.366483541858506845e+00,2.243969589471817017e-03
1.366594638051925381e+00,3.630345920100808144e-03
1.366705648760418779e+00,4.464688710868358612e-03
1.366816574115441441e+00,3.907816018909215927e-03
1.366927414248145789e+00,3.632934531196951866e-03
1.367038169289380711e+00,2.800300717353820801e-03
1.367148839369694446e+00,3.353454871103167534e-03
1.367259424619336139e+00,4.741628654301166534e-03
1.367369925168253841e+00,3.909307066351175308e-03
1.367480341146098954e+00,3.632233943790197372e-03
1.367590672682224007e+00,2.798783592879772186e-03
1.367700919905685764e+00,3.076468128710985184e-03
1.367811082945245449e+00,3.356272354722023010e-03
1.367921161929369189e+00,1.410460798069834709e-03
1.368031156986229124e+00,3.353376174345612526e-03
1.368141068243704739e+00,3.631141502410173416e-03
1.368250895829383973e+00,3.076639492064714432e-03
1.368360639870562556e+00,3.632931271567940712e-03
1.368470300494246228e+00,2.519149566069245338e-03
1.368579877827151847e+00,3.633495420217514038e-03
1.368689371995707615e+00,1.963456161320209503e-03
1.368798783126053742e+00,3.631635801866650581e-03
1.368908111344043999e+00,1.963280374184250832e-03
1.369017356775245498e+00,3.630649298429489136e-03
1.369126519544942022e+00,3.074837848544120789e-03
1.369235599778130918e+00,2.797149820253252983e-03
1.369344597599528424e+00,2.797247143462300301e-03
1.369453513133566780e+00,1.961546018719673157e-03
1.369562346504397121e+00,2.520301146432757378e-03
1.369671097835889695e+00,3.351088613271713257e-03
1.369779767251635416e+00,2.795937471091747284e-03
1.369888354874945202e+00,3.075146814808249474e-03
1.369996860828852414e+00,3.354873508214950562e-03
1.370105285236113080e+00,3.629024140536785126e-03
1.370213628219206115e+00,1.684819348156452179e-03
1.370321889900334877e+00,5.018517374992370605e-03
1.370430070401428280e+00,3.907773178070783615e-03
1.370538169844140564e+00,3.906330093741416931e-03
1.370646188349853523e+00,2.795203123241662979e-03
1.370754126039675169e+00,4.465632140636444092e-03
1.370861983034443066e+00,3.074085572734475136e-03
1.370969759454723436e+00,2.794993808493018150e-03
1.371077455420812941e+00,2.794127911329269409e-03
1.371185071052738680e+00,3.073608269914984703e-03
1.371292606470259301e+00,2.794165629893541336e-03
1.371400061792865666e+00,4.463065415620803833e-03
1.371507437139782848e+00,2.793478081002831459e-03
1.371614732629968358e+00,3.904507961124181747e-03
1.371721948382116141e+00,5.016705486923456192e-03
1.371829084514654351e+00,4.460042342543601990e-03
1.371936141145748245e+00,2.794003579765558243e-03
1.372043118393300176e+00,1.406807918101549149e-03
1.372150016374950043e+00,2.516941633075475693e-03
1.372256835208076842e+00,2.515184925869107246e-03
1.372363575009798664e+00,3.350096289068460464e-03
1.372470235896974033e+00,3.071556100621819496e-03
1.372576817986202791e+00,3.626568242907524109e-03
1.372683321393826095e+00,2.515947911888360977e-03
1.372789746235927533e+00,3.350528655573725700e-03
1.372896092628334452e+00,3.350063459947705269e-03
1.373002360686617740e+00,3.349341452121734619e-03
1.373108550526093818e+00,4.180903546512126923e-03
1.373214662261823982e+00,2.238492481410503387e-03
1.373320696008615949e+00,3.348830156028270721e-03
1.373426651881024751e+00,2.238388173282146454e-03
1.373532529993352735e+00,3.627462545409798622e-03
1.373638330459651558e+00,2.792368642985820770e-03
1.373744053393721298e+00,3.349037142470479012e-03
1.373849698909112682e+00,3.348661586642265320e-03
1.373955267119126633e+00,4.459546413272619247e-03
1.374060758136815608e+00,3.071629907935857773e-03
1.374166172074985148e+00,2.237230306491255760e-03
1.374271509046192108e+00,4.460630472749471664e-03
1.374376769162748202e+00,3.072786843404173851e-03
1.374481952536719565e+00,3.349210601300001144e-03
1.374587059279926526e+00,2.514741849154233932e-03
1.374692089503945613e+00,2.791983308270573616e-03
1.374797043320109990e+00,1.680837012827396393e-03
1.374901920839509906e+00,3.071263665333390236e-03
1.375006722172993356e+00,2.793369349092245102e-03
1.375111447431167422e+00,3.626335645094513893e-03
1.375216096724397818e+00,4.459797870367765427e-03
1.375320670162810677e+00,1.959435641765594482e-03
1.375425167856292985e+00,2.793346066027879715e-03
1.375529589914492590e+00,4.181598313152790070e-03
1.375633936446819972e+00,4.459538962692022324e-03
1.375738207562448245e+00,1.959371380507946014e-03
1.375842403370313383e+00,3.069414524361491203e-03
1.375946523979116209e+00,4.461114760488271713e-03
1.376050569497322185e+00,3.069011494517326355e-03
1.376154540033162288e+00,2.236644504591822624e-03
1.376258435694633464e+00,3.348133992403745651e-03
1.376362256589499955e+00,3.902083029970526695e-03
1.376466002825292634e+00,3.347559133544564247e-03
1.376569674509311891e+00,5.570334848016500473e-03
1.376673271748625638e+00,3.626320278272032738e-03
1.376776794650072189e+00,3.624450182542204857e-03
1.376880243320259378e+00,1.959280110895633698e-03
1.376983617865566334e+00,3.904124489054083824e-03
1.377086918392143700e+00,4.456614609807729721e-03
1.377190145005914079e+00,3.346879268065094948e-03
1.377293297812572925e+00,4.181202035397291183e-03
1.377396376917588983e+00,4.180035088211297989e-03
1.377499382426205399e+00,2.514986088499426842e-03
1.377602314443439946e+00,3.068611957132816315e-03
1.377705173074085465e+00,1.679699169471859932e-03
1.377807958422710755e+00,3.624009201303124428e-03
1.377910670593662568e+00,3.625957760959863663e-03
1.378013309691062949e+00,2.791475038975477219e-03
1.378115875818813674e+00,1.124089816585183144e-03
1.378218369080593808e+00,3.068832680583000183e-03
1.378320789579862371e+00,2.791235223412513733e-03
1.378423137419857447e+00,2.235410735011100769e-03
1.378525412703598407e+00,3.625018987804651260e-03
1.378627615533885020e+00,3.623870667070150375e-03
1.378729746013299451e+00,3.346198005601763725e-03
1.378831804244205372e+00,3.346742130815982819e-03
1.378933790328749742e+00,2.789575606584548950e-03
1.379035704368862802e+00,3.069376572966575623e-03
1.379137546466259856e+00,2.790771424770355225e-03
1.379239316722439268e+00,3.068466205149888992e-03
1.379341015238686463e+00,2.789683872833848000e-03
1.379442642116071926e+00,2.791053615510463715e-03
1.379544197455452759e+00,3.068859921768307686e-03
1.379645681357472897e+00,2.234722487628459930e-03
1.379747093922565337e+00,2.791068982332944870e-03
1.379848435250949912e+00,2.235338790342211723e-03
1.379949705442636398e+00,3.067037556320428848e-03
1.380050904597423855e+00,3.623441327363252640e-03
1.380152032814900842e+00,4.180084913969039917e-03
1.380253090194447640e+00,1.678435364738106728e-03
1.380354076835235366e+00,3.345240140333771706e-03
1.380454992836226857e+00,3.345491364598274231e-03
1.380555838296178006e+00,3.068070393055677414e-03
1.380656613313636871e+00,3.345628734678030014e-03
1.380757317986945676e+00,3.345763543620705605e-03
1.380857952414241030e+00,3.067004727199673653e-03
1.380958516693453930e+00,2.790429629385471344e-03
1.381059010922311314e+00,3.901307936757802963e-03
1.381159435198334950e+00,2.790596801787614822e-03
1.381259789618844325e+00,4.733478650450706482e-03
1.381360074280954864e+00,2.234060550108551979e-03
1.381460289281580822e+00,3.900639247149229050e-03
1.381560434717433727e+00,4.735380411148071289e-03
1.381660510685023713e+00,3.900586161762475967e-03
1.381760517280661293e+00,2.789143007248640060e-03
1.381860454600455368e+00,3.344485536217689514e-03
1.381960322740316771e+00,3.623663680627942085e-03
1.382060121795956054e+00,3.067392390221357346e-03
1.382159851862885702e+00,2.790129510685801506e-03
1.382259513036421028e+00,3.622378222644329071e-03
1.382359105411678613e+00,1.955726416781544685e-03
1.382458629083578749e+00,3.622243646532297134e-03
1.382558084146846111e+00,2.510823309421539307e-03
1.382657470696008417e+00,2.788916230201721191e-03
1.382756788825398875e+00,5.010980181396007538e-03
1.382856038629156181e+00,4.734435118734836578e-03
1.382955220201224300e+00,3.622351912781596184e-03
1.383054333635354016e+00,4.178297240287065506e-03
1.383153379025102492e+00,1.400468638166785240e-03
1.383252356463835264e+00,3.066695062443614006e-03
1.383351266044724914e+00,5.011584609746932983e-03
1.383450107860753064e+00,3.343400545418262482e-03
1.383548882004709712e+00,1.121413428336381912e-03
1.383647588569195452e+00,4.732836037874221802e-03
1.383746227646620142e+00,2.233115257695317268e-03
1.383844799329204012e+00,3.065534168854355812e-03
1.383943303708979444e+00,2.509752521291375160e-03
1.384041740877789861e+00,3.065731842070817947e-03
1.384140110927290168e+00,3.621661802753806114e-03
1.384238413948948754e+00,3.344946540892124176e-03
1.384336650034046823e+00,1.399209955707192421e-03
1.384434819273679507e+00,3.621710697188973427e-03
1.384532921758756085e+00,4.177679773420095444e-03
1.384630957579999988e+00,5.566014442592859268e-03
1.384728926827950124e+00,2.788402838632464409e-03
1.384826829592961550e+00,2.232599770650267601e-03
1.384924665965205026e+00,3.622537478804588318e-03
1.385022436034667459e+00,2.233019564300775528e-03
1.385120139891154345e+00,4.178128205239772797e-03
1.385217777624287550e+00,3.343610325828194618e-03
1.385315349323507750e+00,3.621841548010706902e-03
1.385412855078073990e+00,4.177380353212356567e-03
1.385510294977064349e+00,2.788129029795527458e-03
1.385607669109377271e+00,5.011130124330520630e-03
1.385704977563730456e+00,1.677295193076133728e-03
1.385802220428662634e+00,4.176088143140077591e-03
1.385899397792533572e+00,2.231924328953027725e-03
1.385996509743524507e+00,3.899968462064862251e-03
1.386093556369639046e+00,2.509013982489705086e-03
1.386190537758702490e+00,3.065979341045022011e-03
1.386287453998364283e+00,3.343547228723764420e-03
1.386384305176096454e+00,4.731478169560432434e-03
1.386481091379195618e+00,3.064890624955296516e-03
1.386577812694782086e+00,2.231530612334609032e-03
1.386674469209801863e+00,3.343079937621951103e-03
1.386771061011025541e+00,1.398169202730059624e-03
1.386867588185050515e+00,3.064933000132441521e-03
1.386964050818299432e+00,3.064927179366350174e-03
1.387060448997022410e+00,3.343735355883836746e-03
1.387156782807296374e+00,3.343604039400815964e-03
1.387253052335026160e+00,3.898543538525700569e-03
1.387349257665944746e+00,2.509827958419919014e-03
1.387445398885613912e+00,2.509917831048369408e-03
1.387541476079423575e+00,3.342987969517707825e-03
1.387637489332594676e+00,1.120199565775692463e-03
1.387733438730176738e+00,3.620246425271034241e-03
1.387829324357050309e+00,2.231239341199398041e-03
1.387925146297927181e+00,1.953462604433298111e-03
1.388020904637349284e+00,2.509957179427146912e-03
1.388116599459691791e+00,1.397708081640303135e-03
1.388212230849160900e+00,1.676715211942791939e-03
1.388307798889796496e+00,2.509593963623046875e-03
1.388403303665470379e+00,2.508901990950107574e-03
1.388498745259888700e+00,3.619756316766142845e-03
1.388594123756591525e+00,2.509324112907052040e-03
1.388689439238953272e+00,3.619722323492169380e-03
1.388784691790182935e+00,2.508897101506590843e-03
1.388879881493325419e+00,3.620043396949768066e-03
1.388975008431260427e+00,2.509258221834897995e-03
1.389070072686704904e+00,2.232250757515430450e-03
1.389165074342211703e+00,2.787431236356496811e-03
1.389260013480170697e+00,2.509899204596877098e-03
1.389354890182809443e+00,2.787620062008500099e-03
1.389449704532193186e+00,3.064956050366163254e-03
1.389544456610225964e+00,2.786441706120967865e-03
1.389639146498649946e+00,2.508379984647035599e-03
1.389733774279046763e+00,3.342028707265853882e-03
1.389828340032837284e+00,3.620034316554665565e-03
1.389922843841282951e+00,1.953375060111284256e-03
1.390017285785485113e+00,3.898291615769267082e-03
1.390111665946386355e+00,3.063847776502370834e-03
1.390205984404769834e+00,4.453386645764112473e-03
1.390300241241261281e+00,3.897737013176083565e-03
1.390394436536327882e+00,4.175546113401651382e-03
1.390488570370279620e+00,3.064113203436136246e-03
1.390582642823268822e+00,3.898058086633682251e-03
1.390676653975292165e+00,3.064241958782076836e-03
1.390770603906188896e+00,2.787092700600624084e-03
1.390864492695643273e+00,2.508370671421289444e-03
1.390958320423183237e+00,3.341468749567866325e-03
1.391052087168182627e+00,3.342041978612542152e-03
1.391145793009860077e+00,3.619787981733679771e-03
1.391239438027279673e+00,3.897076239809393883e-03
1.391333022299352296e+00,4.175396170467138290e-03
1.391426545904834944e+00,2.785998629406094551e-03
1.391520008922331852e+00,3.341307630762457848e-03
1.391613411430294045e+00,3.619603579863905907e-03
1.391706753507020888e+00,1.952628605067729950e-03
1.391800035230659427e+00,2.508413046598434448e-03
1.391893256679205493e+00,3.342028707265853882e-03
1.391986417930503706e+00,3.341837553307414055e-03
1.392079519062248139e+00,2.230340149253606796e-03
1.392172560151982097e+00,1.952017541043460369e-03
1.392265541277099228e+00,2.230536891147494316e-03
1.392358462514844186e+00,4.175050184130668640e-03
1.392451323942311525e+00,2.508855890482664108e-03
1.392544125636447472e+00,2.508872188627719879e-03
1.392636867674049928e+00,4.174671601504087448e-03
1.392729550131768690e+00,2.508538309484720230e-03
1.392822173086106119e+00,3.341537900269031525e-03
1.392914736613416693e+00,3.062985371798276901e-03
1.393007240789908563e+00,3.063355339691042900e-03
1.393099685691643774e+00,4.174784291535615921e-03
1.393192071394537379e+00,2.785101765766739845e-03
1.393284397974358990e+00,3.618806600570678711e-03
1.393376665506733003e+00,3.063628217205405235e-03
1.393468874067138596e+00,1.674860133789479733e-03
1.393561023730910842e+00,3.063108306378126144e-03
1.393653114573239593e+00,2.785213757306337357e-03
1.393745146669171930e+00,3.064299235120415688e-03
1.393837120093609938e+00,4.452126100659370422e-03
1.393929034921314480e+00,3.063335781916975975e-03
1.394020891226902092e+00,2.508053323253989220e-03
1.394112689084846979e+00,4.729995969682931900e-03
1.394204428569482346e+00,3.618597518652677536e-03
1.394296109754998625e+00,4.174593836069107056e-03
1.394387732715445471e+00,3.062974894419312477e-03
1.394479297524730876e+00,2.785408869385719299e-03
1.394570804256622942e+00,2.230091951787471771e-03
1.394662252984749218e+00,2.507495926693081856e-03
1.394753643782597585e+00,5.285324528813362122e-03
1.394844976723515595e+00,3.340354422107338905e-03
1.394936251880712463e+00,3.618805669248104095e-03
1.395027469327257741e+00,5.285367369651794434e-03
1.395118629136083310e+00,3.341343719512224197e-03
1.395209731379982276e+00,3.896141424775123596e-03
1.395300776131610077e+00,2.228969009593129158e-03
1.395391763463484480e+00,3.618570044636726379e-03
1.395482693447987144e+00,2.785384887829422951e-03
1.395573566157361611e+00,3.062676405534148216e-03
1.395664381663715314e+00,3.063256619498133659e-03
1.395755140039020459e+00,3.062598174437880516e-03
1.395845841355112693e+00,5.284774582833051682e-03
1.395936485683691997e+00,4.451093729585409164e-03
1.396027073096324678e+00,3.062483854591846466e-03
1.396117603664440932e+00,3.618143498897552490e-03
1.396208077459336616e+00,2.784955548122525215e-03
1.396298494552174585e+00,2.507388126105070114e-03
1.396388855013983132e+00,1.673208083957433701e-03
1.396479158915657326e+00,3.619218012318015099e-03
1.396569406327959451e+00,2.229091944172978401e-03
1.396659597321518564e+00,2.507668454200029373e-03
1.396749731966832053e+00,3.617964917793869972e-03
1.396839810334264520e+00,2.784344367682933807e-03
1.396929832494049561e+00,3.617871087044477463e-03
1.397019798516288658e+00,3.340194001793861389e-03
1.397109708470952727e+00,2.785110846161842346e-03
1.397199562427881903e+00,3.617824986577033997e-03
1.397289360456785534e+00,3.895888105034828186e-03
1.397379102627243519e+00,2.784641226753592491e-03
1.397468789008705414e+00,2.784472657367587090e-03
1.397558419670491769e+00,3.617656650021672249e-03
1.397647994681793460e+00,3.061614697799086571e-03
1.397737514111673018e+00,4.728652071207761765e-03
1.397826978029064637e+00,3.617975162342190742e-03
1.397916386502773722e+00,3.617639187723398209e-03
1.398005739601478226e+00,3.061711089685559273e-03
1.398095037393728868e+00,1.951964455656707287e-03
1.398184279947948694e+00,2.784189069643616676e-03
1.398273467332433739e+00,3.340435680001974106e-03
1.398362599615354140e+00,3.062024246901273727e-03
1.398451676864752802e+00,5.284632556140422821e-03
1.398540699148547617e+00,3.340293886139988899e-03
1.398629666534530136e+00,5.839942488819360733e-03
1.398718579090367342e+00,3.617897164076566696e-03
1.398807436883600097e+00,3.895209403708577156e-03
1.398896239981645584e+00,3.339922521263360977e-03
1.398984988451795530e+00,1.395456260070204735e-03
1.399073682361218873e+00,3.895623609423637390e-03
1.399162321776959317e+00,3.339875256642699242e-03
1.399250906765938440e+00,2.506409538909792900e-03
1.399339437394953478e+00,2.783685922622680664e-03
1.399427913730679318e+00,2.506901044398546219e-03
1.399516335839668280e+00,3.340061521157622337e-03
1.399604703788350335e+00,3.339676652103662491e-03
1.399693017643033111e+00,1.672483049333095551e-03
1.399781277469902996e+00,3.617501817643642426e-03
1.399869483335024922e+00,3.617799608036875725e-03
1.399957635304342807e+00,3.617408685386180878e-03
1.400045733443678886e+00,2.228067722171545029e-03
1.400133777818736380e+00,2.783920150250196457e-03
1.400221768495097052e+00,3.617041511461138725e-03
1.400309705538222982e+00,1.950074569322168827e-03
1.400397589013457456e+00,1.950221252627670765e-03
1.400485418986022967e+00,2.228155499324202538e-03
1.400573195521024550e+00,4.450957290828227997e-03
1.400660918683447331e+00,5.006496328860521317e-03
1.400748588538158090e+00,2.506477991119027138e-03
1.400836205149905922e+00,4.728425294160842896e-03
1.400923768583322016e+00,2.783882431685924530e-03
1.401011278902919432e+00,3.061043797060847282e-03
1.401098736173093995e+00,2.505816984921693802e-03
1.401186140458124729e+00,4.172640386968851089e-03
1.401273491822174533e+00,3.617239650338888168e-03
1.401360790329288175e+00,1.672190031968057156e-03
1.401448036043395629e+00,3.338763024657964706e-03
1.401535229028310514e+00,2.783726667985320091e-03
1.401622369347730768e+00,3.616390749812126160e-03
1.401709457065239306e+00,3.894394263625144958e-03
1.401796492244303360e+00,2.783888718113303185e-03
1.401883474948275587e+00,2.227810211479663849e-03
1.401970405240394735e+00,4.172540269792079926e-03
1.402057283183784309e+00,2.783528529107570648e-03
1.402144108841454573e+00,3.616914618760347366e-03
1.402230882276301660e+00,2.228091238066554070e-03
1.402317603551109126e+00,4.450235050171613693e-03
1.402404272728545953e+00,4.173131193965673447e-03
1.402490889871169433e+00,3.339561168104410172e-03
1.402577455041423615e+00,4.450172651559114456e-03
1.402663968301640640e+00,3.616519970819354057e-03
1.402750429714040514e+00,3.616614500060677528e-03
1.402836839340731112e+00,3.339160699397325516e-03
1.402923197243708842e+00,2.227930119261145592e-03
1.403009503484859311e+00,4.171966109424829483e-03
1.403095758125956438e+00,4.172115586698055267e-03
1.403181961228664232e+00,2.505648881196975708e-03
1.403268112854535232e+00,2.783143427222967148e-03
1.403354213065012956e+00,3.061030060052871704e-03
1.403440261921429899e+00,2.505314303562045097e-03
1.403526259485009309e+00,3.061308991163969040e-03
1.403612205816865188e+00,4.449647385627031326e-03
1.403698100978002072e+00,3.894247114658355713e-03
1.403783945029315916e+00,2.505685901269316673e-03
1.403869738031593650e+00,3.339587710797786713e-03
1.403955480045514070e+00,3.060248447582125664e-03
1.404041171131648280e+00,2.227513818070292473e-03
1.404126811350458137e+00,2.505573211237788200e-03
1.404212400762299806e+00,3.893981687724590302e-03
1.404297939427420427e+00,3.894576570019125938e-03
1.404383427405961005e+00,3.338328329846262932e-03
1.404468864757955071e+00,3.616485744714736938e-03
1.404554251543330246e+00,1.671989564783871174e-03
1.404639587821907343e+00,2.783503383398056030e-03
1.404724873653401040e+00,4.172273445874452591e-03
1.404810109097420545e+00,3.061084309592843056e-03
1.404895294213469148e+00,3.616170724853873253e-03
1.404980429060945113e+00,4.450135398656129837e-03
1.405065513699140789e+00,3.061114577576518059e-03
1.405150548187245052e+00,2.227362478151917458e-03
1.405235532584341085e+00,3.060957649722695351e-03
1.405320466949408154e+00,2.782727358862757683e-03
1.405405351341320941e+00,2.227260265499353409e-03
1.405490185818851323e+00,3.893544198945164680e-03
1.405574970440666371e+00,1.671936246566474438e-03
1.405659705265330572e+00,2.227196702733635902e-03
1.405744390351304718e+00,3.894136287271976471e-03
1.405829025756947459e+00,5.560029298067092896e-03
1.405913611540513974e+00,2.505059819668531418e-03
1.405998147760157968e+00,1.949796103872358799e-03
1.406082634473929227e+00,4.172118380665779114e-03
1.406167071739778285e+00,2.504902891814708710e-03
1.406251459615551536e+00,2.227115212008357048e-03
1.406335798158995010e+00,3.060653107240796089e-03
1.406420087427753707e+00,2.505045616999268532e-03
1.406504327479371375e+00,4.171221517026424408e-03
1.406588518371290730e+00,1.949531375430524349e-03
1.406672660160854127e+00,2.227167831733822823e-03
1.406756752905304220e+00,3.060309216380119324e-03
1.406840796661783077e+00,3.893555374816060066e-03
1.406924791487332627e+00,3.893759101629257202e-03
1.407008737438895984e+00,2.504836302250623703e-03
1.407092634573316792e+00,3.616421483457088470e-03
1.407176482947338769e+00,1.949080149643123150e-03
1.407260282617607938e+00,4.171277862042188644e-03
1.407344033640670844e+00,1.115765306167304516e-03
1.407427736072976110e+00,2.782767172902822495e-03
1.407511389970873550e+00,3.338200272992253304e-03
1.407594995390615722e+00,3.893682034686207771e-03
1.407678552388356819e+00,2.782251220196485519e-03
1.407762061020153999e+00,2.782234689220786095e-03
1.407845521341966721e+00,3.338193288072943687e-03
1.407928933409657857e+00,3.615566529333591461e-03
1.408012297278993019e+00,2.504619304090738297e-03
1.408095613005641455e+00,1.671230536885559559e-03
1.408178880645176045e+00,1.948723685927689075e-03
1.408262100253073301e+00,3.060152521356940269e-03
1.408345271884713368e+00,2.782376715913414955e-03
1.408428395595382021e+00,5.004812031984329224e-03
1.408511471440268226e+00,1.949071418493986130e-03
1.408594499474466577e+00,3.060182323679327965e-03
1.408677479752975303e+00,2.504845848307013512e-03
1.408760412330699152e+00,3.337841015309095383e-03
1.408843297262447836e+00,4.171477165073156357e-03
1.408926134602936253e+00,2.782415598630905151e-03
1.409008924406785379e+00,1.392826437950134277e-03
1.409091666728522485e+00,1.671272562816739082e-03
1.409174361622580918e+00,3.893263870850205421e-03
1.409257009143299655e+00,3.337756032124161720e-03
1.409339609344925748e+00,3.893329761922359467e-03
1.409422162281612101e+00,3.893110668286681175e-03
1.409504668007419248e+00,4.448663908988237381e-03
1.409587126576314908e+00,3.615451045334339142e-03
1.409669538042173986e+00,2.504138974472880363e-03
1.409751902458779238e+00,3.060001879930496216e-03
1.409834219879821715e+00,5.004329606890678406e-03
1.409916490358900099e+00,3.059733891859650612e-03
1.409998713949522253e+00,3.893477376550436020e-03
1.410080890705103673e+00,2.504548523575067520e-03
1.410163020678969037e+00,3.337302478030323982e-03
1.410245103924351984e+00,3.059475217014551163e-03
1.410327140494395337e+00,2.782546216621994972e-03
1.410409130442151548e+00,3.615590045228600502e-03
1.410491073820582031e+00,2.782132010906934738e-03
1.410572970682558713e+00,1.948301563970744610e-03
1.410654821080863153e+00,3.059662180021405220e-03
1.410736625068187422e+00,3.337440313771367073e-03
1.410818382697133222e+00,1.670637517236173153e-03
1.410900094020214102e+00,3.059837035834789276e-03
1.410981759089853238e+00,3.615139983594417572e-03
1.411063377958385434e+00,2.504513831809163094e-03
1.411144950678057342e+00,3.059567883610725403e-03
1.411226477301025461e+00,4.448675550520420074e-03
1.411307957879359476e+00,2.504391130059957504e-03
1.411389392465040027e+00,1.392914797179400921e-03
1.411470781109959827e+00,2.503652824088931084e-03
1.411552123865923880e+00,2.781829796731472015e-03
1.411633420784650150e+00,3.615118563175201416e-03
1.411714671917768449e+00,4.170774482190608978e-03
1.411795877316821990e+00,1.392882666550576687e-03
1.411877037033266502e+00,3.337041707709431648e-03
1.411958151118471338e+00,2.226059325039386749e-03
1.412039219623719033e+00,4.170758649706840515e-03
1.412120242600205966e+00,3.337090369313955307e-03
1.412201220099041477e+00,2.226394135504961014e-03
1.412282152171250083e+00,1.948501449078321457e-03
1.412363038867769927e+00,3.337454982101917267e-03
1.412443880239453442e+00,3.615331836044788361e-03
1.412524676337067353e+00,2.782105468213558197e-03
1.412605427211294007e+00,1.670284545980393887e-03
1.412686132912729597e+00,2.226196462288498878e-03
1.412766793491886830e+00,2.503614174202084541e-03
1.412847408999192034e+00,1.948314020410180092e-03
1.412927979484988716e+00,3.892619861289858818e-03
1.413008504999534676e+00,3.615025430917739868e-03
1.413088985593004887e+00,3.337129484862089157e-03
1.413169421315489505e+00,2.225815551355481148e-03
1.413249812216994972e+00,3.059413749724626541e-03
1.413330158347444243e+00,4.170194268226623535e-03
1.413410459756677895e+00,3.336826339364051819e-03
1.413490716494451904e+00,3.336957888677716255e-03
1.413570928610440092e+00,3.615088062360882759e-03
