# kappa, accuracy
0.000000000000000000e+00,5.000000000000000000e-01
3.460489778462415011e-01,7.230000495910644531e-01
4.393425951813198505e-01,6.815000176429748535e-01
4.955322711943852543e-01,5.485000014305114746e-01
5.358687560308178499e-01,6.925000548362731934e-01
5.673566461910198866e-01,6.685000061988830566e-01
5.931882197394333645e-01,6.075000166893005371e-01
6.150894665731976296e-01,6.550000309944152832e-01
6.340999572196847067e-01,6.390000581741333008e-01
6.508945787959826701e-01,6.740000247955322266e-01
6.659363896396444105e-01,6.960000395774841309e-01
6.795569317790325359e-01,7.005000114440917969e-01
6.920017554973355578e-01,7.130000591278076172e-01
7.034578053241132833e-01,7.205000519752502441e-01
7.140707033992925723e-01,7.290000319480895996e-01
7.239560967380240797e-01,7.360000610351562500e-01
7.332073584747280659e-01,7.325000166893005371e-01
7.419009644121954405e-01,7.325000166893005371e-01
7.501003392226042177e-01,7.630000114440917969e-01
7.578586669723317293e-01,7.375000119209289551e-01
7.652209835924124182e-01,7.500000596046447754e-01
7.722257607784109856e-01,7.395000457763671875e-01
7.789061227973639312e-01,7.590000629425048828e-01
7.852907937901322244e-01,7.365000247955322266e-01
7.914048441705135994e-01,7.515000104904174805e-01
7.972702851763244780e-01,7.645000219345092773e-01
8.029065471981143842e-01,7.570000290870666504e-01
8.083308681256976547e-01,7.835000157356262207e-01
8.135586112908255174e-01,7.480000257492065430e-01
8.186035277879188943e-01,7.775000333786010742e-01
8.234779744560111192e-01,7.375000119209289551e-01
8.281930962218415626e-01,7.835000157356262207e-01
8.327589795753744806e-01,7.645000219345092773e-01
8.371847824940370497e-01,7.750000357627868652e-01
8.414788450236639905e-01,7.875000238418579102e-01
8.456487838722871464e-01,7.790000438690185547e-01
8.497015737125952484e-01,7.745000123977661133e-01
8.536436173730160837e-01,7.680000066757202148e-01
8.574808066913115479e-01,7.865000367164611816e-01
8.612185754827325068e-01,7.825000286102294922e-01
8.648619458179797048e-01,7.720000147819519043e-01
8.684155686000515351e-01,7.875000238418579102e-01
8.718837592625549027e-01,7.680000066757202148e-01
8.752705292768369061e-01,7.680000066757202148e-01
8.785796140448964842e-01,7.675000429153442383e-01
8.818144976644487487e-01,7.710000276565551758e-01
8.849784349778244685e-01,7.890000343322753906e-01
8.880744712545275421e-01,7.320000529289245605e-01
8.911054598058111287e-01,7.655000090599060059e-01
8.940740777866459377e-01,7.890000343322753906e-01
8.969828404044055681e-01,7.760000228881835938e-01
8.998341137232390707e-01,7.705000638961791992e-01
9.026301262274633030e-01,7.895000576972961426e-01
9.053729792855630398e-01,7.915000319480895996e-01
9.080646566378918205e-01,7.880000472068786621e-01
9.107070330153805848e-01,7.785000205039978027e-01
9.133018819830522883e-01,7.945000529289245605e-01
9.158508830905297549e-01,7.910000085830688477e-01
9.183556284017424520e-01,7.925000190734863281e-01
9.208176284674050027e-01,7.955000400543212891e-01
9.232383177963751075e-01,8.015000224113464355e-01
9.256190598755130727e-01,7.680000066757202148e-01
9.279611517820304245e-01,7.885000109672546387e-01
9.302658284273892519e-01,7.960000634193420410e-01
9.325342664675193571e-01,8.005000352859497070e-01
9.347675879103475305e-01,8.000000119209289551e-01
9.369668634483305780e-01,8.020000457763671875e-01
9.391331155407676157e-01,7.275000214576721191e-01
9.412673212681049728e-01,7.870000600814819336e-01
9.433704149781776405e-01,7.735000252723693848e-01
9.454432907423272470e-01,7.965000271797180176e-01
9.474868046375550801e-01,8.005000352859497070e-01
9.495017768692913807e-01,8.025000095367431641e-01
9.514889937479528159e-01,7.985000610351562500e-01
9.534492095312107063e-01,7.885000109672546387e-01
9.553831481427711436e-01,7.870000600814819336e-01
9.572915047774684938e-01,7.945000529289245605e-01
9.591749474015789367e-01,7.430000305175781250e-01
9.610341181564547863e-01,7.760000228881835938e-01
9.628696346728633504e-01,7.945000529289245605e-01
9.646820913027579492e-01,7.850000262260437012e-01
9.664720602746320610e-01,7.565000653266906738e-01
9.682400927780728805e-01,7.875000238418579102e-01
9.699867199826595066e-01,7.380000352859497070e-01
9.717124539959172136e-01,7.740000486373901367e-01
9.734177887646514593e-01,8.025000095367431641e-01
9.751032009236301201e-01,8.025000095367431641e-01
9.767691505952613706e-01,8.145000338554382324e-01
9.784160821436257427e-01,8.065000176429748535e-01
9.800444248859520036e-01,8.040000200271606445e-01
9.816545937643885722e-01,8.065000176429748535e-01
9.832469899806973723e-01,7.210000157356262207e-01
9.848220015963026208e-01,7.940000295639038086e-01
9.863800040999362029e-01,7.920000553131103516e-01
9.879213609449589706e-01,7.910000085830688477e-01
9.894464240582805381e-01,8.090000152587890625e-01
9.909555343226604807e-01,8.120000362396240234e-01
9.924490220340442814e-01,8.055000305175781250e-01
9.939272073354687986e-01,8.140000104904174805e-01
9.953904006289634454e-01,8.050000667572021484e-01
9.968389029667720225e-01,8.105000257492065430e-01
9.982730064231302158e-01,7.970000505447387695e-01
9.996929944477448426e-01,8.060000538825988770e-01
1.001099142202046544e+00,8.065000176429748535e-01
1.002491716879213568e+00,8.165000677108764648e-01
1.003870978008897463e+00,8.140000104904174805e-01
1.005237177747518196e+00,8.100000619888305664e-01
1.006590561154945496e+00,8.095000386238098145e-01
1.007931366458320044e+00,8.150000572204589844e-01
1.009259825303728819e+00,8.210000395774841309e-01
1.010576162996397187e+00,8.180000185966491699e-01
1.011880598730025671e+00,8.150000572204589844e-01
1.013173345805845615e+00,8.200000524520874023e-01
1.014454611841951515e+00,7.995000481605529785e-01
1.015724598973418935e+00,8.145000338554382324e-01
1.016983504043689202e+00,8.205000162124633789e-01
1.018231518787676704e+00,8.205000162124633789e-01
1.019468830007025373e+00,8.180000185966491699e-01
1.020695619737910897e+00,8.110000491142272949e-01
1.021912065411770154e+00,7.565000653266906738e-01
1.023118340009311567e+00,7.915000319480895996e-01
1.024314612208136799e+00,7.640000581741333008e-01
1.025501046524296633e+00,7.825000286102294922e-01
1.026677803448070581e+00,7.945000529289245605e-01
1.027845039574254216e+00,7.485000491142272949e-01
1.029002907727218252e+00,7.765000462532043457e-01
1.030151557080990044e+00,7.955000400543212891e-01
1.031291133274590210e+00,7.800000309944152832e-01
1.032421778522851552e+00,7.855000495910644531e-01
1.033543631722928069e+00,7.530000209808349609e-01
1.034656828556695496e+00,7.915000319480895996e-01
1.035761501589230749e+00,7.755000591278076172e-01
1.036857780363549919e+00,7.865000367164611816e-01
1.037945791491773129e+00,7.770000100135803223e-01
1.039025658742879443e+00,8.025000095367431641e-01
1.040097503127198619e+00,7.795000076293945312e-01
1.041161442977790452e+00,7.820000648498535156e-01
1.042217594028843841e+00,7.910000085830688477e-01
1.043266069491226355e+00,7.355000376701354980e-01
1.044306980125309980e+00,7.935000658035278320e-01
1.045340434311186506e+00,7.805000543594360352e-01
1.046366538116387357e+00,7.810000181198120117e-01
1.047385395361211335e+00,7.780000567436218262e-01
1.048397107681762641e+00,7.705000638961791992e-01
1.049401774590791980e+00,7.550000548362731934e-01
1.050399493536436024e+00,7.835000157356262207e-01
1.051390359958938259e+00,7.650000452995300293e-01
1.052374467345436493e+00,7.580000162124633789e-01
1.053351907282892519e+00,7.640000581741333008e-01
1.054322769509242530e+00,7.770000100135803223e-01
1.055287141962837127e+00,7.455000281333923340e-01
1.056245110830239975e+00,7.695000171661376953e-01
1.057196760592450158e+00,7.305000424385070801e-01
1.058142174069609531e+00,7.870000600814819336e-01
1.059081432464255013e+00,7.325000166893005371e-01
1.060014615403172211e+00,7.430000305175781250e-01
1.060941800977903693e+00,7.820000648498535156e-01
1.061863065783964499e+00,7.860000133514404297e-01
1.062778484958812442e+00,7.620000243186950684e-01
1.063688132218622018e+00,7.710000276565551758e-01
1.064592079893906584e+00,7.765000462532043457e-01
1.065490398964030749e+00,7.775000333786010742e-01
1.066383159090655619e+00,7.475000619888305664e-01
1.067270428650153979e+00,7.605000138282775879e-01
1.068152274765037824e+00,7.505000233650207520e-01
1.069028763334427312e+00,7.760000228881835938e-01
1.069899959063603356e+00,7.785000205039978027e-01
1.070765925492670689e+00,8.220000267028808594e-01
1.071626725024367399e+00,7.950000166893005371e-01
1.072482418951049121e+00,8.215000629425048828e-01
1.073333067480876757e+00,8.230000138282775879e-01
1.074178729763239026e+00,8.195000290870666504e-01
1.075019463913431839e+00,8.255000114440917969e-01
1.075855327036624010e+00,8.250000476837158203e-01
1.076686375251132421e+00,8.175000548362731934e-01
1.077512663711030605e+00,8.220000267028808594e-01
1.078334246628113613e+00,8.220000267028808594e-01
1.079151177293241171e+00,8.265000581741333008e-01
1.079963508097079306e+00,8.065000176429748535e-01
1.080771290550261998e+00,7.965000271797180176e-01
1.081574575302991725e+00,8.280000686645507812e-01
1.082373412164095328e+00,8.125000596046447754e-01
1.083167850119559183e+00,8.290000557899475098e-01
1.083957937350552347e+00,8.310000300407409668e-01
1.084743721250961634e+00,8.265000581741333008e-01
1.085525248444451529e+00,8.395000696182250977e-01
1.086302564801063131e+00,8.230000138282775879e-01
1.087075715453369673e+00,8.365000486373901367e-01
1.087844744812201281e+00,8.325000405311584473e-01
1.088609696581952058e+00,8.400000333786010742e-01
1.089370613775483942e+00,8.290000557899475098e-01
1.090127538728639989e+00,8.345000147819519043e-01
1.090880513114378170e+00,8.320000171661376953e-01
1.091629577956539254e+00,8.195000290870666504e-01
1.092374773643257413e+00,8.405000567436218262e-01
1.093116139940028209e+00,8.345000147819519043e-01
1.093853716002441745e+00,8.310000300407409668e-01
1.094587540388590963e+00,8.430000543594360352e-01
1.095317651071167298e+00,8.435000181198120117e-01
1.096044085449252137e+00,8.325000405311584473e-01
1.096766880359810958e+00,8.405000567436218262e-01
1.097486072088902365e+00,8.440000414848327637e-01
1.098201696382610004e+00,8.415000438690185547e-01
1.098913788457702045e+00,8.430000543594360352e-01
1.099622383012031301e+00,8.440000414848327637e-01
1.100327514234680226e+00,8.415000438690185547e-01
1.101029215815859441e+00,8.445000648498535156e-01
1.101727520956565343e+00,8.455000519752502441e-01
1.102422462378008561e+00,8.455000519752502441e-01
1.103114072330811934e+00,8.460000157356262207e-01
1.103802382603991994e+00,8.385000228881835938e-01
1.104487424533727502e+00,8.460000157356262207e-01
1.105169229011918164e+00,8.445000648498535156e-01
1.105847826494545272e+00,8.470000624656677246e-01
1.106523247009833177e+00,8.465000391006469727e-01
1.107195520166224689e+00,8.470000624656677246e-01
1.107864675160167511e+00,8.455000519752502441e-01
1.108530740783723711e+00,8.360000252723693848e-01
1.109193745432002665e+00,8.405000567436218262e-01
1.109853717110425242e+00,8.475000262260437012e-01
1.110510683441821689e+00,8.465000391006469727e-01
1.111164671673368964e+00,8.480000495910644531e-01
1.111815708683372206e+00,8.450000286102294922e-01
1.112463820987891872e+00,8.470000624656677246e-01
1.113109034747225223e+00,8.520000576972961426e-01
1.113751375772241925e+00,8.390000462532043457e-01
1.114390869530579753e+00,8.470000624656677246e-01
1.115027541152702639e+00,8.460000157356262207e-01
1.115661415437828152e+00,8.465000391006469727e-01
1.116292516859721751e+00,8.430000543594360352e-01
1.116920869572367803e+00,8.495000600814819336e-01
1.117546497415516260e+00,8.505000472068786621e-01
1.118169423920110761e+00,8.515000343322753906e-01
1.118789672313597050e+00,8.520000576972961426e-01
1.119407265525122597e+00,8.520000576972961426e-01
1.120022226190620529e+00,8.525000214576721191e-01
1.120634576657788983e+00,8.515000343322753906e-01
1.121244338990963874e+00,8.390000462532043457e-01
1.121851534975888853e+00,8.485000133514404297e-01
1.122456186124386690e+00,8.495000600814819336e-01
1.123058313678931830e+00,8.510000109672546387e-01
1.123657938617127705e+00,8.465000391006469727e-01
1.124255081656093447e+00,8.485000133514404297e-01
1.124849763256757340e+00,8.395000696182250977e-01
1.125442003628065013e+00,8.525000214576721191e-01
1.126031822731098808e+00,8.480000495910644531e-01
1.126619240283115664e+00,8.520000576972961426e-01
1.127204275761501728e+00,8.525000214576721191e-01
1.127786948407647705e+00,8.500000238418579102e-01
1.128367277230745813e+00,8.445000648498535156e-01
1.128945281011511259e+00,8.485000133514404297e-01
1.129520978305829093e+00,8.515000343322753906e-01
1.130094387448328019e+00,8.525000214576721191e-01
1.130665526555884925e+00,8.510000109672546387e-01
1.131234413531059246e+00,8.500000238418579102e-01
1.131801066065460049e+00,8.485000133514404297e-01
1.132365501643046946e+00,8.525000214576721191e-01
1.132927737543367730e+00,8.490000367164611816e-01
1.133487790844731835e+00,8.515000343322753906e-01
1.134045678427323622e+00,8.515000343322753906e-01
1.134601416976254606e+00,8.520000576972961426e-01
1.135155022984558837e+00,8.545000553131103516e-01
1.135706512756128328e+00,8.535000681877136230e-01
1.136255902408594975e+00,8.495000600814819336e-01
1.136803207876156963e+00,8.535000681877136230e-01
1.137348444912352097e+00,8.540000319480895996e-01
1.137891629092777634e+00,8.515000343322753906e-01
1.138432775817761256e+00,8.490000367164611816e-01
1.138971900314979635e+00,8.505000472068786621e-01
1.139509017642031274e+00,8.445000648498535156e-01
1.140044142688958040e+00,8.515000343322753906e-01
1.140577290180723180e+00,8.505000472068786621e-01
1.141108474679642937e+00,8.520000576972961426e-01
1.141637710587771526e+00,8.440000414848327637e-01
1.142165012149245928e+00,8.525000214576721191e-01
1.142690393452584940e+00,8.515000343322753906e-01
1.143213868432948699e+00,8.510000109672546387e-01
1.143735450874355797e+00,8.520000576972961426e-01
1.144255154411861541e+00,8.535000681877136230e-01
1.144772992533696243e+00,8.500000238418579102e-01
1.145288978583366424e+00,8.535000681877136230e-01
1.145803125761717611e+00,8.515000343322753906e-01
1.146315447128960496e+00,8.505000472068786621e-01
1.146825955606661340e+00,8.470000624656677246e-01
1.147334663979698632e+00,8.505000472068786621e-01
1.147841584898182887e+00,8.525000214576721191e-01
1.148346730879344690e+00,8.515000343322753906e-01
1.148850114309389880e+00,8.525000214576721191e-01
1.149351747445320537e+00,8.510000109672546387e-01
1.149851642416727326e+00,8.530000448226928711e-01
1.150349811227547869e+00,8.555000424385070801e-01
1.150846265757797360e+00,8.455000519752502441e-01
1.151341017765268093e+00,8.520000576972961426e-01
1.151834078887199908e+00,8.540000319480895996e-01
1.152325460641923760e+00,8.455000519752502441e-01
1.152815174430474876e+00,8.525000214576721191e-01
1.153303231538180817e+00,8.450000286102294922e-01
1.153789643136221788e+00,8.520000576972961426e-01
1.154274420283164959e+00,8.540000319480895996e-01
1.154757573926472158e+00,8.555000424385070801e-01
1.155239114903985564e+00,8.520000576972961426e-01
1.155719053945382990e+00,8.530000448226928711e-01
1.156197401673615399e+00,8.520000576972961426e-01
1.156674168606316444e+00,8.525000214576721191e-01
1.157149365157190024e+00,8.530000448226928711e-01
1.157623001637374971e+00,8.535000681877136230e-01
1.158095088256788197e+00,8.485000133514404297e-01
1.158565635125444970e+00,8.530000448226928711e-01
1.159034652254757658e+00,8.525000214576721191e-01
1.159502149558814033e+00,8.495000600814819336e-01
1.159968136855635379e+00,8.535000681877136230e-01
1.160432623868412394e+00,8.540000319480895996e-01
1.160895620226723546e+00,8.530000448226928711e-01
1.161357135467732338e+00,8.535000681877136230e-01
1.161817179037366365e+00,8.535000681877136230e-01
1.162275760291477722e+00,8.540000319480895996e-01
1.162732888496983641e+00,8.530000448226928711e-01
1.163188572832990930e+00,8.490000367164611816e-01
1.163642822391901754e+00,8.500000238418579102e-01
1.164095646180502319e+00,8.505000472068786621e-01
1.164547053121033571e+00,8.515000343322753906e-01
1.164997052052247462e+00,8.530000448226928711e-01
1.165445651730443899e+00,8.515000343322753906e-01
1.165892860830494593e+00,8.530000448226928711e-01
1.166338687946848029e+00,8.505000472068786621e-01
1.166783141594522011e+00,8.510000109672546387e-01
1.167226230210078208e+00,8.500000238418579102e-01
1.167667962152583616e+00,8.545000553131103516e-01
1.168108345704556905e+00,8.540000319480895996e-01
1.168547389072900122e+00,8.520000576972961426e-01
1.168985100389816401e+00,8.515000343322753906e-01
1.169421487713713237e+00,8.545000553131103516e-01
1.169856559030093779e+00,8.525000214576721191e-01
1.170290322252432347e+00,8.515000343322753906e-01
1.170722785223039075e+00,8.560000658035278320e-01
1.171153955713909678e+00,8.490000367164611816e-01
1.171583841427564998e+00,8.535000681877136230e-01
1.172012449997875461e+00,8.500000238418579102e-01
1.172439788990873977e+00,8.530000448226928711e-01
1.172865865905559302e+00,8.525000214576721191e-01
1.173290688174683627e+00,8.515000343322753906e-01
1.173714263165531291e+00,8.505000472068786621e-01
1.174136598180686164e+00,8.540000319480895996e-01
1.174557700458785714e+00,8.520000576972961426e-01
1.174977577175266186e+00,8.535000681877136230e-01
1.175396235443096682e+00,8.540000319480895996e-01
1.175813682313500586e+00,8.520000576972961426e-01
1.176229924776669655e+00,8.530000448226928711e-01
1.176644969762466131e+00,8.530000448226928711e-01
1.177058824141114624e+00,8.540000319480895996e-01
1.177471494723884016e+00,8.530000448226928711e-01
1.177882988263760922e+00,8.530000448226928711e-01
1.178293311456113157e+00,8.535000681877136230e-01
1.178702470939341440e+00,8.560000658035278320e-01
1.179110473295525541e+00,8.570000529289245605e-01
1.179517325051059773e+00,8.560000658035278320e-01
1.179923032677278050e+00,8.555000424385070801e-01
1.180327602591072056e+00,8.565000295639038086e-01
1.180731041155500538e+00,8.530000448226928711e-01
1.181133354680389935e+00,8.530000448226928711e-01
1.181534549422925684e+00,8.555000424385070801e-01
1.181934631588236861e+00,8.530000448226928711e-01
1.182333607329971503e+00,8.540000319480895996e-01
1.182731482750865037e+00,8.535000681877136230e-01
1.183128263903300725e+00,8.510000109672546387e-01
1.183523956789860332e+00,8.540000319480895996e-01
1.183918567363870800e+00,8.565000295639038086e-01
1.184312101529941375e+00,8.535000681877136230e-01
1.184704565144492738e+00,8.540000319480895996e-01
1.185095964016280590e+00,8.535000681877136230e-01
1.185486303906912342e+00,8.560000658035278320e-01
1.185875590531354495e+00,8.545000553131103516e-01
1.186263829558435567e+00,8.500000238418579102e-01
1.186651026611341031e+00,8.575000166893005371e-01
1.187037187268102034e+00,8.535000681877136230e-01
1.187422317062078791e+00,8.540000319480895996e-01
1.187806421482433539e+00,8.550000190734863281e-01
1.188189505974603266e+00,8.575000166893005371e-01
1.188571575940760239e+00,8.535000681877136230e-01
1.188952636740270519e+00,8.560000658035278320e-01
1.189332693690145160e+00,8.550000190734863281e-01
1.189711752065483852e+00,8.505000472068786621e-01
1.190089817099916569e+00,8.545000553131103516e-01
1.190466893986034336e+00,8.560000658035278320e-01
1.190842987875820214e+00,8.565000295639038086e-01
1.191218103881068968e+00,8.575000166893005371e-01
1.191592247073805177e+00,8.560000658035278320e-01
1.191965422486695347e+00,8.535000681877136230e-01
1.192337635113452698e+00,8.575000166893005371e-01
1.192708889909239067e+00,8.560000658035278320e-01
1.193079191791060367e+00,8.545000553131103516e-01
1.193448545638157388e+00,8.540000319480895996e-01
1.193816956292391485e+00,8.575000166893005371e-01
1.194184428558625610e+00,8.580000400543212891e-01
1.194550967205100234e+00,8.565000295639038086e-01
1.194916576963804378e+00,8.565000295639038086e-01
1.195281262530842437e+00,8.555000424385070801e-01
1.195645028566796109e+00,8.580000400543212891e-01
1.196007879697081444e+00,8.540000319480895996e-01
1.196369820512301674e+00,8.530000448226928711e-01
1.196730855568596930e+00,8.580000400543212891e-01
1.197090989387986859e+00,8.555000424385070801e-01
1.197450226458710132e+00,8.555000424385070801e-01
1.197808571235562614e+00,8.525000214576721191e-01
1.198166028140225770e+00,8.585000634193420410e-01
1.198522601561595957e+00,8.505000472068786621e-01
1.198878295856107279e+00,8.575000166893005371e-01
1.199233115348050882e+00,8.570000529289245605e-01
1.199587064329890262e+00,8.545000553131103516e-01
1.199940147062572571e+00,8.515000343322753906e-01
1.200292367775837477e+00,8.560000658035278320e-01
1.200643730668520259e+00,8.555000424385070801e-01
1.200994239908852235e+00,8.570000529289245605e-01
1.201343899634757184e+00,8.135000467300415039e-01
1.201692713954146230e+00,8.115000128746032715e-01
1.202040686945204495e+00,8.180000185966491699e-01
1.202387822656679761e+00,8.025000095367431641e-01
1.202734125108163576e+00,7.995000481605529785e-01
1.203079598290371033e+00,8.185000419616699219e-01
1.203424246165417211e+00,8.035000562667846680e-01
1.203768072667089184e+00,8.200000524520874023e-01
1.204111081701114694e+00,7.890000343322753906e-01
1.204453277145430823e+00,7.980000376701354980e-01
1.204794662850443787e+00,8.260000348091125488e-01
1.205135242639292059e+00,8.185000419616699219e-01
1.205475020308100831e+00,8.255000114440917969e-01
1.205813999626237143e+00,8.090000152587890625e-01
1.206152184336560351e+00,8.070000410079956055e-01
1.206489578155670594e+00,8.265000581741333008e-01
1.206826184774152821e+00,8.310000300407409668e-01
1.207162007856820596e+00,8.165000677108764648e-01
1.207497051042953684e+00,8.140000104904174805e-01
1.207831317946536087e+00,8.055000305175781250e-01
1.208164812156489631e+00,8.235000371932983398e-01
1.208497537236904229e+00,8.240000605583190918e-01
1.208829496727268360e+00,8.085000514984130859e-01
1.209160694142692449e+00,8.110000491142272949e-01
1.209491132974134686e+00,7.920000553131103516e-01
1.209820816688620404e+00,7.900000214576721191e-01
1.210149748729460129e+00,8.310000300407409668e-01
1.210477932516466293e+00,8.235000371932983398e-01
1.210805371446166179e+00,8.055000305175781250e-01
1.211132068892012636e+00,8.000000119209289551e-01
1.211458028204593029e+00,8.240000605583190918e-01
1.211783252711834624e+00,8.255000114440917969e-01
1.212107745719209539e+00,8.395000696182250977e-01
1.212431510509935473e+00,8.080000281333923340e-01
1.212754550345175319e+00,8.085000514984130859e-01
1.213076868464234570e+00,8.190000653266906738e-01
1.213398468084755599e+00,8.120000362396240234e-01
1.213719352402910845e+00,8.235000371932983398e-01
1.214039524593593100e+00,8.180000185966491699e-01
1.214358987810604473e+00,8.075000643730163574e-01
1.214677745186842239e+00,8.000000119209289551e-01
1.214995799834483581e+00,8.420000672340393066e-01
1.215313154845167443e+00,8.220000267028808594e-01
1.215629813290175054e+00,8.285000324249267578e-01
1.215945778220609119e+00,8.215000629425048828e-01
1.216261052667569009e+00,8.250000476837158203e-01
1.216575639642325291e+00,8.215000629425048828e-01
1.216889542136492919e+00,8.030000329017639160e-01
1.217202763122202214e+00,8.250000476837158203e-01
1.217515305552266502e+00,8.275000452995300293e-01
1.217827172360350430e+00,7.985000610351562500e-01
1.218138366461133604e+00,8.115000128746032715e-01
1.218448890750476465e+00,8.020000457763671875e-01
1.218758748105579270e+00,8.230000138282775879e-01
1.219067941385143961e+00,8.100000619888305664e-01
1.219376473429531593e+00,8.105000257492065430e-01
1.219684347060918661e+00,8.095000386238098145e-01
1.219991565083453189e+00,8.245000243186950684e-01
1.220298130283406834e+00,8.050000667572021484e-01
1.220604045429326545e+00,8.130000233650207520e-01
1.220909313272185104e+00,8.445000648498535156e-01
1.221213936545529677e+00,8.230000138282775879e-01
1.221517917965627920e+00,7.970000505447387695e-01
1.221821260231613415e+00,8.025000095367431641e-01
1.222123966025630892e+00,7.995000481605529785e-01
1.222426038012976557e+00,8.015000224113464355e-01
1.222727478842239313e+00,8.225000500679016113e-01
1.223028291145441759e+00,8.350000381469726562e-01
1.223328477538176084e+00,7.900000214576721191e-01
1.223628040619741508e+00,8.370000123977661133e-01
1.223926982973279065e+00,8.195000290870666504e-01
1.224225307165905718e+00,8.075000643730163574e-01
1.224523015748845367e+00,8.160000443458557129e-01
1.224820111257561406e+00,8.175000548362731934e-01
1.225116596211885067e+00,8.135000467300415039e-01
1.225412473116144429e+00,8.320000171661376953e-01
1.225707744459290538e+00,8.295000195503234863e-01
1.226002412715024192e+00,7.975000143051147461e-01
1.226296480341918516e+00,8.145000338554382324e-01
1.226589949783543965e+00,8.065000176429748535e-01
1.226882823468589345e+00,8.290000557899475098e-01
1.227175103810981716e+00,8.405000567436218262e-01
1.227466793210007179e+00,8.240000605583190918e-01
1.227757894050427456e+00,8.395000696182250977e-01
1.228048408702598460e+00,8.245000243186950684e-01
1.228338339522585088e+00,8.240000605583190918e-01
1.228627688852275801e+00,8.315000534057617188e-01
1.228916459019496976e+00,8.015000224113464355e-01
1.229204652338124593e+00,8.185000419616699219e-01
1.229492271108195478e+00,8.065000176429748535e-01
1.229779317616017664e+00,8.230000138282775879e-01
1.230065794134279411e+00,8.285000324249267578e-01
1.230351702922157342e+00,8.275000452995300293e-01
1.230637046225422582e+00,8.155000209808349609e-01
1.230921826276548003e+00,8.355000615119934082e-01
1.231206045294811036e+00,7.925000190734863281e-01
1.231489705486399799e+00,7.980000376701354980e-01
1.231772809044513917e+00,8.320000171661376953e-01
1.232055358149466873e+00,7.985000610351562500e-01
1.232337354968787491e+00,8.425000309944152832e-01
1.232618801657318519e+00,8.160000443458557129e-01
1.232899700357316108e+00,8.025000095367431641e-01
1.233180053198547732e+00,8.185000419616699219e-01
1.233459862298388776e+00,8.145000338554382324e-01
1.233739129761918463e+00,8.260000348091125488e-01
1.234017857682015107e+00,8.175000548362731934e-01
1.234296048139450042e+00,7.975000143051147461e-01
1.234573703202980877e+00,8.175000548362731934e-01
1.234850824929444313e+00,8.185000419616699219e-01
1.235127415363846293e+00,8.425000309944152832e-01
1.235403476539453482e+00,7.975000143051147461e-01
1.235679010477883200e+00,8.450000286102294922e-01
1.235954019189192010e+00,8.230000138282775879e-01
1.236228504671962547e+00,8.030000329017639160e-01
1.236502468913392550e+00,8.350000381469726562e-01
1.236775913889380130e+00,7.960000634193420410e-01
1.237048841564609258e+00,7.965000271797180176e-01
1.237321253892634143e+00,8.195000290870666504e-01
1.237593152815965158e+00,8.355000615119934082e-01
1.237864540266148561e+00,7.965000271797180176e-01
1.238135418163851975e+00,8.330000638961791992e-01
1.238405788418944109e+00,8.050000667572021484e-01
1.238675652930576465e+00,8.295000195503234863e-01
1.238945013587262389e+00,8.105000257492065430e-01
1.239213872266957672e+00,8.110000491142272949e-01
1.239482230837138266e+00,7.990000247955322266e-01
1.239750091154877554e+00,8.330000638961791992e-01
1.240017455066925400e+00,8.225000500679016113e-01
1.240284324409782313e+00,8.025000095367431641e-01
1.240550701009776491e+00,8.015000224113464355e-01
1.240816586683139100e+00,8.440000414848327637e-01
1.241081983236076658e+00,8.055000305175781250e-01
1.241346892464846974e+00,8.045000433921813965e-01
1.241611316155830647e+00,8.355000615119934082e-01
1.241875256085603674e+00,8.070000410079956055e-01
1.242138714021010060e+00,8.445000648498535156e-01
1.242401691719229984e+00,8.135000467300415039e-01
1.242664190927854184e+00,7.980000376701354980e-01
1.242926213384949685e+00,8.275000452995300293e-01
1.243187760819131960e+00,8.280000686645507812e-01
1.243448834949631099e+00,8.105000257492065430e-01
1.243709437486360869e+00,8.300000429153442383e-01
1.243969570129986213e+00,7.975000143051147461e-01
1.244229234571987863e+00,8.320000171661376953e-01
1.244488432494730734e+00,8.130000233650207520e-01
1.244747165571528091e+00,8.155000209808349609e-01
1.245005435466706167e+00,8.165000677108764648e-01
1.245263243835668998e+00,8.105000257492065430e-01
1.245520592324962150e+00,8.195000290870666504e-01
1.245777482572335115e+00,8.255000114440917969e-01
1.246033916206804593e+00,8.135000467300415039e-01
1.246289894848715551e+00,8.155000209808349609e-01
1.246545420109804070e+00,7.950000166893005371e-01
1.246800493593256842e+00,8.415000438690185547e-01
1.247055116893772242e+00,8.235000371932983398e-01
1.247309291597620273e+00,8.350000381469726562e-01
1.247563019282700969e+00,8.270000219345092773e-01
1.247816301518604121e+00,8.115000128746032715e-01
1.248069139866667454e+00,8.310000300407409668e-01
1.248321535880033473e+00,8.085000514984130859e-01
1.248573491103708299e+00,8.210000395774841309e-01
1.248825007074616522e+00,8.335000276565551758e-01
1.249076085321659368e+00,8.205000162124633789e-01
1.249326727365767997e+00,8.415000438690185547e-01
1.249576934719961896e+00,8.600000143051147461e-01
1.249826708889401505e+00,8.590000271797180176e-01
1.250076051371442398e+00,8.600000143051147461e-01
1.250324963655690791e+00,8.600000143051147461e-01
1.250573447224055723e+00,8.580000400543212891e-01
1.250821503550802127e+00,8.590000271797180176e-01
1.251069134102603453e+00,8.550000190734863281e-01
1.251316340338593625e+00,8.600000143051147461e-01
1.251563123710419223e+00,8.565000295639038086e-01
1.251809485662289223e+00,8.595000505447387695e-01
1.252055427631027618e+00,8.595000505447387695e-01
1.252300951046121602e+00,8.585000634193420410e-01
1.252546057329773310e+00,8.600000143051147461e-01
1.252790747896948220e+00,8.580000400543212891e-01
1.253035024155424004e+00,8.605000376701354980e-01
1.253278887505840267e+00,8.550000190734863281e-01
1.253522339341744729e+00,8.585000634193420410e-01
1.253765381049643635e+00,8.585000634193420410e-01
1.254008014009046823e+00,8.535000681877136230e-01
1.254250239592515914e+00,8.600000143051147461e-01
1.254492059165710716e+00,8.565000295639038086e-01
1.254733474087434741e+00,8.585000634193420410e-01
1.254974485709682508e+00,8.610000610351562500e-01
1.255215095377683054e+00,8.595000505447387695e-01
1.255455304429947017e+00,8.605000376701354980e-01
1.255695114198309259e+00,8.565000295639038086e-01
1.255934526007974839e+00,8.555000424385070801e-01
1.256173541177562081e+00,8.560000658035278320e-01
1.256412161019146545e+00,8.575000166893005371e-01
1.256650386838303657e+00,8.600000143051147461e-01
1.256888219934152895e+00,8.585000634193420410e-01
1.257125661599397759e+00,8.575000166893005371e-01
1.257362713120371289e+00,8.590000271797180176e-01
1.257599375777075368e+00,8.585000634193420410e-01
1.257835650843223130e+00,8.580000400543212891e-01
1.258071539586279153e+00,8.575000166893005371e-01
1.258307043267502090e+00,8.595000505447387695e-01
1.258542163141983972e+00,8.575000166893005371e-01
1.258776900458689507e+00,8.570000529289245605e-01
1.259011256460497608e+00,8.585000634193420410e-01
1.259245232384240243e+00,8.575000166893005371e-01
1.259478829460741078e+00,8.585000634193420410e-01
1.259712048914854554e+00,8.580000400543212891e-01
1.259944891965504743e+00,8.575000166893005371e-01
1.260177359825723542e+00,8.585000634193420410e-01
1.260409453702688198e+00,8.575000166893005371e-01
1.260641174797759279e+00,8.605000376701354980e-01
1.260872524306518194e+00,8.570000529289245605e-01
1.261103503418803173e+00,8.555000424385070801e-01
1.261334113318747230e+00,8.580000400543212891e-01
1.261564355184813913e+00,8.560000658035278320e-01
1.261794230189833277e+00,8.600000143051147461e-01
1.262023739501038744e+00,8.590000271797180176e-01
1.262252884280101073e+00,8.580000400543212891e-01
1.262481665683165444e+00,8.535000681877136230e-01
1.262710084860884541e+00,8.570000529289245605e-01
1.262938142958454968e+00,8.530000448226928711e-01
1.263165841115651000e+00,8.595000505447387695e-01
1.263393180466858334e+00,8.590000271797180176e-01
1.263620162141108505e+00,8.610000610351562500e-01
1.263846787262112414e+00,8.545000553131103516e-01
1.264073056948294305e+00,8.365000486373901367e-01
1.264298972312823732e+00,8.160000443458557129e-01
1.264524534463648875e+00,8.170000314712524414e-01
1.264749744503529838e+00,8.140000104904174805e-01
1.264974603530069963e+00,8.160000443458557129e-01
1.265199112635748913e+00,8.355000615119934082e-01
1.265423272907953312e+00,7.940000295639038086e-01
1.265647085429008945e+00,8.255000114440917969e-01
1.265870551276213174e+00,8.290000557899475098e-01
1.266093671521864250e+00,8.355000615119934082e-01
1.266316447233293729e+00,8.425000309944152832e-01
1.266538879472894896e+00,8.110000491142272949e-01
1.266760969298156514e+00,8.235000371932983398e-01
1.266982717761690136e+00,8.535000681877136230e-01
1.267204125911260970e+00,7.925000190734863281e-01
1.267425194789818077e+00,8.125000596046447754e-01
1.267645925435522791e+00,7.965000271797180176e-01
1.267866318881779364e+00,8.330000638961791992e-01
1.268086376157262940e+00,8.350000381469726562e-01
1.268306098285948202e+00,8.180000185966491699e-01
1.268525486287138904e+00,8.220000267028808594e-01
1.268744541175496066e+00,8.080000281333923340e-01
1.268963263961064625e+00,8.330000638961791992e-01
1.269181655649303631e+00,8.080000281333923340e-01
1.269399717241112890e+00,8.255000114440917969e-01
1.269617449732859837e+00,8.160000443458557129e-01
1.269834854116408396e+00,7.970000505447387695e-01
1.270051931379144072e+00,8.165000677108764648e-01
1.270268682504002822e+00,8.210000395774841309e-01
1.270485108469497249e+00,8.245000243186950684e-01
1.270701210249742363e+00,8.180000185966491699e-01
1.270916988814481563e+00,8.125000596046447754e-01
1.271132445129114830e+00,8.230000138282775879e-01
1.271347580154722712e+00,8.300000429153442383e-01
1.271562394848092747e+00,8.295000195503234863e-01
1.271776890161744777e+00,8.375000357627868652e-01
1.271991067043956258e+00,8.345000147819519043e-01
1.272204926438788242e+00,8.310000300407409668e-01
1.272418469286109355e+00,8.355000615119934082e-01
1.272631696521620448e+00,8.065000176429748535e-01
1.272844609076879907e+00,8.220000267028808594e-01
1.273057207879328301e+00,7.945000529289245605e-01
1.273269493852311696e+00,8.280000686645507812e-01
1.273481467915106080e+00,8.310000300407409668e-01
1.273693130982941568e+00,8.355000615119934082e-01
1.273904483967026158e+00,8.265000581741333008e-01
1.274115527774567713e+00,7.975000143051147461e-01
1.274326263308800389e+00,8.335000276565551758e-01
1.274536691469004612e+00,8.370000123977661133e-01
1.274746813150532176e+00,8.025000095367431641e-01
1.274956629244828665e+00,8.035000562667846680e-01
1.275166140639454992e+00,8.100000619888305664e-01
1.275375348218111604e+00,8.425000309944152832e-01
1.275584252860660461e+00,8.010000586509704590e-01
1.275792855443145912e+00,8.130000233650207520e-01
1.276001156837818229e+00,8.370000123977661133e-01
1.276209157913155368e+00,7.885000109672546387e-01
1.276416859533883397e+00,7.990000247955322266e-01
1.276624262560999590e+00,8.180000185966491699e-01
1.276831367851792631e+00,8.105000257492065430e-01
1.277038176259865931e+00,8.165000677108764648e-01
1.277244688635155168e+00,8.455000519752502441e-01
1.277450905823953153e+00,8.125000596046447754e-01
1.277656828668927824e+00,8.320000171661376953e-01
1.277862458009144220e+00,8.320000171661376953e-01
1.278067794680084468e+00,8.210000395774841309e-01
1.278272839513668879e+00,8.150000572204589844e-01
1.278477593338275264e+00,8.445000648498535156e-01
1.278682056978759363e+00,8.550000190734863281e-01
1.278886231256475048e+00,8.570000529289245605e-01
1.279090116989294312e+00,8.575000166893005371e-01
1.279293714991625031e+00,8.610000610351562500e-01
1.279497026074434274e+00,8.575000166893005371e-01
1.279700051045262965e+00,8.590000271797180176e-01
1.279902790708249416e+00,8.595000505447387695e-01
1.280105245864145536e+00,8.575000166893005371e-01
1.280307417310337259e+00,8.555000424385070801e-01
1.280509305840862755e+00,8.555000424385070801e-01
1.280710912246431521e+00,8.610000610351562500e-01
1.280912237314442814e+00,8.600000143051147461e-01
1.281113281829003858e+00,8.605000376701354980e-01
1.281314046570948495e+00,8.600000143051147461e-01
1.281514532317855615e+00,8.590000271797180176e-01
1.281714739844066697e+00,8.580000400543212891e-01
1.281914669920703354e+00,8.620000481605529785e-01
1.282114323315686422e+00,8.600000143051147461e-01
1.282313700793753064e+00,8.590000271797180176e-01
1.282512803116473865e+00,8.610000610351562500e-01
1.282711631042271039e+00,8.590000271797180176e-01
1.282910185326434860e+00,8.610000610351562500e-01
1.283108466721141872e+00,8.600000143051147461e-01
1.283306475975471539e+00,8.605000376701354980e-01
1.283504213835423124e+00,8.590000271797180176e-01
1.283701681043932785e+00,8.615000247955322266e-01
1.283898878340889782e+00,8.585000634193420410e-01
1.284095806463154021e+00,8.590000271797180176e-01
1.284292466144571820e+00,8.595000505447387695e-01
1.284488858115992782e+00,8.605000376701354980e-01
1.284684983105285339e+00,8.600000143051147461e-01
1.284880841837354293e+00,8.590000271797180176e-01
1.285076435034155251e+00,8.595000505447387695e-01
1.285271763414712165e+00,8.590000271797180176e-01
1.285466827695131986e+00,8.600000143051147461e-01
1.285661628588620875e+00,8.575000166893005371e-01
1.285856166805500189e+00,8.585000634193420410e-01
1.286050443053221359e+00,8.615000247955322266e-01
1.286244458036381655e+00,8.585000634193420410e-01
1.286438212456739727e+00,8.590000271797180176e-01
1.286631707013230708e+00,8.590000271797180176e-01
1.286824942401980643e+00,8.585000634193420410e-01
1.287017919316322923e+00,8.630000352859497070e-01
1.287210638446811828e+00,8.615000247955322266e-01
1.287403100481238294e+00,8.575000166893005371e-01
1.287595306104644122e+00,8.565000295639038086e-01
1.287787255999337077e+00,8.610000610351562500e-01
1.287978950844904436e+00,8.615000247955322266e-01
1.288170391318228747e+00,8.560000658035278320e-01
1.288361578093501159e+00,8.620000481605529785e-01
1.288552511842236514e+00,8.565000295639038086e-01
1.288743193233286677e+00,8.620000481605529785e-01
1.288933622932854739e+00,8.575000166893005371e-01
1.289123801604509456e+00,8.590000271797180176e-01
1.289313729909199013e+00,8.585000634193420410e-01
1.289503408505264348e+00,8.610000610351562500e-01
1.289692838048452916e+00,8.575000166893005371e-01
1.289882019191933571e+00,8.555000424385070801e-01
1.290070952586307662e+00,8.610000610351562500e-01
1.290259638879625248e+00,8.605000376701354980e-01
1.290448078717395308e+00,8.610000610351562500e-01
1.290636272742601953e+00,8.585000634193420410e-01
1.290824221595715970e+00,8.605000376701354980e-01
1.291011925914708813e+00,8.600000143051147461e-01
1.291199386335063704e+00,8.560000658035278320e-01
1.291386603489790952e+00,8.570000529289245605e-01
1.291573578009439505e+00,8.580000400543212891e-01
1.291760310522109823e+00,8.585000634193420410e-01
1.291946801653466759e+00,8.610000610351562500e-01
1.292133052026751328e+00,8.600000143051147461e-01
1.292319062262794915e+00,8.570000529289245605e-01
1.292504832980029938e+00,8.605000376701354980e-01
1.292690364794502722e+00,8.610000610351562500e-01
1.292875658319886378e+00,8.585000634193420410e-01
1.293060714167492797e+00,8.585000634193420410e-01
1.293245532946283527e+00,8.585000634193420410e-01
1.293430115262883318e+00,8.585000634193420410e-01
1.293614461721591891e+00,8.600000143051147461e-01
1.293798572924394596e+00,8.615000247955322266e-01
1.293982449470975737e+00,8.620000481605529785e-01
1.294166091958728781e+00,8.595000505447387695e-01
1.294349500982769685e+00,8.615000247955322266e-01
1.294532677135946885e+00,8.585000634193420410e-01
1.294715621008853956e+00,8.595000505447387695e-01
1.294898333189840489e+00,8.600000143051147461e-01
1.295080814265023195e+00,8.575000166893005371e-01
1.295263064818298337e+00,8.585000634193420410e-01
1.295445085431350618e+00,8.595000505447387695e-01
1.295626876683667827e+00,8.590000271797180176e-01
1.295808439152548397e+00,8.585000634193420410e-01
1.295989773413113832e+00,8.560000658035278320e-01
1.296170880038321149e+00,8.595000505447387695e-01
1.296351759598970865e+00,8.615000247955322266e-01
1.296532412663720102e+00,8.600000143051147461e-01
1.296712839799091910e+00,8.595000505447387695e-01
1.296893041569486815e+00,8.585000634193420410e-01
1.297073018537193256e+00,8.580000400543212891e-01
1.297252771262397131e+00,8.625000119209289551e-01
1.297432300303193786e+00,8.590000271797180176e-01
1.297611606215597568e+00,8.595000505447387695e-01
1.297790689553551813e+00,8.600000143051147461e-01
1.297969550868939947e+00,8.585000634193420410e-01
1.298148190711595484e+00,8.630000352859497070e-01
1.298326609629311346e+00,8.535000681877136230e-01
1.298504808167851410e+00,8.615000247955322266e-01
1.298682786870959172e+00,8.590000271797180176e-01
1.298860546280367956e+00,8.600000143051147461e-01
1.299038086935812020e+00,8.595000505447387695e-01
1.299215409375034325e+00,8.600000143051147461e-01
1.299392514133798748e+00,8.570000529289245605e-01
1.299569401745896968e+00,8.610000610351562500e-01
1.299746072743160896e+00,8.600000143051147461e-01
1.299922527655470228e+00,8.595000505447387695e-01
1.300098767010763323e+00,8.590000271797180176e-01
1.300274791335045643e+00,8.585000634193420410e-01
1.300450601152399965e+00,8.595000505447387695e-01
1.300626196984995264e+00,8.580000400543212891e-01
1.300801579353095816e+00,8.570000529289245605e-01
1.300976748775071856e+00,8.560000658035278320e-01
1.301151705767406686e+00,8.585000634193420410e-01
1.301326450844707550e+00,8.610000610351562500e-01
1.301500984519713189e+00,8.605000376701354980e-01
1.301675307303304718e+00,8.580000400543212891e-01
1.301849419704512512e+00,8.595000505447387695e-01
1.302023322230527080e+00,8.595000505447387695e-01
1.302197015386707069e+00,8.600000143051147461e-01
1.302370499676586801e+00,8.600000143051147461e-01
1.302543775601888054e+00,8.590000271797180176e-01
1.302716843662525159e+00,8.600000143051147461e-01
1.302889704356617218e+00,8.590000271797180176e-01
1.303062358180493652e+00,8.540000319480895996e-01
1.303234805628704640e+00,8.600000143051147461e-01
1.303407047194029111e+00,8.620000481605529785e-01
1.303579083367482738e+00,8.570000529289245605e-01
1.303750914638327485e+00,8.565000295639038086e-01
1.303922541494078047e+00,8.595000505447387695e-01
1.304093964420512730e+00,8.555000424385070801e-01
1.304265183901678782e+00,8.625000119209289551e-01
1.304436200419903047e+00,8.600000143051147461e-01
1.304607014455799296e+00,8.615000247955322266e-01
1.304777626488275111e+00,8.590000271797180176e-01
1.304948036994542093e+00,8.610000610351562500e-01
1.305118246450122532e+00,8.600000143051147461e-01
1.305288255328857394e+00,8.605000376701354980e-01
1.305458064102914539e+00,8.605000376701354980e-01
1.305627673242796272e+00,8.590000271797180176e-01
1.305797083217348664e+00,8.625000119209289551e-01
1.305966294493766222e+00,8.555000424385070801e-01
1.306135307537602985e+00,8.590000271797180176e-01
1.306304122812778079e+00,8.600000143051147461e-01
1.306472740781583708e+00,8.595000505447387695e-01
1.306641161904693371e+00,8.600000143051147461e-01
1.306809386641169413e+00,8.585000634193420410e-01
1.306977415448469682e+00,8.630000352859497070e-01
1.307145248782455749e+00,8.600000143051147461e-01
1.307312887097399567e+00,8.590000271797180176e-01
1.307480330845992356e+00,8.635000586509704590e-01
1.307647580479349925e+00,8.590000271797180176e-01
1.307814636447021783e+00,8.600000143051147461e-01
1.307981499196996689e+00,8.620000481605529785e-01
1.308148169175711750e+00,8.590000271797180176e-01
1.308314646828057981e+00,8.555000424385070801e-01
1.308480932597388291e+00,8.615000247955322266e-01
1.308647026925523704e+00,8.610000610351562500e-01
1.308812930252762463e+00,8.605000376701354980e-01
1.308978643017884025e+00,8.595000505447387695e-01
1.309144165658158165e+00,8.575000166893005371e-01
1.309309498609351641e+00,8.595000505447387695e-01
1.309474642305734626e+00,8.590000271797180176e-01
1.309639597180087378e+00,8.595000505447387695e-01
1.309804363663707560e+00,8.575000166893005371e-01
1.309968942186416685e+00,8.615000247955322266e-01
1.310133333176567216e+00,8.595000505447387695e-01
1.310297537061049011e+00,8.605000376701354980e-01
1.310461554265295314e+00,8.605000376701354980e-01
1.310625385213290750e+00,8.590000271797180176e-01
1.310789030327576654e+00,8.590000271797180176e-01
1.310952490029259065e+00,8.600000143051147461e-01
1.311115764738012945e+00,8.605000376701354980e-01
1.311278854872090394e+00,8.600000143051147461e-01
1.311441760848327753e+00,8.585000634193420410e-01
1.311604483082149386e+00,8.595000505447387695e-01
1.311767021987576110e+00,8.625000119209289551e-01
1.311929377977231859e+00,8.610000610351562500e-01
1.312091551462347683e+00,8.585000634193420410e-01
1.312253542852770183e+00,8.600000143051147461e-01
1.312415352556966619e+00,8.585000634193420410e-01
1.312576980982031793e+00,8.600000143051147461e-01
1.312738428533693380e+00,8.590000271797180176e-01
1.312899695616318585e+00,8.620000481605529785e-01
1.313060782632920365e+00,8.595000505447387695e-01
1.313221689985162977e+00,8.550000190734863281e-01
1.313382418073367752e+00,8.600000143051147461e-01
1.313542967296520869e+00,8.350000381469726562e-01
1.313703338052276459e+00,8.125000596046447754e-01
1.313863530736964824e+00,8.380000591278076172e-01
1.314023545745597543e+00,8.275000452995300293e-01
1.314183383471873023e+00,8.185000419616699219e-01
1.314343044308182717e+00,8.095000386238098145e-01
1.314502528645616453e+00,8.170000314712524414e-01
1.314661836873968648e+00,8.360000252723693848e-01
1.314820969381744309e+00,8.260000348091125488e-01
1.314979926556163692e+00,8.125000596046447754e-01
1.315138708783168742e+00,8.215000629425048828e-01
1.315297316447428422e+00,8.455000519752502441e-01
1.315455749932344931e+00,8.470000624656677246e-01
1.315614009620057701e+00,8.060000538825988770e-01
1.315772095891450943e+00,8.180000185966491699e-01
1.315930009126157207e+00,8.260000348091125488e-01
1.316087749702564702e+00,8.335000276565551758e-01
1.316245317997821518e+00,8.440000414848327637e-01
1.316402714387841177e+00,8.255000114440917969e-01
1.316559939247307964e+00,8.190000653266906738e-01
1.316716992949683585e+00,8.415000438690185547e-01
1.316873875867210053e+00,8.190000653266906738e-01
1.317030588370917243e+00,8.105000257492065430e-01
1.317187130830626662e+00,8.410000205039978027e-01
1.317343503614957667e+00,8.165000677108764648e-01
1.317499707091332573e+00,8.135000467300415039e-01
1.317655741625980648e+00,8.100000619888305664e-01
1.317811607583944555e+00,8.490000367164611816e-01
1.317967305329085681e+00,7.995000481605529785e-01
1.318122835224087908e+00,8.155000209808349609e-01
1.318278197630463833e+00,8.395000696182250977e-01
1.318433392908558544e+00,8.185000419616699219e-01
1.318588421417556722e+00,8.075000643730163574e-01
1.318743283515485309e+00,8.365000486373901367e-01
1.318897979559220612e+00,8.350000381469726562e-01
1.319052509904490966e+00,8.465000391006469727e-01
1.319206874905883842e+00,8.100000619888305664e-01
1.319361074916848731e+00,8.375000357627868652e-01
1.319515110289704252e+00,8.125000596046447754e-01
1.319668981375640371e+00,8.320000171661376953e-01
1.319822688524725507e+00,8.280000686645507812e-01
1.319976232085910528e+00,8.295000195503234863e-01
1.320129612407032083e+00,8.380000591278076172e-01
1.320282829834820149e+00,8.025000095367431641e-01
1.320435884714900032e+00,8.265000581741333008e-01
1.320588777391798585e+00,8.195000290870666504e-01
1.320741508208948867e+00,8.380000591278076172e-01
1.320894077508693476e+00,8.195000290870666504e-01
1.321046485632290324e+00,8.115000128746032715e-01
1.321198732919917740e+00,8.295000195503234863e-01
1.321350819710677360e+00,8.220000267028808594e-01
1.321502746342599899e+00,8.510000109672546387e-01
1.321654513152648924e+00,8.570000529289245605e-01
1.321806120476726187e+00,8.565000295639038086e-01
1.321957568649675174e+00,8.595000505447387695e-01
1.322108858005285992e+00,8.615000247955322266e-01
1.322259988876300030e+00,8.630000352859497070e-01
1.322410961594413958e+00,8.615000247955322266e-01
1.322561776490284169e+00,8.595000505447387695e-01
1.322712433893531214e+00,8.600000143051147461e-01
1.322862934132744028e+00,8.615000247955322266e-01
1.323013277535484367e+00,8.610000610351562500e-01
1.323163464428290359e+00,8.630000352859497070e-01
1.323313495136682727e+00,8.600000143051147461e-01
1.323463369985166560e+00,8.610000610351562500e-01
1.323613089297236867e+00,8.600000143051147461e-01
1.323762653395382793e+00,8.595000505447387695e-01
1.323912062601091399e+00,8.595000505447387695e-01
1.324061317234852320e+00,8.610000610351562500e-01
1.324210417616160873e+00,8.545000553131103516e-01
1.324359364063523392e+00,8.585000634193420410e-01
1.324508156894460553e+00,8.610000610351562500e-01
1.324656796425510930e+00,8.610000610351562500e-01
1.324805282972237208e+00,8.600000143051147461e-01
1.324953616849227300e+00,8.605000376701354980e-01
1.325101798370100781e+00,8.585000634193420410e-01
1.325249827847511108e+00,8.605000376701354980e-01
1.325397705593150510e+00,8.605000376701354980e-01
1.325545431917754202e+00,8.590000271797180176e-01
1.325693007131103052e+00,8.600000143051147461e-01
1.325840431542028908e+00,8.585000634193420410e-01
1.325987705458417265e+00,8.595000505447387695e-01
1.326134829187212372e+00,8.595000505447387695e-01
1.326281803034420337e+00,8.570000529289245605e-01
1.326428627305112018e+00,8.580000400543212891e-01
1.326575302303428572e+00,8.605000376701354980e-01
1.326721828332584563e+00,8.530000448226928711e-01
1.326868205694871072e+00,8.345000147819519043e-01
1.327014434691661027e+00,8.370000123977661133e-01
1.327160515623410530e+00,8.275000452995300293e-01
1.327306448789665083e+00,8.400000333786010742e-01
1.327452234489060912e+00,8.135000467300415039e-01
1.327597873019330965e+00,8.290000557899475098e-01
1.327743364677307358e+00,8.275000452995300293e-01
1.327888709758924035e+00,8.260000348091125488e-01
1.328033908559222098e+00,8.265000581741333008e-01
1.328178961372353140e+00,8.390000462532043457e-01
1.328323868491581683e+00,8.285000324249267578e-01
1.328468630209289625e+00,8.290000557899475098e-01
1.328613246816980009e+00,8.355000615119934082e-01
1.328757718605279692e+00,8.015000224113464355e-01
1.328902045863943560e+00,8.175000548362731934e-01
1.329046228881857195e+00,8.240000605583190918e-01
1.329190267947041981e+00,8.315000534057617188e-01
1.329334163346656661e+00,8.265000581741333008e-01
1.329477915367001550e+00,8.415000438690185547e-01
1.329621524293522539e+00,8.335000276565551758e-01
1.329764990410813308e+00,8.230000138282775879e-01
1.329908314002619996e+00,8.275000452995300293e-01
1.330051495351843416e+00,8.050000667572021484e-01
1.330194534740543055e+00,8.535000681877136230e-01
1.330337432449940627e+00,8.215000629425048828e-01
1.330480188760422733e+00,8.260000348091125488e-01
1.330622803951544197e+00,8.405000567436218262e-01
1.330765278302031840e+00,8.200000524520874023e-01
1.330907612089787806e+00,8.280000686645507812e-01
1.331049805591892232e+00,8.155000209808349609e-01
1.331191859084606577e+00,8.230000138282775879e-01
1.331333772843377616e+00,8.295000195503234863e-01
1.331475547142839666e+00,8.240000605583190918e-01
1.331617182256818133e+00,8.310000300407409668e-01
1.331758678458333067e+00,8.415000438690185547e-01
1.331900036019601608e+00,8.480000495910644531e-01
1.332041255212041753e+00,8.250000476837158203e-01
1.332182336306275694e+00,8.260000348091125488e-01
1.332323279572131147e+00,8.360000252723693848e-01
1.332464085278646904e+00,8.365000486373901367e-01
1.332604753694075050e+00,8.160000443458557129e-01
1.332745285085882525e+00,8.240000605583190918e-01
1.332885679720756444e+00,8.440000414848327637e-01
1.333025937864605437e+00,8.290000557899475098e-01
1.333166059782564083e+00,8.355000615119934082e-01
1.333306045738994472e+00,8.360000252723693848e-01
1.333445895997490638e+00,8.155000209808349609e-01
1.333585610820879452e+00,8.265000581741333008e-01
1.333725190471226618e+00,8.275000452995300293e-01
1.333864635209837113e+00,8.230000138282775879e-01
1.334003945297258298e+00,8.415000438690185547e-01
1.334143120993285025e+00,8.220000267028808594e-01
1.334282162556959861e+00,8.015000224113464355e-01
1.334421070246577079e+00,8.315000534057617188e-01
1.334559844319686217e+00,8.360000252723693848e-01
1.334698485033094073e+00,8.220000267028808594e-01
1.334836992642867814e+00,8.160000443458557129e-01
1.334975367404337643e+00,8.395000696182250977e-01
1.335113609572099458e+00,8.265000581741333008e-01
1.335251719400018633e+00,8.150000572204589844e-01
1.335389697141232235e+00,8.365000486373901367e-01
1.335527543048151022e+00,8.080000281333923340e-01
1.335665257372463444e+00,8.170000314712524414e-01
1.335802840365137634e+00,7.965000271797180176e-01
1.335940292276424524e+00,8.385000228881835938e-01
1.336077613355860505e+00,8.065000176429748535e-01
1.336214803852270094e+00,8.280000686645507812e-01
1.336351864013768154e+00,8.220000267028808594e-01
1.336488794087763887e+00,8.375000357627868652e-01
1.336625594320962174e+00,8.185000419616699219e-01
1.336762264959367119e+00,8.200000524520874023e-01
1.336898806248283611e+00,8.060000538825988770e-01
1.337035218432321537e+00,8.030000329017639160e-01
1.337171501755396896e+00,8.185000419616699219e-01
1.337307656460736016e+00,8.240000605583190918e-01
1.337443682790875998e+00,8.275000452995300293e-01
1.337579580987669825e+00,8.420000672340393066e-01
1.337715351292286359e+00,8.365000486373901367e-01
1.337850993945215450e+00,8.375000357627868652e-01
1.337986509186268824e+00,8.030000329017639160e-01
1.338121897254582526e+00,8.070000410079956055e-01
1.338257158388620693e+00,8.275000452995300293e-01
1.338392292826176666e+00,8.290000557899475098e-01
1.338527300804377207e+00,8.480000495910644531e-01
1.338662182559683167e+00,8.165000677108764648e-01
1.338796938327893038e+00,8.005000352859497070e-01
1.338931568344144951e+00,8.300000429153442383e-01
1.339066072842920008e+00,8.230000138282775879e-01
1.339200452058043611e+00,8.155000209808349609e-01
1.339334706222688132e+00,8.110000491142272949e-01
1.339468835569376015e+00,8.355000615119934082e-01
1.339602840329981781e+00,8.115000128746032715e-01
1.339736720735734465e+00,8.405000567436218262e-01
1.339870477017219619e+00,8.305000662803649902e-01
1.340004109404381971e+00,8.270000219345092773e-01
1.340137618126528762e+00,8.430000543594360352e-01
1.340271003412329742e+00,8.025000095367431641e-01
1.340404265489822722e+00,8.350000381469726562e-01
1.340537404586412684e+00,8.425000309944152832e-01
1.340670420928876228e+00,8.310000300407409668e-01
1.340803314743363783e+00,8.100000619888305664e-01
1.340936086255400062e+00,8.235000371932983398e-01
1.341068735689889158e+00,8.250000476837158203e-01
1.341201263271114108e+00,8.265000581741333008e-01
1.341333669222741554e+00,8.280000686645507812e-01
1.341465953767822183e+00,8.225000500679016113e-01
1.341598117128793843e+00,8.130000233650207520e-01
1.341730159527483535e+00,8.280000686645507812e-01
1.341862081185110078e+00,8.215000629425048828e-01
1.341993882322285669e+00,8.420000672340393066e-01
1.342125563159018098e+00,8.520000576972961426e-01
1.342257123914714301e+00,8.115000128746032715e-01
1.342388564808180140e+00,8.285000324249267578e-01
1.342519886057625511e+00,8.295000195503234863e-01
1.342651087880663674e+00,8.325000405311584473e-01
1.342782170494315697e+00,8.335000276565551758e-01
1.342913134115010454e+00,8.235000371932983398e-01
1.343043978958589291e+00,8.415000438690185547e-01
1.343174705240306022e+00,8.175000548362731934e-01
1.343305313174829818e+00,8.240000605583190918e-01
1.343435802976248095e+00,8.345000147819519043e-01
1.343566174858066509e+00,8.300000429153442383e-01
1.343696429033214068e+00,8.155000209808349609e-01
1.343826565714042243e+00,8.300000429153442383e-01
1.343956585112329183e+00,8.075000643730163574e-01
1.344086487439280386e+00,8.155000209808349609e-01
1.344216272905531806e+00,8.265000581741333008e-01
1.344345941721151183e+00,7.900000214576721191e-01
1.344475494095640711e+00,8.275000452995300293e-01
1.344604930237937923e+00,8.225000500679016113e-01
1.344734250356419247e+00,8.130000233650207520e-01
1.344863454658901336e+00,8.055000305175781250e-01
1.344992543352642178e+00,8.100000619888305664e-01
1.345121516644344650e+00,8.105000257492065430e-01
1.345250374740157184e+00,8.200000524520874023e-01
1.345379117845676653e+00,8.215000629425048828e-01
1.345507746165950591e+00,8.250000476837158203e-01
1.345636259905477194e+00,8.160000443458557129e-01
1.345764659268209984e+00,8.270000219345092773e-01
1.345892944457557805e+00,8.530000448226928711e-01
1.346021115676387270e+00,8.190000653266906738e-01
1.346149173127024756e+00,8.255000114440917969e-01
1.346277117011259072e+00,8.250000476837158203e-01
1.346404947530341456e+00,8.450000286102294922e-01
1.346532664884989794e+00,8.040000200271606445e-01
1.346660269275388844e+00,8.080000281333923340e-01
1.346787760901192232e+00,8.380000591278076172e-01
1.346915139961525565e+00,8.330000638961791992e-01
1.347042406654987090e+00,8.115000128746032715e-01
1.347169561179649921e+00,8.370000123977661133e-01
1.347296603733064035e+00,8.210000395774841309e-01
1.347423534512257826e+00,8.150000572204589844e-01
1.347550353713740101e+00,8.370000123977661133e-01
1.347677061533501863e+00,8.135000467300415039e-01
1.347803658167018748e+00,8.325000405311584473e-01
1.347930143809251247e+00,8.430000543594360352e-01
1.348056518654648261e+00,8.055000305175781250e-01
1.348182782897148435e+00,8.260000348091125488e-01
1.348308936730180152e+00,8.210000395774841309e-01
1.348434980346666645e+00,8.170000314712524414e-01
1.348560913939024886e+00,8.220000267028808594e-01
1.348686737699168248e+00,8.245000243186950684e-01
1.348812451818509395e+00,8.285000324249267578e-01
1.348938056487960280e+00,7.975000143051147461e-01
1.349063551897934810e+00,8.095000386238098145e-01
1.349188938238350177e+00,8.215000629425048828e-01
1.349314215698629082e+00,8.275000452995300293e-01
1.349439384467701508e+00,8.250000476837158203e-01
1.349564444734005830e+00,8.365000486373901367e-01
1.349689396685490372e+00,8.295000195503234863e-01
1.349814240509616292e+00,8.165000677108764648e-01
1.349938976393357803e+00,8.115000128746032715e-01
1.350063604523205063e+00,8.395000696182250977e-01
1.350188125085165503e+00,8.265000581741333008e-01
1.350312538264764273e+00,8.405000567436218262e-01
1.350436844247048462e+00,8.250000476837158203e-01
1.350561043216586210e+00,8.270000219345092773e-01
1.350685135357469591e+00,8.235000371932983398e-01
1.350809120853316170e+00,8.375000357627868652e-01
1.350932999887270558e+00,8.185000419616699219e-01
1.351056772642005965e+00,8.270000219345092773e-01
1.351180439299725755e+00,8.380000591278076172e-01
1.351304000042165221e+00,8.055000305175781250e-01
1.351427455050592696e+00,8.360000252723693848e-01
1.351550804505812664e+00,8.415000438690185547e-01
1.351674048588164867e+00,8.185000419616699219e-01
1.351797187477528084e+00,8.150000572204589844e-01
1.351920221353320795e+00,8.300000429153442383e-01
1.352043150394502957e+00,8.305000662803649902e-01
1.352165974779576896e+00,8.150000572204589844e-01
1.352288694686590409e+00,8.270000219345092773e-01
1.352411310293135882e+00,8.185000419616699219e-01
1.352533821776354728e+00,8.290000557899475098e-01
1.352656229312936498e+00,8.275000452995300293e-01
1.352778533079121992e+00,8.450000286102294922e-01
1.352900733250703480e+00,8.480000495910644531e-01
1.353022830003027810e+00,8.220000267028808594e-01
1.353144823510996408e+00,8.250000476837158203e-01
1.353266713949067057e+00,8.290000557899475098e-01
1.353388501491256779e+00,8.355000615119934082e-01
1.353510186311141616e+00,8.240000605583190918e-01
1.353631768581858186e+00,8.350000381469726562e-01
1.353753248476106785e+00,8.250000476837158203e-01
1.353874626166151840e+00,8.165000677108764648e-01
1.353995901823822345e+00,8.095000386238098145e-01
1.354117075620514976e+00,8.350000381469726562e-01
1.354238147727194752e+00,8.215000629425048828e-01
1.354359118314397259e+00,8.280000686645507812e-01
1.354479987552228204e+00,8.285000324249267578e-01
1.354600755610367191e+00,8.240000605583190918e-01
1.354721422658067720e+00,8.350000381469726562e-01
1.354841988864158520e+00,8.165000677108764648e-01
1.354962454397046212e+00,8.445000648498535156e-01
1.355082819424715312e+00,8.260000348091125488e-01
1.355203084114730450e+00,8.130000233650207520e-01
1.355323248634237476e+00,8.365000486373901367e-01
1.355443313149965023e+00,8.105000257492065430e-01
1.355563277828225610e+00,8.135000467300415039e-01
1.355683142834917865e+00,7.910000085830688477e-01
1.355802908335526080e+00,8.395000696182250977e-01
1.355922574495123767e+00,8.105000257492065430e-01
1.356042141478373431e+00,8.325000405311584473e-01
1.356161609449529015e+00,8.360000252723693848e-01
1.356280978572436791e+00,8.230000138282775879e-01
1.356400249010535353e+00,8.275000452995300293e-01
1.356519420926860509e+00,8.145000338554382324e-01
1.356638494484042168e+00,8.155000209808349609e-01
1.356757469844309227e+00,8.140000104904174805e-01
1.356876347169489572e+00,8.230000138282775879e-01
1.356995126621010517e+00,8.490000367164611816e-01
1.357113808359901697e+00,8.345000147819519043e-01
1.357232392546795063e+00,8.125000596046447754e-01
1.357350879341927774e+00,8.265000581741333008e-01
1.357469268905141968e+00,8.275000452995300293e-01
1.357587561395885656e+00,8.435000181198120117e-01
1.357705756973216937e+00,8.225000500679016113e-01
1.357823855795801560e+00,8.475000262260437012e-01
1.357941858021916470e+00,8.015000224113464355e-01
1.358059763809451148e+00,7.975000143051147461e-01
1.358177573315907605e+00,8.510000109672546387e-01
1.358295286698402382e+00,7.940000295639038086e-01
1.358412904113668107e+00,8.190000653266906738e-01
1.358530425718053936e+00,8.275000452995300293e-01
1.358647851667527773e+00,8.290000557899475098e-01
1.358765182117676495e+00,8.430000543594360352e-01
1.358882417223707950e+00,8.030000329017639160e-01
1.358999557140451619e+00,8.390000462532043457e-01
1.359116602022360842e+00,8.445000648498535156e-01
1.359233552023512370e+00,8.320000171661376953e-01
1.359350407297609475e+00,8.220000267028808594e-01
1.359467167997981507e+00,8.435000181198120117e-01
1.359583834277586556e+00,8.255000114440917969e-01
1.359700406289011454e+00,8.295000195503234863e-01
1.359816884184473107e+00,8.280000686645507812e-01
