# kappa, training_loss
0.000000000000000000e+00,1.249998658895492554e-01
3.460137418959476352e-01,1.249989196658134460e-01
4.393056824028850893e-01,1.249991208314895630e-01
4.954947634358760622e-01,1.249979510903358459e-01
5.358309435311754410e-01,1.249957978725433350e-01
5.673186484581462796e-01,1.249968558549880981e-01
5.931500975062048431e-01,1.249970421195030212e-01
6.150512549104686366e-01,1.249955445528030396e-01
6.340616782089967263e-01,1.249971985816955566e-01
6.508562472391941078e-01,1.249934956431388855e-01
6.658980159419931599e-01,1.249775514006614685e-01
6.795185235335128304e-01,1.249853596091270447e-01
6.919633184143703097e-01,1.249668598175048828e-01
7.034193438063888193e-01,1.249701008200645447e-01
7.140322209127487607e-01,1.249592751264572144e-01
7.239175960600000570e-01,1.249440982937812805e-01
7.331688418650446071e-01,1.249400302767753601e-01
7.418624337342119013e-01,1.249452531337738037e-01
7.500617960308346710e-01,1.249236464500427246e-01
7.578201125771246716e-01,1.249110922217369080e-01
7.651824191085415672e-01,1.249054893851280212e-01
7.721871871621509564e-01,1.248306557536125183e-01
7.788675408751778440e-01,1.247704774141311646e-01
7.852522042811499459e-01,1.247699037194252014e-01
7.913662477043462706e-01,1.246220618486404419e-01
7.972316823073312131e-01,1.247461512684822083e-01
8.028679384169344901e-01,1.245704218745231628e-01
8.082922538686557745e-01,1.248406693339347839e-01
8.135199919476636676e-01,1.246489137411117554e-01
8.185649037081993429e-01,1.242013275623321533e-01
8.234393459544562255e-01,1.243321672081947327e-01
8.281544635828140821e-01,1.241487935185432434e-01
8.327203430566616493e-01,1.240491047501564026e-01
8.371461423300612381e-01,1.236034110188484192e-01
8.414402014282241771e-01,1.236239150166511536e-01
8.456101370409087048e-01,1.227545291185379028e-01
8.496629238245547722e-01,1.238875687122344971e-01
8.536049645930935403e-01,1.231555193662643433e-01
8.574421511713120614e-01,1.225993484258651733e-01
8.611799173628137405e-01,1.221347004175186157e-01
8.648232852278135985e-01,1.217939928174018860e-01
8.683769056598450442e-01,1.218295171856880188e-01
8.718450940839491681e-01,1.212854608893394470e-01
8.752318619637018404e-01,1.211731061339378357e-01
8.785409446940364298e-01,1.200374066829681396e-01
8.817758263662285323e-01,1.206613034009933472e-01
8.849397618167283985e-01,1.196263059973716736e-01
8.880357963096588980e-01,1.196449249982833862e-01
8.910667831513391368e-01,1.178459450602531433e-01
8.940353994922084491e-01,1.183083057403564453e-01
8.969441605354704361e-01,1.183275729417800903e-01
8.997954323414303346e-01,1.185119897127151489e-01
9.025914433908569512e-01,1.173626258969306946e-01
9.053342950489536856e-01,1.154044196009635925e-01
9.080259710530356188e-01,1.151029542088508606e-01
9.106683461312158334e-01,1.157128661870956421e-01
9.132631938459003784e-01,1.151663810014724731e-01
9.158121937442779137e-01,1.147145256400108337e-01
9.183169378880122746e-01,1.131977438926696777e-01
9.207789368257049967e-01,1.137773096561431885e-01
9.231996250642416912e-01,1.145735308527946472e-01
9.255803660886396944e-01,1.146253347396850586e-01
9.279224569743863560e-01,1.135536283254623413e-01
9.302271326313285016e-01,1.127278804779052734e-01
9.324955697138818111e-01,1.129773929715156555e-01
9.347288902285517675e-01,1.139008849859237671e-01
9.369281648664602447e-01,1.118090152740478516e-01
9.390944160856504741e-01,1.116292998194694519e-01
9.412286209653871749e-01,1.127892583608627319e-01
9.433317138523916734e-01,1.118964031338691711e-01
9.454045888169557710e-01,1.109436750411987305e-01
9.474481019350902145e-01,1.136987656354904175e-01
9.494630734112889936e-01,1.108738109469413757e-01
9.514502895550841499e-01,1.103512123227119446e-01
9.534105046233103398e-01,1.105213761329650879e-01
9.553444425388812888e-01,1.117676571011543274e-01
9.572527984958805192e-01,1.098304167389869690e-01
9.591362404598725577e-01,1.106540411710739136e-01
9.609954105715345918e-01,1.093373522162437439e-01
9.628309264609924423e-01,1.088357418775558472e-01
9.646433824795906942e-01,1.113157123327255249e-01
9.664333508552435115e-01,1.109267249703407288e-01
9.682013827769875292e-01,1.095945760607719421e-01
9.699480094138770436e-01,1.090371832251548767e-01
9.716737428729382842e-01,1.112854555249214172e-01
9.733790771005006448e-01,1.094816476106643677e-01
9.750644887308782538e-01,1.109736040234565735e-01
9.767304378860460767e-01,1.091375127434730530e-01
9.783773689296716425e-01,1.119387522339820862e-01
9.800057111785889230e-01,1.078613549470901489e-01
9.816158795745688614e-01,1.094769313931465149e-01
9.832082753190128921e-01,1.072305589914321899e-01
9.847832864730000635e-01,1.101430431008338928e-01
9.863412885249323026e-01,1.075588688254356384e-01
9.878826449278540478e-01,1.087445169687271118e-01
9.894077076083724887e-01,1.098347231745719910e-01
9.909168174489564329e-01,1.069446727633476257e-01
9.924103047452734749e-01,1.084938645362854004e-01
9.938884896400932423e-01,1.109037324786186218e-01
9.953516825351889086e-01,1.063207536935806274e-01
9.968001844825588043e-01,1.081588864326477051e-01
9.982342875562021378e-01,1.057626754045486450e-01
9.996542752055985748e-01,1.084524765610694885e-01
1.001060422591961041e+00,1.084409356117248535e-01
1.002452996908257843e+00,1.069556400179862976e-01
1.003832257683938245e+00,1.068202182650566101e-01
1.005198457075228813e+00,1.049062311649322510e-01
1.006551840141812093e+00,1.070665717124938965e-01
1.007892645110648466e+00,1.068452894687652588e-01
1.009221103627651717e+00,1.046154350042343140e-01
1.010537440997880676e+00,1.075856238603591919e-01
1.011841876414873997e+00,1.050936579704284668e-01
1.013134623179707594e+00,1.049591973423957825e-01
1.014415888910326968e+00,1.050984337925910950e-01
1.015685875741662247e+00,1.041866764426231384e-01
1.016944780517015534e+00,1.017133966088294983e-01
1.018192794971166659e+00,1.084439605474472046e-01
1.019430105905629214e+00,1.061321496963500977e-01
1.020656895356452765e+00,1.012436971068382263e-01
1.021873340754953396e+00,1.065246090292930603e-01
1.023079615081721183e+00,1.006381958723068237e-01
1.024275887014245212e+00,1.036174595355987549e-01
1.025462321068465688e+00,1.020077764987945557e-01
1.026639077734556205e+00,1.023659110069274902e-01
1.027806313607208866e+00,1.047446802258491516e-01
1.028964181510695575e+00,1.166402399539947510e-01
1.030112830618946651e+00,1.005143076181411743e-01
1.031252406570889457e+00,1.023326441645622253e-01
1.032383051581266198e+00,1.063474267721176147e-01
1.033504904547143610e+00,9.907458722591400146e-02
1.034618101150312386e+00,9.947121888399124146e-02
1.035722773955766840e+00,9.862764179706573486e-02
1.036819052506443128e+00,1.013548672199249268e-01
1.037907063414384101e+00,1.022991910576820374e-01
1.038986930448493329e+00,1.004352644085884094e-01
1.040058774619027737e+00,1.063491553068161011e-01
1.041122714258976734e+00,1.035660654306411743e-01
1.042178865102459939e+00,9.357202053070068359e-02
1.043227340360278532e+00,1.026147529482841492e-01
1.044268250792739217e+00,1.017953231930732727e-01
1.045301704779871166e+00,9.992514550685882568e-02
1.046327808389144520e+00,1.006695926189422607e-01
1.047346665440798796e+00,1.017768830060958862e-01
1.048358377570879796e+00,9.836219996213912964e-02
1.049363044292082492e+00,9.880346059799194336e-02
1.050360763052489155e+00,9.845744073390960693e-02
1.051351629292289536e+00,9.689278155565261841e-02
1.052335736498570151e+00,9.989573806524276733e-02
1.053313176258242168e+00,9.655854851007461548e-02
1.054284038309192706e+00,9.972395002841949463e-02
1.055248410589725072e+00,1.002184599637985229e-01
1.056206379286356523e+00,9.759125858545303345e-02
1.057158028880040845e+00,9.933881461620330811e-02
1.058103442190875709e+00,9.773095697164535522e-02
1.059042700421355399e+00,1.018868535757064819e-01
1.059975883198223778e+00,9.341066330671310425e-02
1.060903068612982558e+00,9.329592436552047729e-02
1.061824333261107256e+00,9.335473179817199707e-02
1.062739752280017047e+00,1.019837409257888794e-01
1.063649399385848682e+00,9.880243986845016479e-02
1.064553346909078879e+00,9.611950069665908813e-02
1.065451665829036498e+00,9.502859413623809814e-02
1.066344425807347340e+00,9.454391896724700928e-02
1.067231695220350662e+00,9.548874944448471069e-02
1.068113541190524485e+00,9.361796081066131592e-02
1.068990029616957216e+00,9.766382724046707153e-02
1.069861225204897792e+00,9.487845003604888916e-02
1.070727191494420083e+00,9.317068755626678467e-02
1.071587990888232200e+00,9.321931749582290649e-02
1.072443684678659803e+00,9.768287092447280884e-02
1.073294333073835594e+00,9.552820026874542236e-02
1.074139995223119870e+00,9.341723471879959106e-02
1.074980729241781230e+00,9.404408931732177734e-02
1.075816592234961844e+00,9.984906762838363647e-02
1.076647640320951949e+00,1.058193147182464600e-01
1.077473928653799984e+00,9.190528839826583862e-02
1.078295511445275690e+00,9.450647979974746704e-02
1.079112441986214366e+00,9.326262027025222778e-02
1.079924772667258281e+00,9.093943983316421509e-02
1.080732554999018102e+00,9.478207677602767944e-02
1.081535839631672768e+00,9.210076183080673218e-02
1.082334676374028248e+00,9.336757659912109375e-02
1.083129114212047828e+00,9.843167662620544434e-02
1.083919201326879467e+00,9.684010595083236694e-02
1.084704985112389108e+00,9.230136126279830933e-02
1.085486512192220809e+00,9.226752072572708130e-02
1.086263828436395906e+00,9.105888009071350098e-02
1.087036978977467871e+00,9.716881066560745239e-02
1.087806008226247512e+00,9.684027731418609619e-02
1.088570959887110279e+00,8.920349180698394775e-02
1.089331876972899682e+00,9.176527708768844604e-02
1.090088801819440789e+00,9.519758820533752441e-02
1.090841776099674254e+00,9.329360723495483398e-02
1.091590840837423304e+00,9.061241149902343750e-02
1.092336036420805234e+00,9.350396692752838135e-02
1.093077402615299176e+00,9.654520452022552490e-02
1.093814978576478802e+00,9.110813587903976440e-02
1.094548802862421288e+00,9.099313616752624512e-02
1.095278913445802971e+00,9.115700423717498779e-02
1.096005347725689472e+00,9.680712223052978516e-02
1.096728142539031170e+00,9.460049122571945190e-02
1.097447334171872457e+00,9.598721563816070557e-02
1.098162958370282549e+00,9.295874089002609253e-02
1.098875050351015181e+00,9.300576150417327881e-02
1.099583644811910066e+00,9.317163378000259399e-02
1.100288775942035668e+00,9.384545683860778809e-02
1.100990477431589287e+00,9.630752354860305786e-02
1.101688782481554441e+00,9.300190955400466919e-02
1.102383723813129102e+00,9.426581859588623047e-02
1.103075333676923231e+00,8.626352995634078979e-02
1.103763643861941590e+00,9.643817692995071411e-02
1.104448685704350508e+00,9.030831605195999146e-02
1.105130490096038143e+00,8.912791311740875244e-02
1.105809087492974019e+00,8.808525651693344116e-02
1.106484507923371163e+00,9.103298932313919067e-02
1.107156780995661505e+00,9.203900396823883057e-02
1.107825935906281423e+00,9.098973870277404785e-02
1.108492001447281883e+00,9.704151749610900879e-02
1.109155006013762490e+00,9.066276252269744873e-02
1.109814977611133235e+00,8.934950083494186401e-02
1.110471943862214372e+00,8.821348845958709717e-02
1.111125932014173090e+00,9.004676342010498047e-02
1.111776968945304089e+00,9.349224716424942017e-02
1.112425081171658947e+00,8.883924782276153564e-02
1.113070294853524933e+00,8.839493989944458008e-02
1.113712635801762607e+00,9.225085377693176270e-02
1.114352129484000420e+00,8.799034357070922852e-02
1.114988801030693644e+00,9.177418798208236694e-02
1.115622675241050743e+00,8.919975161552429199e-02
1.116253776588828517e+00,8.708029985427856445e-02
1.116882129228003118e+00,8.836682885885238647e-02
1.117507756998316060e+00,9.452418237924575806e-02
1.118130683430702321e+00,9.126730263233184814e-02
1.118750931752600541e+00,9.091002494096755981e-02
1.119368524893149086e+00,8.872235566377639771e-02
1.119983485488273978e+00,8.659563213586807251e-02
1.120595835885665581e+00,8.817724883556365967e-02
1.121205598149652038e+00,8.630821108818054199e-02
1.121812794065969898e+00,8.998916298151016235e-02
1.122417445146434378e+00,9.506319463253021240e-02
1.123019572633513041e+00,8.457116782665252686e-02
1.123619197504801992e+00,8.602452278137207031e-02
1.124216340477413700e+00,8.942244201898574829e-02
1.124811022012269346e+00,9.497496485710144043e-02
1.125403262318307895e+00,9.154325723648071289e-02
1.125993081356605030e+00,8.588816225528717041e-02
1.126580498844411471e+00,8.614483475685119629e-02
1.127165534259106927e+00,9.389591217041015625e-02
1.127748206842075662e+00,8.935154974460601807e-02
1.128328535602503679e+00,8.646055310964584351e-02
1.128906539321100411e+00,9.484611451625823975e-02
1.129482236553744467e+00,9.103877097368240356e-02
1.130055645635058781e+00,8.732909709215164185e-02
1.130626784681914909e+00,8.894481509923934937e-02
1.131195671596866070e+00,8.318773657083511353e-02
1.131762324071515780e+00,8.952765166759490967e-02
1.132326759589818321e+00,9.062238037586212158e-02
1.132888995431315937e+00,8.865013718605041504e-02
1.133449048674312509e+00,9.023219347000122070e-02
1.134006936198987514e+00,8.710626512765884399e-02
1.134562674690447137e+00,8.664204925298690796e-02
1.135116280641720099e+00,8.984626084566116333e-02
1.135667770356693307e+00,9.288126230239868164e-02
1.136217159952994216e+00,8.706404268741607666e-02
1.136764465364815679e+00,8.781334757804870605e-02
1.137309702345690843e+00,9.226667881011962891e-02
1.137852886471212077e+00,8.696270734071731567e-02
1.138394033141702621e+00,8.278646320104598999e-02
1.138933157584834710e+00,9.299365431070327759e-02
1.139470274858201515e+00,8.732153475284576416e-02
1.140005399851841128e+00,8.417763561010360718e-02
1.140538547290712357e+00,8.834675699472427368e-02
1.141069731737126780e+00,8.659546077251434326e-02
1.141598967593134839e+00,8.649428188800811768e-02
1.142126269102868852e+00,9.276260435581207275e-02
1.142651650354843618e+00,8.995248377323150635e-02
1.143175125284215277e+00,8.622221648693084717e-02
1.143696707674998203e+00,8.575733751058578491e-02
1.144216411162243929e+00,8.314137160778045654e-02
1.144734249234178769e+00,8.612117916345596313e-02
1.145250235234305469e+00,8.871936798095703125e-02
1.145764382363465561e+00,8.590193092823028564e-02
1.146276703681865961e+00,9.074903279542922974e-02
1.146787212111069598e+00,8.908673375844955444e-02
1.147295920435951189e+00,8.601207286119461060e-02
1.147802841306617250e+00,8.538191020488739014e-02
1.148307987240295258e+00,8.827518671751022339e-02
1.148811370623187278e+00,8.669015765190124512e-02
1.149313003712292502e+00,8.938445150852203369e-02
1.149812898637197600e+00,9.141439199447631836e-02
1.150311067401837084e+00,8.375857025384902954e-02
1.150807521886222595e+00,9.084834158420562744e-02
1.151302273848143543e+00,9.109907597303390503e-02
1.151795334924836434e+00,9.051696956157684326e-02
1.152286716634628894e+00,8.422961086034774780e-02
1.152776430378553041e+00,8.483120799064636230e-02
1.153264487441933550e+00,8.283881843090057373e-02
1.153750898995947738e+00,8.985303342342376709e-02
1.154235676099159003e+00,8.615987002849578857e-02
1.154718829699027394e+00,8.243694901466369629e-02
1.155200370633390872e+00,8.723258972167968750e-02
1.155680309631925251e+00,8.831182867288589478e-02
1.156158657317578387e+00,8.823432028293609619e-02
1.156635424207981044e+00,8.162975311279296875e-02
1.157110620716834237e+00,8.389002829790115356e-02
1.157584257155274576e+00,8.506285399198532104e-02
1.158056343733215865e+00,8.451671153306961060e-02
1.158526890560670708e+00,8.716505765914916992e-02
1.158995907649048807e+00,8.147318661212921143e-02
1.159463404912435935e+00,8.672416955232620239e-02
1.159929392168850049e+00,8.383192867040634155e-02
1.160393879141479401e+00,8.529630303382873535e-02
1.160856875459900461e+00,8.589131385087966919e-02
1.161318390661273403e+00,8.115780353546142578e-02
1.161778434191524711e+00,8.238570392131805420e-02
1.162237015406502927e+00,8.529124408960342407e-02
1.162694143573123506e+00,8.413756638765335083e-02
1.163149827870490594e+00,8.546740561723709106e-02
1.163604077391004132e+00,8.618572354316711426e-02
1.164056901141447886e+00,8.491732925176620483e-02
1.164508308044061247e+00,8.719662576913833618e-02
1.164958306937592836e+00,8.784370124340057373e-02
1.165406906578341450e+00,8.388742059469223022e-02
1.165854115641175692e+00,8.048120141029357910e-02
1.166299942720542493e+00,8.398710936307907104e-02
1.166744396331457656e+00,9.326364099979400635e-02
1.167187484910479967e+00,8.208880573511123657e-02
1.167629216816675308e+00,8.499384671449661255e-02
1.168069600332559688e+00,7.952345907688140869e-02
1.168508643665033375e+00,8.265716582536697388e-02
1.168946354946297506e+00,8.542364835739135742e-02
1.169382742234757355e+00,8.432325720787048340e-02
1.169817813515914517e+00,8.317526429891586304e-02
1.170251576703240870e+00,8.571997284889221191e-02
1.170684039639045215e+00,9.287144243717193604e-02
1.171115210095321268e+00,8.028212189674377441e-02
1.171545095774587875e+00,8.389417827129364014e-02
1.171973704310713238e+00,8.057994395494461060e-02
1.172401043269729382e+00,8.454145491123199463e-02
1.172827120150632396e+00,8.438553661108016968e-02
1.173251942386173141e+00,8.281569927930831909e-02
1.173675517343634400e+00,8.223590999841690063e-02
1.174097852325598046e+00,8.383076637983322144e-02
1.174518954570699547e+00,8.902858197689056396e-02
1.174938831254374039e+00,8.321778476238250732e-02
1.175357489489588181e+00,8.169457316398620605e-02
1.175774936327564690e+00,8.564274758100509644e-02
1.176191178758493106e+00,8.844090253114700317e-02
1.176606223712234334e+00,8.234544098377227783e-02
1.177020078059010766e+00,8.129058033227920532e-02
1.177432748610090396e+00,8.808679133653640747e-02
1.177844242118458506e+00,8.555729687213897705e-02
1.178254565279480026e+00,7.834674417972564697e-02
1.178663724731555895e+00,8.483309298753738403e-02
1.179071727056763441e+00,9.174893796443939209e-02
1.179478578781495202e+00,8.119764924049377441e-02
1.179884286377083980e+00,8.259678632020950317e-02
1.180288856260420127e+00,8.375932276248931885e-02
1.180692294794561059e+00,8.565417677164077759e-02
1.181094608289331438e+00,8.217491209506988525e-02
1.181495803001915368e+00,8.246583491563796997e-02
1.181895885137440372e+00,7.938661426305770874e-02
1.182294860849554041e+00,8.364240825176239014e-02
1.182692736240989584e+00,8.676964789628982544e-02
1.183089517364128929e+00,8.357087522745132446e-02
1.183485210221552508e+00,8.665701001882553101e-02
1.183879820766586377e+00,8.348499983549118042e-02
1.184273354903838005e+00,7.936253398656845093e-02
1.184665818489727185e+00,8.318202942609786987e-02
1.185057217333008284e+00,8.091878145933151245e-02
1.185447557195287382e+00,8.988496661186218262e-02
1.185836843791529205e+00,7.889957726001739502e-02
1.186225082790561824e+00,7.972885668277740479e-02
1.186612279815568938e+00,8.356541395187377930e-02
1.186998440444581249e+00,8.071675151586532593e-02
1.187383570210956751e+00,8.612638711929321289e-02
1.187767674603857460e+00,8.646717667579650879e-02
1.188150759068718365e+00,7.988300174474716187e-02
1.188532829007711067e+00,8.409731835126876831e-02
1.188913889780200517e+00,7.960313558578491211e-02
1.189293946703196214e+00,8.184786140918731689e-02
1.189673005051797405e+00,8.173365890979766846e-02
1.190051070059632288e+00,8.323295414447784424e-02
1.190428146919291441e+00,7.925010472536087036e-02
1.190804240782756152e+00,8.036620914936065674e-02
1.191179356761820296e+00,8.463311940431594849e-02
1.191553499928507787e+00,8.456153422594070435e-02
1.191926675315484019e+00,7.952540367841720581e-02
1.192298887916460881e+00,8.107399940490722656e-02
1.192670142686598878e+00,8.427455276250839233e-02
1.193040444542903700e+00,8.092071115970611572e-02
1.193409798364614582e+00,8.627206087112426758e-02
1.193778208993592216e+00,8.276791125535964966e-02
1.194145681234697998e+00,8.043974637985229492e-02
1.194512219856172175e+00,7.819300144910812378e-02
1.194877829590001994e+00,8.651775866746902466e-02
1.195242515132291627e+00,8.378441631793975830e-02
1.195606281143621441e+00,8.193318545818328857e-02
1.195969132249406375e+00,7.613682746887207031e-02
1.196331073040249660e+00,8.138965070247650146e-02
1.196692108072289429e+00,8.070852607488632202e-02
1.197052241867544664e+00,8.224912732839584351e-02
1.197411478914253591e+00,8.415375649929046631e-02
1.197769823667210742e+00,8.537027239799499512e-02
1.198127280548096696e+00,7.361333072185516357e-02
1.198483853945807143e+00,7.977771759033203125e-02
1.198839548216775519e+00,8.123099803924560547e-02
1.199194367685291640e+00,7.965650409460067749e-02
1.199548316643818113e+00,7.808006554841995239e-02
1.199901399353301645e+00,7.997739315032958984e-02
1.200253620043481240e+00,8.569204807281494141e-02
1.200604982913190621e+00,7.807688415050506592e-02
1.200955492130660440e+00,8.011504262685775757e-02
1.201305151833814922e+00,7.932498306035995483e-02
1.201653966130562523e+00,8.217278122901916504e-02
1.202001939099088812e+00,8.399232476949691772e-02
1.202349074788140015e+00,7.819090038537979126e-02
1.202695377217307238e+00,7.749225199222564697e-02
1.203040850377305349e+00,8.370976150035858154e-02
1.203385498230248096e+00,8.683414012193679810e-02
1.203729324709921444e+00,7.979571819305419922e-02
1.204072333722053356e+00,8.163781464099884033e-02
1.204414529144579138e+00,7.751833647489547729e-02
1.204755914827905228e+00,8.842656761407852173e-02
1.205096494595168544e+00,7.970828562974929810e-02
1.205436272242494056e+00,8.331431448459625244e-02
1.205775251539247694e+00,7.887627929449081421e-02
1.206113436228288815e+00,7.866877317428588867e-02
1.206450830026216003e+00,7.845265418291091919e-02
1.206787436623614429e+00,8.184519410133361816e-02
1.207123259685295880e+00,7.533891499042510986e-02
1.207458302850540122e+00,8.623661100864410400e-02
1.207792569733330712e+00,7.803338766098022461e-02
1.208126063922588145e+00,8.629436790943145752e-02
1.208458788982402110e+00,8.307038992643356323e-02
1.208790748452259756e+00,8.071836084127426147e-02
1.209121945847272173e+00,8.202455937862396240e-02
1.209452384658395774e+00,8.169504255056381226e-02
1.209782068352655449e+00,7.891947031021118164e-02
1.210111000373361501e+00,8.081872761249542236e-02
1.210439184140325475e+00,8.391416817903518677e-02
1.210766623050074209e+00,7.426551729440689087e-02
1.211093320476059443e+00,8.645714074373245239e-02
1.211419279768868318e+00,8.149648457765579224e-02
1.211744504256427879e+00,7.573664933443069458e-02
1.212068997244208690e+00,8.538038283586502075e-02
1.212392762015428671e+00,7.943505793809890747e-02
1.212715801831249607e+00,8.281946927309036255e-02
1.213038119930976544e+00,8.236072957515716553e-02
1.213359719532251635e+00,8.213694393634796143e-02
1.213680603831246207e+00,7.470529526472091675e-02
1.214000776002852833e+00,7.867629081010818481e-02
1.214320239200873175e+00,8.173706382513046265e-02
1.214638996558203399e+00,8.019485324621200562e-02
1.214957051187020465e+00,7.992979139089584351e-02
1.215274406178963096e+00,8.327902108430862427e-02
1.215591064605311633e+00,7.900532335042953491e-02
1.215907029517168114e+00,7.599195837974548340e-02
1.216222303945631467e+00,8.103040605783462524e-02
1.216536890901971812e+00,7.911200821399688721e-02
1.216850793377803663e+00,8.607118576765060425e-02
1.217164014345256673e+00,7.684005051851272583e-02
1.217476556757143724e+00,7.713630795478820801e-02
1.217788423547128795e+00,7.719580084085464478e-02
1.218099617629891496e+00,7.698411494493484497e-02
1.218410141901290711e+00,8.410906791687011719e-02
1.218719999238527363e+00,7.554071396589279175e-02
1.219029192500302061e+00,7.726918160915374756e-02
1.219337724526975864e+00,7.654960453510284424e-02
1.219645598140724596e+00,7.749536633491516113e-02
1.219952816145696062e+00,7.962170243263244629e-02
1.220259381328161030e+00,7.863444834947586060e-02
1.220565296456666227e+00,8.750797063112258911e-02
1.220870564282183990e+00,7.620510458946228027e-02
1.221175187538260598e+00,7.416290044784545898e-02
1.221479168941163707e+00,7.753464579582214355e-02
1.221782511190026232e+00,7.965885102748870850e-02
1.222085216966992682e+00,7.620062679052352905e-02
1.222387288937358374e+00,7.367660850286483765e-02
1.222688729749712433e+00,7.684875279664993286e-02
1.222989542036076127e+00,7.935687154531478882e-02
1.223289728412042088e+00,7.502669841051101685e-02
1.223589291476908869e+00,7.905074954032897949e-02
1.223888233813816617e+00,9.402473270893096924e-02
1.224186557989882296e+00,7.771710306406021118e-02
1.224484266556329137e+00,7.732725888490676880e-02
1.224781362048620093e+00,7.664872705936431885e-02
1.225077846986586172e+00,7.756353914737701416e-02
1.225373723874555232e+00,7.974694669246673584e-02
1.225668995201477429e+00,7.752867043018341064e-02
1.225963663441053120e+00,7.828064262866973877e-02
1.226257731051855870e+00,7.906714081764221191e-02
1.226551200477455028e+00,7.815870642662048340e-02
1.226844074146538954e+00,8.094331622123718262e-02
1.227136354473034485e+00,7.634649425745010376e-02
1.227428043856227280e+00,7.728952169418334961e-02
1.227719144680878838e+00,7.836166024208068848e-02
1.228009659317344404e+00,7.809528708457946777e-02
1.228299590121688656e+00,7.733342051506042480e-02
1.228588939435799832e+00,7.709663361310958862e-02
1.228877709587503864e+00,7.925055176019668579e-02
1.229165902890676065e+00,7.686059921979904175e-02
1.229453521645353042e+00,7.612168788909912109e-02
1.229740568137842827e+00,8.477710187435150146e-02
1.230027044640832790e+00,7.409435510635375977e-02
1.230312953413499333e+00,7.908280193805694580e-02
1.230598296701613581e+00,7.351392507553100586e-02
1.230883076737647297e+00,7.603194564580917358e-02
1.231167295740878576e+00,7.559578865766525269e-02
1.231450955917494205e+00,8.544018864631652832e-02
1.231734059460694031e+00,7.666780054569244385e-02
1.232016608550791315e+00,7.703829556703567505e-02
1.232298605355313770e+00,8.144605904817581177e-02
1.232580052029104589e+00,7.873900234699249268e-02
1.232860950714419479e+00,7.706321775913238525e-02
1.233141303541025247e+00,7.337456941604614258e-02
1.233421112626297056e+00,7.474209368228912354e-02
1.233700380075313907e+00,7.688786089420318604e-02
1.233979107980953671e+00,7.411120831966400146e-02
1.234257298423987681e+00,7.823624461889266968e-02
1.234534953473172880e+00,8.309632539749145508e-02
1.234812075185345748e+00,7.305213809013366699e-02
1.235088665605511560e+00,7.741128653287887573e-02
1.235364726766937427e+00,8.044517785310745239e-02
1.235640260691239778e+00,7.927234470844268799e-02
1.235915269388474957e+00,7.845265418291091919e-02
1.236189754857225376e+00,8.223205804824829102e-02
1.236463719084688551e+00,7.698313891887664795e-02
1.236737164046762150e+00,7.565848529338836670e-02
1.237010091708129700e+00,7.642226666212081909e-02
1.237282504022345853e+00,7.174339890480041504e-02
1.237554402931919650e+00,7.483056187629699707e-02
1.237825790368397572e+00,7.964141666889190674e-02
1.238096668252447019e+00,7.809621095657348633e-02
1.238367038493936478e+00,7.521184533834457397e-02
1.238636902992016786e+00,7.423935830593109131e-02
1.238906263635201510e+00,7.829185575246810913e-02
1.239175122301445553e+00,7.369393110275268555e-02
1.239443480858224866e+00,8.435969799757003784e-02
1.239711341162612834e+00,7.367091625928878784e-02
1.239978705061358433e+00,7.418376952409744263e-02
1.240245574390962613e+00,7.186996191740036011e-02
1.240511950977753131e+00,7.845519483089447021e-02
1.240777836637960263e+00,7.555317878723144531e-02
1.241043233177790972e+00,7.587738335132598877e-02
1.241308142393502401e+00,7.232511043548583984e-02
1.241572566071475148e+00,7.629790902137756348e-02
1.241836505988284767e+00,7.346891611814498901e-02
1.242099963910774596e+00,7.992517203092575073e-02
1.242362941596125481e+00,7.451760023832321167e-02
1.242625440791927272e+00,7.836607843637466431e-02
1.242887463236247214e+00,7.818936556577682495e-02
1.243149010657699893e+00,7.325231283903121948e-02
1.243410084775515401e+00,7.316070050001144409e-02
1.243670687299607724e+00,7.384353131055831909e-02
1.243930819930640697e+00,7.364469021558761597e-02
1.244190484360095494e+00,7.565399259328842163e-02
1.244449682270336588e+00,7.451922446489334106e-02
1.244708415334676799e+00,7.242858409881591797e-02
1.244966685217442359e+00,7.611206918954849243e-02
1.245224493574037083e+00,7.474354654550552368e-02
1.245481842051006094e+00,7.720977067947387695e-02
1.245738732286098882e+00,7.990557700395584106e-02
1.245995165908331703e+00,7.747048884630203247e-02
1.246251144538049749e+00,7.129960507154464722e-02
1.246506669786987986e+00,7.684136927127838135e-02
1.246761743258333555e+00,7.551292330026626587e-02
1.247016366546784827e+00,7.609925419092178345e-02
1.247270541238610475e+00,7.580399513244628906e-02
1.247524268911711420e+00,6.964830309152603149e-02
1.247777551135677010e+00,7.290057092905044556e-02
1.248030389471844304e+00,7.881069928407669067e-02
1.248282785473356471e+00,7.555859535932540894e-02
1.248534740685218081e+00,7.150418311357498169e-02
1.248786256644354609e+00,7.762556523084640503e-02
1.249037334879666172e+00,7.738145440816879272e-02
1.249287976912085041e+00,6.996580958366394043e-02
1.249538184254629591e+00,7.588938623666763306e-02
1.249787958412459599e+00,7.122571021318435669e-02
1.250037300882931302e+00,7.129143923521041870e-02
1.250286213155650472e+00,7.316982001066207886e-02
1.250534696712525706e+00,7.970140129327774048e-02
1.250782753027821936e+00,7.376039028167724609e-02
1.251030383568212168e+00,7.361056655645370483e-02
1.251277589792830991e+00,8.061489462852478027e-02
1.251524373153323211e+00,7.015405595302581787e-02
1.251770735093899134e+00,7.654906064271926880e-02
1.252016677051381643e+00,7.016778737306594849e-02
1.252262200455258156e+00,7.486303150653839111e-02
1.252507306727730585e+00,6.882797181606292725e-02
1.252751997283763741e+00,7.699242979288101196e-02
1.252996273531135740e+00,7.707019895315170288e-02
1.253240136870485522e+00,7.052499055862426758e-02
1.253483588695361028e+00,7.564420253038406372e-02
1.253726630392268060e+00,7.945200055837631226e-02
1.253969263340716456e+00,7.626371085643768311e-02
1.254211488913267392e+00,7.716529816389083862e-02
1.254453308475580231e+00,7.604731619358062744e-02
1.254694723386459154e+00,7.154349982738494873e-02
1.254935734997898011e+00,7.357896119356155396e-02
1.255176344655125620e+00,7.012222707271575928e-02
1.255416553696652171e+00,7.455170899629592896e-02
1.255656363454312974e+00,7.295174896717071533e-02
1.255895775253312419e+00,8.366184681653976440e-02
1.256134790412269053e+00,7.625144720077514648e-02
1.256373410243257993e+00,6.965145468711853027e-02
1.256611636051854664e+00,7.334125787019729614e-02
1.256849469137177655e+00,7.203061133623123169e-02
1.257086910791931800e+00,7.620778679847717285e-02
1.257323962302448583e+00,7.433105260133743286e-02
1.257560624948730110e+00,7.527783513069152832e-02
1.257796900004489293e+00,6.750874221324920654e-02
1.258032788737190932e+00,7.349461317062377930e-02
1.258268292408093236e+00,7.193876802921295166e-02
1.258503412272287791e+00,7.425692677497863770e-02
1.258738149578739751e+00,7.885102182626724243e-02
1.258972505570327804e+00,7.746781408786773682e-02
1.259206481483883255e+00,7.625152170658111572e-02
1.259440078550229991e+00,7.420316338539123535e-02
1.259673297994222008e+00,7.383213937282562256e-02
1.259906141034783378e+00,7.282625138759613037e-02
1.260138608884945999e+00,7.056755572557449341e-02
1.260370702751886673e+00,7.561740279197692871e-02
1.260602423836966413e+00,7.148943841457366943e-02
1.260833773335765295e+00,7.803515344858169556e-02
1.261064752438122216e+00,6.674855202436447144e-02
1.261295362328170189e+00,7.037745416164398193e-02
1.261525604184372096e+00,7.804431766271591187e-02
1.261755479179558437e+00,7.480335980653762817e-02
1.261984988480961967e+00,8.128450065851211548e-02
1.262214133250253667e+00,7.188989967107772827e-02
1.262442914643577829e+00,7.154809683561325073e-02
1.262671333811588248e+00,7.003408670425415039e-02
1.262899391899480195e+00,7.125377655029296875e-02
1.263127090047028389e+00,7.670710980892181396e-02
1.263354429388618083e+00,7.239285856485366821e-02
1.263581411053281034e+00,7.305021584033966064e-02
1.263808036164728144e+00,7.443524152040481567e-02
1.264034305841382766e+00,7.070796936750411987e-02
1.264260221196414680e+00,6.927914917469024658e-02
1.264485783337772284e+00,7.737102359533309937e-02
1.264710993368215242e+00,6.926510483026504517e-02
1.264935852385346449e+00,8.003929257392883301e-02
1.265160361481645790e+00,7.353679090738296509e-02
1.265384521744499668e+00,7.190068811178207397e-02
1.265608334256234091e+00,7.298639416694641113e-02
1.265831800094145754e+00,7.267393171787261963e-02
1.266054920330533129e+00,7.019642740488052368e-02
1.266277696032727107e+00,7.361477613449096680e-02
1.266500128263121860e+00,7.334016263484954834e-02
1.266722218079205042e+00,7.305976748466491699e-02
1.266943966533588206e+00,7.500592619180679321e-02
1.267165374674037004e+00,7.066845893859863281e-02
1.267386443543499608e+00,7.047998160123825073e-02
1.267607174180138241e+00,7.420499622821807861e-02
1.267827567617356044e+00,7.065887749195098877e-02
1.268047624883828384e+00,7.735636085271835327e-02
1.268267347003529943e+00,7.267184555530548096e-02
1.268486734995764253e+00,7.231786847114562988e-02
1.268705789875191670e+00,8.648019284009933472e-02
1.268924512651858238e+00,6.661318242549896240e-02
1.269142904331222121e+00,6.900490820407867432e-02
1.269360965914182682e+00,7.338279485702514648e-02
1.269578698397108019e+00,7.431276887655258179e-02
1.269796102771861168e+00,7.234126329421997070e-02
1.270013180025828081e+00,6.976507604122161865e-02
1.270229931141944490e+00,7.133253663778305054e-02
1.270446357098722778e+00,7.609104365110397339e-02
1.270662458870277289e+00,7.443886250257492065e-02
1.270878237426352531e+00,7.256472110748291016e-02
1.271093693732347374e+00,7.455517351627349854e-02
1.271308828749342812e+00,7.087446749210357666e-02
1.271523643434125939e+00,6.801128387451171875e-02
1.271738138739216151e+00,7.641724497079849243e-02
1.271952315612892015e+00,6.806915998458862305e-02
1.272166174999213473e+00,7.690400630235671997e-02
1.272379717838048707e+00,6.786306947469711304e-02
1.272592945065099013e+00,7.314477860927581787e-02
1.272805857611922997e+00,7.110403478145599365e-02
1.273018456405960785e+00,7.720707356929779053e-02
1.273230742370558222e+00,7.413376867771148682e-02
1.273442716424991294e+00,7.452904433012008667e-02
1.273654379484490118e+00,6.979409605264663696e-02
1.273865732460262024e+00,6.941173225641250610e-02
1.274076776259515542e+00,7.051724940538406372e-02
1.274287511785484384e+00,6.867522001266479492e-02
1.274497939937448532e+00,6.796119362115859985e-02
1.274708061610760446e+00,6.885908544063568115e-02
1.274917877696864599e+00,6.439267843961715698e-02
1.275127389083323015e+00,6.905636936426162720e-02
1.275336596653835031e+00,7.628970593214035034e-02
1.275545501288263051e+00,6.711637973785400391e-02
1.275754103862650979e+00,6.820163130760192871e-02
1.275962405249249310e+00,6.542254984378814697e-02
1.276170406316535555e+00,7.323357462882995605e-02
1.276378107929235561e+00,7.751484960317611694e-02
1.276585510948347046e+00,7.383383065462112427e-02
1.276792616231158917e+00,6.821698695421218872e-02
1.276999424631273250e+00,7.404155284166336060e-02
1.277205936998626390e+00,6.947638839483261108e-02
1.277412154179510928e+00,7.656112313270568848e-02
1.277618077016595022e+00,6.969305127859115601e-02
1.277823706348942823e+00,6.931439787149429321e-02
1.278029043012037347e+00,7.041800767183303833e-02
1.278234087837798238e+00,6.841173022985458374e-02
1.278438841654603086e+00,7.626149803400039673e-02
1.278643305287307852e+00,7.544418424367904663e-02
1.278847479557266409e+00,7.332462817430496216e-02
1.279051365282349861e+00,7.194574177265167236e-02
1.279254963276967416e+00,7.100006192922592163e-02
1.279458274352084368e+00,6.895468384027481079e-02
1.279661299315242973e+00,7.283107191324234009e-02
1.279864038970580653e+00,7.103755325078964233e-02
1.280066494118849540e+00,7.182883471250534058e-02
1.280268665557435348e+00,7.263579964637756348e-02
1.280470554080376244e+00,7.298668473958969116e-02
1.280672160478381283e+00,7.538781315088272095e-02
1.280873485538850609e+00,7.138880342245101929e-02
1.281074530045890114e+00,7.256328314542770386e-02
1.281275294780334528e+00,6.629907339811325073e-02
1.281475780519762075e+00,6.919888406991958618e-02
1.281675988038514014e+00,6.990926712751388550e-02
1.281875918107712398e+00,7.367308437824249268e-02
1.282075571495278288e+00,7.108314335346221924e-02
1.282274948965947736e+00,6.874011456966400146e-02
1.282474051281291771e+00,6.824409961700439453e-02
1.282672879199732385e+00,6.585377454757690430e-02
1.282871433476559853e+00,6.965779513120651245e-02
1.283069714863951161e+00,7.129642367362976074e-02
1.283267724110984664e+00,7.453578710556030273e-02
1.283465461963660292e+00,7.371456176042556763e-02
1.283662929164913979e+00,6.723263859748840332e-02
1.283860126454634543e+00,7.168002426624298096e-02
1.284057054569682554e+00,7.072603702545166016e-02
1.284253714243903444e+00,7.088184356689453125e-02
1.284450106208147036e+00,7.523879408836364746e-02
1.284646231190281984e+00,6.754249334335327148e-02
1.284842089915212648e+00,6.857807934284210205e-02
1.285037683104894635e+00,7.280112057924270630e-02
1.285233011478351672e+00,6.291958689689636230e-02
1.285428075751690935e+00,7.340144366025924683e-02
1.285622876638118361e+00,6.500121206045150757e-02
1.285817414847955309e+00,6.714660674333572388e-02
1.286011691088653208e+00,7.339100539684295654e-02
1.286205706064808885e+00,6.917567551136016846e-02
1.286399460478181211e+00,6.727407127618789673e-02
1.286592955027704877e+00,6.887415051460266113e-02
1.286786190409506370e+00,6.843689084053039551e-02
1.286979167316918859e+00,6.506732106208801270e-02
1.287171886440496626e+00,6.933969259262084961e-02
1.287364348468030162e+00,7.086562365293502808e-02
1.287556554084561489e+00,7.392524927854537964e-02
1.287748503972398151e+00,7.065480202436447144e-02
1.287940198811127424e+00,7.679104804992675781e-02
1.288131639277631857e+00,6.767933815717697144e-02
1.288322826046102598e+00,6.698748469352722168e-02
1.288513759788054047e+00,8.082365244626998901e-02
1.288704441172338289e+00,6.818759441375732422e-02
1.288894870865158193e+00,6.537419557571411133e-02
1.289085049530082516e+00,6.923893094062805176e-02
1.289274977828059665e+00,6.878428161144256592e-02
1.289464656417429689e+00,7.490086555480957031e-02
1.289654085953941154e+00,7.318485528230667114e-02
1.289843267090761803e+00,6.629683822393417358e-02
1.290032200478493651e+00,6.877506524324417114e-02
1.290220886765185870e+00,6.802593916654586792e-02
1.290409326596348105e+00,6.653766334056854248e-02
1.290597520614964244e+00,7.208035886287689209e-02
1.290785469461505075e+00,6.807714700698852539e-02
1.290973173773941163e+00,7.107547670602798462e-02
1.291160634187757061e+00,6.625166535377502441e-02
1.291347851335961971e+00,7.024633139371871948e-02
1.291534825849105061e+00,6.710229814052581787e-02
1.291721558355286792e+00,6.930947303771972656e-02
1.291908049480171794e+00,6.690049171447753906e-02
1.292094299847001526e+00,7.513055205345153809e-02
1.292280310076606487e+00,6.658567488193511963e-02
1.292466080787419314e+00,6.851477175951004028e-02
1.292651612595486776e+00,6.434246897697448730e-02
1.292836906114481543e+00,6.958839297294616699e-02
1.293021961955715504e+00,6.761422753334045410e-02
1.293206780728149763e+00,7.455220818519592285e-02
1.293391363038409736e+00,6.348602473735809326e-02
1.293575709490794479e+00,7.090768963098526001e-02
1.293759820687289563e+00,6.287172436714172363e-02
1.293943697227578848e+00,6.512153893709182739e-02
1.294127339709056246e+00,6.797630339860916138e-02
1.294310748726837490e+00,6.668750941753387451e-02
1.294493924873770796e+00,6.703767925500869751e-02
1.294676868740449960e+00,7.007862627506256104e-02
1.294859580915224129e+00,7.155188918113708496e-02
1.295042061984210680e+00,6.720073521137237549e-02
1.295224312531304767e+00,6.665403395891189575e-02
1.295406333138191979e+00,6.924534589052200317e-02
1.295588124384359219e+00,7.653536647558212280e-02
1.295769686847105362e+00,6.476473808288574219e-02
1.295951021101552136e+00,7.092262059450149536e-02
1.296132127720655891e+00,7.295625656843185425e-02
1.296313007275217588e+00,6.887727975845336914e-02
1.296493660333893683e+00,6.478788703680038452e-02
1.296674087463207670e+00,6.729832291603088379e-02
1.296854289227560075e+00,6.965842843055725098e-02
1.297034266189238894e+00,6.928293406963348389e-02
1.297214018908430022e+00,6.850970536470413208e-02
1.297393547943229031e+00,6.490774452686309814e-02
1.297572853849650043e+00,7.364065945148468018e-02
1.297751937181636395e+00,6.691502034664154053e-02
1.297930798491071513e+00,7.079916447401046753e-02
1.298109438327788467e+00,7.131836563348770142e-02
1.298287857239580845e+00,6.746727973222732544e-02
1.298466055772211858e+00,6.883370876312255859e-02
1.298644034469425002e+00,6.784936040639877319e-02
1.298821793872953823e+00,6.400223076343536377e-02
1.298999334522532578e+00,7.161889970302581787e-02
1.299176656955903786e+00,7.096343487501144409e-02
1.299353761708831101e+00,6.683364510536193848e-02
1.299530649315107089e+00,6.380145996809005737e-02
1.299707320306562552e+00,6.771179288625717163e-02
1.299883775213078074e+00,6.667474657297134399e-02
1.300060014562591126e+00,6.603669375181198120e-02
1.300236038881108058e+00,6.427256017923355103e-02
1.300411848692710537e+00,6.852933019399642944e-02
1.300587444519567759e+00,7.026213407516479492e-02
1.300762826881945111e+00,6.865403056144714355e-02
1.300937996298211052e+00,6.505309790372848511e-02
1.301112953284849993e+00,6.793691217899322510e-02
1.301287698356468292e+00,6.499513983726501465e-02
1.301462232025805577e+00,6.841837614774703979e-02
1.301636554803742074e+00,7.010306417942047119e-02
1.301810667199308824e+00,7.019627094268798828e-02
1.301984569719695894e+00,6.854833662509918213e-02
1.302158262870261707e+00,6.764405965805053711e-02
1.302331747154541031e+00,7.380502671003341675e-02
1.302505023074254975e+00,6.775499135255813599e-02
1.302678091129318538e+00,7.046105712652206421e-02
1.302850951817850156e+00,7.072749733924865723e-02
1.303023605636179472e+00,7.112789154052734375e-02
1.303196053078856664e+00,6.521893292665481567e-02
1.303368294638660441e+00,6.823652237653732300e-02
1.303540330806606917e+00,6.435593962669372559e-02
1.303712162071957170e+00,7.121678441762924194e-02
1.303883788922226561e+00,6.308846920728683472e-02
1.304055211843192730e+00,6.072588264942169189e-02
1.304226431318903812e+00,6.596733629703521729e-02
1.304397447831685541e+00,6.571024656295776367e-02
1.304568261862152356e+00,6.568930298089981079e-02
1.304738873889211392e+00,7.258828729391098022e-02
1.304909284390074475e+00,7.058308273553848267e-02
1.305079493840263893e+00,6.318698078393936157e-02
1.305249502713620391e+00,7.024862617254257202e-02
1.305419311482311606e+00,6.646844744682312012e-02
1.305588920616840287e+00,7.455054670572280884e-02
1.305758330586052285e+00,6.798353791236877441e-02
1.305927541857141660e+00,6.982442736625671387e-02
1.306096554895662676e+00,6.340707093477249146e-02
1.306265370165534678e+00,6.506790220737457275e-02
1.306433988129049428e+00,7.254321128129959106e-02
1.306602409246880869e+00,6.679826974868774414e-02
1.306770633978090901e+00,7.159873843193054199e-02
1.306938662780137150e+00,6.522584706544876099e-02
1.307106496108881410e+00,6.743323802947998047e-02
1.307274134418596079e+00,6.672130525112152100e-02
1.307441578161971263e+00,6.912525743246078491e-02
1.307608827790123662e+00,7.374867051839828491e-02
1.307775883752602342e+00,6.407196819782257080e-02
1.307942746497396058e+00,6.375674158334732056e-02
1.308109416470941921e+00,7.913966476917266846e-02
1.308275894118130722e+00,7.460133731365203857e-02
1.308442179882315592e+00,6.791952252388000488e-02
1.308608274205317556e+00,6.251300871372222900e-02
1.308774177527434412e+00,6.405653059482574463e-02
1.308939890287445840e+00,6.593275815248489380e-02
1.309105412922621836e+00,6.830202043056488037e-02
1.309270745868728714e+00,6.603889912366867065e-02
1.309435889560036648e+00,6.786526739597320557e-02
1.309600844429326116e+00,6.513900309801101685e-02
1.309765610907894340e+00,6.122170388698577881e-02
1.309930189425563274e+00,6.943290680646896362e-02
1.310094580410684939e+00,6.913588941097259521e-02
1.310258784290149192e+00,6.544850766658782959e-02
1.310422801489389721e+00,6.913755089044570923e-02
1.310586632432390264e+00,6.437237560749053955e-02
1.310750277541693265e+00,6.946015357971191406e-02
1.310913737238403209e+00,6.994099169969558716e-02
1.311077011942196391e+00,6.002682447433471680e-02
1.311240102071324465e+00,6.037535145878791809e-02
1.311403008042623330e+00,6.887260079383850098e-02
1.311565730271517571e+00,6.978340446949005127e-02
1.311728269172028671e+00,6.553497910499572754e-02
1.311890625156779233e+00,6.098425760865211487e-02
1.312052798637000750e+00,6.802777945995330811e-02
1.312214790022540267e+00,6.482581794261932373e-02
1.312376599721864601e+00,6.763220578432083130e-02
1.312538228142068553e+00,6.206591799855232239e-02
1.312699675688879575e+00,6.039452180266380310e-02
1.312860942766665318e+00,6.275929510593414307e-02
1.313022029778438515e+00,7.726161181926727295e-02
1.313182937125862981e+00,6.258194893598556519e-02
1.313343665209260713e+00,7.386229187250137329e-02
1.313504214427617223e+00,6.669988483190536499e-02
1.313664585178587085e+00,6.641979515552520752e-02
1.313824777858500381e+00,7.145252823829650879e-02
1.313984792862368023e+00,6.963305175304412842e-02
1.314144630583889528e+00,5.906641855835914612e-02
1.314304291415455461e+00,6.080485880374908447e-02
1.314463775748155872e+00,6.372120231389999390e-02
1.314623083971785844e+00,6.809531897306442261e-02
1.314782216474849053e+00,6.634344905614852905e-02
1.314941173644566641e+00,6.477985531091690063e-02
1.315099955866879888e+00,6.776850670576095581e-02
1.315258563526458646e+00,6.467898190021514893e-02
1.315416997006704003e+00,7.805264741182327271e-02
1.315575256689756278e+00,6.371949613094329834e-02
1.315733342956498797e+00,6.444130092859268188e-02
1.315891256186564773e+00,7.111486792564392090e-02
1.316048996758342193e+00,6.361243128776550293e-02
1.316206565048978927e+00,6.168956682085990906e-02
1.316363961434388496e+00,6.007029861211776733e-02
1.316521186289255629e+00,6.872254610061645508e-02
1.316678239987041144e+00,6.701593846082687378e-02
1.316835122899987498e+00,6.296775490045547485e-02
1.316991835399124566e+00,6.772192567586898804e-02
1.317148377854273855e+00,6.298726052045822144e-02
1.317304750634054944e+00,6.895630061626434326e-02
1.317460954105889259e+00,6.422531604766845703e-02
1.317616988636006736e+00,6.647221744060516357e-02
1.317772854589450038e+00,6.517027318477630615e-02
1.317928552330080327e+00,6.386309862136840820e-02
1.318084082220581044e+00,6.648243218660354614e-02
1.318239444622465006e+00,6.741772592067718506e-02
1.318394639896078191e+00,5.940128117799758911e-02
1.318549668400603947e+00,6.510464847087860107e-02
1.318704530494070104e+00,6.460119783878326416e-02
1.318859226533351858e+00,6.881963461637496948e-02
1.319013756874178656e+00,6.274085491895675659e-02
1.319168121871137300e+00,6.596769392490386963e-02
1.319322321877677728e+00,6.891496479511260986e-02
1.319476357246117670e+00,6.596742570400238037e-02
1.319630228327648203e+00,6.736216694116592407e-02
1.319783935472337077e+00,7.173203676939010620e-02
1.319937479029134941e+00,6.072663143277168274e-02
1.320090859345878886e+00,6.914378702640533447e-02
1.320244076769298447e+00,6.525987386703491211e-02
1.320397131645019151e+00,6.427663564682006836e-02
1.320550024317567850e+00,6.637217849493026733e-02
1.320702755130377160e+00,6.505322456359863281e-02
1.320855324425790123e+00,6.249681487679481506e-02
1.321007732545064872e+00,6.524297595024108887e-02
1.321159979828378850e+00,6.665433198213577271e-02
1.321312066614834357e+00,6.560185551643371582e-02
1.321463993242461665e+00,6.928085535764694214e-02
1.321615760048224564e+00,6.484216451644897461e-02
1.321767367368024582e+00,6.659214943647384644e-02
1.321918815536705205e+00,6.208566203713417053e-02
1.322070104888056985e+00,6.848849356174468994e-02
1.322221235754820867e+00,6.328319013118743896e-02
1.322372208468693522e+00,6.493389606475830078e-02
1.322523023360331118e+00,6.053385138511657715e-02
1.322673680759354653e+00,6.623060256242752075e-02
1.322824180994352394e+00,6.385641545057296753e-02
1.322974524392886320e+00,5.887332931160926819e-02
1.323124711281495225e+00,7.559259235858917236e-02
1.323274741985698943e+00,6.077097728848457336e-02
1.323424616830002787e+00,6.636314094066619873e-02
1.323574336137901764e+00,6.173390895128250122e-02
1.323723900231885242e+00,5.940246954560279846e-02
1.323873309433440060e+00,6.383692473173141479e-02
1.324022564063055185e+00,6.539387255907058716e-02
1.324171664440227048e+00,6.616803258657455444e-02
1.324320610883461091e+00,6.759212911128997803e-02
1.324469403710278437e+00,6.578578054904937744e-02
1.324618043237217879e+00,6.374092400074005127e-02
1.324766529779840996e+00,6.287323683500289917e-02
1.324914863652737029e+00,6.938117742538452148e-02
1.325063045169524445e+00,5.989028140902519226e-02
1.325211074642856923e+00,6.749223917722702026e-02
1.325358952384427358e+00,6.366058439016342163e-02
1.325506678704969854e+00,6.192199885845184326e-02
1.325654253914265945e+00,7.105746120214462280e-02
1.325801678321147481e+00,6.420259922742843628e-02
1.325948952233499734e+00,6.131749600172042847e-02
1.326096075958267395e+00,6.179608777165412903e-02
1.326243049801455243e+00,6.973413378000259399e-02
1.326389874068135466e+00,6.546604633331298828e-02
1.326536549062448778e+00,5.924521759152412415e-02
1.326683075087609520e+00,6.769590824842453003e-02
1.326829452445908997e+00,6.144724041223526001e-02
1.326975681438719912e+00,6.452289223670959473e-02
1.327121762366498592e+00,6.498357653617858887e-02
1.327267695528789870e+00,5.781041085720062256e-02
1.327413481224231084e+00,6.341536343097686768e-02
1.327559119750554073e+00,6.702535599470138550e-02
1.327704611404591173e+00,6.120776757597923279e-02
1.327849956482276772e+00,6.692758202552795410e-02
1.327995155278651751e+00,6.101034209132194519e-02
1.328140208087867480e+00,6.308604031801223755e-02
1.328285115203188482e+00,6.855350732803344727e-02
1.328429876916996877e+00,5.591605603694915771e-02
1.328574493520795485e+00,6.480556726455688477e-02
1.328718965305211164e+00,6.146431341767311096e-02
1.328863292559998799e+00,6.302761286497116089e-02
1.329007475574044195e+00,6.179052591323852539e-02
1.329151514635368292e+00,6.439355760812759399e-02
1.329295410031129832e+00,5.748236924409866333e-02
1.329439162047629353e+00,6.555813550949096680e-02
1.329582770970312522e+00,6.298295408487319946e-02
1.329726237083773244e+00,6.602683663368225098e-02
1.329869560671757212e+00,6.316959112882614136e-02
1.330012742017165905e+00,5.940475314855575562e-02
1.330155781402058368e+00,7.027056068181991577e-02
1.330298679107656312e+00,6.530342251062393188e-02
1.330441435414345897e+00,6.091930344700813293e-02
1.330584050601682611e+00,6.397647410631179810e-02
1.330726524948393052e+00,5.882631614804267883e-02
1.330868858732378923e+00,6.153922155499458313e-02
1.331011052230721026e+00,6.128380820155143738e-02
1.331153105719680374e+00,6.545203179121017456e-02
1.331295019474703523e+00,6.418824940919876099e-02
1.331436793770425231e+00,6.729929149150848389e-02
1.331578428880670684e+00,6.038528308272361755e-02
1.331719925078460154e+00,6.317125260829925537e-02
1.331861282636010335e+00,6.123104691505432129e-02
1.332002501824739449e+00,6.351281702518463135e-02
1.332143582915269464e+00,6.347193568944931030e-02
1.332284526177428319e+00,6.196506321430206299e-02
1.332425331880255026e+00,6.616752594709396362e-02
1.332566000292000785e+00,6.118754670023918152e-02
1.332706531680133200e+00,6.754523515701293945e-02
1.332846926311339164e+00,5.851548910140991211e-02
1.332987184451527529e+00,6.021225079894065857e-02
1.333127306365832654e+00,6.232789531350135803e-02
1.333267292318616404e+00,5.767159163951873779e-02
1.333407142573472814e+00,6.172367557883262634e-02
1.333546857393229645e+00,6.886360794305801392e-02
1.333686437039951489e+00,6.271979212760925293e-02
1.333825881774943323e+00,5.817474424839019775e-02
1.333965191858753396e+00,6.967587769031524658e-02
1.334104367551175674e+00,5.821613222360610962e-02
1.334243409111252721e+00,6.159211695194244385e-02
1.334382316797279477e+00,6.340298801660537720e-02
1.334521090866805038e+00,6.153424829244613647e-02
1.334659731576636199e+00,6.169777363538742065e-02
1.334798239182839685e+00,5.807743594050407410e-02
1.334936613940746364e+00,6.692768633365631104e-02
1.335074856104952135e+00,5.854921415448188782e-02
1.335212965929321927e+00,6.173616275191307068e-02
1.335350943666992807e+00,6.625083833932876587e-02
1.335488789570375756e+00,5.931688845157623291e-02
1.335626503891159000e+00,5.817064270377159119e-02
1.335764086880310675e+00,6.134937703609466553e-02
1.335901538788081933e+00,6.906926631927490234e-02
1.336038859864008943e+00,6.113142147660255432e-02
1.336176050356916223e+00,6.819844990968704224e-02
1.336313110514918634e+00,6.358572095632553101e-02
1.336450040585425159e+00,6.208476424217224121e-02
1.336586840815141120e+00,6.100155785679817200e-02
1.336723511450070179e+00,5.857770889997482300e-02
1.336860052735517224e+00,6.465967744588851929e-02
1.336996464916092364e+00,6.091534346342086792e-02
1.337132748235712043e+00,6.211785227060317993e-02
1.337268902937601256e+00,6.497317552566528320e-02
1.337404929264298215e+00,6.186668574810028076e-02
1.337540827457655013e+00,5.575252696871757507e-02
1.337676597758841845e+00,6.453215330839157104e-02
1.337812240408347009e+00,7.153028249740600586e-02
1.337947755645982895e+00,5.870809778571128845e-02
1.338083143710885770e+00,6.254427134990692139e-02
1.338218404841519327e+00,6.604791432619094849e-02
1.338353539275677129e+00,6.450168043375015259e-02
1.338488547250486160e+00,5.881886556744575500e-02
1.338623429002406384e+00,5.952752754092216492e-02
1.338758184767236958e+00,6.246929988265037537e-02
1.338892814780116236e+00,6.013291329145431519e-02
1.339027319275524652e+00,6.156732887029647827e-02
1.339161698487288055e+00,6.350436061620712280e-02
1.339295952648578369e+00,6.124635413289070129e-02
1.339430081991918486e+00,6.104123964905738831e-02
1.339564086749182703e+00,6.263505667448043823e-02
1.339697967151600277e+00,5.932053551077842712e-02
1.339831723429755872e+00,5.976585298776626587e-02
1.339965355813595549e+00,6.387686729431152344e-02
1.340098864532425216e+00,6.136180460453033447e-02
1.340232249814915733e+00,6.260923296213150024e-02
1.340365511889103800e+00,6.494352966547012329e-02
1.340498650982395290e+00,5.997917056083679199e-02
1.340631667321566578e+00,6.136788800358772278e-02
1.340764561132767430e+00,5.969772487878799438e-02
1.340897332641523443e+00,6.110073626041412354e-02
1.341029982072738047e+00,6.183808296918869019e-02
1.341162509650694945e+00,6.659196317195892334e-02
1.341294915599059889e+00,6.714086979627609253e-02
1.341427200140884457e+00,5.711884424090385437e-02
1.341559363498605606e+00,6.112961471080780029e-02
1.341691405894051004e+00,5.594747886061668396e-02
1.341823327548439027e+00,6.158962845802307129e-02
1.341955128682381648e+00,5.926820263266563416e-02
1.342086809515887547e+00,6.174702942371368408e-02
1.342218370268362992e+00,6.263501197099685669e-02
1.342349811158614070e+00,6.118636578321456909e-02
1.342481132404850230e+00,6.300599873065948486e-02
1.342612334224685178e+00,6.355009973049163818e-02
1.342743416835139536e+00,6.198105216026306152e-02
1.342874380452642846e+00,5.936450138688087463e-02
1.343005225293035787e+00,6.029680371284484863e-02
1.343135951571572617e+00,5.917852371931076050e-02
1.343266559502922064e+00,5.704759806394577026e-02
1.343397049301171542e+00,6.506153941154479980e-02
1.343527421179827153e+00,6.023163720965385437e-02
1.343657675351817682e+00,6.523060798645019531e-02
1.343787812029494377e+00,6.454213708639144897e-02
1.343917831424635390e+00,5.860357359051704407e-02
1.344047733748446660e+00,6.152056530117988586e-02
1.344177519211563476e+00,5.952509865164756775e-02
1.344307188024054245e+00,6.094411388039588928e-02
1.344436740395420493e+00,5.884662270545959473e-02
1.344566176534600199e+00,5.783766880631446838e-02
1.344695496649969346e+00,6.625273078680038452e-02
1.344824700949345031e+00,6.098788604140281677e-02
1.344953789639984798e+00,6.230212748050689697e-02
1.345082762928591968e+00,5.742475017905235291e-02
1.345211621021314530e+00,5.826471000909805298e-02
1.345340364123750021e+00,6.890610605478286743e-02
1.345468992440944866e+00,6.008080393075942993e-02
1.345597506177398373e+00,5.666805431246757507e-02
1.345725905537063172e+00,6.695806980133056641e-02
1.345854190723348554e+00,7.136100530624389648e-02
1.345982361939121130e+00,5.625628679990768433e-02
1.346110419386707280e+00,6.197268515825271606e-02
1.346238363267895144e+00,5.747913569211959839e-02
1.346366193783937071e+00,6.061529368162155151e-02
1.346493911135549837e+00,6.511972099542617798e-02
1.346621515522918644e+00,5.981805548071861267e-02
1.346749007145697563e+00,6.293313205242156982e-02
1.346876386203011755e+00,5.467478185892105103e-02
1.347003652893459247e+00,5.954259261488914490e-02
1.347130807415113596e+00,6.191701814532279968e-02
1.347257849965523890e+00,6.282404810190200806e-02
1.347384780741719634e+00,6.223987415432929993e-02
1.347511599940208971e+00,6.346833705902099609e-02
1.347638307756983567e+00,5.737453326582908630e-02
1.347764904387517726e+00,6.225816160440444946e-02
1.347891390026773273e+00,5.770751088857650757e-02
1.348017764869198665e+00,5.672532692551612854e-02
1.348144029108731878e+00,6.450504809617996216e-02
1.348270182938802408e+00,6.074133887887001038e-02
1.348396226552332378e+00,5.734451115131378174e-02
1.348522160141739423e+00,6.485106050968170166e-02
1.348647983898936920e+00,5.797478929162025452e-02
1.348773698015337308e+00,7.221139222383499146e-02
1.348899302681852319e+00,5.959512293338775635e-02
1.349024798088895860e+00,6.414301693439483643e-02
1.349150184426385790e+00,5.985463783144950867e-02
1.349275461883744365e+00,6.002630665898323059e-02
1.349400630649901123e+00,5.808927118778228760e-02
1.349525690913295328e+00,5.812026187777519226e-02
1.349650642861874417e+00,6.095586344599723816e-02
1.349775486683099768e+00,5.722042173147201538e-02
1.349900222563946262e+00,6.403172016143798828e-02
1.350024850690902944e+00,5.725545808672904968e-02
1.350149371249977914e+00,5.826883390545845032e-02
1.350273784426696766e+00,6.172021105885505676e-02
1.350398090406105478e+00,5.602851137518882751e-02
1.350522289372772855e+00,6.246022880077362061e-02
1.350646381510790750e+00,6.157578900456428528e-02
1.350770367003776951e+00,6.034745648503303528e-02
1.350894246034875623e+00,5.322965234518051147e-02
1.351018018786760200e+00,5.840142071247100830e-02
1.351141685441634044e+00,5.847178399562835693e-02
1.351265246181232449e+00,5.857941135764122009e-02
1.351388701186823749e+00,5.805291607975959778e-02
1.351512050639212426e+00,6.183229759335517883e-02
1.351635294718738001e+00,5.933764204382896423e-02
1.351758433605279919e+00,5.999860912561416626e-02
1.351881467478255550e+00,5.905734747648239136e-02
1.352004396516625739e+00,6.104104593396186829e-02
1.352127220898892590e+00,5.609278008341789246e-02
1.352249940803103456e+00,6.039628013968467712e-02
1.352372556406851389e+00,6.508146226406097412e-02
1.352495067887277136e+00,5.938335508108139038e-02
1.352617475421070692e+00,5.778818950057029724e-02
1.352739779184472635e+00,6.022450700402259827e-02
1.352861979353275679e+00,5.656072124838829041e-02
1.352984076102825783e+00,5.945635959506034851e-02
1.353106069608024820e+00,5.840639397501945496e-02
1.353227960043331013e+00,6.034800037741661072e-02
1.353349747582760498e+00,6.451455503702163696e-02
1.353471432399889984e+00,5.916104093194007874e-02
1.353593014667855643e+00,6.007264181971549988e-02
1.353714494559358439e+00,5.958654731512069702e-02
1.353835872246661909e+00,5.568930134177207947e-02
1.353957147901595492e+00,6.179376319050788879e-02
1.354078321695555642e+00,5.670199543237686157e-02
1.354199393799507822e+00,6.431656330823898315e-02
1.354320364383986952e+00,6.003868207335472107e-02
1.354441233619099405e+00,6.107950583100318909e-02
1.354562001674524563e+00,5.845154821872711182e-02
1.354682668719515259e+00,5.899757146835327148e-02
1.354803234922901334e+00,6.140490621328353882e-02
1.354923700453088520e+00,6.007596477866172791e-02
1.355044065478061777e+00,6.402144581079483032e-02
1.355164330165385289e+00,6.644269078969955444e-02
1.355284494682205354e+00,5.726743489503860474e-02
1.355404559195250602e+00,5.782045796513557434e-02
1.355524523870833109e+00,6.114233285188674927e-02
1.355644388874851503e+00,5.813896283507347107e-02
1.355764154372790742e+00,5.912314727902412415e-02
1.355883820529723671e+00,6.404747068881988525e-02
1.356003387510313019e+00,6.230393424630165100e-02
1.356122855478812950e+00,5.986486002802848816e-02
1.356242224599068846e+00,6.142159551382064819e-02
1.356361495034520415e+00,6.482700258493423462e-02
1.356480666948202796e+00,5.770609527826309204e-02
1.356599740502745899e+00,5.859107151627540588e-02
1.356718715860379065e+00,5.871974676847457886e-02
1.356837593182929735e+00,6.171517819166183472e-02
1.356956372631825003e+00,5.992066860198974609e-02
1.357075054368095168e+00,5.762400850653648376e-02
1.357193638552371961e+00,6.266627460718154907e-02
1.357312125344892317e+00,5.508941039443016052e-02
1.357430514905497931e+00,6.579760462045669556e-02
1.357548807393638146e+00,5.946139991283416748e-02
1.357667002968369507e+00,6.352493166923522949e-02
1.357785101788358650e+00,5.151207000017166138e-02
1.357903104011882522e+00,6.068320572376251221e-02
1.358021009796830381e+00,5.723893269896507263e-02
1.358138819300704236e+00,5.819607526063919067e-02
1.358256532680620632e+00,5.797312781214714050e-02
1.358374150093311972e+00,5.991029366850852966e-02
1.358491671695127856e+00,6.336022913455963135e-02
1.358609097642035746e+00,5.682348832488059998e-02
1.358726428089622518e+00,5.908200889825820923e-02
1.358843663193096463e+00,6.160018220543861389e-02
1.358960803107286841e+00,5.453057587146759033e-02
1.359077847986646548e+00,5.906601250171661377e-02
1.359194797985253222e+00,5.783068388700485229e-02
1.359311653256809249e+00,5.623798072338104248e-02
1.359428413954644421e+00,5.668817088007926941e-02
1.359545080231716829e+00,6.064412370324134827e-02
1.359661652240612639e+00,6.566414237022399902e-02
1.359778130133549645e+00,5.586048215627670288e-02
1.359894514062377047e+00,6.301161646842956543e-02
1.360010804178576116e+00,6.576569378376007080e-02
1.360127000633262639e+00,5.837354063987731934e-02
1.360243103577187807e+00,6.127236038446426392e-02
1.360359113160738653e+00,5.413132160902023315e-02
1.360475029533940061e+00,6.176251173019409180e-02
1.360590852846455201e+00,5.696271732449531555e-02
1.360706583247587531e+00,6.571581959724426270e-02
1.360822220886281020e+00,5.454402416944503784e-02
1.360937765911122144e+00,5.227493867278099060e-02
1.361053218470340553e+00,5.708148702979087830e-02
1.361168578711810628e+00,6.624287366867065430e-02
1.361283846783051255e+00,5.510069802403450012e-02
1.361399022831229155e+00,6.363186240196228027e-02
1.361514107003158447e+00,5.479656904935836792e-02
1.361629099445302193e+00,5.366238206624984741e-02
1.361744000303773072e+00,5.985451489686965942e-02
1.361858809724336039e+00,6.277748942375183105e-02
1.361973527852407218e+00,5.761038139462471008e-02
1.362088154833056564e+00,6.253571808338165283e-02
1.362202690811008532e+00,6.031264737248420715e-02
1.362317135930643186e+00,5.160311609506607056e-02
1.362431490335997086e+00,5.693633109331130981e-02
1.362545754170764623e+00,5.298581346869468689e-02
1.362659927578299568e+00,5.369998887181282043e-02
1.362774010701614635e+00,5.689246580004692078e-02
1.362888003683383920e+00,5.799299106001853943e-02
1.363001906665944230e+00,6.079567596316337585e-02
1.363115719791294422e+00,5.677568539977073669e-02
1.363229443201098734e+00,5.520239472389221191e-02
1.363343077036685447e+00,5.774152651429176331e-02
1.363456621439049776e+00,6.556023657321929932e-02
1.363570076548854759e+00,5.548203364014625549e-02
1.363683442506430810e+00,5.379557982087135315e-02
1.363796719451778605e+00,5.728574097156524658e-02
1.363909907524568865e+00,5.844497308135032654e-02
1.364023006864144127e+00,6.727804243564605713e-02
1.364136017609519191e+00,5.571156367659568787e-02
1.364248939899382451e+00,6.298077851533889771e-02
1.364361773872097450e+00,6.262452900409698486e-02
1.364474519665702656e+00,5.826457962393760681e-02
1.364587177417913022e+00,5.542957782745361328e-02
1.364699747266122198e+00,5.769191682338714600e-02
1.364812229347401207e+00,5.550988763570785522e-02
1.364924623798501546e+00,5.797420814633369446e-02
1.365036930755854971e+00,5.647319555282592773e-02
1.365149150355575269e+00,5.585690215229988098e-02
1.365261282733458259e+00,5.698659643530845642e-02
1.365373328024983790e+00,6.171359494328498840e-02
1.365485286365316187e+00,5.558002367615699768e-02
1.365597157889305358e+00,5.408214405179023743e-02
1.365708942731488129e+00,5.584526062011718750e-02
1.365820641026087801e+00,6.060409173369407654e-02
1.365932252907016808e+00,5.203451588749885559e-02
1.366043778507877393e+00,5.475755780935287476e-02
1.366155217961961599e+00,5.769123136997222900e-02
1.366266571402253271e+00,5.386207997798919678e-02
1.366377838961428282e+00,6.107193231582641602e-02
1.366489020771855634e+00,5.345627665519714355e-02
1.366600116965598799e+00,5.129425972700119019e-02
1.366711127674416382e+00,5.336437001824378967e-02
1.366822053029763229e+00,5.902475118637084961e-02
1.366932893162790430e+00,6.045380234718322754e-02
1.367043648204347983e+00,5.477580800652503967e-02
1.367154318284984349e+00,5.644793808460235596e-02
1.367264903534947562e+00,5.631072819232940674e-02
1.367375404084186785e+00,5.807796865701675415e-02
1.367485820062352531e+00,5.985011905431747437e-02
1.367596151598797993e+00,5.694002658128738403e-02
1.367706398822579716e+00,6.247435137629508972e-02
1.367816561862458702e+00,6.029793992638587952e-02
1.367926640846900854e+00,5.970407277345657349e-02
1.368036635904079423e+00,5.843808874487876892e-02
1.368146547161873006e+00,5.821964144706726074e-02
1.368256374747869542e+00,5.974355712532997131e-02
1.368366118789364760e+00,5.546415969729423523e-02
1.368475779413365068e+00,5.599717795848846436e-02
1.368585356746586656e+00,5.500812456011772156e-02
1.368694850915457728e+00,6.087490543723106384e-02
1.368804262046118936e+00,5.724371224641799927e-02
1.368913590264423608e+00,5.967091396450996399e-02
1.369022835695939522e+00,5.599900335073471069e-02
1.369131998465949129e+00,5.429501459002494812e-02
1.369241078699451331e+00,5.878645926713943481e-02
1.369350076521161252e+00,5.577491968870162964e-02
1.369458992055511803e+00,5.831412598490715027e-02
1.369567825426653673e+00,5.616137012839317322e-02
1.369676576758457553e+00,5.834708362817764282e-02
1.369785246174513915e+00,5.958168953657150269e-02
1.369893833798133898e+00,5.940395966172218323e-02
1.370002339752351306e+00,5.493850260972976685e-02
1.370110764159921057e+00,6.325677037239074707e-02
1.370219107143322734e+00,5.711990967392921448e-02
1.370327368824759917e+00,5.730034410953521729e-02
1.370435549326161517e+00,5.652470514178276062e-02
1.370543648769181333e+00,5.816529318690299988e-02
1.370651667275200936e+00,5.542756617069244385e-02
1.370759604965329226e+00,5.687002092599868774e-02
1.370867461960403100e+00,5.376275628805160522e-02
1.370975238380989225e+00,5.930957198143005371e-02
1.371082934347384041e+00,5.578026548027992249e-02
1.371190549979614648e+00,5.475981160998344421e-02
1.371298085397439026e+00,6.140481680631637573e-02
1.371405540720349592e+00,5.300493538379669189e-02
1.371512916067570087e+00,6.173270940780639648e-02
1.371620211558058688e+00,5.410336330533027649e-02
1.371727427310508673e+00,5.648009106516838074e-02
1.371834563443349086e+00,5.557471513748168945e-02
1.371941620074744739e+00,5.509048327803611755e-02
1.372048597322597541e+00,5.492899194359779358e-02
1.372155495304548056e+00,6.203529611229896545e-02
1.372262314137975059e+00,5.183310061693191528e-02
1.372369053939996641e+00,5.979307740926742554e-02
1.372475714827471549e+00,5.683673173189163208e-02
1.372582296916999178e+00,5.464508384466171265e-02
1.372688800324920910e+00,5.934979394078254700e-02
1.372795225167320110e+00,5.200851708650588989e-02
1.372901571560024792e+00,5.806968733668327332e-02
1.373007839618605175e+00,5.305903032422065735e-02
1.373114029458377905e+00,5.609146505594253540e-02
1.373220141194404276e+00,5.687673017382621765e-02
1.373326174941492006e+00,5.214832350611686707e-02
1.373432130814196350e+00,5.780309438705444336e-02
1.373538008926819431e+00,5.171936750411987305e-02
1.373643809393412463e+00,5.079951509833335876e-02
1.373749532327776413e+00,6.446237862110137939e-02
1.373855177843461561e+00,5.726176127791404724e-02
1.373960746053768611e+00,5.666186660528182983e-02
1.374066237071750685e+00,5.144229158759117126e-02
1.374171651010212214e+00,5.698012560606002808e-02
1.374276987981711162e+00,5.066543444991111755e-02
1.374382248098559245e+00,5.657106637954711914e-02
1.374487431472821486e+00,6.015284731984138489e-02
1.374592538216319104e+00,5.513042956590652466e-02
1.374697568440628404e+00,5.676280707120895386e-02
1.374802522257082549e+00,5.250916257500648499e-02
1.374907399776772010e+00,5.924679338932037354e-02
1.375012201110544563e+00,5.390404909849166870e-02
1.375116926369007064e+00,5.890115350484848022e-02
1.375221575662525675e+00,5.382524803280830383e-02
1.375326149101226303e+00,5.740851536393165588e-02
1.375430646794995937e+00,5.631181225180625916e-02
1.375535068853482423e+00,5.876675993204116821e-02
1.375639415386096243e+00,5.328423902392387390e-02
1.375743686502010510e+00,6.552589684724807739e-02
1.375847882310161197e+00,5.602831393480300903e-02
1.375952002919249351e+00,5.848365649580955505e-02
1.376056048437740431e+00,5.212987959384918213e-02
1.376160018973864752e+00,5.574803799390792847e-02
1.376263914635619923e+00,5.756276845932006836e-02
1.376367735530769965e+00,5.078306421637535095e-02
1.376471481766845972e+00,5.603054910898208618e-02
1.376575153451148115e+00,5.934815853834152222e-02
1.376678750690744302e+00,5.096352472901344299e-02
1.376782273592472405e+00,5.857149511575698853e-02
1.376885722262941369e+00,5.226505920290946960e-02
1.376989096808529656e+00,6.305227428674697876e-02
1.377092397335387908e+00,5.554745346307754517e-02
1.377195623949438730e+00,6.007663905620574951e-02
1.377298776756377352e+00,4.971930384635925293e-02
1.377401855861672963e+00,6.108185648918151855e-02
1.377504861370568490e+00,5.136069282889366150e-02
1.377607793388081703e+00,5.581946298480033875e-02
1.377710652019005666e+00,6.166311353445053101e-02
1.377813437367909177e+00,5.835629254579544067e-02
1.377916149539138324e+00,5.254944413900375366e-02
1.378018788636816039e+00,5.108572915196418762e-02
1.378121354764843653e+00,5.519167333841323853e-02
1.378223848026900233e+00,5.601464956998825073e-02
1.378326268526444354e+00,5.544147640466690063e-02
1.378428616366715209e+00,5.324925109744071960e-02
1.378530891650731505e+00,5.365954712033271790e-02
1.378633094481293231e+00,5.261183902621269226e-02
1.378735224960981887e+00,5.893847346305847168e-02
1.378837283192161811e+00,5.888026952743530273e-02
1.378939269276979740e+00,5.038890615105628967e-02
1.379041183317366359e+00,5.554829910397529602e-02
1.379143025415035861e+00,5.642945319414138794e-02
1.379244795671488166e+00,5.548449605703353882e-02
1.379346494188007366e+00,5.210090428590774536e-02
1.379448121065664390e+00,5.246761441230773926e-02
1.379549676405316783e+00,5.887110158801078796e-02
1.379651160307608038e+00,5.562983080744743347e-02
1.379752572872971150e+00,5.345741286873817444e-02
1.379853914201625953e+00,5.387748405337333679e-02
1.379955184393582224e+00,5.269162729382514954e-02
1.380056383548639243e+00,5.779361724853515625e-02
1.380157511766385348e+00,5.214691162109375000e-02
1.380258569146201042e+00,5.638264864683151245e-02
1.380359555787256776e+00,5.420908704400062561e-02
1.380460471788516275e+00,6.205843016505241394e-02
1.380561317248734765e+00,5.299141630530357361e-02
1.380662092266460750e+00,5.794490873813629150e-02
1.380762796940036452e+00,5.141292139887809753e-02
1.380863431367598482e+00,5.756044387817382812e-02
1.380963995647077391e+00,5.744703114032745361e-02
1.381064489876200341e+00,5.843700468540191650e-02
1.381164914152489542e+00,5.561203509569168091e-02
1.381265268573263816e+00,5.479264631867408752e-02
1.381365553235639254e+00,5.549702793359756470e-02
1.381465768236529446e+00,5.559139698743820190e-02
1.381565913672646140e+00,5.209580063819885254e-02
1.381665989640499692e+00,6.983615458011627197e-02
1.381765996236400396e+00,5.478970333933830261e-02
1.381865933556457371e+00,5.536839738488197327e-02
1.381965801696581009e+00,6.286353617906570435e-02
1.382065600752482304e+00,5.168588459491729736e-02
1.382165330819673743e+00,5.652855709195137024e-02
1.382264991993470193e+00,5.628020316362380981e-02
1.382364584368988902e+00,5.421401932835578918e-02
1.382464108041149720e+00,5.665865913033485413e-02
1.382563563104677096e+00,5.409560725092887878e-02
1.382662949654099416e+00,4.968093708157539368e-02
1.382762267783749666e+00,5.412784963846206665e-02
1.382861517587766098e+00,6.107257679104804993e-02
1.382960699160093121e+00,5.351214110851287842e-02
1.383059812594481075e+00,5.356490239500999451e-02
1.383158857984488010e+00,5.739181861281394958e-02
1.383257835423478577e+00,5.351321399211883545e-02
1.383356745004625576e+00,5.312811955809593201e-02
1.383455586820910632e+00,5.581918731331825256e-02
1.383554360965124186e+00,6.165153160691261292e-02
1.383653067529865943e+00,5.105413496494293213e-02
1.383751706607546650e+00,5.104283988475799561e-02
1.383850278290386537e+00,5.364939942955970764e-02
1.383948782670417099e+00,5.600391700863838196e-02
1.384047219839482423e+00,5.441793799400329590e-02
1.384145589889237193e+00,5.886603891849517822e-02
1.384243892911150020e+00,5.704445391893386841e-02
1.384342128996502108e+00,5.537750571966171265e-02
1.384440298236388589e+00,5.325307324528694153e-02
1.384538400721718077e+00,5.338912829756736755e-02
1.384636436543214888e+00,5.141976475715637207e-02
1.384734405791417711e+00,5.353461578488349915e-02
1.384832308556681379e+00,4.912883043289184570e-02
1.384930144929176432e+00,5.262800306081771851e-02
1.385027914998890886e+00,5.717286467552185059e-02
1.385125618855628682e+00,5.635766312479972839e-02
1.385223256589012797e+00,5.789044126868247986e-02
1.385320828288483241e+00,4.871461167931556702e-02
1.385418334043299726e+00,5.076790601015090942e-02
1.385515773942540108e+00,5.245870351791381836e-02
1.385613148075102385e+00,5.570220202207565308e-02
1.385710456529704704e+00,5.493677407503128052e-02
1.385807699394885573e+00,5.256812274456024170e-02
1.385904876759005200e+00,5.106388032436370850e-02
1.386001988710244381e+00,6.397300958633422852e-02
1.386099035336606500e+00,5.359385535120964050e-02
1.386196016725917302e+00,5.013847723603248596e-02
1.386292932965826452e+00,5.679767578840255737e-02
1.386389784143805315e+00,5.194945633411407471e-02
1.386486570347150726e+00,5.489339679479598999e-02
1.386583291662983664e+00,5.612113699316978455e-02
1.386679948178249022e+00,5.511487275362014771e-02
1.386776539979718503e+00,5.574610084295272827e-02
1.386873067153988615e+00,4.819660633802413940e-02
1.386969529787482225e+00,5.071272328495979309e-02
1.387065927966449674e+00,5.553750693798065186e-02
1.387162261776967664e+00,5.795600265264511108e-02
1.387258531304941478e+00,4.898967966437339783e-02
1.387354736636103647e+00,5.739208310842514038e-02
1.387450877856015952e+00,5.940049514174461365e-02
1.387546955050068753e+00,4.962978139519691467e-02
1.387642968303482105e+00,5.234175920486450195e-02
1.387738917701306196e+00,5.435358732938766479e-02
1.387834803328421795e+00,5.565149709582328796e-02
1.387930625269540252e+00,5.576167255640029907e-02
1.388026383609203940e+00,5.522715672850608826e-02
1.388122078431787365e+00,5.259548127651214600e-02
1.388217709821497170e+00,5.481878295540809631e-02
1.388313277862372797e+00,5.222170799970626831e-02
1.388408782638286709e+00,5.377779901027679443e-02
1.388504224232944839e+00,5.370955541729927063e-02
1.388599602729887028e+00,5.113989859819412231e-02
1.388694918212487917e+00,5.071358755230903625e-02
1.388790170763956278e+00,5.550478398799896240e-02
1.388885360467337016e+00,5.695183575153350830e-02
1.388980487405510278e+00,5.238002911210060120e-02
1.389075551661192565e+00,4.792624711990356445e-02
1.389170553316936507e+00,7.195699959993362427e-02
1.389265492455132867e+00,4.648840427398681641e-02
1.389360369158008313e+00,5.045287683606147766e-02
1.389455183507628755e+00,5.932845920324325562e-02
1.389549935585897789e+00,5.236399918794631958e-02
1.389644625474557804e+00,5.514009296894073486e-02
1.389739253255189988e+00,5.389562249183654785e-02
1.389833819009216098e+00,5.273936688899993896e-02
1.389928322817896467e+00,5.724845826625823975e-02
1.390022764762333329e+00,5.283266305923461914e-02
1.390117144923468828e+00,5.667651444673538208e-02
1.390211463382086565e+00,5.080810561776161194e-02
1.390305720218811603e+00,5.363941937685012817e-02
1.390399915514111795e+00,5.077599734067916870e-02
1.390494049348296679e+00,4.975615814328193665e-02
1.390588121801518806e+00,5.121976137161254883e-02
1.390682132953774630e+00,5.465026944875717163e-02
1.390776082884903619e+00,5.433474108576774597e-02
1.390869971674589811e+00,5.672734230756759644e-02
1.390963799402361811e+00,4.747575148940086365e-02
1.391057566147592350e+00,5.337966233491897583e-02
1.391151271989500726e+00,5.759624391794204712e-02
1.391244917007151027e+00,6.245047971606254578e-02
1.391338501279454132e+00,4.715569317340850830e-02
1.391432024885167040e+00,6.146470457315444946e-02
1.391525487902893765e+00,5.062817782163619995e-02
1.391618890411085552e+00,5.159836262464523315e-02
1.391712232488041545e+00,5.980496108531951904e-02
1.391805514211909012e+00,5.194902047514915466e-02
1.391898735660683784e+00,5.195437744259834290e-02
1.391991896912210258e+00,5.425782129168510437e-02
1.392084998044182731e+00,5.521472170948982239e-02
1.392178039134144507e+00,5.327549576759338379e-02
1.392271020259489234e+00,5.984350666403770447e-02
1.392363941497461344e+00,5.043294280767440796e-02
1.392456802925155390e+00,5.480662360787391663e-02
1.392549604619518044e+00,4.754933342337608337e-02
1.392642346657346764e+00,6.225613132119178772e-02
1.392735029115291567e+00,5.351525172591209412e-02
1.392827652069854594e+00,5.777695775032043457e-02
1.392920215597390765e+00,4.929943010210990906e-02
1.393012719774108010e+00,5.747029557824134827e-02
1.393105164676068153e+00,5.441406369209289551e-02
1.393197550379186023e+00,5.436014384031295776e-02
1.393289876959232121e+00,5.135333910584449768e-02
1.393382144491830177e+00,4.949687793850898743e-02
1.393474353052459369e+00,4.704134538769721985e-02
1.393566502716454991e+00,4.739494249224662781e-02
1.393658593559006897e+00,5.042050033807754517e-02
1.393750625655161945e+00,5.145980790257453918e-02
1.393842599079822886e+00,4.680486395955085754e-02
1.393934513907749695e+00,5.873224884271621704e-02
1.394026370213559129e+00,5.195955559611320496e-02
1.394118168071726060e+00,5.087359249591827393e-02
1.394209907556582806e+00,5.435829237103462219e-02
1.394301588742320019e+00,5.285623297095298767e-02
1.394393211702987578e+00,4.894747212529182434e-02
1.394484776512493696e+00,4.637436941266059875e-02
1.394576283244606030e+00,5.248918384313583374e-02
1.394667731972952573e+00,4.964197427034378052e-02
1.394759122771020543e+00,5.164798721671104431e-02
1.394850455712157933e+00,4.795734584331512451e-02
1.394941730869574181e+00,5.776982754468917847e-02
1.395032948316338395e+00,4.964067786931991577e-02
1.395124108125382678e+00,4.794275388121604919e-02
1.395215210369499914e+00,5.523687973618507385e-02
1.395306255121345762e+00,5.294688791036605835e-02
1.395397242453438214e+00,4.592665657401084900e-02
1.395488172438158481e+00,5.267426371574401855e-02
1.395579045147749886e+00,5.656771734356880188e-02
1.395669860654320749e+00,5.239786580204963684e-02
1.395760619029842609e+00,5.476059392094612122e-02
1.395851320346151114e+00,4.714310169219970703e-02
1.395941964674947133e+00,5.579761415719985962e-02
1.396032552087795642e+00,5.274567753076553345e-02
1.396123082656127279e+00,5.277630686759948730e-02
1.396213556451238569e+00,5.066008120775222778e-02
1.396303973544291477e+00,5.555759370326995850e-02
1.396394334006314963e+00,5.592005699872970581e-02
1.396484637908203652e+00,5.433888360857963562e-02
1.396574885320720050e+00,4.908764734864234924e-02
1.396665076314493215e+00,4.959008842706680298e-02
1.396755210960020532e+00,5.702758580446243286e-02
1.396845289327666384e+00,5.627982690930366516e-02
1.396935311487664588e+00,4.907322674989700317e-02
1.397025277510116625e+00,5.752477422356605530e-02
1.397115187464993635e+00,5.413016304373741150e-02
1.397205041422135086e+00,5.086107924580574036e-02
1.397294839451250992e+00,4.880299791693687439e-02
1.397384581621920807e+00,5.273354798555374146e-02
1.397474268003594533e+00,4.983576387166976929e-02
1.397563898665592053e+00,4.931804165244102478e-02
1.397653473677104907e+00,4.997878521680831909e-02
1.397742993107195408e+00,5.002091452479362488e-02
1.397832457024797304e+00,5.213024094700813293e-02
1.397921865498716887e+00,4.565941914916038513e-02
1.398011218597631444e+00,5.126793682575225830e-02
1.398100516390092141e+00,4.875198751688003540e-02
1.398189758944521133e+00,5.297120660543441772e-02
1.398278946329215566e+00,4.632809385657310486e-02
1.398368078612345133e+00,5.962918326258659363e-02
1.398457155861952739e+00,5.426972359418869019e-02
1.398546178145956054e+00,6.259241700172424316e-02
1.398635145532146851e+00,5.113578960299491882e-02
1.398724058088191891e+00,4.976505413651466370e-02
1.398812915881632479e+00,5.063624680042266846e-02
1.398901718979885356e+00,5.488185957074165344e-02
1.398990467450242692e+00,5.216877534985542297e-02
1.399079161359872758e+00,5.461708456277847290e-02
1.399167800775820147e+00,5.035843700170516968e-02
1.399256385765005772e+00,5.470020323991775513e-02
1.399344916394226868e+00,4.736400768160820007e-02
1.399433392730158765e+00,5.047338455915451050e-02
1.399521814839353562e+00,5.218390747904777527e-02
1.399610182788240786e+00,4.883719608187675476e-02
1.399698496643128731e+00,4.939467832446098328e-02
1.399786756470203786e+00,5.926916375756263733e-02
1.399874962335530659e+00,4.701293259859085083e-02
1.399963114305052603e+00,6.037156283855438232e-02
1.400051212444593185e+00,5.029949918389320374e-02
1.400139256819854516e+00,5.326918885111808777e-02
1.400227247496418803e+00,5.464670807123184204e-02
1.400315184539748348e+00,4.842911660671234131e-02
1.400403068015185992e+00,4.977484792470932007e-02
1.400490897987954675e+00,5.671405047178268433e-02
1.400578674523158984e+00,5.223959311842918396e-02
1.400666397685783826e+00,5.447006225585937500e-02
1.400754067540697090e+00,5.418389290571212769e-02
1.400841684152646982e+00,5.551359802484512329e-02
1.400929247586264914e+00,4.898020997643470764e-02
1.401016757906063503e+00,5.300786346197128296e-02
1.401104215176439460e+00,5.093759298324584961e-02
1.401191619461671589e+00,5.744686722755432129e-02
1.401278970825921677e+00,6.144035235047340393e-02
1.401366269333236048e+00,5.393067002296447754e-02
1.401453515047543785e+00,5.046623945236206055e-02
1.401540708032658733e+00,5.007627233862876892e-02
1.401627848352278827e+00,5.620292946696281433e-02
1.401714936069986761e+00,4.931596666574478149e-02
1.401801971249249990e+00,5.417588725686073303e-02
1.401888953953421391e+00,5.160140246152877808e-02
1.401975884245739268e+00,5.322332307696342468e-02
1.402062762189327350e+00,5.440519005060195923e-02
1.402149587847196122e+00,4.931404069066047668e-02
1.402236361282241717e+00,5.713342130184173584e-02
1.402323082557246803e+00,5.171876400709152222e-02
1.402409751734881249e+00,4.668080061674118042e-02
1.402496368877701904e+00,5.637662112712860107e-02
1.402582934048153707e+00,4.938288033008575439e-02
1.402669447308567463e+00,4.897854104638099670e-02
1.402755908721164069e+00,5.080061778426170349e-02
1.402842318348050954e+00,5.193233117461204529e-02
1.402928676251225193e+00,4.904785752296447754e-02
1.403014982492571505e+00,5.409684777259826660e-02
