# kappa, training_loss
0.000000000000000000e+00,2.570371925830841064e-01
2.987118059406262405e-01,2.413527220487594604e-01
3.792420412149051789e-01,2.323373109102249146e-01
4.277444020326089946e-01,2.311845272779464722e-01
4.625624257765551528e-01,2.224231362342834473e-01
4.897424272068304218e-01,2.281974852085113525e-01
5.120399531119527170e-01,2.193068265914916992e-01
5.309448619006675862e-01,2.141717523336410522e-01
5.473545007179377864e-01,2.193856090307235718e-01
5.618514253314660367e-01,2.099659293889999390e-01
5.748353429279010607e-01,2.125837802886962891e-01
5.865924371087496425e-01,2.085216641426086426e-01
5.973346642660762873e-01,2.108926326036453247e-01
6.072233929057662127e-01,2.118395417928695679e-01
6.163843224766063500e-01,2.091020047664642334e-01
6.249172782151974914e-01,2.085701823234558105e-01
6.329028587812056683e-01,2.035282552242279053e-01
6.404070772389693911e-01,2.018467038869857788e-01
6.474846810580263679e-01,2.046259194612503052e-01
6.541815781284865405e-01,2.061991989612579346e-01
6.605366429592788302e-01,1.976896226406097412e-01
6.665830838835545835e-01,2.014449685811996460e-01
6.723494933933200635e-01,1.994004100561141968e-01
6.778606658405551544e-01,1.970167011022567749e-01
6.831382417207910729e-01,1.944297254085540771e-01
6.882012208830929900e-01,1.991790235042572021e-01
6.930663754181439762e-01,2.003395259380340576e-01
6.977485848746842745e-01,1.974199265241622925e-01
7.022611107041017986e-01,1.921084225177764893e-01
7.066158226927716779e-01,1.932061761617660522e-01
7.108233871216387278e-01,1.929573714733123779e-01
7.148934241627360464e-01,1.941789686679840088e-01
7.188346403575318622e-01,2.002941966056823730e-01
7.226549407660708413e-01,1.898351907730102539e-01
7.263615244192008769e-01,1.895650029182434082e-01
7.299609659708622411e-01,1.940154731273651123e-01
7.334592858774525714e-01,1.971909999847412109e-01
7.368620109859723710e-01,1.914542168378829956e-01
7.401742270621576303e-01,1.857071369886398315e-01
7.434006245119884060e-01,1.856681108474731445e-01
7.465455383282975088e-01,1.895037144422531128e-01
7.496129831162425816e-01,1.925738453865051270e-01
7.526066839076799297e-01,1.904148161411285400e-01
7.555301033577600522e-01,1.837288141250610352e-01
7.583864658217694954e-01,1.806043535470962524e-01
7.611787787320507537e-01,1.778851449489593506e-01
7.639098516303584052e-01,1.827252209186553955e-01
7.665823131576166016e-01,1.779244840145111084e-01
7.691986262586185674e-01,1.867814809083938599e-01
7.717611018221040009e-01,1.825734525918960571e-01
7.742719109455313831e-01,1.765290647745132446e-01
7.767330959876652674e-01,1.882498115301132202e-01
7.791465805499632191e-01,1.843212842941284180e-01
7.815141785089790849e-01,1.767421364784240723e-01
7.838376022060365989e-01,1.817727684974670410e-01
7.861184698867997867e-01,1.711738705635070801e-01
7.883583124717024049e-01,1.800088286399841309e-01
7.905585797281845517e-01,1.800293028354644775e-01
7.927206459070594846e-01,1.768468320369720459e-01
7.948458148978871929e-01,1.798587888479232788e-01
7.969353249517876492e-01,1.785631030797958374e-01
7.989903530145248123e-01,1.742251962423324585e-01
8.010120187078322296e-01,1.738910377025604248e-01
8.030013879926978237e-01,1.725338101387023926e-01
8.049594765446174138e-01,1.737561821937561035e-01
8.068872528675723466e-01,1.717059761285781860e-01
8.087856411706326742e-01,1.744563728570938110e-01
8.106555240285735486e-01,1.766762286424636841e-01
8.124977448456776052e-01,1.709923297166824341e-01
8.143131101399398997e-01,1.736137121915817261e-01
8.161023916631601205e-01,1.720805913209915161e-01
8.178663283708706988e-01,1.701207458972930908e-01
8.196056282546855254e-01,1.686894446611404419e-01
8.213209700484421782e-01,1.640218049287796021e-01
8.230130048184262082e-01,1.681372523307800293e-01
8.246823574470014684e-01,1.692776829004287720e-01
8.263296280181084974e-01,1.688973009586334229e-01
8.279553931123172505e-01,1.667922288179397583e-01
8.295602070184280308e-01,1.683026105165481567e-01
8.311446028679930764e-01,1.664975136518478394e-01
8.327090936985676040e-01,1.663085669279098511e-01
8.342541734509967277e-01,1.632188707590103149e-01
8.357803179055905973e-01,1.672544032335281372e-01
8.372879855616243150e-01,1.611696332693099976e-01
8.387776184642337096e-01,1.629221588373184204e-01
8.402496429824354296e-01,1.566839665174484253e-01
8.417044705417000561e-01,1.586259901523590088e-01
8.431424983142244978e-01,1.597539782524108887e-01
8.445641098698033478e-01,1.626428663730621338e-01
8.459696757899670683e-01,1.613631397485733032e-01
8.473595542478463694e-01,1.599800139665603638e-01
8.487340915560330767e-01,1.578438282012939453e-01
8.500936226845351440e-01,1.613723784685134888e-01
8.514384717507609279e-01,1.585792750120162964e-01
8.527689524833294010e-01,1.588175147771835327e-01
8.540853686613629758e-01,1.610425859689712524e-01
8.553880145308049299e-01,1.610375642776489258e-01
8.566771751991852923e-01,1.605558097362518311e-01
8.579531270101644624e-01,1.555341035127639771e-01
8.592161378990800236e-01,1.560865938663482666e-01
8.604664677306459453e-01,1.552718430757522583e-01
8.617043686198656571e-01,1.573963016271591187e-01
8.629300852371515340e-01,1.552565097808837891e-01
8.641438550985741651e-01,1.573081463575363159e-01
8.653459088421036061e-01,1.572909206151962280e-01
8.665364704906436399e-01,1.597317159175872803e-01
8.677157577026133328e-01,1.565872877836227417e-01
8.688839820107726597e-01,1.600818485021591187e-01
8.700413490499514513e-01,1.558292359113693237e-01
8.711880587742917292e-01,1.518141627311706543e-01
8.723243056645799687e-01,1.498799324035644531e-01
8.734502789262055256e-01,1.545241624116897583e-01
8.745661626782493814e-01,1.508127897977828979e-01
8.756721361341762710e-01,1.534872651100158691e-01
8.767683737745735062e-01,1.528644859790802002e-01
8.778550455123527163e-01,1.455570161342620850e-01
8.789323168508063056e-01,1.528853625059127808e-01
8.800003490348855539e-01,1.525920331478118896e-01
8.810592991960464193e-01,1.495743840932846069e-01
8.821093204909894459e-01,1.447405666112899780e-01
8.831505622345984241e-01,1.479953974485397339e-01
8.841831700273674599e-01,1.507948786020278931e-01
8.852072858775890118e-01,1.498254388570785522e-01
8.862230483185572494e-01,1.475799232721328735e-01
8.872305925210313138e-01,1.521432101726531982e-01
8.882300504011848563e-01,1.508792340755462646e-01
8.892215507242575701e-01,1.421218663454055786e-01
8.902052192041143286e-01,1.479734480381011963e-01
8.911811785989011137e-01,1.477955281734466553e-01
8.921495488029835830e-01,1.470764428377151489e-01
8.931104469353371433e-01,1.450216025114059448e-01
8.940639874245535079e-01,1.483796238899230957e-01
8.950102820906176149e-01,1.410139948129653931e-01
8.959494402235999022e-01,1.383590847253799438e-01
8.968815686594048264e-01,1.498436033725738525e-01
8.978067718527044105e-01,1.443940103054046631e-01
8.987251519471827210e-01,1.446586996316909790e-01
8.996368088432090682e-01,1.415367424488067627e-01
9.005418402630523955e-01,1.405356228351593018e-01
9.014403418137425517e-01,1.447686105966567993e-01
9.023324070476802516e-01,1.434952616691589355e-01
9.032181275210914295e-01,1.431317180395126343e-01
9.040975928504180192e-01,1.438945531845092773e-01
9.049708907667300961e-01,1.460851728916168213e-01
9.058381071682456431e-01,1.428142637014389038e-01
9.066993261710316609e-01,1.389781087636947632e-01
9.075546301579658914e-01,1.370663940906524658e-01
9.084040998260280997e-01,1.387833952903747559e-01
9.092478142319894152e-01,1.362269520759582520e-01
9.100858508365636812e-01,1.370355933904647827e-01
9.109182855470842055e-01,1.433336734771728516e-01
9.117451927587623128e-01,1.373776048421859741e-01
9.125666453945865397e-01,1.435711979866027832e-01
9.133827149439133208e-01,1.345957517623901367e-01
9.141934714998016798e-01,1.433534026145935059e-01
9.149989837951409966e-01,1.342659443616867065e-01
9.157993192376170377e-01,1.372803300619125366e-01
9.165945439435624342e-01,1.354580223560333252e-01
9.173847227707322416e-01,1.343402862548828125e-01
9.181699193500469924e-01,1.343051493167877197e-01
9.189501961163406563e-01,1.380945444107055664e-01
9.197256143381521420e-01,1.357664465904235840e-01
9.204962341465935394e-01,1.359609812498092651e-01
9.212621145633326236e-01,1.330405175685882568e-01
9.220233135277183800e-01,1.347415447235107422e-01
9.227798879230834084e-01,1.369616091251373291e-01
9.235318936022519631e-01,1.290975064039230347e-01
9.242793854122824948e-01,1.370238512754440308e-01
9.250224172184717819e-01,1.347362101078033447e-01
9.257610419276478542e-01,1.311345994472503662e-01
9.264953115107751325e-01,1.321174949407577515e-01
9.272252770248978759e-01,1.313240230083465576e-01
9.279509886344442515e-01,1.357591748237609863e-01
9.286724956319127866e-01,1.393558084964752197e-01
9.293898464579628538e-01,1.395103782415390015e-01
9.301030887209309483e-01,1.344513595104217529e-01
9.308122692157895228e-01,1.299702972173690796e-01
9.315174339425708050e-01,1.327010989189147949e-01
9.322186281242710315e-01,1.317223906517028809e-01
9.329158962242527497e-01,1.302595138549804688e-01
9.336092819631641726e-01,1.288320720195770264e-01
9.342988283353890200e-01,1.315762549638748169e-01
9.349845776250439444e-01,1.320426166057586670e-01
9.356665714215373075e-01,1.286001950502395630e-01
9.363448506347049616e-01,1.299319267272949219e-01
9.370194555095356925e-01,1.276345103979110718e-01
9.376904256405000915e-01,1.276719868183135986e-01
9.383577999854950669e-01,1.353749483823776245e-01
9.390216168794172091e-01,1.278048753738403320e-01
9.396819140473761101e-01,1.275636255741119385e-01
9.403387286175595161e-01,1.328057795763015747e-01
9.409920971337598639e-01,1.257745623588562012e-01
9.416420555675757420e-01,1.296698153018951416e-01
9.422886393302949415e-01,1.282905489206314087e-01
9.429318832844714171e-01,1.279003173112869263e-01
9.435718217552047093e-01,1.311260610818862915e-01
9.442084885411311523e-01,1.248609125614166260e-01
9.448419169251347505e-01,1.264829784631729126e-01
9.454721396847881598e-01,1.302621364593505859e-01
9.460991891025302136e-01,1.254389435052871704e-01
9.467230969755883185e-01,1.222159117460250854e-01
9.473438946256539372e-01,1.257176995277404785e-01
9.479616129083177078e-01,1.269951611757278442e-01
9.485762822222725266e-01,1.248570308089256287e-01
9.491879325182890348e-01,1.296271532773971558e-01
9.497965933079739465e-01,1.279346197843551636e-01
9.504022936723128812e-01,1.241047829389572144e-01
9.510050622700090273e-01,1.287139952182769775e-01
9.516049273456185231e-01,1.249726712703704834e-01
9.522019167374927706e-01,1.262207031250000000e-01
9.527960578855304563e-01,1.264736056327819824e-01
9.533873778387450537e-01,1.317537873983383179e-01
9.539759032626546897e-01,1.239392757415771484e-01
9.545616604464969290e-01,1.207444518804550171e-01
9.551446753102759146e-01,1.234861090779304504e-01
9.557249734116441964e-01,1.234208419919013977e-01
9.563025799526255755e-01,1.247623786330223083e-01
9.568775197861830728e-01,1.260462701320648193e-01
9.574498174226347968e-01,1.220399588346481323e-01
9.580194970359242612e-01,1.218687221407890320e-01
9.585865824697478166e-01,1.196196526288986206e-01
9.591510972435419724e-01,1.257808059453964233e-01
9.597130645583371589e-01,1.216641217470169067e-01
9.602725073024794833e-01,1.189494058489799500e-01
9.608294480572239227e-01,1.187242269515991211e-01
9.613839091022035044e-01,1.108925044536590576e-01
9.619359124207779166e-01,1.208282336592674255e-01
9.624854797052627697e-01,1.140748113393783569e-01
9.630326323620447271e-01,1.159989014267921448e-01
9.635773915165851689e-01,1.253026276826858521e-01
9.641197780183140553e-01,1.195984706282615662e-01
9.646598124454176526e-01,1.148210465908050537e-01
9.651975151095238958e-01,1.182592585682868958e-01
9.657329060602862780e-01,1.112971156835556030e-01
9.662660050898692621e-01,1.218276843428611755e-01
9.667968317373394349e-01,1.094133779406547546e-01
9.673254052929617375e-01,1.157455369830131531e-01
9.678517448024062109e-01,1.188817620277404785e-01
9.683758690708659245e-01,1.174232289195060730e-01
9.688977966670881958e-01,1.217430680990219116e-01
9.694175459273219886e-01,1.154332160949707031e-01
9.699351349591834870e-01,1.259720474481582642e-01
9.704505816454412903e-01,1.153273805975914001e-01
9.709639036477234475e-01,1.159137114882469177e-01
9.714751184101492187e-01,1.139132678508758545e-01
9.719842431628857859e-01,1.208873987197875977e-01
9.724912949256327988e-01,1.148403137922286987e-01
9.729962905110363103e-01,1.184050515294075012e-01
9.734992465280342122e-01,1.130411177873611450e-01
9.740001793851331691e-01,1.182420179247856140e-01
9.744991052936212705e-01,1.132535114884376526e-01
9.749960402707157359e-01,1.153794750571250916e-01
9.754910001426486676e-01,1.132968217134475708e-01
9.759840005476907443e-01,1.165471449494361877e-01
9.764750569391162927e-01,1.148072257637977600e-01
9.769641845881101849e-01,1.080829426646232605e-01
9.774513985866167820e-01,1.114023253321647644e-01
9.779367138501343648e-01,1.156533285975456238e-01
9.784201451204546096e-01,1.131655052304267883e-01
9.789017069683505490e-01,1.145008057355880737e-01
9.793814137962102429e-01,1.157937347888946533e-01
9.798592798406224880e-01,1.178543269634246826e-01
9.803353191749114570e-01,1.151602491736412048e-01
9.808095457116238203e-01,1.138364672660827637e-01
9.812819732049683497e-01,1.130380779504776001e-01
9.817526152532096706e-01,1.117592528462409973e-01
9.822214853010164948e-01,1.137846931815147400e-01
9.826885966417669982e-01,1.150596737861633301e-01
9.831539624198090133e-01,1.149619221687316895e-01
9.836175956326806968e-01,1.096315830945968628e-01
9.840795091332878997e-01,1.136749759316444397e-01
9.845397156320421228e-01,1.092493534088134766e-01
9.849982276989597274e-01,1.086832061409950256e-01
9.854550577657216204e-01,1.055278703570365906e-01
9.859102181276955257e-01,1.119502857327461243e-01
9.863637209459221733e-01,1.138540878891944885e-01
9.868155782490640737e-01,1.115396022796630859e-01
9.872658019353212078e-01,1.127352416515350342e-01
9.877144037743094129e-01,1.130930110812187195e-01
9.881613954089073504e-01,1.115541681647300720e-01
9.886067883570698323e-01,1.091502010822296143e-01
9.890505940136081753e-01,1.073309630155563354e-01
9.894928236519394682e-01,1.039665490388870239e-01
9.899334884258048639e-01,1.127204522490501404e-01
9.903725993709577846e-01,1.097054257988929749e-01
9.908101674068220399e-01,1.050192490220069885e-01
9.912462033381208570e-01,1.117855310440063477e-01
9.916807178564782665e-01,1.031664609909057617e-01
9.921137215419915112e-01,1.041929274797439575e-01
9.925452248647776976e-01,1.047919616103172302e-01
9.929752381864918043e-01,1.030829697847366333e-01
9.934037717618200425e-01,1.060943529009819031e-01
9.938308357399479043e-01,1.159393489360809326e-01
9.942564401660012319e-01,1.115365326404571533e-01
9.946805949824646387e-01,1.083974465727806091e-01
9.951033100305752832e-01,1.041175127029418945e-01
9.955245950516924403e-01,1.021082252264022827e-01
9.959444596886445344e-01,1.033838763833045959e-01
9.963629134870540804e-01,1.057332307100296021e-01
9.967799658966393084e-01,1.065122634172439575e-01
9.971956262724944731e-01,1.094956919550895691e-01
9.976099038763495130e-01,1.039861515164375305e-01
9.980228078778077272e-01,1.109721064567565918e-01
9.984343473555642445e-01,1.009054034948348999e-01
9.988445312986035107e-01,1.026991084218025208e-01
9.992533686073765686e-01,1.083671227097511292e-01
9.996608680949615744e-01,1.062281355261802673e-01
1.000067038488201776e+00,1.042363718152046204e-01
1.000471888428828393e+00,1.069101616740226746e-01
1.000875426474563401e+00,1.075350120663642883e-01
1.001277661100204108e+00,1.018111705780029297e-01
1.001678600698692412e+00,1.006794199347496033e-01
1.002078253582164624e+00,1.001062691211700439e-01
1.002476627982986424e+00,1.086527109146118164e-01
1.002873732054768485e+00,9.995162487030029297e-02
1.003269573873370124e+00,1.022481545805931091e-01
1.003664161437883173e+00,1.037040874361991882e-01
1.004057502671602320e+00,1.010895222425460815e-01
1.004449605422980119e+00,1.049322485923767090e-01
1.004840477466566018e+00,1.030763387680053711e-01
1.005230126503931620e+00,1.017039492726325989e-01
1.005618560164581288e+00,1.079991981387138367e-01
1.006005786006847869e+00,1.020157933235168457e-01
1.006391811518776658e+00,9.868793189525604248e-02
1.006776644118992259e+00,1.056349128484725952e-01
1.007160291157555898e+00,1.013364866375923157e-01
1.007542759916806308e+00,1.011832430958747864e-01
1.007924057612189284e+00,9.802626818418502808e-02
1.008304191393076588e+00,9.673741459846496582e-02
1.008683168343566416e+00,1.079079881310462952e-01
1.009060995483279655e+00,9.833265841007232666e-02
1.009437679768136364e+00,9.848983585834503174e-02
1.009813228091127169e+00,1.013410165905952454e-01
1.010187647283068202e+00,9.939838200807571411e-02
1.010560944113346959e+00,1.073873192071914673e-01
1.010933125290657486e+00,9.787598252296447754e-02
1.011304197463722687e+00,1.055395007133483887e-01
1.011674167222007981e+00,9.994012862443923950e-02
1.012043041096422513e+00,9.634616225957870483e-02
1.012410825560011274e+00,1.034434065222740173e-01
1.012777527028637214e+00,9.815165400505065918e-02
1.013143151861651603e+00,1.015858426690101624e-01
1.013507706362557270e+00,9.518310427665710449e-02
1.013871196779658757e+00,9.885735064744949341e-02
1.014233629306706908e+00,9.725727140903472900e-02
1.014595010083530369e+00,1.031197607517242432e-01
1.014955345196661529e+00,9.569892287254333496e-02
1.015314640679949809e+00,9.882367402315139771e-02
1.015672902515168508e+00,1.011335924267768860e-01
1.016030136632613212e+00,9.737922996282577515e-02
1.016386348911689552e+00,9.729754924774169922e-02
1.016741545181494732e+00,9.481284022331237793e-02
1.017095731221389077e+00,1.019187048077583313e-01
1.017448912761560909e+00,9.865488857030868530e-02
1.017801095483582552e+00,9.423177689313888550e-02
1.018152285020958558e+00,9.983242303133010864e-02
1.018502486959667053e+00,9.143247455358505249e-02
1.018851706838692195e+00,1.023064479231834412e-01
1.019199950150549316e+00,1.013203784823417664e-01
1.019547222341804726e+00,9.707409143447875977e-02
1.019893528813586414e+00,9.380025416612625122e-02
1.020238874922086758e+00,1.010488718748092651e-01
1.020583265979060794e+00,9.450665116310119629e-02
1.020926707252316934e+00,8.859162032604217529e-02
1.021269203966199024e+00,9.817728400230407715e-02
1.021610761302064185e+00,9.842996299266815186e-02
1.021951384398752216e+00,8.960223197937011719e-02
1.022291078353050997e+00,1.000331640243530273e-01
1.022629848220152793e+00,9.531997889280319214e-02
1.022967699014105891e+00,8.967990428209304810e-02
1.023304635708259802e+00,9.273862093687057495e-02
1.023640663235705572e+00,9.221299737691879272e-02
1.023975786489707662e+00,1.007321998476982117e-01
1.024310010324132048e+00,8.978585898876190186e-02
1.024643339553868993e+00,9.646391123533248901e-02
1.024975778955247385e+00,9.286572039127349854e-02
1.025307333266447296e+00,9.389594197273254395e-02
1.025638007187903655e+00,9.278290718793869019e-02
1.025967805382707043e+00,9.430438280105590820e-02
1.026296732476998042e+00,9.273371100425720215e-02
1.026624793060356255e+00,9.670078009366989136e-02
1.026951991686184673e+00,9.664997458457946777e-02
1.027278332872089806e+00,9.435012936592102051e-02
1.027603821100253612e+00,9.019261598587036133e-02
1.027928460817806089e+00,9.321765601634979248e-02
1.028252256437186984e+00,9.232633560895919800e-02
1.028575212336507727e+00,8.807133138179779053e-02
1.028897332859904479e+00,9.510254859924316406e-02
1.029218622317891185e+00,8.850653469562530518e-02
1.029539084987703745e+00,9.273628145456314087e-02
1.029858725113642626e+00,9.535021334886550903e-02
1.030177546907409702e+00,9.221840649843215942e-02
1.030495554548441550e+00,9.635771811008453369e-02
1.030812752184238512e+00,9.365062415599822998e-02
1.031129143930688441e+00,8.615799248218536377e-02
1.031444733872386887e+00,8.713016659021377563e-02
1.031759526062955290e+00,9.334199130535125732e-02
1.032073524525351171e+00,9.990731626749038696e-02
1.032386733252178779e+00,8.900344371795654297e-02
1.032699156205991509e+00,9.478007256984710693e-02
1.033010797319594332e+00,8.404657989740371704e-02
1.033321660496340444e+00,8.736959844827651978e-02
1.033631749610423922e+00,8.845853060483932495e-02
1.033941068507170602e+00,9.247457236051559448e-02
1.034249621003322961e+00,8.931256085634231567e-02
1.034557410887323670e+00,9.128513187170028687e-02
1.034864441919594258e+00,8.898330479860305786e-02
1.035170717832810672e+00,8.803153783082962036e-02
1.035476242332175723e+00,9.031701833009719849e-02
1.035781019095688427e+00,8.910362422466278076e-02
1.036085051774408905e+00,8.958392590284347534e-02
1.036388343992721284e+00,8.930903673171997070e-02
1.036690899348592376e+00,9.468350559473037720e-02
1.036992721413829255e+00,8.996406197547912598e-02
1.037293813734330161e+00,9.008494764566421509e-02
1.037594179830336527e+00,8.486407995223999023e-02
1.037893823196678333e+00,8.012493699789047241e-02
1.038192747303018582e+00,9.045461565256118774e-02
1.038490955594095100e+00,9.808718413114547729e-02
1.038788451489957465e+00,8.791461586952209473e-02
1.039085238386203480e+00,8.557493239641189575e-02
1.039381319654210767e+00,8.695016056299209595e-02
1.039676698641367469e+00,8.457212150096893311e-02
1.039971378671298741e+00,8.829510957002639771e-02
1.040265363044091007e+00,8.701288700103759766e-02
1.040558655036514013e+00,8.531703799962997437e-02
1.040851257902240645e+00,8.941514790058135986e-02
1.041143174872061872e+00,8.663059026002883911e-02
1.041434409154101681e+00,8.709235489368438721e-02
1.041724963934029358e+00,8.809493482112884521e-02
1.042014842375267536e+00,8.844192326068878174e-02
1.042304047619199148e+00,8.412272483110427856e-02
1.042592582785371258e+00,9.014368057250976562e-02
1.042880450971698458e+00,8.520211279392242432e-02
1.043167655254660264e+00,8.288354426622390747e-02
1.043454198689500068e+00,8.902299404144287109e-02
1.043740084310419869e+00,8.654915541410446167e-02
1.044025315130772125e+00,8.354452997446060181e-02
1.044309894143251594e+00,8.791083097457885742e-02
1.044593824320082520e+00,8.178222924470901489e-02
1.044877108613206262e+00,8.326517045497894287e-02
1.045159749954463813e+00,8.707256615161895752e-02
1.045441751255779650e+00,8.499965071678161621e-02
1.045723115409339821e+00,8.136499673128128052e-02
1.046003845287771794e+00,8.520260453224182129e-02
1.046283943744318989e+00,8.642881363630294800e-02
1.046563413613015747e+00,8.568752557039260864e-02
1.046842257708858304e+00,8.607697486877441406e-02
1.047120478827976653e+00,7.933000475168228149e-02
1.047398079747800859e+00,8.115133643150329590e-02
1.047675063227228254e+00,8.759661018848419189e-02
1.047951432006788641e+00,8.788216114044189453e-02
1.048227188808805721e+00,8.379241079092025757e-02
1.048502336337558960e+00,8.192267268896102905e-02
1.048776877279441910e+00,8.266501873731613159e-02
1.049050814303120749e+00,8.553866297006607056e-02
1.049324150059688154e+00,8.688143640756607056e-02
1.049596887182819627e+00,8.391966670751571655e-02
1.049869028288923145e+00,8.417960256338119507e-02
1.050140575977291491e+00,8.370988816022872925e-02
1.050411532830251238e+00,7.817754149436950684e-02
1.050681901413308861e+00,8.609955757856369019e-02
1.050951684275297726e+00,8.626320958137512207e-02
1.051220883948521534e+00,8.321503549814224243e-02
1.051489502948897092e+00,8.367934077978134155e-02
1.051757543776095982e+00,8.251085877418518066e-02
1.052025008913683335e+00,8.197214454412460327e-02
1.052291900829255722e+00,8.567300438880920410e-02
1.052558221974578823e+00,8.074496686458587646e-02
1.052823974785722205e+00,8.354543894529342651e-02
1.053089161683191888e+00,8.201999962329864502e-02
1.053353785072064008e+00,8.128450065851211548e-02
1.053617847342115610e+00,8.074576407670974731e-02
1.053881350867952982e+00,8.221817016601562500e-02
1.054144298009141112e+00,8.522298932075500488e-02
1.054406691110329586e+00,7.951744645833969116e-02
1.054668532501378486e+00,7.892837375402450562e-02
1.054929824497482516e+00,7.926345616579055786e-02
1.055190569399293121e+00,8.330854773521423340e-02
1.055450769493040841e+00,8.197938650846481323e-02
1.055710427050655875e+00,8.536423742771148682e-02
1.055969544329885768e+00,7.857255637645721436e-02
1.056228123574414646e+00,8.213294297456741333e-02
1.056486167013978461e+00,8.763154596090316772e-02
1.056743676864481785e+00,7.885003089904785156e-02
1.057000655328110383e+00,8.528614789247512817e-02
1.057257104593446018e+00,7.790068536996841431e-02
1.057513026835576797e+00,8.152703195810317993e-02
1.057768424216207981e+00,7.923179119825363159e-02
1.058023298883772778e+00,7.845174521207809448e-02
1.058277652973539595e+00,8.220282942056655884e-02
1.058531488607719728e+00,7.799880951642990112e-02
1.058784807895573499e+00,8.109675347805023193e-02
1.059037612933515504e+00,8.370567113161087036e-02
1.059289905805219201e+00,7.820757478475570679e-02
1.059541688581719265e+00,7.850966602563858032e-02
1.059792963321513293e+00,7.566277682781219482e-02
1.060043732070663935e+00,8.566500246524810791e-02
1.060293996862897936e+00,7.737915217876434326e-02
1.060543759719706047e+00,8.229510486125946045e-02
1.060793022650439177e+00,8.295665681362152100e-02
1.061041787652407420e+00,7.422559708356857300e-02
1.061290056710975094e+00,7.655367255210876465e-02
1.061537831799655773e+00,7.900414615869522095e-02
1.061785114880206438e+00,7.293619960546493530e-02
1.062031907902721617e+00,7.557725161314010620e-02
1.062278212805723765e+00,8.217860013246536255e-02
1.062524031516256073e+00,7.704716920852661133e-02
1.062769365949973066e+00,7.919403165578842163e-02
1.063014218011229195e+00,7.988655567169189453e-02
1.063258589593168102e+00,7.768493145704269409e-02
1.063502482577810326e+00,7.691416144371032715e-02
1.063745898836140125e+00,8.168626576662063599e-02
1.063988840228192734e+00,7.678519189357757568e-02
1.064231308603137416e+00,8.173080533742904663e-02
1.064473305799363834e+00,7.827634364366531372e-02
1.064714833644565095e+00,7.906106114387512207e-02
1.064955893955820354e+00,7.552905380725860596e-02
1.065196488539676523e+00,7.700139284133911133e-02
1.065436619192230872e+00,8.137598633766174316e-02
1.065676287699210301e+00,7.872305065393447876e-02
1.065915495836050608e+00,7.940273731946945190e-02
1.066154245367977094e+00,7.591477781534194946e-02
1.066392538050081162e+00,7.344799488782882690e-02
1.066630375627398042e+00,7.371632009744644165e-02
1.066867759834984497e+00,7.933029532432556152e-02
1.067104692397993659e+00,7.260437309741973877e-02
1.067341175031749856e+00,7.914433628320693970e-02
1.067577209441824992e+00,7.614544034004211426e-02
1.067812797324110718e+00,7.885594666004180908e-02
1.068047940364891701e+00,7.586482912302017212e-02
1.068282640240918901e+00,7.994635403156280518e-02
1.068516898619480404e+00,7.438655942678451538e-02
1.068750717158473140e+00,8.466006070375442505e-02
1.068984097506473052e+00,7.433559745550155640e-02
1.069217041302804372e+00,7.008241117000579834e-02
1.069449550177609787e+00,7.812040299177169800e-02
1.069681625751917720e+00,7.256793230772018433e-02
1.069913269637710718e+00,7.818627357482910156e-02
1.070144483437992955e+00,7.563739269971847534e-02
1.070375268746855957e+00,7.718010246753692627e-02
1.070605627149545436e+00,7.884604483842849731e-02
1.070835560222525684e+00,7.006203383207321167e-02
1.071065069533545522e+00,7.244011014699935913e-02
1.071294156641700690e+00,7.461827248334884644e-02
1.071522823097499577e+00,7.523252815008163452e-02
1.071751070442924281e+00,7.474630326032638550e-02
1.071978900211493890e+00,7.672215253114700317e-02
1.072206313928326438e+00,7.559128105640411377e-02
1.072433313110199515e+00,7.303407788276672363e-02
1.072659899265612005e+00,7.659328728914260864e-02
1.072886073894842474e+00,6.981740146875381470e-02
1.073111838490011127e+00,7.398985326290130615e-02
1.073337194535136430e+00,7.889942079782485962e-02
1.073562143506195943e+00,7.176834344863891602e-02
1.073786686871182283e+00,7.258678227663040161e-02
1.074010826090161963e+00,7.466951757669448853e-02
1.074234562615332234e+00,7.389050722122192383e-02
1.074457897891076597e+00,7.557000219821929932e-02
1.074680833354021647e+00,7.812868058681488037e-02
1.074903370433092142e+00,8.334830403327941895e-02
1.075125510549566510e+00,7.285885512828826904e-02
1.075347255117130363e+00,7.348076999187469482e-02
1.075568605541930900e+00,7.882715761661529541e-02
1.075789563222631529e+00,6.741454452276229858e-02
1.076010129550462269e+00,7.362721860408782959e-02
1.076230305909275264e+00,7.004031538963317871e-02
1.076450093675594966e+00,7.042215764522552490e-02
1.076669494218670087e+00,7.323466986417770386e-02
1.076888508900525121e+00,7.191404700279235840e-02
1.077107139076011411e+00,7.411979138851165771e-02
1.077325386092856885e+00,7.627891004085540771e-02
1.077543251291715576e+00,6.678847223520278931e-02
1.077760736006217357e+00,6.788826733827590942e-02
1.077977841563017902e+00,7.541754841804504395e-02
1.078194569281845761e+00,7.169719040393829346e-02
1.078410920475551205e+00,7.025635242462158203e-02
1.078626896450153749e+00,6.730590760707855225e-02
1.078842498504889891e+00,7.026894390583038330e-02
1.079057727932259070e+00,7.101756334304809570e-02
1.079272586018071856e+00,7.115756720304489136e-02
1.079487074041493688e+00,7.165315747261047363e-02
1.079701193275092619e+00,7.834853231906890869e-02
1.079914944984883274e+00,7.517629861831665039e-02
1.080128330430373040e+00,6.834530830383300781e-02
1.080341350864605143e+00,7.075057923793792725e-02
1.080554007534204164e+00,7.076823711395263672e-02
1.080766301679418229e+00,6.791535764932632446e-02
1.080978234534164528e+00,7.241941988468170166e-02
1.081189807326070396e+00,6.892849504947662354e-02
1.081401021276516827e+00,6.594883650541305542e-02
1.081611877600680671e+00,7.100648432970046997e-02
1.081822377507577482e+00,7.286049425601959229e-02
1.082032522200100821e+00,7.163283973932266235e-02
1.082242312875066004e+00,6.812805682420730591e-02
1.082451750723249395e+00,7.549266517162322998e-02
1.082660836929429493e+00,6.880519539117813110e-02
1.082869572672427783e+00,7.159284502267837524e-02
1.083077959125147149e+00,7.029922306537628174e-02
1.083285997454612515e+00,7.157441973686218262e-02
1.083493688822009915e+00,7.334149628877639771e-02
1.083701034382725359e+00,7.331283390522003174e-02
1.083908035286382576e+00,7.008690387010574341e-02
1.084114692676882985e+00,7.246897369623184204e-02
1.084321007692441663e+00,7.235258072614669800e-02
1.084526981465626649e+00,6.891711056232452393e-02
1.084732615123395139e+00,6.987484544515609741e-02
1.084937909787131005e+00,7.325937598943710327e-02
1.085142866572680997e+00,7.305994629859924316e-02
1.085347486590391597e+00,7.182627916336059570e-02
1.085551770945145655e+00,7.082191854715347290e-02
1.085755720736396146e+00,6.868374347686767578e-02
1.085959337058204355e+00,6.855228543281555176e-02
1.086162620999272965e+00,6.871488690376281738e-02
1.086365573642982252e+00,6.408109515905380249e-02
1.086568196067424052e+00,6.343884766101837158e-02
1.086770489345435964e+00,6.944369524717330933e-02
1.086972454544636646e+00,6.423988193273544312e-02
1.087174092727458241e+00,7.215780764818191528e-02
1.087375404951180347e+00,7.248430699110031128e-02
1.087576392267963765e+00,7.196955382823944092e-02
1.087777055724882702e+00,7.327896356582641602e-02
1.087977396363958293e+00,6.270352005958557129e-02
1.088177415222190803e+00,6.992975622415542603e-02
1.088377113331591151e+00,7.162826508283615112e-02
1.088576491719213335e+00,7.440576702356338501e-02
1.088775551407187292e+00,7.277002930641174316e-02
1.088974293412747985e+00,6.977865099906921387e-02
1.089172718748268931e+00,7.386270910501480103e-02
1.089370828421291515e+00,6.932919472455978394e-02
1.089568623434556072e+00,6.336767971515655518e-02
1.089766104786032974e+00,7.204429805278778076e-02
1.089963273468951943e+00,6.567624211311340332e-02
1.090160130471832911e+00,6.639195233583450317e-02
1.090356676778515332e+00,6.508266925811767578e-02
1.090552913368187271e+00,6.762725114822387695e-02
1.090748841215415155e+00,6.468167155981063843e-02
1.090944461290173306e+00,6.550303846597671509e-02
1.091139774557871034e+00,7.135689258575439453e-02
1.091334781979383495e+00,7.342559844255447388e-02
1.091529484511078341e+00,7.087406516075134277e-02
1.091723883104844584e+00,6.985121965408325195e-02
1.091917978708120129e+00,6.778370589017868042e-02
1.092111772263920200e+00,6.369855999946594238e-02
1.092305264710863977e+00,7.068488001823425293e-02
1.092498456983202804e+00,6.849592924118041992e-02
1.092691350010845941e+00,6.560192257165908813e-02
1.092883944719388545e+00,6.716638058423995972e-02
1.093076242030137868e+00,6.886871159076690674e-02
1.093268242860140127e+00,6.669189780950546265e-02
1.093459948122206038e+00,6.691556423902511597e-02
1.093651358724937461e+00,6.654535233974456787e-02
1.093842475572752937e+00,6.650567799806594849e-02
1.094033299565913220e+00,6.950564682483673096e-02
1.094223831600547037e+00,6.441378593444824219e-02
1.094414072568676177e+00,6.408745050430297852e-02
1.094604023358240363e+00,6.311533600091934204e-02
1.094793684853123228e+00,6.567901372909545898e-02
1.094983057933174742e+00,6.202426925301551819e-02
1.095172143474237858e+00,6.658812612295150757e-02
1.095360942348171829e+00,6.313066929578781128e-02
1.095549455422877072e+00,6.642749160528182983e-02
1.095737683562317155e+00,6.932844221591949463e-02
1.095925627626545440e+00,6.359433382749557495e-02
1.096113288471726177e+00,7.116956263780593872e-02
1.096300666950159375e+00,6.132823601365089417e-02
1.096487763910303448e+00,6.780526787042617798e-02
1.096674580196798310e+00,6.312381476163864136e-02
1.096861116650488022e+00,6.732374429702758789e-02
1.097047374108444329e+00,6.575076282024383545e-02
1.097233353403988421e+00,6.836193799972534180e-02
1.097419055366713359e+00,6.189480423927307129e-02
1.097604480822506723e+00,6.796754896640777588e-02
1.097789630593572152e+00,6.693675369024276733e-02
1.097974505498451547e+00,6.303701549768447876e-02
1.098159106352046832e+00,6.435344368219375610e-02
1.098343433965641269e+00,6.519435346126556396e-02
1.098527489146920555e+00,6.663907319307327271e-02
1.098711272699995023e+00,6.432772427797317505e-02
1.098894785425420073e+00,6.197749823331832886e-02
1.099078028120216599e+00,6.520615518093109131e-02
1.099261001577892971e+00,6.815305352210998535e-02
1.099443706588464575e+00,6.246533989906311035e-02
1.099626143938475131e+00,6.513702869415283203e-02
1.099808314411015786e+00,7.072570174932479858e-02
1.099990218785747542e+00,6.337537616491317749e-02
1.100171857838917910e+00,6.828613579273223877e-02
1.100353232343384002e+00,6.153294071555137634e-02
1.100534343068631182e+00,6.571056693792343140e-02
1.100715190780791053e+00,5.941208451986312866e-02
1.100895776242663660e+00,6.782572716474533081e-02
1.101076100213734366e+00,6.556196510791778564e-02
1.101256163450194947e+00,6.838954240083694458e-02
1.101435966704961356e+00,6.316476315259933472e-02
1.101615510727692371e+00,6.359959393739700317e-02
1.101794796264810028e+00,6.362245976924896240e-02
1.101973824059516716e+00,6.444682925939559937e-02
1.102152594851813827e+00,6.334412097930908203e-02
1.102331109378520635e+00,6.714686751365661621e-02
1.102509368373292720e+00,6.429707258939743042e-02
1.102687372566638846e+00,5.951873958110809326e-02
1.102865122685940058e+00,6.417613476514816284e-02
1.103042619455467221e+00,6.685601174831390381e-02
1.103219863596399009e+00,5.674910545349121094e-02
1.103396855826838330e+00,6.639371812343597412e-02
1.103573596861831208e+00,6.048767268657684326e-02
1.103750087413382985e+00,6.309939920902252197e-02
1.103926328190476980e+00,6.307354569435119629e-02
1.104102319899089579e+00,6.372705101966857910e-02
1.104278063242209118e+00,6.180110573768615723e-02
1.104453558919851197e+00,6.130348145961761475e-02
1.104628807629076448e+00,5.705435946583747864e-02
1.104803810064006964e+00,6.467955559492111206e-02
1.104978566915842508e+00,5.747484788298606873e-02
1.105153078872876282e+00,6.686375290155410767e-02
1.105327346620513351e+00,6.747157126665115356e-02
1.105501370841284192e+00,5.891349911689758301e-02
1.105675152214862234e+00,6.013377383351325989e-02
1.105848691418079621e+00,5.971576645970344543e-02
1.106021989124942762e+00,6.284946203231811523e-02
1.106195046006648530e+00,6.095948442816734314e-02
1.106367862731598484e+00,5.833666399121284485e-02
1.106540439965416400e+00,5.905926227569580078e-02
1.106712778370962047e+00,6.132201477885246277e-02
1.106884878608346945e+00,5.766699835658073425e-02
1.107056741334949912e+00,6.153279915452003479e-02
1.107228367205431718e+00,5.525040253996849060e-02
1.107399756871750407e+00,5.932148918509483337e-02
1.107570910983175061e+00,6.294332444667816162e-02
1.107741830186302456e+00,6.092077121138572693e-02
1.107912515125070163e+00,6.014821305871009827e-02
1.108082966440771422e+00,5.369006842374801636e-02
1.108253184772070021e+00,6.208501756191253662e-02
1.108423170755014509e+00,6.072678416967391968e-02
1.108592925023052178e+00,6.166328862309455872e-02
1.108762448207043505e+00,6.010157242417335510e-02
1.108931740935276133e+00,6.038520857691764832e-02
1.109100803833478421e+00,5.685555189847946167e-02
1.109269637524834762e+00,5.689374729990959167e-02
1.109438242629997129e+00,6.157207861542701721e-02
1.109606619767100844e+00,6.065215915441513062e-02
1.109774769551776785e+00,5.667440593242645264e-02
1.109942692597165603e+00,6.010581552982330322e-02
1.110110389513931262e+00,5.931424722075462341e-02
1.110277860910273473e+00,6.374534964561462402e-02
1.110445107391941910e+00,5.849332734942436218e-02
1.110612129562248862e+00,6.114353612065315247e-02
1.110778928022081891e+00,5.675730854272842407e-02
1.110945503369918264e+00,5.939985066652297974e-02
1.111111856201835835e+00,5.369199812412261963e-02
1.111277987111527699e+00,5.831677466630935669e-02
1.111443896690313515e+00,5.902941524982452393e-02
1.111609585527153277e+00,5.595728382468223572e-02
1.111775054208658409e+00,5.221473798155784607e-02
1.111940303319106205e+00,5.909501761198043823e-02
1.112105333440450039e+00,5.925376340746879578e-02
1.112270145152333134e+00,5.511116981506347656e-02
1.112434739032100772e+00,5.735245719552040100e-02
1.112599115654811399e+00,5.844580009579658508e-02
1.112763275593249279e+00,6.113130599260330200e-02
1.112927219417937375e+00,6.187321990728378296e-02
1.113090947697147337e+00,6.304601579904556274e-02
1.113254460996913053e+00,5.902908742427825928e-02
1.113417759881041302e+00,5.597328022122383118e-02
1.113580844911123524e+00,5.877178534865379333e-02
1.113743716646548476e+00,6.025419384241104126e-02
1.113906375644512670e+00,6.284140795469284058e-02
1.114068822460031472e+00,5.862268805503845215e-02
1.114231057645951983e+00,5.413497239351272583e-02
1.114393081752962589e+00,6.820295006036758423e-02
1.114554895329605833e+00,5.953887850046157837e-02
1.114716498922288190e+00,6.119276955723762512e-02
1.114877893075292059e+00,5.154693499207496643e-02
1.115039078330785971e+00,5.619400739669799805e-02
1.115200055228836362e+00,5.887995660305023193e-02
1.115360824307417564e+00,5.261271074414253235e-02
1.115521386102423129e+00,6.032424047589302063e-02
1.115681741147677153e+00,5.736101046204566956e-02
1.115841889974943157e+00,5.381569638848304749e-02
1.116001833113936970e+00,6.186448782682418823e-02
1.116161571092334492e+00,5.843234062194824219e-02
1.116321104435784584e+00,5.706309899687767029e-02
1.116480433667919048e+00,6.057994067668914795e-02
1.116639559310361074e+00,5.366753786802291870e-02
1.116798481882737892e+00,5.644518136978149414e-02
1.116957201902689434e+00,5.732737109065055847e-02
1.117115719885878766e+00,5.875179171562194824e-02
1.117274036346002530e+00,5.550197511911392212e-02
1.117432151794800710e+00,5.587120726704597473e-02
1.117590066742066623e+00,5.840859562158584595e-02
1.117747781695656029e+00,5.656613782048225403e-02
1.117905297161498446e+00,5.743771046400070190e-02
1.118062613643605152e+00,5.169812217354774475e-02
1.118219731644080728e+00,5.915661156177520752e-02
1.118376651663130827e+00,6.005430594086647034e-02
1.118533374199073060e+00,5.495189130306243896e-02
1.118689899748346095e+00,5.446423962712287903e-02
1.118846228805517873e+00,5.643997341394424438e-02
1.119002361863298045e+00,5.547274276614189148e-02
1.119158299412543744e+00,5.498347431421279907e-02
1.119314041942271354e+00,6.443025916814804077e-02
1.119469589939664278e+00,5.618064105510711670e-02
1.119624943890083157e+00,5.972575023770332336e-02
1.119780104277073640e+00,5.459511652588844299e-02
1.119935071582377484e+00,5.794968456029891968e-02
1.120089846285938773e+00,6.522048264741897583e-02
1.120244428865915243e+00,5.457703396677970886e-02
1.120398819798686052e+00,5.519992485642433167e-02
1.120553019558860441e+00,5.007752403616905212e-02
1.120707028619287282e+00,5.445450916886329651e-02
1.120860847451062847e+00,5.875347927212715149e-02
1.121014476523539916e+00,5.391704663634300232e-02
1.121167916304336876e+00,5.160311236977577209e-02
1.121321167259345275e+00,5.807948485016822815e-02
1.121474229852738480e+00,5.557568743824958801e-02
1.121627104546981224e+00,5.600279942154884338e-02
1.121779791802836490e+00,5.910842120647430420e-02
1.121932292079375060e+00,4.787252470850944519e-02
1.122084605833982618e+00,5.195386707782745361e-02
1.122236733522369079e+00,5.558478459715843201e-02
1.122388675598576357e+00,5.832880735397338867e-02
1.122540432514985920e+00,5.735355615615844727e-02
1.122692004722328107e+00,6.024727970361709595e-02
1.122843392669688800e+00,5.783878639340400696e-02
1.122994596804518741e+00,5.785730108618736267e-02
1.123145617572640420e+00,5.403705313801765442e-02
1.123296455418255846e+00,5.584580451250076294e-02
1.123447110783956093e+00,5.689232051372528076e-02
1.123597584110726411e+00,5.301143974065780640e-02
1.123747875837956656e+00,5.317760631442070007e-02
1.123897986403447069e+00,5.433905869722366333e-02
1.124047916243417156e+00,5.461948364973068237e-02
1.124197665792512124e+00,5.209268257021903992e-02
1.124347235483811325e+00,5.593854188919067383e-02
1.124496625748835799e+00,5.781330913305282593e-02
1.124645837017555161e+00,5.602751672267913818e-02
1.124794869718395374e+00,5.572964251041412354e-02
1.124943724278246293e+00,5.950178205966949463e-02
1.125092401122468111e+00,5.139566585421562195e-02
1.125240900674900901e+00,5.841137841343879700e-02
1.125389223357868396e+00,5.649675056338310242e-02
1.125537369592188197e+00,5.434502661228179932e-02
1.125685339797177553e+00,5.779525265097618103e-02
1.125833134390661128e+00,5.423077195882797241e-02
1.125980753788977218e+00,5.198124051094055176e-02
1.126128198406985526e+00,5.736012011766433716e-02
1.126275468658073819e+00,4.737579077482223511e-02
1.126422564954165484e+00,4.990686476230621338e-02
1.126569487705725070e+00,5.504149571061134338e-02
1.126716237321766734e+00,6.277815997600555420e-02
1.126862814209860231e+00,5.766438692808151245e-02
1.127009218776137578e+00,5.303730070590972900e-02
1.127155451425300159e+00,5.374695733189582825e-02
1.127301512560625829e+00,5.692468956112861633e-02
1.127447402583974467e+00,5.689905956387519836e-02
1.127593121895795525e+00,5.179139599204063416e-02
1.127738670895134465e+00,5.154896900057792664e-02
1.127884049979639203e+00,5.649019777774810791e-02
1.128029259545566321e+00,5.029901117086410522e-02
1.128174299987788176e+00,5.584634467959403992e-02
1.128319171699798673e+00,5.885649845004081726e-02
1.128463875073720368e+00,5.140529572963714600e-02
1.128608410500310688e+00,5.107861757278442383e-02
1.128752778368967258e+00,5.495511367917060852e-02
1.128896979067735895e+00,5.495040863752365112e-02
1.129041012983315273e+00,5.103281512856483459e-02
1.129184880501064248e+00,5.287170037627220154e-02
1.129328582005007631e+00,5.445945635437965393e-02
1.129472117877841963e+00,5.169398337602615356e-02
1.129615488500942622e+00,5.391629785299301147e-02
1.129758694254368478e+00,5.408936366438865662e-02
1.129901735516869676e+00,5.135234817862510681e-02
1.130044612665892068e+00,5.527733266353607178e-02
1.130187326077584098e+00,4.981185123324394226e-02
1.130329876126802580e+00,5.442274361848831177e-02
1.130472263187118243e+00,5.198184400796890259e-02
1.130614487630821952e+00,5.268217995762825012e-02
1.130756549828930924e+00,5.640300735831260681e-02
1.130898450151193169e+00,5.679092556238174438e-02
1.131040188966095039e+00,5.248811841011047363e-02
1.131181766640865893e+00,5.750499665737152100e-02
1.131323183541483424e+00,5.045197531580924988e-02
1.131464440032681207e+00,4.837473109364509583e-02
1.131605536477951590e+00,5.244202166795730591e-02
1.131746473239554129e+00,4.955833032727241516e-02
1.131887250678518475e+00,5.319934338331222534e-02
1.132027869154652588e+00,5.403121188282966614e-02
1.132168329026546072e+00,5.718330293893814087e-02
1.132308630651577053e+00,5.749935284256935120e-02
1.132448774385916623e+00,4.944392666220664978e-02
1.132588760584535281e+00,4.996806755661964417e-02
1.132728589601206926e+00,4.907754808664321899e-02
1.132868261788516406e+00,5.363963544368743896e-02
1.133007777497862856e+00,5.224223807454109192e-02
1.133147137079465017e+00,5.006969720125198364e-02
1.133286340882368126e+00,5.503199994564056396e-02
1.133425389254448357e+00,4.819411411881446838e-02
1.133564282542416812e+00,4.865010082721710205e-02
1.133703021091827079e+00,5.213791877031326294e-02
1.133841605247077888e+00,4.513339325785636902e-02
1.133980035351420668e+00,5.449626967310905457e-02
1.134118311746962426e+00,4.991135373711585999e-02
1.134256434774672417e+00,4.918019101023674011e-02
1.134394404774386356e+00,5.390714854001998901e-02
1.134532222084811970e+00,5.312447622418403625e-02
1.134669887043533221e+00,4.883298650383949280e-02
1.134807399987016074e+00,4.705217853188514709e-02
1.134944761250613166e+00,5.117779970169067383e-02
1.135081971168568460e+00,5.202995613217353821e-02
1.135219030074022362e+00,5.474594980478286743e-02
1.135355938299016598e+00,4.826179146766662598e-02
1.135492696174499105e+00,5.174044147133827209e-02
1.135629304030328246e+00,4.505629092454910278e-02
1.135765762195278583e+00,4.907998070120811462e-02
1.135902070997044433e+00,5.522047355771064758e-02
1.136038230762246304e+00,5.168238282203674316e-02
1.136174241816433117e+00,5.149513110518455505e-02
1.136310104484089312e+00,4.936905205249786377e-02
1.136445819088638176e+00,5.652553215622901917e-02
1.136581385952446288e+00,4.624604061245918274e-02
1.136716805396829510e+00,5.052005872130393982e-02
1.136852077742056100e+00,5.260393768548965454e-02
1.136987203307351812e+00,4.878500103950500488e-02
1.137122182410903903e+00,4.849182069301605225e-02
1.137257015369866897e+00,4.970099404454231262e-02
1.137391702500365476e+00,4.983460158109664917e-02
1.137526244117501140e+00,5.462631955742835999e-02
1.137660640535353096e+00,4.992104321718215942e-02
1.137794892066986918e+00,4.783168062567710876e-02
1.137928999024454990e+00,4.680755734443664551e-02
1.138062961718803612e+00,5.043598636984825134e-02
1.138196780460076107e+00,4.784146696329116821e-02
1.138330455557317489e+00,5.423154309391975403e-02
1.138463987318578674e+00,5.293323844671249390e-02
1.138597376050920262e+00,4.949878156185150146e-02
1.138730622060417863e+00,4.969758167862892151e-02
1.138863725652164982e+00,4.876823350787162781e-02
1.138996687130278573e+00,4.923416674137115479e-02
1.139129506797901925e+00,4.731963202357292175e-02
1.139262184957209767e+00,4.771988838911056519e-02
1.139394721909411823e+00,5.009641125798225403e-02
1.139527117954757252e+00,4.637696221470832825e-02
1.139659373392538422e+00,4.912060871720314026e-02
1.139791488521095575e+00,4.897012561559677124e-02
1.139923463637820156e+00,5.029398947954177856e-02
1.140055299039158587e+00,4.584730789065361023e-02
1.140186995020617600e+00,5.284313485026359558e-02
1.140318551876767339e+00,4.801227897405624390e-02
1.140449969901244476e+00,4.839906841516494751e-02
1.140581249386758422e+00,4.801289737224578857e-02
1.140712390625092665e+00,4.974454641342163086e-02
1.140843393907110315e+00,5.077892541885375977e-02
1.140974259522757883e+00,5.114807188510894775e-02
1.141104987761067946e+00,4.707509651780128479e-02
1.141235578910164472e+00,5.218751728534698486e-02
1.141366033257265489e+00,4.868363961577415466e-02
1.141496351088687744e+00,4.832077771425247192e-02
1.141626532689849594e+00,4.392455890774726868e-02
1.141756578345275663e+00,4.932989180088043213e-02
1.141886488338600181e+00,4.587256908416748047e-02
1.142016262952570083e+00,4.510704800486564636e-02
1.142145902469049901e+00,4.780978709459304810e-02
1.142275407169024426e+00,5.144260823726654053e-02
1.142404777332602483e+00,5.290145799517631531e-02
1.142534013239022039e+00,4.915094003081321716e-02
1.142663115166651089e+00,5.542156472802162170e-02
1.142792083392993430e+00,4.978551343083381653e-02
1.142920918194691993e+00,5.039802566170692444e-02
1.143049619847531062e+00,4.837070032954216003e-02
1.143178188626441827e+00,4.691287130117416382e-02
1.143306624805504157e+00,5.222350358963012695e-02
1.143434928657950600e+00,5.294781550765037537e-02
1.143563100456170378e+00,5.065158382058143616e-02
1.143691140471712941e+00,5.316998437047004700e-02
1.143819048975289965e+00,4.807056114077568054e-02
1.143946826236780678e+00,5.176153033971786499e-02
1.144074472525233865e+00,4.471788555383682251e-02
1.144201988108872525e+00,5.053756386041641235e-02
1.144329373255095872e+00,5.217542499303817749e-02
1.144456628230483552e+00,4.718577861785888672e-02
1.144583753300799200e+00,4.787851870059967041e-02
1.144710748730993100e+00,4.773490130901336670e-02
1.144837614785205515e+00,3.851807489991188049e-02
1.144964351726770468e+00,4.918800294399261475e-02
1.145090959818218845e+00,5.204425007104873657e-02
1.145217439321281949e+00,4.775789007544517517e-02
1.145343790496893943e+00,4.671407863497734070e-02
1.145470013605195403e+00,4.401871934533119202e-02
1.145596108905537536e+00,4.590860009193420410e-02
1.145722076656483512e+00,5.120806396007537842e-02
1.145847917115813352e+00,4.866642504930496216e-02
1.145973630540526145e+00,4.638458788394927979e-02
1.146099217186843378e+00,4.791717603802680969e-02
1.146224677310212270e+00,4.741548746824264526e-02
1.146350011165308658e+00,4.785328358411788940e-02
1.146475219006040547e+00,4.740025475621223450e-02
1.146600301085550333e+00,4.967726394534111023e-02
1.146725257656218799e+00,5.023870617151260376e-02
1.146850088969667336e+00,4.231372848153114319e-02
1.146974795276761938e+00,5.107208341360092163e-02
1.147099376827615425e+00,5.164459720253944397e-02
1.147223833871590548e+00,4.625315219163894653e-02
1.147348166657303548e+00,4.537134990096092224e-02
1.147472375432626590e+00,4.743975773453712463e-02
1.147596460444690658e+00,4.687130451202392578e-02
1.147720421939889324e+00,4.831629991531372070e-02
1.147844260163880081e+00,4.642133787274360657e-02
1.147967975361589454e+00,5.262990668416023254e-02
1.148091567777214106e+00,5.166321620345115662e-02
1.148215037654224391e+00,4.513012245297431946e-02
1.148338385235367243e+00,4.873158037662506104e-02
1.148461610762669061e+00,4.752390086650848389e-02
1.148584714477438151e+00,4.810578376054763794e-02
1.148707696620268282e+00,4.692052677273750305e-02
1.148830557431041344e+00,4.665067046880722046e-02
1.148953297148929353e+00,4.871135950088500977e-02
1.149075916012398224e+00,4.735451191663742065e-02
1.149198414259209766e+00,4.672786220908164978e-02
1.149320792126425239e+00,4.578168317675590515e-02
1.149443049850407572e+00,4.247060045599937439e-02
1.149565187666824695e+00,4.626363143324851990e-02
1.149687205810650426e+00,4.846714437007904053e-02
1.149809104516170022e+00,4.723528400063514709e-02
1.149930884016980848e+00,4.490039497613906860e-02
1.150052544545995481e+00,4.611474275588989258e-02
1.150174086335445045e+00,4.464230686426162720e-02
1.150295509616880540e+00,4.763279855251312256e-02
1.150416814621177064e+00,4.866049811244010925e-02
1.150538001578535585e+00,4.215148836374282837e-02
1.150659070718485388e+00,4.487406462430953979e-02
1.150780022269886960e+00,4.862785339355468750e-02
1.150900856460934873e+00,4.468375816941261292e-02
1.151021573519159791e+00,4.671693220734596252e-02
1.151142173671431790e+00,4.808820784091949463e-02
1.151262657143961698e+00,4.082604870200157166e-02
1.151383024162305313e+00,4.147175326943397522e-02
1.151503274951364064e+00,4.489751905202865601e-02
1.151623409735389680e+00,4.370387271046638489e-02
1.151743428737984409e+00,4.387825354933738708e-02
1.151863332182105015e+00,4.500979557633399963e-02
1.151983120290064777e+00,5.141682550311088562e-02
1.152102793283536597e+00,4.226614907383918762e-02
