# n, training_loss
0.000000000000000000e+00,2.579866945743560791e-01
1.001845018450184455e+01,2.492955029010772705e-01
2.003690036900368909e+01,2.458782941102981567e-01
3.005535055350553364e+01,2.423257380723953247e-01
4.007380073800737819e+01,2.421950995922088623e-01
5.009225092250922273e+01,2.423329502344131470e-01
6.011070110701106728e+01,2.357833981513977051e-01
7.012915129151291183e+01,2.349437624216079712e-01
8.014760147601475637e+01,2.330748885869979858e-01
9.016605166051660092e+01,2.298652529716491699e-01
1.001845018450184455e+02,2.266512662172317505e-01
1.102029520295202900e+02,2.277691811323165894e-01
1.202214022140221346e+02,2.256319671869277954e-01
1.302398523985239649e+02,2.239476889371871948e-01
1.402583025830258237e+02,2.231209576129913330e-01
1.502767527675276824e+02,2.283621728420257568e-01
1.602952029520295127e+02,2.280728816986083984e-01
1.703136531365313431e+02,2.261718511581420898e-01
1.803321033210332018e+02,2.224294692277908325e-01
1.903505535055350606e+02,2.254971265792846680e-01
2.003690036900368909e+02,2.235471606254577637e-01
2.103874538745387213e+02,2.230398654937744141e-01
2.204059040590405800e+02,2.202018946409225464e-01
2.304243542435424388e+02,2.246147692203521729e-01
2.404428044280442691e+02,2.225156426429748535e-01
2.504612546125460995e+02,2.196813672780990601e-01
2.604797047970479298e+02,2.241591662168502808e-01
2.704981549815498170e+02,2.172379940748214722e-01
2.805166051660516473e+02,2.196197658777236938e-01
2.905350553505534776e+02,2.237909287214279175e-01
3.005535055350553648e+02,2.181698679924011230e-01
3.105719557195571952e+02,2.187342047691345215e-01
3.205904059040590255e+02,2.165413349866867065e-01
3.306088560885608558e+02,2.193683832883834839e-01
3.406273062730626862e+02,2.179741710424423218e-01
3.506457564575645733e+02,2.148775160312652588e-01
3.606642066420664037e+02,2.163092195987701416e-01
3.706826568265682340e+02,2.124817669391632080e-01
3.807011070110701212e+02,2.154849171638488770e-01
3.907195571955719515e+02,2.147726267576217651e-01
4.007380073800737819e+02,2.207986861467361450e-01
4.107564575645756122e+02,2.134081572294235229e-01
4.207749077490774425e+02,2.134804576635360718e-01
4.307933579335793297e+02,2.136909663677215576e-01
4.408118081180811600e+02,2.137116491794586182e-01
4.508302583025829904e+02,2.112114727497100830e-01
4.608487084870848776e+02,2.137224972248077393e-01
4.708671586715867079e+02,2.104019522666931152e-01
4.808856088560885382e+02,2.154853343963623047e-01
4.909040590405903686e+02,2.151620835065841675e-01
5.009225092250921989e+02,2.152231037616729736e-01
5.109409594095940861e+02,2.127228081226348877e-01
5.209594095940958596e+02,2.114353030920028687e-01
5.309778597785978036e+02,2.093615382909774780e-01
5.409963099630996339e+02,2.093663066625595093e-01
5.510147601476014643e+02,2.105619609355926514e-01
5.610332103321032946e+02,2.074613571166992188e-01
5.710516605166051249e+02,2.111364454030990601e-01
5.810701107011069553e+02,2.111042588949203491e-01
5.910885608856087856e+02,2.084305435419082642e-01
6.011070110701107296e+02,2.066077440977096558e-01
6.111254612546125600e+02,2.098629027605056763e-01
6.211439114391143903e+02,2.074445933103561401e-01
6.311623616236162206e+02,2.130531668663024902e-01
6.411808118081180510e+02,2.124486863613128662e-01
6.511992619926198813e+02,2.095993310213088989e-01
6.612177121771217116e+02,2.020729333162307739e-01
6.712361623616235420e+02,2.066914588212966919e-01
6.812546125461253723e+02,2.086608260869979858e-01
6.912730627306273163e+02,2.039836496114730835e-01
7.012915129151291467e+02,1.999865919351577759e-01
7.113099630996309770e+02,2.065342515707015991e-01
7.213284132841328073e+02,2.054511457681655884e-01
7.313468634686346377e+02,2.059800624847412109e-01
7.413653136531364680e+02,2.056151330471038818e-01
7.513837638376382984e+02,2.046079635620117188e-01
7.614022140221402424e+02,2.042012810707092285e-01
7.714206642066420727e+02,2.052422016859054565e-01
7.814391143911439030e+02,2.070931941270828247e-01
7.914575645756457334e+02,2.054783254861831665e-01
8.014760147601475637e+02,2.041303366422653198e-01
8.114944649446493941e+02,2.058400809764862061e-01
8.215129151291512244e+02,2.028017193078994751e-01
8.315313653136530547e+02,2.021066248416900635e-01
8.415498154981548851e+02,2.062179893255233765e-01
8.515682656826568291e+02,2.077585160732269287e-01
8.615867158671586594e+02,2.058745473623275757e-01
8.716051660516604898e+02,2.038324028253555298e-01
8.816236162361623201e+02,2.040887176990509033e-01
8.916420664206641504e+02,1.982693821191787720e-01
9.016605166051659808e+02,2.025117278099060059e-01
9.116789667896678111e+02,2.029810398817062378e-01
9.216974169741697551e+02,2.036282420158386230e-01
9.317158671586715855e+02,2.000448405742645264e-01
9.417343173431734158e+02,1.995650082826614380e-01
9.517527675276752461e+02,1.994070261716842651e-01
9.617712177121770765e+02,2.053729742765426636e-01
9.717896678966789068e+02,2.046091705560684204e-01
9.818081180811807371e+02,2.037531584501266479e-01
9.918265682656825675e+02,1.986152082681655884e-01
1.001845018450184398e+03,2.005901485681533813e-01
1.011863468634686342e+03,2.006447017192840576e-01
1.021881918819188172e+03,1.998654305934906006e-01
1.031900369003690003e+03,1.981063485145568848e-01
1.041918819188191719e+03,1.984670907258987427e-01
1.051937269372693663e+03,1.992367357015609741e-01
1.061955719557195607e+03,2.022190243005752563e-01
1.071974169741697324e+03,2.009129226207733154e-01
1.081992619926199268e+03,2.016146332025527954e-01
1.092011070110700985e+03,1.981808692216873169e-01
1.102029520295202929e+03,1.974296420812606812e-01
1.112047970479704645e+03,2.017470747232437134e-01
1.122066420664206589e+03,1.997162252664566040e-01
1.132084870848708533e+03,1.984462589025497437e-01
1.142103321033210250e+03,1.980485320091247559e-01
1.152121771217712194e+03,1.966327130794525146e-01
1.162140221402213911e+03,2.020070701837539673e-01
1.172158671586715855e+03,1.993876695632934570e-01
1.182177121771217571e+03,1.964059770107269287e-01
1.192195571955719515e+03,1.990748196840286255e-01
1.202214022140221459e+03,2.011110782623291016e-01
1.212232472324723176e+03,1.978760957717895508e-01
1.222250922509225120e+03,1.949050575494766235e-01
1.232269372693726837e+03,2.032762318849563599e-01
1.242287822878228781e+03,1.972500234842300415e-01
1.252306273062730497e+03,1.975647360086441040e-01
1.262324723247232441e+03,1.952568888664245605e-01
1.272343173431734158e+03,1.984183639287948608e-01
1.282361623616236102e+03,1.936265975236892700e-01
1.292380073800738046e+03,1.905032694339752197e-01
1.302398523985239763e+03,1.976929455995559692e-01
1.312416974169741707e+03,1.978065967559814453e-01
1.322435424354243423e+03,2.006352394819259644e-01
1.332453874538745367e+03,1.971316188573837280e-01
1.342472324723247084e+03,1.973064988851547241e-01
1.352490774907749028e+03,1.968090087175369263e-01
1.362509225092250745e+03,1.942288577556610107e-01
1.372527675276752689e+03,1.945528388023376465e-01
1.382546125461254633e+03,1.933612078428268433e-01
1.392564575645756349e+03,1.923650056123733521e-01
1.402583025830258293e+03,1.955870389938354492e-01
1.412601476014760010e+03,1.939220577478408813e-01
1.422619926199261954e+03,1.922683417797088623e-01
1.432638376383763671e+03,1.919295787811279297e-01
1.442656826568265615e+03,1.902314275503158569e-01
1.452675276752767559e+03,1.906224191188812256e-01
1.462693726937269275e+03,1.982727199792861938e-01
1.472712177121771219e+03,1.895413398742675781e-01
1.482730627306272936e+03,1.921669542789459229e-01
1.492749077490774880e+03,1.933756917715072632e-01
1.502767527675276597e+03,1.928708404302597046e-01
1.512785977859778541e+03,1.925875842571258545e-01
1.522804428044280485e+03,1.952534019947052002e-01
1.532822878228782201e+03,1.899779289960861206e-01
1.542841328413284145e+03,1.898508667945861816e-01
1.552859778597785862e+03,1.947471797466278076e-01
1.562878228782287806e+03,1.892966777086257935e-01
1.572896678966789523e+03,1.986152976751327515e-01
1.582915129151291467e+03,1.897515803575515747e-01
1.592933579335793183e+03,1.900736540555953979e-01
1.602952029520295127e+03,1.910214573144912720e-01
1.612970479704797071e+03,1.886823475360870361e-01
1.622988929889298788e+03,1.924934536218643188e-01
1.633007380073800732e+03,1.891729235649108887e-01
1.643025830258302449e+03,1.927058100700378418e-01
1.653044280442804393e+03,1.896770149469375610e-01
1.663062730627306109e+03,1.919789761304855347e-01
1.673081180811808053e+03,1.920222938060760498e-01
1.683099630996309770e+03,1.877534985542297363e-01
1.693118081180811714e+03,1.930443346500396729e-01
1.703136531365313658e+03,1.870695501565933228e-01
1.713154981549815375e+03,1.883926391601562500e-01
1.723173431734317319e+03,1.882023513317108154e-01
1.733191881918819035e+03,1.907901167869567871e-01
1.743210332103320980e+03,1.883985698223114014e-01
1.753228782287822696e+03,1.908975243568420410e-01
1.763247232472324640e+03,1.942363083362579346e-01
1.773265682656826584e+03,1.877046823501586914e-01
1.783284132841328301e+03,1.928516924381256104e-01
1.793302583025830245e+03,1.903483867645263672e-01
1.803321033210331962e+03,1.896950006484985352e-01
1.813339483394833906e+03,1.904602795839309692e-01
1.823357933579335622e+03,1.879422068595886230e-01
1.833376383763837566e+03,1.846423745155334473e-01
1.843394833948339510e+03,1.873483210802078247e-01
1.853413284132841227e+03,1.891034245491027832e-01
1.863431734317343171e+03,1.910957545042037964e-01
1.873450184501844888e+03,1.893363147974014282e-01
1.883468634686346832e+03,1.947380304336547852e-01
1.893487084870848548e+03,1.902486979961395264e-01
1.903505535055350492e+03,1.881409436464309692e-01
1.913523985239852209e+03,1.826468259096145630e-01
1.923542435424354153e+03,1.907964050769805908e-01
1.933560885608856097e+03,1.836673021316528320e-01
1.943579335793357814e+03,1.894461363554000854e-01
1.953597785977859758e+03,1.881631910800933838e-01
1.963616236162361474e+03,1.851646155118942261e-01
1.973634686346863418e+03,1.888070851564407349e-01
1.983653136531365135e+03,1.909826695919036865e-01
1.993671586715867079e+03,1.888633370399475098e-01
2.003690036900368796e+03,1.841833144426345825e-01
2.013708487084870740e+03,1.841283440589904785e-01
2.023726937269372684e+03,1.846180558204650879e-01
2.033745387453874400e+03,1.856096088886260986e-01
2.043763837638376344e+03,1.834921091794967651e-01
2.053782287822878061e+03,1.865969747304916382e-01
2.063800738007380005e+03,1.847379654645919800e-01
2.073819188191881949e+03,1.921070963144302368e-01
2.083837638376383438e+03,1.890093833208084106e-01
2.093856088560885382e+03,1.879208981990814209e-01
2.103874538745387326e+03,1.892650872468948364e-01
2.113892988929889270e+03,1.855927407741546631e-01
2.123911439114391214e+03,1.876841634511947632e-01
2.133929889298892704e+03,1.828885972499847412e-01
2.143948339483394648e+03,1.872499585151672363e-01
2.153966789667896592e+03,1.801126748323440552e-01
2.163985239852398536e+03,1.858571320772171021e-01
2.174003690036900480e+03,1.871946007013320923e-01
2.184022140221401969e+03,1.860002279281616211e-01
2.194040590405903913e+03,1.869235634803771973e-01
2.204059040590405857e+03,1.820887625217437744e-01
2.214077490774907801e+03,1.848817914724349976e-01
2.224095940959409290e+03,1.883265525102615356e-01
2.234114391143911234e+03,1.801135689020156860e-01
2.244132841328413178e+03,1.845548152923583984e-01
2.254151291512915122e+03,1.826997399330139160e-01
2.264169741697417066e+03,1.836734563112258911e-01
2.274188191881918556e+03,1.890210658311843872e-01
2.284206642066420500e+03,1.872914284467697144e-01
2.294225092250922444e+03,1.805773079395294189e-01
2.304243542435424388e+03,1.874914914369583130e-01
2.314261992619925877e+03,1.858950704336166382e-01
2.324280442804427821e+03,1.829967200756072998e-01
2.334298892988929765e+03,1.802960932254791260e-01
2.344317343173431709e+03,1.805251687765121460e-01
2.354335793357933653e+03,1.831222176551818848e-01
2.364354243542435142e+03,1.874053925275802612e-01
2.374372693726937086e+03,1.847355514764785767e-01
2.384391143911439030e+03,1.844877898693084717e-01
2.394409594095940975e+03,1.821589469909667969e-01
2.404428044280442919e+03,1.811197847127914429e-01
2.414446494464944408e+03,1.827963739633560181e-01
2.424464944649446352e+03,1.808385252952575684e-01
2.434483394833948296e+03,1.834543496370315552e-01
2.444501845018450240e+03,1.832644939422607422e-01
2.454520295202951729e+03,1.802361160516738892e-01
2.464538745387453673e+03,1.786067038774490356e-01
2.474557195571955617e+03,1.825098991394042969e-01
2.484575645756457561e+03,1.837655156850814819e-01
2.494594095940959505e+03,1.791249811649322510e-01
2.504612546125460995e+03,1.768539547920227051e-01
2.514630996309962939e+03,1.795682758092880249e-01
2.524649446494464883e+03,1.801053583621978760e-01
2.534667896678966827e+03,1.791917830705642700e-01
2.544686346863468316e+03,1.774858236312866211e-01
2.554704797047970260e+03,1.810112446546554565e-01
2.564723247232472204e+03,1.770354956388473511e-01
2.574741697416974148e+03,1.835001260042190552e-01
2.584760147601476092e+03,1.803623139858245850e-01
2.594778597785977581e+03,1.782898008823394775e-01
2.604797047970479525e+03,1.834951937198638916e-01
2.614815498154981469e+03,1.773910522460937500e-01
2.624833948339483413e+03,1.782534718513488770e-01
2.634852398523984903e+03,1.784487217664718628e-01
2.644870848708486847e+03,1.843367964029312134e-01
2.654889298892988791e+03,1.810531616210937500e-01
2.664907749077490735e+03,1.817683726549148560e-01
2.674926199261992679e+03,1.742272824048995972e-01
2.684944649446494168e+03,1.768401712179183960e-01
2.694963099630996112e+03,1.799602061510086060e-01
2.704981549815498056e+03,1.811247020959854126e-01
2.715000000000000000e+03,1.797223538160324097e-01
2.725018450184501489e+03,1.775490939617156982e-01
2.735036900369003433e+03,1.816230565309524536e-01
2.745055350553505377e+03,1.765962690114974976e-01
2.755073800738007321e+03,1.758451312780380249e-01
2.765092250922509265e+03,1.766045391559600830e-01
2.775110701107010755e+03,1.778806746006011963e-01
2.785129151291512699e+03,1.734292954206466675e-01
2.795147601476014643e+03,1.772331446409225464e-01
2.805166051660516587e+03,1.793197393417358398e-01
2.815184501845018531e+03,1.778146475553512573e-01
2.825202952029520020e+03,1.777014732360839844e-01
2.835221402214021964e+03,1.813665330410003662e-01
2.845239852398523908e+03,1.776783019304275513e-01
2.855258302583025852e+03,1.761835366487503052e-01
2.865276752767527341e+03,1.810297816991806030e-01
2.875295202952029285e+03,1.768547296524047852e-01
2.885313653136531229e+03,1.775071024894714355e-01
2.895332103321033173e+03,1.807910203933715820e-01
2.905350553505535117e+03,1.780320256948471069e-01
2.915369003690036607e+03,1.791552603244781494e-01
2.925387453874538551e+03,1.825006008148193359e-01
2.935405904059040495e+03,1.755984872579574585e-01
2.945424354243542439e+03,1.801315099000930786e-01
2.955442804428043928e+03,1.809669882059097290e-01
2.965461254612545872e+03,1.762273162603378296e-01
2.975479704797047816e+03,1.778085380792617798e-01
2.985498154981549760e+03,1.755555868148803711e-01
2.995516605166051704e+03,1.757892221212387085e-01
3.005535055350553193e+03,1.769224703311920166e-01
3.015553505535055137e+03,1.724782884120941162e-01
3.025571955719557081e+03,1.758968830108642578e-01
3.035590405904059025e+03,1.779437363147735596e-01
3.045608856088560970e+03,1.796934604644775391e-01
3.055627306273062459e+03,1.736122518777847290e-01
3.065645756457564403e+03,1.726402491331100464e-01
3.075664206642066347e+03,1.736171841621398926e-01
3.085682656826568291e+03,1.745717227458953857e-01
3.095701107011069780e+03,1.737803518772125244e-01
3.105719557195571724e+03,1.773125082254409790e-01
3.115738007380073668e+03,1.728316992521286011e-01
3.125756457564575612e+03,1.818598210811614990e-01
3.135774907749077556e+03,1.769219785928726196e-01
3.145793357933579045e+03,1.769773662090301514e-01
3.155811808118080990e+03,1.768098920583724976e-01
3.165830258302582934e+03,1.749275326728820801e-01
3.175848708487084878e+03,1.779449433088302612e-01
3.185867158671586367e+03,1.723032295703887939e-01
3.195885608856088311e+03,1.759307533502578735e-01
3.205904059040590255e+03,1.760767251253128052e-01
3.215922509225092199e+03,1.761896461248397827e-01
3.225940959409594143e+03,1.690668761730194092e-01
3.235959409594095632e+03,1.741694808006286621e-01
3.245977859778597576e+03,1.763845980167388916e-01
3.255996309963099520e+03,1.691174358129501343e-01
3.266014760147601464e+03,1.724595129489898682e-01
3.276033210332102954e+03,1.754154264926910400e-01
3.286051660516604898e+03,1.707415133714675903e-01
3.296070110701106842e+03,1.758659034967422485e-01
3.306088560885608786e+03,1.734252870082855225e-01
3.316107011070110730e+03,1.731194108724594116e-01
3.326125461254612219e+03,1.740654110908508301e-01
3.336143911439114163e+03,1.698297858238220215e-01
3.346162361623616107e+03,1.672694534063339233e-01
3.356180811808118051e+03,1.675676107406616211e-01
3.366199261992619540e+03,1.650412380695343018e-01
3.376217712177121484e+03,1.702416092157363892e-01
3.386236162361623428e+03,1.716717183589935303e-01
3.396254612546125372e+03,1.785023063421249390e-01
3.406273062730627316e+03,1.709639728069305420e-01
3.416291512915128806e+03,1.706673502922058105e-01
3.426309963099630750e+03,1.723518669605255127e-01
3.436328413284132694e+03,1.728893667459487915e-01
3.446346863468634638e+03,1.674044132232666016e-01
3.456365313653136582e+03,1.721373945474624634e-01
3.466383763837638071e+03,1.752148568630218506e-01
3.476402214022140015e+03,1.760806441307067871e-01
3.486420664206641959e+03,1.687223762273788452e-01
3.496439114391143903e+03,1.689471453428268433e-01
3.506457564575645392e+03,1.727988719940185547e-01
3.516476014760147336e+03,1.695292890071868896e-01
3.526494464944649280e+03,1.756004542112350464e-01
3.536512915129151224e+03,1.671350449323654175e-01
3.546531365313653168e+03,1.764646619558334351e-01
3.556549815498154658e+03,1.732750236988067627e-01
3.566568265682656602e+03,1.760022342205047607e-01
3.576586715867158546e+03,1.710938811302185059e-01
3.586605166051660490e+03,1.752094030380249023e-01
3.596623616236161979e+03,1.693936735391616821e-01
3.606642066420663923e+03,1.723748594522476196e-01
3.616660516605165867e+03,1.679013520479202271e-01
3.626678966789667811e+03,1.673385351896286011e-01
3.636697416974169755e+03,1.702088415622711182e-01
3.646715867158671244e+03,1.714565008878707886e-01
3.656734317343173188e+03,1.746423989534378052e-01
3.666752767527675132e+03,1.657171994447708130e-01
3.676771217712177076e+03,1.649782657623291016e-01
3.686789667896679020e+03,1.753188371658325195e-01
3.696808118081180510e+03,1.716155856847763062e-01
3.706826568265682454e+03,1.663932800292968750e-01
3.716845018450184398e+03,1.698246598243713379e-01
3.726863468634686342e+03,1.705659329891204834e-01
3.736881918819187831e+03,1.658833175897598267e-01
3.746900369003689775e+03,1.674905866384506226e-01
3.756918819188191719e+03,1.673467457294464111e-01
3.766937269372693663e+03,1.723386198282241821e-01
3.776955719557195607e+03,1.667124480009078979e-01
3.786974169741697096e+03,1.665218323469161987e-01
3.796992619926199040e+03,1.696762889623641968e-01
3.807011070110700985e+03,1.696888357400894165e-01
3.817029520295202929e+03,1.645653992891311646e-01
3.827047970479704418e+03,1.661534309387207031e-01
3.837066420664206362e+03,1.637801080942153931e-01
3.847084870848708306e+03,1.653220802545547485e-01
3.857103321033210250e+03,1.644253134727478027e-01
3.867121771217712194e+03,1.647108346223831177e-01
3.877140221402213683e+03,1.699963063001632690e-01
3.887158671586715627e+03,1.648339331150054932e-01
3.897177121771217571e+03,1.648697257041931152e-01
3.907195571955719515e+03,1.662206649780273438e-01
3.917214022140221005e+03,1.606802940368652344e-01
3.927232472324722949e+03,1.667490750551223755e-01
3.937250922509224893e+03,1.684207022190093994e-01
3.947269372693726837e+03,1.668277084827423096e-01
3.957287822878228781e+03,1.665200144052505493e-01
3.967306273062730270e+03,1.674137711524963379e-01
3.977324723247232214e+03,1.656718254089355469e-01
3.987343173431734158e+03,1.679152399301528931e-01
3.997361623616236102e+03,1.672860682010650635e-01
4.007380073800737591e+03,1.617583781480789185e-01
4.017398523985239535e+03,1.633868068456649780e-01
4.027416974169741479e+03,1.718109399080276489e-01
4.037435424354243423e+03,1.639952212572097778e-01
4.047453874538745367e+03,1.684585958719253540e-01
4.057472324723246857e+03,1.627939492464065552e-01
4.067490774907748801e+03,1.679602563381195068e-01
4.077509225092250745e+03,1.651961207389831543e-01
4.087527675276752689e+03,1.627331525087356567e-01
4.097546125461254633e+03,1.632458865642547607e-01
4.107564575645756122e+03,1.640545874834060669e-01
4.117583025830258521e+03,1.605005413293838501e-01
4.127601476014760010e+03,1.638460308313369751e-01
4.137619926199261499e+03,1.642089188098907471e-01
4.147638376383763898e+03,1.602811217308044434e-01
4.157656826568265387e+03,1.641908735036849976e-01
4.167675276752766877e+03,1.634054183959960938e-01
4.177693726937269275e+03,1.653589904308319092e-01
4.187712177121770765e+03,1.616237014532089233e-01
4.197730627306273163e+03,1.681695878505706787e-01
4.207749077490774653e+03,1.658898741006851196e-01
4.217767527675276142e+03,1.609852313995361328e-01
4.227785977859778541e+03,1.624156683683395386e-01
4.237804428044280030e+03,1.643616855144500732e-01
4.247822878228782429e+03,1.660270392894744873e-01
4.257841328413283918e+03,1.670691967010498047e-01
4.267859778597785407e+03,1.665265262126922607e-01
4.277878228782287806e+03,1.609376370906829834e-01
4.287896678966789295e+03,1.668303012847900391e-01
4.297915129151291694e+03,1.637942194938659668e-01
4.307933579335793183e+03,1.590634882450103760e-01
4.317952029520294673e+03,1.617483347654342651e-01
4.327970479704797071e+03,1.628688573837280273e-01
4.337988929889298561e+03,1.687053143978118896e-01
4.348007380073800960e+03,1.593192070722579956e-01
4.358025830258302449e+03,1.620694249868392944e-01
4.368044280442803938e+03,1.641599386930465698e-01
4.378062730627306337e+03,1.658971756696701050e-01
4.388081180811807826e+03,1.618332266807556152e-01
4.398099630996309315e+03,1.647949963808059692e-01
4.408118081180811714e+03,1.666334122419357300e-01
4.418136531365313203e+03,1.626816689968109131e-01
4.428154981549815602e+03,1.595122665166854858e-01
4.438173431734317091e+03,1.684747636318206787e-01
4.448191881918818581e+03,1.630723029375076294e-01
4.458210332103320980e+03,1.592096090316772461e-01
4.468228782287822469e+03,1.641562283039093018e-01
4.478247232472324868e+03,1.627276241779327393e-01
4.488265682656826357e+03,1.564808040857315063e-01
4.498284132841327846e+03,1.643530130386352539e-01
4.508302583025830245e+03,1.579275280237197876e-01
4.518321033210331734e+03,1.616040766239166260e-01
4.528339483394834133e+03,1.671445071697235107e-01
4.538357933579335622e+03,1.609997153282165527e-01
4.548376383763837111e+03,1.607028543949127197e-01
4.558394833948339510e+03,1.602253764867782593e-01
4.568413284132841000e+03,1.571104526519775391e-01
4.578431734317343398e+03,1.592159718275070190e-01
4.588450184501844888e+03,1.591096669435501099e-01
4.598468634686346377e+03,1.574839949607849121e-01
4.608487084870848776e+03,1.575587838888168335e-01
4.618505535055350265e+03,1.600375324487686157e-01
4.628523985239851754e+03,1.633625328540802002e-01
4.638542435424354153e+03,1.602923721075057983e-01
4.648560885608855642e+03,1.612230837345123291e-01
4.658579335793358041e+03,1.631647795438766479e-01
4.668597785977859530e+03,1.619666814804077148e-01
4.678616236162361020e+03,1.611499339342117310e-01
4.688634686346863418e+03,1.631593108177185059e-01
4.698653136531364908e+03,1.607710123062133789e-01
4.708671586715867306e+03,1.686082482337951660e-01
4.718690036900368796e+03,1.634564101696014404e-01
4.728708487084870285e+03,1.640571057796478271e-01
4.738726937269372684e+03,1.594188064336776733e-01
4.748745387453874173e+03,1.622896939516067505e-01
4.758763837638376572e+03,1.559823453426361084e-01
4.768782287822878061e+03,1.624237447977066040e-01
4.778800738007379550e+03,1.565680652856826782e-01
4.788819188191881949e+03,1.587200015783309937e-01
4.798837638376383438e+03,1.565832346677780151e-01
4.808856088560885837e+03,1.586371809244155884e-01
4.818874538745387326e+03,1.607571393251419067e-01
4.828892988929888816e+03,1.580029577016830444e-01
4.838911439114391214e+03,1.649338752031326294e-01
4.848929889298892704e+03,1.586378365755081177e-01
4.858948339483394193e+03,1.621252745389938354e-01
4.868966789667896592e+03,1.562977880239486694e-01
4.878985239852398081e+03,1.598284542560577393e-01
4.889003690036900480e+03,1.571955382823944092e-01
4.899022140221401969e+03,1.571547687053680420e-01
4.909040590405903458e+03,1.575777530670166016e-01
4.919059040590405857e+03,1.594269573688507080e-01
4.929077490774907346e+03,1.562641710042953491e-01
4.939095940959409745e+03,1.592996567487716675e-01
4.949114391143911234e+03,1.552391052246093750e-01
4.959132841328412724e+03,1.560330837965011597e-01
4.969151291512915122e+03,1.578290462493896484e-01
4.979169741697416612e+03,1.569926589727401733e-01
4.989188191881919010e+03,1.572699993848800659e-01
4.999206642066420500e+03,1.603928953409194946e-01
5.009225092250921989e+03,1.577358394861221313e-01
5.019243542435424388e+03,1.601275950670242310e-01
5.029261992619925877e+03,1.626836806535720825e-01
5.039280442804427366e+03,1.548919379711151123e-01
5.049298892988929765e+03,1.521505713462829590e-01
5.059317343173431254e+03,1.575761288404464722e-01
5.069335793357933653e+03,1.574219465255737305e-01
5.079354243542435142e+03,1.521828025579452515e-01
5.089372693726936632e+03,1.585001945495605469e-01
5.099391143911439030e+03,1.545799374580383301e-01
5.109409594095940520e+03,1.511901319026947021e-01
5.119428044280442919e+03,1.559337973594665527e-01
5.129446494464944408e+03,1.538075357675552368e-01
5.139464944649445897e+03,1.596701443195343018e-01
5.149483394833948296e+03,1.550389677286148071e-01
5.159501845018449785e+03,1.606527268886566162e-01
5.169520295202952184e+03,1.552896946668624878e-01
5.179538745387453673e+03,1.578096151351928711e-01
5.189557195571955162e+03,1.516821980476379395e-01
5.199575645756457561e+03,1.560785770416259766e-01
5.209594095940959050e+03,1.581345349550247192e-01
5.219612546125461449e+03,1.569490879774093628e-01
5.229630996309962939e+03,1.534351557493209839e-01
5.239649446494464428e+03,1.557350307703018188e-01
5.249667896678966827e+03,1.552129685878753662e-01
5.259686346863468316e+03,1.586833149194717407e-01
5.269704797047969805e+03,1.545939594507217407e-01
5.279723247232472204e+03,1.508444696664810181e-01
5.289741697416973693e+03,1.609579473733901978e-01
5.299760147601476092e+03,1.541078388690948486e-01
5.309778597785977581e+03,1.584620028734207153e-01
5.319797047970479071e+03,1.516574621200561523e-01
5.329815498154981469e+03,1.552704423666000366e-01
5.339833948339482959e+03,1.580665707588195801e-01
5.349852398523985357e+03,1.552910059690475464e-01
5.359870848708486847e+03,1.542623937129974365e-01
5.369889298892988336e+03,1.585444808006286621e-01
5.379907749077490735e+03,1.595353931188583374e-01
5.389926199261992224e+03,1.548671275377273560e-01
5.399944649446494623e+03,1.543397158384323120e-01
5.409963099630996112e+03,1.551416218280792236e-01
5.419981549815497601e+03,1.551987379789352417e-01
5.430000000000000000e+03,1.609243154525756836e-01
