# kappa, training_loss
0.000000000000000000e+00,2.725313007831573486e-01
3.461644530084037052e-01,2.149831205606460571e-01
4.394635626342724422e-01,1.890269666910171509e-01
4.956551873822765963e-01,1.710799783468246460e-01
5.359926703223468758e-01,1.599833816289901733e-01
5.674811671634317767e-01,1.520796418190002441e-01
5.933131484768997543e-01,1.597119420766830444e-01
6.152146882103068926e-01,1.502165794372558594e-01
6.342253994344249080e-01,1.448353826999664307e-01
6.510201931090897620e-01,1.443943232297897339e-01
6.660621419718134595e-01,1.422317475080490112e-01
6.796827972616849012e-01,1.291301548480987549e-01
6.921277154277192256e-01,1.357652395963668823e-01
7.035838452825903255e-01,1.362203359603881836e-01
7.141968120342601090e-01,1.350395530462265015e-01
7.240822649531829525e-01,1.327631920576095581e-01
7.333335788687550538e-01,1.309297680854797363e-01
7.420272308822544183e-01,1.270792186260223389e-01
7.502266466773860332e-01,1.255589723587036133e-01
7.579850111202142138e-01,1.336628049612045288e-01
7.653473607823181313e-01,1.155134737491607666e-01
7.723521678783763500e-01,1.292539685964584351e-01
7.790325571005807248e-01,1.247036531567573547e-01
7.854172529413280257e-01,1.239991113543510437e-01
7.915313261076045714e-01,1.251377910375595093e-01
7.973967880836927424e-01,1.263338923454284668e-01
8.030330694688343485e-01,1.177361607551574707e-01
8.084574083307328740e-01,1.195211037993431091e-01
8.136851681537069503e-01,1.159626841545104980e-01
8.187301001637721232e-01,1.149156168103218079e-01
8.236045613140698940e-01,1.181537955999374390e-01
8.283196966307705411e-01,1.244302242994308472e-01
8.328855926908795837e-01,1.129269897937774658e-01
8.373114075483460983e-01,1.161202117800712585e-01
8.416054813165515514e-01,1.073033511638641357e-01
8.457754307633760238e-01,1.148678138852119446e-01
8.498282306147255660e-01,1.003461927175521851e-01
8.537702837465070971e-01,1.068438291549682617e-01
8.576074820389772979e-01,1.101158112287521362e-01
8.613452593455345196e-01,1.083211526274681091e-01
8.649886377712217023e-01,1.143900156021118164e-01
8.685422682500368863e-01,1.083853468298912048e-01
8.720104662436414245e-01,1.068006232380867004e-01
8.753972432488333899e-01,1.071769744157791138e-01
8.787063346907538763e-01,1.034839600324630737e-01
8.819412246882079032e-01,1.035345941781997681e-01
8.851051681027861662e-01,1.046842262148857117e-01
8.882012102216166882e-01,1.052635014057159424e-01
8.912322043721109255e-01,9.491367638111114502e-02
8.942008277240823810e-01,9.884122014045715332e-02
8.971095954985613963e-01,1.023639887571334839e-01
8.999608737722852858e-01,9.227845072746276855e-02
9.027568910411924996e-01,1.001522988080978394e-01
9.054997486845141053e-01,1.010485440492630005e-01
9.081914304525547932e-01,1.022667139768600464e-01
9.108338110854756753e-01,9.487449377775192261e-02
9.134286641568701848e-01,9.418392926454544067e-02
9.159776692243321028e-01,1.016273200511932373e-01
9.184824183592127378e-01,9.259428828954696655e-02
9.209444221191465108e-01,9.759152680635452271e-02
9.233651150194498447e-01,8.808632194995880127e-02
9.257458605530197726e-01,9.692949056625366211e-02
9.280879558027149701e-01,9.818859398365020752e-02
9.303926356852870727e-01,9.135687351226806641e-02
9.326610768616250269e-01,9.561742842197418213e-02
9.348944013443104550e-01,8.235640078783035278e-02
9.370936798301729986e-01,9.380400925874710083e-02
9.392599347826242617e-01,8.455323427915573120e-02
9.413941432859810332e-01,8.833430707454681396e-02
9.434972396917250537e-01,8.829892426729202271e-02
9.455701180746365342e-01,7.839299738407135010e-02
9.476136345149621665e-01,9.012085199356079102e-02
9.496286092211968510e-01,7.691566646099090576e-02
9.516158285066547151e-01,8.935987949371337891e-02
9.535760466317483308e-01,8.178707212209701538e-02
9.555099875227786033e-01,8.110103756189346313e-02
9.574183463770384872e-01,7.384599000215530396e-02
9.593017911631349648e-01,7.685131579637527466e-02
9.611609640246323583e-01,8.272919058799743652e-02
9.629964825943974072e-01,7.723331451416015625e-02
9.648089412263788356e-01,7.997027784585952759e-02
9.665989121509663828e-01,7.114823907613754272e-02
9.683669465595513559e-01,7.585196197032928467e-02
9.701135756234302576e-01,7.331118732690811157e-02
9.718393114517639431e-01,7.166456431150436401e-02
9.735446479929167340e-01,7.880519330501556396e-02
9.752300618831425405e-01,7.321451604366302490e-02
9.768960132462678470e-01,7.316076010465621948e-02
9.785429464477267691e-01,7.575150579214096069e-02
9.801712908060410401e-01,6.753017008304595947e-02
9.817814612645946459e-01,7.042839378118515015e-02
9.833738590263306767e-01,6.533364206552505493e-02
9.849488721538033342e-01,6.800320744514465332e-02
9.865068761368257499e-01,6.505624204874038696e-02
9.880482344297947250e-01,6.684727221727371216e-02
9.895732989606113028e-01,6.241965666413307190e-02
9.910824106129858535e-01,6.180078163743019104e-02
9.925758996837752424e-01,5.789876729249954224e-02
9.940540863168904062e-01,6.743326038122177124e-02
9.955172809152000868e-01,5.983448028564453125e-02
9.969657845317536626e-01,5.986421927809715271e-02
9.983998892415599791e-01,6.693314015865325928e-02
9.998198784950693696e-01,5.979644879698753357e-02
1.001226027454426903e+00,6.336701661348342896e-02
1.002618603313498058e+00,5.572663992643356323e-02
1.003997865602594519e+00,5.507798865437507629e-02
1.005364066478773299e+00,6.068867444992065430e-02
1.006717451002515418e+00,5.496276915073394775e-02
1.008058257401551305e+00,5.770234018564224243e-02
1.009386717322535931e+00,5.635874718427658081e-02
1.010703056071242223e+00,5.702882260084152222e-02
1.012007492841897838e+00,5.471828207373619080e-02
1.013300240936243046e+00,5.395821481943130493e-02
1.014581507972863283e+00,5.321462079882621765e-02
1.015851496087307293e+00,5.470869317650794983e-02
1.017110402123473811e+00,4.827238619327545166e-02
1.018358417816718875e+00,5.356038734316825867e-02
1.019595729969111852e+00,5.540017783641815186e-02
1.020822520617240770e+00,5.278857424855232239e-02
1.022038967192940850e+00,4.984659701585769653e-02
1.023245242677304434e+00,4.530527815222740173e-02
1.024441515748305997e+00,4.723545908927917480e-02
1.025627950922355813e+00,4.923473671078681946e-02
1.026804708690081780e+00,5.158805847167968750e-02
1.027971945646616092e+00,4.663940519094467163e-02
1.029129814616656091e+00,5.170323699712753296e-02
1.030278464774544434e+00,4.644735157489776611e-02
1.031418041759607718e+00,4.975002259016036987e-02
1.032548687786975394e+00,4.710231348872184753e-02
1.033670541754088124e+00,4.221970215439796448e-02
1.034783739343100750e+00,4.767148196697235107e-02
1.035888413119359308e+00,4.019103944301605225e-02
1.036984692626141680e+00,4.223717749118804932e-02
1.038072704475822006e+00,4.830032959580421448e-02
1.039152572437625155e+00,4.484081640839576721e-02
1.040224417522120248e+00,4.165766760706901550e-02
1.041288358062599118e+00,3.972218185663223267e-02
1.042344509793475149e+00,4.336299002170562744e-02
1.043392985925835292e+00,3.648416697978973389e-02
1.044433897220263141e+00,4.075952246785163879e-02
1.045467352057057431e+00,4.258475452661514282e-02
1.046493456503949426e+00,4.157145693898200989e-02
1.047512314381433329e+00,3.618489205837249756e-02
1.048524027325802077e+00,3.307466953992843628e-02
1.049528694849990895e+00,3.560809791088104248e-02
1.050526414402315201e+00,3.785092756152153015e-02
1.051517281423192784e+00,3.750090673565864563e-02
1.052501389399930876e+00,3.372235968708992004e-02
1.053478829919655579e+00,3.617767989635467529e-02
1.054449692720463849e+00,3.271656110882759094e-02
1.055414065740862384e+00,3.602616116404533386e-02
1.056372035167566947e+00,3.193186223506927490e-02
1.057323685481724507e+00,3.310227021574974060e-02
1.058269099503620803e+00,3.393952548503875732e-02
1.059208358435933306e+00,3.463913500308990479e-02
1.060141541905584406e+00,3.775283321738243103e-02
1.061068728004249895e+00,3.479853644967079163e-02
1.061989993327574489e+00,3.265151381492614746e-02
1.062905413013142564e+00,3.399603813886642456e-02
1.063815060777252297e+00,3.330297768115997314e-02
1.064719008950537393e+00,2.669287845492362976e-02
1.065617328512479478e+00,3.264668211340904236e-02
1.066510089124854233e+00,3.218768909573554993e-02
1.067397359164145909e+00,3.365992754697799683e-02
1.068279205752975525e+00,3.020697832107543945e-02
1.069155694790569378e+00,3.078751824796199799e-02
1.070026890982312295e+00,3.181888163089752197e-02
1.070892857868410042e+00,2.637335471808910370e-02
1.071753657851699737e+00,2.999759837985038757e-02
1.072609352224632939e+00,2.772990055382251740e-02
1.073460001195465363e+00,2.860886417329311371e-02
1.074305663913677433e+00,2.745178900659084320e-02
1.075146398494654987e+00,2.466002665460109711e-02
1.075982262043654547e+00,2.760078758001327515e-02
1.076813310679078706e+00,3.141967207193374634e-02
1.077639599555085148e+00,2.307483740150928497e-02
1.078461182883550640e+00,2.169615961611270905e-02
1.079278113955414620e+00,2.369344048202037811e-02
1.080090445161421941e+00,2.992632985115051270e-02
1.080898228012282747e+00,2.314555831253528595e-02
1.081701513158274119e+00,2.753782272338867188e-02
1.082500350408296619e+00,2.514174953103065491e-02
1.083294788748407678e+00,2.345192059874534607e-02
1.084084876359846739e+00,2.367224916815757751e-02
1.084870660636568784e+00,2.470728009939193726e-02
1.085652188202305579e+00,2.359995245933532715e-02
1.086429504927163281e+00,1.922999136149883270e-02
1.087202655943779739e+00,2.236748859286308289e-02
1.087971685663047916e+00,2.246054820716381073e-02
1.088736637789422756e+00,2.511753514409065247e-02
1.089497555335826817e+00,1.943379081785678864e-02
1.090254480638161771e+00,2.413951046764850616e-02
1.091007455369443990e+00,1.553922519087791443e-02
1.091756520553569754e+00,2.100913971662521362e-02
1.092501716578728965e+00,2.317999303340911865e-02
1.093243083210471811e+00,2.100412547588348389e-02
1.093980659604440797e+00,1.996609009802341461e-02
1.094714484318781267e+00,1.888525858521461487e-02
1.095444595326235504e+00,2.539800293743610382e-02
1.096171030025934634e+00,2.235190756618976593e-02
1.096893825254892985e+00,1.923858933150768280e-02
1.097613017299217786e+00,1.563882827758789062e-02
1.098328641905038872e+00,2.184414677321910858e-02
1.099040734289171040e+00,1.601511798799037933e-02
1.099749329149511956e+00,1.804890669882297516e-02
1.100454460675188706e+00,1.943562924861907959e-02
1.101156162556454765e+00,1.941533759236335754e-02
1.101854467994350273e+00,1.744921132922172546e-02
1.102549409710126271e+00,1.830034516751766205e-02
1.103241019954447344e+00,1.836457662284374237e-02
1.103929330516369989e+00,1.886590756475925446e-02
1.104614372732112715e+00,1.593630015850067139e-02
1.105296177493613641e+00,1.562289148569107056e-02
1.105974775256891585e+00,1.743873953819274902e-02
1.106650196050209312e+00,1.510906498879194260e-02
1.107322469482045157e+00,1.646203175187110901e-02
1.107991624748883241e+00,1.857009530067443848e-02
1.108657690642820492e+00,2.055802009999752045e-02
1.109320695559001146e+00,1.443633902817964554e-02
1.109980667502880047e+00,1.748706772923469543e-02
1.110637634097320525e+00,1.480659376829862595e-02
1.111291622589532624e+00,1.608347520232200623e-02
1.111942659857853233e+00,1.550591085106134415e-02
1.112590772418374563e+00,1.661818288266658783e-02
1.113235986431424962e+00,1.753799803555011749e-02
1.113878327707904514e+00,1.531939860433340073e-02
1.114517821715480750e+00,1.284474600106477737e-02
1.115154493584647133e+00,1.664554327726364136e-02
1.115788368114649876e+00,1.221243478357791901e-02
1.116419469779283080e+00,1.551183871924877167e-02
1.117047822732558648e+00,1.811725646257400513e-02
1.117673450814254732e+00,1.781061477959156036e-02
1.118296377555340726e+00,1.168986130505800247e-02
1.118916626183289686e+00,1.790024153888225555e-02
1.119534219627274840e+00,1.675914786756038666e-02
1.120149180523254628e+00,1.669641211628913879e-02
1.120761531218952722e+00,1.327814906835556030e-02
1.121371293778729239e+00,1.589052192866802216e-02
1.121978489988352701e+00,1.350900903344154358e-02
1.122583141359669634e+00,1.459269225597381592e-02
1.123185269135177355e+00,1.325001008808612823e-02
1.123784894292503278e+00,1.221290789544582367e-02
1.124382037548788738e+00,1.248322892934083939e-02
1.124976719364984445e+00,1.120361592620611191e-02
1.125568959950057790e+00,1.203796081244945526e-02
1.126158779265112875e+00,1.107361912727355957e-02
1.126746197027428398e+00,1.203856337815523148e-02
1.127331232714410714e+00,1.274916063994169235e-02
1.127913905567471398e+00,1.304286532104015350e-02
1.128494234595823098e+00,1.629852689802646637e-02
1.129072238580200560e+00,1.464883238077163696e-02
1.129647936076508596e+00,1.387089397758245468e-02
1.130221345419395451e+00,1.233622897416353226e-02
1.130792484725756664e+00,1.443741843104362488e-02
1.131361371898170765e+00,9.414499625563621521e-03
1.131928024628264806e+00,1.550366170704364777e-02
1.132492460400016610e+00,9.045239537954330444e-03
1.133054696492991953e+00,1.285711769014596939e-02
1.133614749985517589e+00,1.175235211849212646e-02
1.134172637757795421e+00,1.089495047926902771e-02
1.134728376494954283e+00,1.557060796767473221e-02
1.135281982690044211e+00,8.760997094213962555e-03
1.135833472646974096e+00,1.035257335752248764e-02
1.136382862483392042e+00,1.091737207025289536e-02
1.136930168133512442e+00,8.839624933898448944e-03
1.137475405350888646e+00,1.260687969624996185e-02
1.138018589711133677e+00,1.325508486479520798e-02
1.138559736614589868e+00,1.014047767966985703e-02
1.139098861288950104e+00,1.145390234887599945e-02
1.139635978791826432e+00,9.513518773019313812e-03
1.140171104013276038e+00,1.263476349413394928e-02
1.140704251678276826e+00,1.094856299459934235e-02
1.141235436349158583e+00,1.315546408295631409e-02
1.141764672427990179e+00,8.072787895798683167e-03
1.142291974158921697e+00,1.164872385561466217e-02
1.142817355630486142e+00,1.103832852095365524e-02
1.143340830777856532e+00,1.198504958301782608e-02
1.143862413385065002e+00,1.120403129607439041e-02
1.144382117087179518e+00,1.223234459757804871e-02
1.144899955372443712e+00,1.227969489991664886e-02
1.145415941584376540e+00,9.423165582120418549e-03
1.145930088923835521e+00,1.178506948053836823e-02
1.146442410451044003e+00,1.340968068689107895e-02
1.146952919087580680e+00,1.014829147607088089e-02
1.147461627618335367e+00,8.749295957386493683e-03
1.147968548693430568e+00,9.475650265812873840e-03
1.148473694830108860e+00,1.262168586254119873e-02
1.148977078414586739e+00,1.134674903005361557e-02
1.149478711703878275e+00,1.111212931573390961e-02
1.149978606827585015e+00,9.144787676632404327e-03
1.150476775789655459e+00,8.868902921676635742e-03
1.150973230470115682e+00,9.423359297215938568e-03
1.151467982626768638e+00,8.358695544302463531e-03
1.151961043896864822e+00,1.640494540333747864e-02
1.152452425798745184e+00,9.193832986056804657e-03
1.152942139733455607e+00,8.874733932316303253e-03
1.153430196986333867e+00,1.277239341288805008e-02
1.153916608728569715e+00,8.926575072109699249e-03
1.154401386018740094e+00,1.346941199153661728e-02
1.154884539804317489e+00,1.322741713374853134e-02
1.155366080923152294e+00,9.070538915693759918e-03
1.155846020104932537e+00,8.659953251481056213e-03
1.156324367972618505e+00,6.920339073985815048e-03
1.156801135043852957e+00,8.177901618182659149e-03
1.157276331732348451e+00,9.821691550314426422e-03
1.157749968349253589e+00,1.307467371225357056e-02
1.158222055104493498e+00,8.267262019217014313e-03
1.158692602108092329e+00,1.015279069542884827e-02
1.159161619371471330e+00,1.033553481101989746e-02
1.159629116808726712e+00,6.195870693773031235e-03
1.160095104237887753e+00,7.583288475871086121e-03
1.160559591382153588e+00,1.361388526856899261e-02
1.161022587871110900e+00,9.153042919933795929e-03
1.161484103241931409e+00,7.289564236998558044e-03
1.161944146940550926e+00,7.533755153417587280e-03
1.162402728322828649e+00,8.142165839672088623e-03
1.162859856655690249e+00,1.264677010476589203e-02
1.163315541118249641e+00,8.452702313661575317e-03
1.163769790802917425e+00,9.956781752407550812e-03
1.164222614716486248e+00,1.158910710364580154e-02
1.164674021781205049e+00,1.058303285390138626e-02
1.165124020835833107e+00,7.181270513683557510e-03
1.165572620636677437e+00,7.035968359559774399e-03
1.166019829858616852e+00,8.579178713262081146e-03
1.166465657096106723e+00,8.137837983667850494e-03
1.166910110864171957e+00,1.467408984899520874e-02
1.167353199599380886e+00,8.144292980432510376e-03
1.167794931660807611e+00,8.267004042863845825e-03
1.168235315330977242e+00,6.851286627352237701e-03
1.168674358816798708e+00,5.945876706391572952e-03
1.169112070250480917e+00,9.583686478435993195e-03
1.169548457690438914e+00,6.080504972487688065e-03
1.169983529122181398e+00,8.089751005172729492e-03
1.170417292459189351e+00,7.688503246754407883e-03
1.170849755543778903e+00,7.252030074596405029e-03
1.171280926147952428e+00,9.692947380244731903e-03
1.171710811974236099e+00,4.680038895457983017e-03
1.172139420656506559e+00,8.259367197751998901e-03
1.172566759760802935e+00,4.643642343580722809e-03
1.172992836786129756e+00,6.644981913268566132e-03
1.173417659165244764e+00,1.011235080659389496e-02
1.173841234265438516e+00,1.101895328611135483e-02
1.174263569389299988e+00,9.654244408011436462e-03
1.174684671775472422e+00,6.249496247619390488e-03
1.175104548599397836e+00,6.365697830915451050e-03
1.175523206974050217e+00,8.755277842283248901e-03
1.175940653950658943e+00,1.063327398151159286e-02
1.176356896519421102e+00,1.238783076405525208e-02
1.176771941610203820e+00,6.823702715337276459e-03
1.177185796093237036e+00,7.895217277109622955e-03
1.177598466779794739e+00,8.633834309875965118e-03
1.178009960422869096e+00,7.211988326162099838e-03
1.178420283717832140e+00,5.341836716979742050e-03
1.178829443303090141e+00,1.129398215562105179e-02
1.179237445760727976e+00,5.702208727598190308e-03
1.179644297617144399e+00,8.699500933289527893e-03
1.180050005343678210e+00,6.542501505464315414e-03
1.180454575357225533e+00,8.130718953907489777e-03
1.180858014020850888e+00,5.699900910258293152e-03
1.181260327644384267e+00,7.180408574640750885e-03
1.181661522485016214e+00,8.728501386940479279e-03
1.182061604747880024e+00,1.263687852770090103e-02
1.182460580586628840e+00,5.635512061417102814e-03
1.182858456104002531e+00,1.070181094110012054e-02
1.183255237352387690e+00,7.016735151410102844e-03
1.183650930334371409e+00,6.968426518142223358e-03
1.184045541003285074e+00,6.505441851913928986e-03
1.184439075263741259e+00,5.953081883490085602e-03
1.184831538972165532e+00,8.088337257504463196e-03
1.185222937937318033e+00,8.095945231616497040e-03
1.185613277920809727e+00,8.920487016439437866e-03
1.186002564637610890e+00,9.522520937025547028e-03
1.186390803756554924e+00,8.948499336838722229e-03
1.186778000900830632e+00,8.956549689173698425e-03
1.187164161648473826e+00,9.952211752533912659e-03
1.187549291532848050e+00,8.455140516161918640e-03
1.187933396043119538e+00,7.531001232564449310e-03
1.188316480624729055e+00,9.927027858793735504e-03
1.188698550679852639e+00,6.472055800259113312e-03
1.189079611567860351e+00,9.413134306669235229e-03
1.189459668605766796e+00,9.041780605912208557e-03
1.189838727068674995e+00,6.885075010359287262e-03
1.190216792190219142e+00,7.832053117454051971e-03
1.190593869162993590e+00,4.349724389612674713e-03
1.190969963138984511e+00,4.851735197007656097e-03
1.191345079229991111e+00,1.036454644054174423e-02
1.191719222508041076e+00,6.383625324815511703e-03
1.192092398005803577e+00,8.367138914763927460e-03
1.192464610716996276e+00,6.942631676793098450e-03
1.192835865596784117e+00,6.360095925629138947e-03
1.193206167562175901e+00,1.038416661322116852e-02
1.193575521492416192e+00,5.407821852713823318e-03
1.193943932229369453e+00,9.351509623229503632e-03
1.194311404577901969e+00,7.331084460020065308e-03
1.194677943306257095e+00,6.820712704211473465e-03
1.195043553146427406e+00,4.271426238119602203e-03
1.195408238794520406e+00,1.034274976700544357e-02
1.195772004911120456e+00,7.897838018834590912e-03
1.196134856121647161e+00,7.325528655201196671e-03
1.196496797016707303e+00,8.820233866572380066e-03
1.196857832152442569e+00,8.369806222617626190e-03
1.197217966050876603e+00,6.240252871066331863e-03
1.197577203200250962e+00,5.808174144476652145e-03
1.197935548055363952e+00,7.697086315602064133e-03
1.198293005037900372e+00,6.314973346889019012e-03
1.198649578536759686e+00,6.353553850203752518e-03
1.199005272908378439e+00,5.777606740593910217e-03
1.199360092477050665e+00,6.364129483699798584e-03
1.199714041535242082e+00,7.786336820572614670e-03
1.200067124343903835e+00,5.259670317173004150e-03
1.200419345132777593e+00,5.788052920252084732e-03
1.200770708100700856e+00,6.574420258402824402e-03
1.201121217415908271e+00,8.359800092875957489e-03
1.201470877216326949e+00,7.348538376390933990e-03
1.201819691609869123e+00,4.278006497770547867e-03
1.202167664674723246e+00,8.291019126772880554e-03
1.202514800459639766e+00,7.988213561475276947e-03
1.202861102984212893e+00,8.758617565035820007e-03
1.203206576239159720e+00,6.805829703807830811e-03
1.203551224186598656e+00,6.222630385309457779e-03
1.203895050760318108e+00,7.800125982612371445e-03
1.204238059866049371e+00,8.803419768810272217e-03
1.204580255381731080e+00,7.261660881340503693e-03
1.204921641157772561e+00,6.727015133947134018e-03
1.205262221017314284e+00,5.194057244807481766e-03
1.205601998756484106e+00,6.764683406800031662e-03
1.205940978144651066e+00,9.261651895940303802e-03
1.206279162924676740e+00,5.204085260629653931e-03
1.206616556813164154e+00,9.718302637338638306e-03
1.206953163500700255e+00,8.702953346073627472e-03
1.207288986652100604e+00,6.211590953171253204e-03
1.207624029906647412e+00,4.197445698082447052e-03
1.207958296878327120e+00,6.696310359984636307e-03
1.208291791156063111e+00,6.694740150123834610e-03
1.208624516303948182e+00,4.764635581523180008e-03
1.208956475861472146e+00,3.698681015521287918e-03
1.209287673343748537e+00,7.188707124441862106e-03
1.209618112241737098e+00,7.192453369498252869e-03
1.209947796022465161e+00,5.709651857614517212e-03
1.210276728129245694e+00,6.212311331182718277e-03
1.210604911981893128e+00,9.221584536135196686e-03
1.210932350976936522e+00,6.177272181957960129e-03
1.211259048487830947e+00,7.180510088801383972e-03
1.211585007865165542e+00,3.160947933793067932e-03
1.211910232436869794e+00,7.661049719899892807e-03
1.212234725508417599e+00,5.670395214110612869e-03
1.212558490363028874e+00,9.170767851173877716e-03
1.212881530261868512e+00,6.172444671392440796e-03
1.213203848444243338e+00,6.155785638839006424e-03
1.213525448127797945e+00,8.135580457746982574e-03
1.213846332508706771e+00,4.635599441826343536e-03
1.214166504761864385e+00,6.147026084363460541e-03
1.214485968041074893e+00,6.654989439994096756e-03
1.214804725479237124e+00,7.636701688170433044e-03
1.215122780188529816e+00,8.182710036635398865e-03
1.215440135260594579e+00,4.739664960652589798e-03
1.215756793766713972e+00,7.633905392140150070e-03
1.216072758757992256e+00,5.656431429088115692e-03
1.216388033265530799e+00,3.163922810927033424e-03
1.216702620300601501e+00,7.158014457672834396e-03
1.217016522854821980e+00,7.650067098438739777e-03
1.217329743900323225e+00,4.159344360232353210e-03
1.217642286389921003e+00,6.670005619525909424e-03
1.217954153257280847e+00,5.645761266350746155e-03
1.218265347417085032e+00,6.638764403760433197e-03
1.218575871765194440e+00,8.671676740050315857e-03
1.218885729178811994e+00,8.677120320498943329e-03
1.219194922516640966e+00,5.147028714418411255e-03
1.219503454619043525e+00,7.135633379220962524e-03
1.219811328308198828e+00,4.187501035630702972e-03
1.220118546388255565e+00,8.631414733827114105e-03
1.220425111645486949e+00,8.644551038742065430e-03
1.220731026848442147e+00,5.626111291348934174e-03
1.221036294748094830e+00,9.138236753642559052e-03
1.221340918077994164e+00,6.628710776567459106e-03
1.221644899554408692e+00,6.139047909528017044e-03
1.221948241876474439e+00,9.130843915045261383e-03
1.222250947726336578e+00,5.124541930854320526e-03
1.222553019769293314e+00,5.637633148580789566e-03
1.222854460653935105e+00,8.603928610682487488e-03
1.223155273012286104e+00,7.619911804795265198e-03
1.223455459459939609e+00,8.087009191513061523e-03
1.223755022596196174e+00,6.114585325121879578e-03
1.224053965004198830e+00,9.097657166421413422e-03
1.224352289251065207e+00,1.060223951935768127e-02
1.224649997888021202e+00,7.604338694363832474e-03
1.224947093450531321e+00,1.041194330900907516e-02
1.225243578458427907e+00,8.632197976112365723e-03
1.225539455416041035e+00,8.147794753313064575e-03
1.225834726812322417e+00,6.636259146034717560e-03
1.226129395120974630e+00,6.105554755777120590e-03
1.226423462800572128e+00,6.105247884988784790e-03
1.226716932294686480e+00,5.586775019764900208e-03
1.227009806032007821e+00,6.590875331312417984e-03
1.227302086426464767e+00,8.603126741945743561e-03
1.227593775877344306e+00,9.090947918593883514e-03
1.227884876769409495e+00,7.075173314660787582e-03
1.228175391473017797e+00,5.098010413348674774e-03
1.228465322344235000e+00,6.603735964745283127e-03
1.228754671724951342e+00,8.091211318969726562e-03
1.229043441942993864e+00,7.088650483638048172e-03
1.229331635312239879e+00,1.059944368898868561e-02
1.229619254132727768e+00,6.088670343160629272e-03
1.229906300690766230e+00,7.089939899742603302e-03
1.230192777259045522e+00,6.091710180044174194e-03
1.230478686096742491e+00,7.101773284375667572e-03
1.230764029449630037e+00,6.594822742044925690e-03
1.231048809550181922e+00,4.590076860040426254e-03
1.231333028617677350e+00,7.594196125864982605e-03
1.231616688858304443e+00,8.593358099460601807e-03
1.231899792465265042e+00,1.009911391884088516e-02
1.232182341618873300e+00,7.102398667484521866e-03
1.232464338486659150e+00,5.542439408600330353e-03
1.232745785223466228e+00,9.123137220740318298e-03
1.233026683971552462e+00,8.118566125631332397e-03
1.233307036860685990e+00,7.106743752956390381e-03
1.233586846008243088e+00,1.009257696568965912e-02
1.233866113519304308e+00,7.081986404955387115e-03
1.234144841486749078e+00,5.088416859507560730e-03
1.234423031991349839e+00,5.077032372355461121e-03
1.234700687101865091e+00,8.084959350526332855e-03
1.234977808875132199e+00,8.576628752052783966e-03
1.235254399356158883e+00,9.069605730473995209e-03
1.235530460578212697e+00,6.578198634088039398e-03
1.235805994562911847e+00,6.568273063749074936e-03
1.236081003320313343e+00,7.574788294732570648e-03
1.236355488849001594e+00,7.070082705467939377e-03
1.236629453136175227e+00,5.565977189689874649e-03
1.236902898157733022e+00,8.082936517894268036e-03
1.237175825878359836e+00,9.567373432219028473e-03
1.237448238251611876e+00,7.573775015771389008e-03
1.237720137219998850e+00,6.567745469510555267e-03
1.237991524715069458e+00,6.559376139193773270e-03
1.238262402657491767e+00,5.066697951406240463e-03
