# n, training_loss
0.000000000000000000e+00,4.909824728965759277e-01
1.000836820083681999e+02,2.266309559345245361e-01
2.001673640167363999e+02,1.850308477878570557e-01
3.002510460251045856e+02,1.671500504016876221e-01
4.003347280334727998e+02,1.553112417459487915e-01
5.004184100418410139e+02,1.455785930156707764e-01
6.005020920502091712e+02,1.369570195674896240e-01
7.005857740585773854e+02,1.290651708841323853e-01
8.006694560669455996e+02,1.210632026195526123e-01
9.007531380753138137e+02,1.133154034614562988e-01
1.000836820083682028e+03,1.061990708112716675e-01
1.100920502092050128e+03,9.958232939243316650e-02
1.201004184100418342e+03,9.364271908998489380e-02
1.301087866108786557e+03,8.795802295207977295e-02
1.401171548117154771e+03,8.284425735473632812e-02
1.501255230125522985e+03,7.823816686868667603e-02
1.601338912133891199e+03,7.407817244529724121e-02
1.701422594142259413e+03,7.015937566757202148e-02
1.801506276150627627e+03,6.648749858140945435e-02
1.901589958158995842e+03,6.302507221698760986e-02
2.001673640167364056e+03,5.977661535143852234e-02
2.101757322175732043e+03,5.670871585607528687e-02
2.201841004184100257e+03,5.389767140150070190e-02
2.301924686192468471e+03,5.128211528062820435e-02
2.402008368200836685e+03,4.876820743083953857e-02
2.502092050209204899e+03,4.630303755402565002e-02
2.602175732217573113e+03,4.391760751605033875e-02
2.702259414225941327e+03,4.174073413014411926e-02
2.802343096234309542e+03,3.971213102340698242e-02
2.902426778242677756e+03,3.781327605247497559e-02
3.002510460251045970e+03,3.600521758198738098e-02
3.102594142259414184e+03,3.418986499309539795e-02
3.202677824267782398e+03,3.244565799832344055e-02
3.302761506276150612e+03,3.085557185113430023e-02
3.402845188284518827e+03,2.933318354189395905e-02
3.502928870292887041e+03,2.789127826690673828e-02
3.603012552301255255e+03,2.655767090618610382e-02
3.703096234309623469e+03,2.528326399624347687e-02
3.803179916317991683e+03,2.410642243921756744e-02
3.903263598326359897e+03,2.304548211395740509e-02
4.003347280334728111e+03,2.206215634942054749e-02
4.103430962343096326e+03,2.114251814782619476e-02
4.203514644351464085e+03,2.026091888546943665e-02
4.303598326359832754e+03,1.935187354683876038e-02
4.403682008368200513e+03,1.845981366932392120e-02
4.503765690376569182e+03,1.759493350982666016e-02
4.603849372384936942e+03,1.681965216994285583e-02
4.703933054393305611e+03,1.605973392724990845e-02
4.804016736401673370e+03,1.535979099571704865e-02
4.904100418410042039e+03,1.464132964611053467e-02
5.004184100418409798e+03,1.390207186341285706e-02
5.104267782426778467e+03,1.327837165445089340e-02
5.204351464435146227e+03,1.274782512336969376e-02
5.304435146443514896e+03,1.224557124078273773e-02
5.404518828451882655e+03,1.178628671914339066e-02
5.504602510460251324e+03,1.135417260229587555e-02
5.604686192468619083e+03,1.093899831175804138e-02
5.704769874476987752e+03,1.051256898790597916e-02
5.804853556485355512e+03,1.013277005404233932e-02
5.904937238493724180e+03,9.759014472365379333e-03
6.005020920502091940e+03,9.295626543462276459e-03
6.105104602510460609e+03,8.820123039186000824e-03
6.205188284518828368e+03,8.438415825366973877e-03
6.305271966527197037e+03,8.184617385268211365e-03
6.405355648535564796e+03,7.966990582644939423e-03
6.505439330543932556e+03,7.763663306832313538e-03
6.605523012552301225e+03,7.563816849142313004e-03
6.705606694560668984e+03,7.338471710681915283e-03
6.805690376569037653e+03,7.108055055141448975e-03
6.905774058577405413e+03,6.921815220266580582e-03
7.005857740585774081e+03,6.746008060872554779e-03
7.105941422594141841e+03,6.595978979021310806e-03
7.206025104602510510e+03,6.462208926677703857e-03
7.306108786610878269e+03,6.334980484098196030e-03
7.406192468619246938e+03,6.172212772071361542e-03
7.506276150627614697e+03,6.023377180099487305e-03
7.606359832635983366e+03,5.887106992304325104e-03
7.706443514644351126e+03,5.738635081797838211e-03
7.806527196652719795e+03,5.571059882640838623e-03
7.906610878661087554e+03,5.418172571808099747e-03
8.006694560669456223e+03,5.310676991939544678e-03
8.106778242677823982e+03,5.225364118814468384e-03
8.206861924686192651e+03,5.145828239619731903e-03
8.306945606694560411e+03,5.058430600911378860e-03
8.407029288702928170e+03,4.966468084603548050e-03
8.507112970711297748e+03,4.892996978014707565e-03
8.607196652719665508e+03,4.819773137569427490e-03
8.707280334728033267e+03,4.664162173867225647e-03
8.807364016736401027e+03,4.308645613491535187e-03
8.907447698744770605e+03,4.107004497200250626e-03
9.007531380753138365e+03,3.969048615545034409e-03
9.107615062761506124e+03,3.896671114489436150e-03
9.207698744769873883e+03,3.789607435464859009e-03
9.307782426778243462e+03,3.717522602528333664e-03
9.407866108786611221e+03,3.592812689021229744e-03
9.507949790794978981e+03,3.426741808652877808e-03
9.608033472803346740e+03,3.324102377519011497e-03
9.708117154811714499e+03,3.277828218415379524e-03
9.808200836820084078e+03,3.238568082451820374e-03
9.908284518828451837e+03,3.203279804438352585e-03
1.000836820083681960e+04,3.168701659888029099e-03
1.010845188284518736e+04,2.981882076710462570e-03
1.020853556485355693e+04,2.785040531307458878e-03
1.030861924686192469e+04,2.735645044595003128e-03
1.040870292887029245e+04,2.703900448977947235e-03
1.050878661087866021e+04,2.677524229511618614e-03
1.060887029288702979e+04,2.654128475114703178e-03
1.070895397489539755e+04,2.632760908454656601e-03
1.080903765690376531e+04,2.612854354083538055e-03
1.090912133891213307e+04,2.594219753518700600e-03
1.100920502092050265e+04,2.576599596068263054e-03
1.110928870292887041e+04,2.559994813054800034e-03
1.120937238493723817e+04,2.544263144955039024e-03
1.130945606694560593e+04,2.529287245124578476e-03
1.140953974895397550e+04,2.515008440241217613e-03
1.150962343096234326e+04,2.501375507563352585e-03
1.160970711297071102e+04,2.488385653123259544e-03
1.170979079497907878e+04,2.475977642461657524e-03
1.180987447698744836e+04,2.464096061885356903e-03
1.190995815899581612e+04,2.452692715451121330e-03
1.201004184100418388e+04,2.441717544570565224e-03
1.211012552301255164e+04,2.431064844131469727e-03
1.221020920502092122e+04,2.420479897409677505e-03
1.231029288702928898e+04,2.403930528089404106e-03
1.241037656903765674e+04,2.342318883165717125e-03
1.251046025104602450e+04,2.324829110875725746e-03
1.261054393305439407e+04,2.312408760190010071e-03
1.271062761506276183e+04,2.301962347701191902e-03
1.281071129707112959e+04,2.291894517838954926e-03
1.291079497907949735e+04,2.190635772421956062e-03
1.301087866108786511e+04,2.180473646149039268e-03
1.311096234309623469e+04,2.172463806346058846e-03
1.321104602510460245e+04,2.165172249078750610e-03
1.331112970711297021e+04,2.158368704840540886e-03
1.341121338912133797e+04,2.151932334527373314e-03
1.351129707112970755e+04,2.145818667486310005e-03
1.361138075313807531e+04,2.140002092346549034e-03
1.371146443514644307e+04,2.134450012817978859e-03
1.381154811715481083e+04,2.129126805812120438e-03
1.391163179916318040e+04,2.124029211699962616e-03
1.401171548117154816e+04,2.119119279086589813e-03
1.411179916317991592e+04,2.114345552399754524e-03
1.421188284518828368e+04,2.109362278133630753e-03
1.431196652719665326e+04,2.010351046919822693e-03
1.441205020920502102e+04,2.003884408622980118e-03
1.451213389121338878e+04,1.999297179281711578e-03
1.461221757322175654e+04,1.995175145566463470e-03
1.471230125523012612e+04,1.991319004446268082e-03
1.481238493723849388e+04,1.987664029002189636e-03
1.491246861924686164e+04,1.984176691621541977e-03
1.501255230125522939e+04,1.980839762836694717e-03
1.511263598326359897e+04,1.977640902623534203e-03
1.521271966527196673e+04,1.974560786038637161e-03
1.531280334728033449e+04,1.971603604033589363e-03
1.541288702928870225e+04,1.968751894310116768e-03
1.551297071129707183e+04,1.966012874618172646e-03
1.561305439330543959e+04,1.963374670594930649e-03
1.571313807531380735e+04,1.960821449756622314e-03
1.581322175732217511e+04,1.958312466740608215e-03
1.591330543933054469e+04,1.954366685822606087e-03
1.601338912133891245e+04,1.856118673458695412e-03
1.611347280334728021e+04,1.853363239206373692e-03
1.621355648535564796e+04,1.851109089329838753e-03
1.631364016736401572e+04,1.849025487899780273e-03
1.641372384937238530e+04,1.846638391725718975e-03
1.651380753138075306e+04,1.747562550008296967e-03
1.661389121338912082e+04,1.745462534017860889e-03
1.671397489539748858e+04,1.743745757266879082e-03
1.681405857740585634e+04,1.667647156864404678e-03
1.691414225941422410e+04,1.645507756620645523e-03
1.701422594142259550e+04,1.642878167331218719e-03
1.711430962343096326e+04,1.641073380596935749e-03
1.721439330543933102e+04,1.639544614590704441e-03
1.731447698744769878e+04,1.638158806599676609e-03
1.741456066945606653e+04,1.636865898035466671e-03
1.751464435146443429e+04,1.635640161111950874e-03
1.761472803347280205e+04,1.634467509575188160e-03
1.771481171548116981e+04,1.633337698876857758e-03
1.781489539748954121e+04,1.632246305234730244e-03
1.791497907949790897e+04,1.631186692975461483e-03
1.801506276150627673e+04,1.630157814361155033e-03
1.811514644351464449e+04,1.629157224670052528e-03
1.821523012552301225e+04,1.628184458240866661e-03
1.831531380753138001e+04,1.627239980734884739e-03
1.841539748953974777e+04,1.626319484785199165e-03
1.851548117154811553e+04,1.625422970391809940e-03
1.861556485355648692e+04,1.624551019631326199e-03
1.871564853556485468e+04,1.623702584765851498e-03
1.881573221757322244e+04,1.622878829948604107e-03
1.891581589958159020e+04,1.622078125365078449e-03
1.901589958158995796e+04,1.621299656108021736e-03
1.911598326359832572e+04,1.620541675947606564e-03
1.921606694560669348e+04,1.619805349037051201e-03
1.931615062761506124e+04,1.619089860469102859e-03
1.941623430962342900e+04,1.618391950614750385e-03
1.951631799163180040e+04,1.617709291167557240e-03
1.961640167364016816e+04,1.617029542103409767e-03
1.971648535564853591e+04,1.616247929632663727e-03
1.981656903765690367e+04,1.524576684460043907e-03
1.991665271966527143e+04,1.521944883279502392e-03
2.001673640167363919e+04,1.520434627309441566e-03
2.011682008368200695e+04,1.519354060292243958e-03
2.021690376569037471e+04,1.518523902632296085e-03
2.031698744769874611e+04,1.517844502814114094e-03
2.041707112970711387e+04,1.517257071100175381e-03
2.051715481171548163e+04,1.516736694611608982e-03
2.061723849372384939e+04,1.516264164820313454e-03
2.071732217573221715e+04,1.515823765657842159e-03
2.081740585774058491e+04,1.515403972007334232e-03
2.091748953974895267e+04,1.515011070296168327e-03
2.101757322175732043e+04,1.514638774096965790e-03
2.111765690376569182e+04,1.514281844720244408e-03
2.121774058577405958e+04,1.513938535936176777e-03
2.131782426778242734e+04,1.513604656793177128e-03
2.141790794979079510e+04,1.513279159553349018e-03
2.151799163179916286e+04,1.512960181571543217e-03
2.161807531380753062e+04,1.512647140771150589e-03
2.171815899581589838e+04,1.512338989414274693e-03
2.181824267782426614e+04,1.512036193162202835e-03
2.191832635983263754e+04,1.511737937107682228e-03
2.201841004184100530e+04,1.511443988420069218e-03
2.211849372384937305e+04,1.511154114268720150e-03
2.221857740585774081e+04,1.510868198238313198e-03
2.231866108786610857e+04,1.510586473159492016e-03
2.241874476987447633e+04,1.510307542048394680e-03
2.251882845188284409e+04,1.510032219812273979e-03
2.261891213389121185e+04,1.509759225882589817e-03
2.271899581589957961e+04,1.509487279690802097e-03
2.281907949790795101e+04,1.509212073870003223e-03
2.291916317991631877e+04,1.508915913291275501e-03
2.301924686192468653e+04,1.418189262039959431e-03
2.311933054393305429e+04,1.413878402672708035e-03
2.321941422594142205e+04,1.412489102222025394e-03
2.331949790794978981e+04,1.411589793860912323e-03
2.341958158995815756e+04,1.410935888998210430e-03
2.351966527196652532e+04,1.410430879332125187e-03
2.361974895397489672e+04,1.410031691193580627e-03
2.371983263598326448e+04,1.409700606018304825e-03
2.381991631799163224e+04,1.409416785463690758e-03
2.392000000000000000e+04,1.409165677614510059e-03
2.402008368200836776e+04,1.408937154337763786e-03
2.412016736401673552e+04,1.408727257512509823e-03
2.422025104602510328e+04,1.408530748449265957e-03
2.432033472803347104e+04,1.408345182426273823e-03
2.442041841004184244e+04,1.408168696798384190e-03
2.452050209205021019e+04,1.407997449859976768e-03
2.462058577405857795e+04,1.407830161042511463e-03
2.472066945606694571e+04,1.407664269208908081e-03
2.482075313807531347e+04,1.407487783581018448e-03
2.492083682008368123e+04,1.313702668994665146e-03
2.502092050209204899e+04,1.308227656409144402e-03
2.512100418410041675e+04,1.307852100580930710e-03
2.522108786610878815e+04,1.307632774114608765e-03
2.532117154811715591e+04,1.307463855482637882e-03
2.542125523012552367e+04,1.307320315390825272e-03
2.552133891213389143e+04,1.307189580984413624e-03
2.562142259414225919e+04,1.307067694142460823e-03
2.572150627615062695e+04,1.306950929574668407e-03
2.582158995815899470e+04,1.306837191805243492e-03
2.592167364016736246e+04,1.306725433096289635e-03
2.602175732217573022e+04,1.306613092310726643e-03
2.612184100418410162e+04,1.306499121710658073e-03
2.622192468619246938e+04,1.306377584114670753e-03
2.632200836820083714e+04,1.305463840253651142e-03
2.642209205020920490e+04,1.206800225190818310e-03
2.652217573221757266e+04,1.206475775688886642e-03
2.662225941422594042e+04,1.206315821036696434e-03
2.672234309623430818e+04,1.206193002872169018e-03
2.682242677824267594e+04,1.206086482852697372e-03
2.692251046025104733e+04,1.205988228321075439e-03
2.702259414225941509e+04,1.205894397571682930e-03
2.712267782426778285e+04,1.205803593620657921e-03
2.722276150627615061e+04,1.205714186653494835e-03
2.732284518828451837e+04,1.205625827424228191e-03
2.742292887029288613e+04,1.205537701025605202e-03
2.752301255230125389e+04,1.205450040288269520e-03
2.762309623430962165e+04,1.205362263135612011e-03
2.772317991631799305e+04,1.205274718813598156e-03
2.782326359832636081e+04,1.205186592414975166e-03
2.792334728033472857e+04,1.205098466016352177e-03
2.802343096234309633e+04,1.205009873956441879e-03
2.812351464435146409e+04,1.204921281896531582e-03
2.822359832635983184e+04,1.204832224175333977e-03
2.832368200836819960e+04,1.204742817208170891e-03
2.842376569037656736e+04,1.204653060995042324e-03
2.852384937238493876e+04,1.204563421197235584e-03
2.862393305439330652e+04,1.204473548568785191e-03
2.872401673640167428e+04,1.204383559525012970e-03
2.882410041841004204e+04,1.204293454065918922e-03
2.892418410041840980e+04,1.204203814268112183e-03
2.902426778242677756e+04,1.204114058054983616e-03
2.912435146443514532e+04,1.204024418257176876e-03
2.922443514644351308e+04,1.203935127705335617e-03
2.932451882845188084e+04,1.203846419230103493e-03
2.942460251046025223e+04,1.203758060000836849e-03
2.952468619246861999e+04,1.203670282848179340e-03
2.962476987447698775e+04,1.203583087772130966e-03
2.972485355648535551e+04,1.203496824018657207e-03
2.982493723849372327e+04,1.203410909511148930e-03
2.992502092050209103e+04,1.203326042741537094e-03
3.002510460251045879e+04,1.203241874463856220e-03
3.012518828451882655e+04,1.203158870339393616e-03
3.022527196652719795e+04,1.203076913952827454e-03
3.032535564853556571e+04,1.202995772473514080e-03
3.042543933054393347e+04,1.202915562316775322e-03
3.052552301255230122e+04,1.202836632728576660e-03
3.062560669456066898e+04,1.202759100124239922e-03
3.072569037656903674e+04,1.202682615257799625e-03
3.082577405857740450e+04,1.202607643790543079e-03
3.092585774058577226e+04,1.202534069307148457e-03
3.102594142259414366e+04,1.202461426146328449e-03
3.112602510460251142e+04,1.202390412800014019e-03
3.122610878661087918e+04,1.202320680022239685e-03
3.132619246861924694e+04,1.202252577058970928e-03
3.142627615062761470e+04,1.202185405418276787e-03
3.152635983263598246e+04,1.202119980007410049e-03
3.162644351464435022e+04,1.202055718749761581e-03
3.172652719665271798e+04,1.201993203721940517e-03
3.182661087866108937e+04,1.201931620016694069e-03
3.192669456066945713e+04,1.201871433295309544e-03
3.202677824267782489e+04,1.201811945065855980e-03
3.212686192468619265e+04,1.201748265884816647e-03
3.222694560669456041e+04,1.102786511182785034e-03
3.232702928870292817e+04,1.102323411032557487e-03
3.242711297071129593e+04,1.102160778827965260e-03
3.252719665271966369e+04,1.102065318264067173e-03
3.262728033472803145e+04,1.102001755498349667e-03
3.272736401673640285e+04,1.101955538615584373e-03
3.282744769874477061e+04,1.101919915527105331e-03
3.292753138075313473e+04,1.101891277357935905e-03
3.302761506276150612e+04,1.101866830140352249e-03
3.312769874476987752e+04,1.101844711229205132e-03
3.322778242677824164e+04,1.101824920624494553e-03
3.332786610878661304e+04,1.101806410588324070e-03
3.342794979079497716e+04,1.101788831874728203e-03
3.352803347280334856e+04,1.101772184483706951e-03
3.362811715481171268e+04,1.101755886338651180e-03
3.372820083682008408e+04,1.101739937439560890e-03
3.382828451882844820e+04,1.101724454201757908e-03
3.392836820083681960e+04,1.101708970963954926e-03
3.402845188284519099e+04,1.101693720556795597e-03
3.412853556485355512e+04,1.101678470149636269e-03
3.422861924686192651e+04,1.101662986911833286e-03
3.432870292887029063e+04,1.101647503674030304e-03
3.442878661087866203e+04,1.101632136851549149e-03
3.452887029288702615e+04,1.101616420783102512e-03
3.462895397489539755e+04,1.101600821129977703e-03
3.472903765690376895e+04,1.101584755815565586e-03
3.482912133891213307e+04,1.101568690501153469e-03
3.492920502092050447e+04,1.101552392356097698e-03
3.502928870292886859e+04,1.101535977795720100e-03
3.512937238493723999e+04,1.101519330404698849e-03
3.522945606694560411e+04,1.101502217352390289e-03
3.532953974895397550e+04,1.101485337130725384e-03
3.542962343096233963e+04,1.101467991247773170e-03
3.552970711297071102e+04,1.101450412534177303e-03
3.562979079497908242e+04,1.101432717405259609e-03
3.572987447698744654e+04,1.101414673030376434e-03
3.582995815899581794e+04,1.101396512240171432e-03
3.593004184100418206e+04,1.101378118619322777e-03
3.603012552301255346e+04,1.101359608583152294e-03
3.613020920502091758e+04,1.101340865716338158e-03
3.623029288702928898e+04,1.101322006434202194e-03
3.633037656903765310e+04,1.101302914321422577e-03
3.643046025104602450e+04,1.101283589377999306e-03
3.653054393305439589e+04,1.101263915188610554e-03
3.663062761506276001e+04,1.101244473829865456e-03
3.673071129707113141e+04,1.101224683225154877e-03
3.683079497907949553e+04,1.101204892620444298e-03
3.693087866108786693e+04,1.101184869185090065e-03
3.703096234309623105e+04,1.101164845749735832e-03
3.713104602510460245e+04,1.101144705899059772e-03
3.723112970711297385e+04,1.101124566048383713e-03
3.733121338912133797e+04,1.101104309782385826e-03
3.743129707112970937e+04,1.101084053516387939e-03
3.753138075313807349e+04,1.101063913665711880e-03
3.763146443514644488e+04,1.101043657399713993e-03
3.773154811715480901e+04,1.101023401133716106e-03
3.783163179916318040e+04,1.101003377698361874e-03
3.793171548117154452e+04,1.100983237847685814e-03
3.803179916317991592e+04,1.100963330827653408e-03
3.813188284518828732e+04,1.100943423807621002e-03
3.823196652719665144e+04,1.100923749618232250e-03
3.833205020920502284e+04,1.100904075428843498e-03
3.843213389121338696e+04,1.100884517654776573e-03
3.853221757322175836e+04,1.100865192711353302e-03
3.863230125523012248e+04,1.100845867767930031e-03
3.873238493723849388e+04,1.100827008485794067e-03
3.883246861924685800e+04,1.100808265618979931e-03
3.893255230125522939e+04,1.100789755582809448e-03
3.903263598326360079e+04,1.100771361961960793e-03
3.913271966527196491e+04,1.100753201171755791e-03
3.923280334728033631e+04,1.100735389627516270e-03
3.933288702928870043e+04,1.100717694498598576e-03
3.943297071129707183e+04,1.100700465030968189e-03
3.953305439330543595e+04,1.100683235563337803e-03
3.963313807531380735e+04,1.100666588172316551e-03
3.973322175732217875e+04,1.100649940781295300e-03
3.983330543933054287e+04,1.100633991882205009e-03
3.993338912133891426e+04,1.100617926567792892e-03
4.003347280334727839e+04,1.100602443329989910e-03
4.013355648535564978e+04,1.100587192922830582e-03
4.023364016736401391e+04,1.100572175346314907e-03
4.033372384937238530e+04,1.100557623431086540e-03
4.043380753138074942e+04,1.100543187931180000e-03
4.053389121338912082e+04,1.100529334507882595e-03
4.063397489539749222e+04,1.100515481084585190e-03
4.073405857740585634e+04,1.100502209737896919e-03
4.083414225941422774e+04,1.100489171221852303e-03
4.093422594142259186e+04,1.100476481951773167e-03
4.103430962343096326e+04,1.100464025512337685e-03
4.113439330543932738e+04,1.100451918318867683e-03
4.123447698744769878e+04,1.100440043956041336e-03
4.133456066945607017e+04,1.100428518839180470e-03
4.143464435146443429e+04,1.100417342968285084e-03
4.153472803347280569e+04,1.100406632758677006e-03
4.163481171548116981e+04,1.100395922549068928e-03
4.173489539748954121e+04,1.100385678000748158e-03
4.183497907949790533e+04,1.100375549867749214e-03
4.193506276150627673e+04,1.100365887396037579e-03
4.203514644351464085e+04,1.100356341339647770e-03
4.213523012552301225e+04,1.100347144529223442e-03
4.223531380753138365e+04,1.100338064134120941e-03
4.233539748953974777e+04,1.100328983739018440e-03
4.243548117154811916e+04,1.100277062505483627e-03
4.253556485355648329e+04,1.000634511001408100e-03
4.263564853556485468e+04,1.000508666038513184e-03
4.273573221757321880e+04,1.000461285002529621e-03
4.283581589958159020e+04,1.000436139293015003e-03
4.293589958158995432e+04,1.000419026240706444e-03
4.303598326359832572e+04,1.000406220555305481e-03
4.313606694560669712e+04,1.000396092422306538e-03
4.323615062761506124e+04,1.000387943349778652e-03
4.333623430962343264e+04,1.000381191261112690e-03
4.343631799163179676e+04,1.000375486910343170e-03
4.353640167364016816e+04,1.000370597466826439e-03
4.363648535564853228e+04,1.000366522930562496e-03
4.373656903765690367e+04,1.000362797640264034e-03
4.383665271966527507e+04,1.000359305180609226e-03
4.393673640167363919e+04,1.000356511212885380e-03
4.403682008368201059e+04,1.000353717245161533e-03
4.413690376569037471e+04,1.000351156108081341e-03
4.423698744769874611e+04,1.000348827801644802e-03
4.433707112970711023e+04,1.000346499495208263e-03
4.443715481171548163e+04,1.000344287604093552e-03
4.453723849372384575e+04,1.000342308543622494e-03
4.463732217573221715e+04,1.000340445898473263e-03
4.473740585774058854e+04,1.000338583253324032e-03
4.483748953974895267e+04,1.000336604192852974e-03
4.493757322175732406e+04,1.000334857963025570e-03
4.503765690376568818e+04,1.000333111733198166e-03
4.513774058577405958e+04,1.000331481918692589e-03
4.523782426778242370e+04,1.000329735688865185e-03
4.533790794979079510e+04,1.000327989459037781e-03
4.543799163179915922e+04,1.000326359644532204e-03
4.553807531380753062e+04,1.000324613414704800e-03
4.563815899581590202e+04,1.000322867184877396e-03
4.573824267782426614e+04,1.000321237370371819e-03
4.583832635983263754e+04,1.000319607555866241e-03
4.593841004184100166e+04,1.000317977741360664e-03
4.603849372384937305e+04,1.000316231511533260e-03
4.613857740585773718e+04,1.000314485281705856e-03
4.623866108786610857e+04,1.000312739051878452e-03
4.633874476987447997e+04,1.000310992822051048e-03
4.643882845188284409e+04,1.000309130176901817e-03
4.653891213389121549e+04,1.000307267531752586e-03
4.663899581589957961e+04,1.000305521301925182e-03
4.673907949790795101e+04,1.000303658656775951e-03
4.683916317991631513e+04,1.000301796011626720e-03
4.693924686192468653e+04,1.000299816951155663e-03
4.703933054393305065e+04,1.000297954306006432e-03
4.713941422594142205e+04,1.000295975245535374e-03
4.723949790794979344e+04,1.000293996185064316e-03
4.733958158995815756e+04,1.000292017124593258e-03
4.743966527196652896e+04,1.000289921648800373e-03
4.753974895397489308e+04,1.000287826173007488e-03
4.763983263598326448e+04,1.000285730697214603e-03
4.773991631799162860e+04,1.000283518806099892e-03
4.784000000000000000e+04,1.000281190499663353e-03
4.794008368200837140e+04,1.000278978608548641e-03
4.804016736401673552e+04,1.000276766717433929e-03
4.814025104602510692e+04,1.000274438410997391e-03
4.824033472803347104e+04,1.000272110104560852e-03
4.834041841004184244e+04,1.000269898213446140e-03
4.844050209205020656e+04,1.000267337076365948e-03
4.854058577405857795e+04,1.000265008769929409e-03
4.864066945606694208e+04,1.000262447632849216e-03
4.874075313807531347e+04,1.000260002911090851e-03
4.884083682008368487e+04,1.000257325358688831e-03
4.894092050209204899e+04,1.000254880636930466e-03
4.904100418410042039e+04,1.000252203084528446e-03
4.914108786610878451e+04,1.000249641947448254e-03
4.924117154811715591e+04,1.000246847979724407e-03
4.934125523012552003e+04,1.000244170427322388e-03
4.944133891213389143e+04,1.000241609290242195e-03
4.954142259414225555e+04,1.000238815322518349e-03
4.964150627615062695e+04,1.000236021354794502e-03
4.974158995815899834e+04,1.000233227387070656e-03
4.984167364016736246e+04,1.000230433419346809e-03
4.994175732217573386e+04,1.000227755866944790e-03
5.004184100418409798e+04,1.000224961899220943e-03
5.014192468619246938e+04,1.000221935100853443e-03
5.024200836820083350e+04,1.000219141133129597e-03
5.034209205020920490e+04,1.000216347165405750e-03
5.044217573221757630e+04,1.000213436782360077e-03
5.054225941422594042e+04,1.000210642814636230e-03
5.064234309623431182e+04,1.000207732431590557e-03
5.074242677824267594e+04,1.000204938463866711e-03
5.084251046025104733e+04,1.000201911665499210e-03
5.094259414225941146e+04,1.000199117697775364e-03
5.104267782426778285e+04,1.000196090899407864e-03
5.114276150627614697e+04,1.000193180516362190e-03
5.124284518828451837e+04,1.000190270133316517e-03
5.134292887029288977e+04,1.000187126919627190e-03
5.144301255230125389e+04,1.000181771814823151e-03
5.154309623430962529e+04,9.010190842673182487e-04
5.164317991631798941e+04,9.008164051920175552e-04
5.174326359832636081e+04,9.007312473841011524e-04
5.184334728033472493e+04,9.006772888824343681e-04
5.194343096234309633e+04,9.006370091810822487e-04
5.204351464435146045e+04,9.006045875139534473e-04
5.214359832635983184e+04,9.005771134980022907e-04
5.224368200836820324e+04,9.005528991110622883e-04
5.234376569037656736e+04,9.005316533148288727e-04
5.244384937238493876e+04,9.005125029943883419e-04
5.254393305439330288e+04,9.004952153190970421e-04
5.264401673640167428e+04,9.004793828353285789e-04
5.274410041841003840e+04,9.004647727124392986e-04
5.284418410041840980e+04,9.004513267427682877e-04
5.294426778242678120e+04,9.004388703033328056e-04
5.304435146443514532e+04,9.004272287711501122e-04
5.314443514644351671e+04,9.004164603538811207e-04
5.324451882845188084e+04,9.004062158055603504e-04
5.334460251046025223e+04,9.003969025798141956e-04
5.344468619246861635e+04,9.003877639770507812e-04
5.354476987447698775e+04,9.003792656585574150e-04
5.364485355648535187e+04,9.003711747936904430e-04
5.374493723849372327e+04,9.003634331747889519e-04
5.384502092050209467e+04,9.003560990095138550e-04
5.394510460251045879e+04,9.003489976748824120e-04
5.404518828451883019e+04,9.003424202091991901e-04
5.414527196652719431e+04,9.003361337818205357e-04
5.424535564853556571e+04,9.003300219774246216e-04
5.434543933054392983e+04,9.003242012113332748e-04
5.444552301255230122e+04,9.003186132758855820e-04
5.454560669456066535e+04,9.003132581710815430e-04
5.464569037656903674e+04,9.003081358969211578e-04
5.474577405857740814e+04,9.003031300380825996e-04
5.484585774058577226e+04,9.002982988022267818e-04
5.494594142259414366e+04,9.002937003970146179e-04
5.504602510460250778e+04,9.002892184071242809e-04
5.514610878661087918e+04,9.002848528325557709e-04
5.524619246861924330e+04,9.002807200886309147e-04
5.534627615062761470e+04,9.002766455523669720e-04
5.544635983263598609e+04,9.002727456390857697e-04
5.554644351464435022e+04,9.002690203487873077e-04
5.564652719665272161e+04,9.002652950584888458e-04
5.574661087866108574e+04,9.002619772218167782e-04
5.584669456066945713e+04,9.002586011774837971e-04
5.594677824267782125e+04,9.002553997561335564e-04
5.604686192468619265e+04,9.002523147501051426e-04
5.614694560669455677e+04,9.002493461593985558e-04
5.624702928870292817e+04,9.002464939840137959e-04
5.634711297071129957e+04,9.002437582239508629e-04
5.644719665271966369e+04,9.002411388792097569e-04
5.654728033472803509e+04,9.002385777421295643e-04
5.664736401673639921e+04,9.002361330203711987e-04
5.674744769874477061e+04,9.002336300909519196e-04
5.684753138075313473e+04,9.002313599921762943e-04
5.694761506276150612e+04,9.002290316857397556e-04
5.704769874476987752e+04,9.002269362099468708e-04
5.714778242677824164e+04,9.002246661111712456e-04
5.724786610878661304e+04,9.002225706353783607e-04
5.734794979079497716e+04,9.002205333672463894e-04
5.744803347280334856e+04,9.002185543067753315e-04
5.754811715481171268e+04,9.002165752463042736e-04
5.764820083682008408e+04,9.002146543934941292e-04
5.774828451882844820e+04,9.002126753330230713e-04
5.784836820083681960e+04,9.002108126878738403e-04
5.794845188284519099e+04,9.002088336274027824e-04
5.804853556485355512e+04,9.002070873975753784e-04
5.814861924686192651e+04,9.002053993754088879e-04
5.824870292887029063e+04,9.002035949379205704e-04
5.834878661087866203e+04,9.002018487080931664e-04
5.844887029288702615e+04,9.002000442706048489e-04
5.854895397489539755e+04,9.001983562484383583e-04
5.864903765690376167e+04,9.001966100186109543e-04
5.874912133891213307e+04,9.001949802041053772e-04
5.884920502092050447e+04,9.001934085972607136e-04
5.894928870292886859e+04,9.001916623674333096e-04
5.904937238493723999e+04,9.001900325529277325e-04
5.914945606694560411e+04,9.001884027384221554e-04
5.924953974895397550e+04,9.001867147162556648e-04
5.934962343096233963e+04,9.001849684864282608e-04
5.944970711297071102e+04,9.001833968795835972e-04
5.954979079497908242e+04,9.001817670650780201e-04
5.964987447698744654e+04,9.001800208352506161e-04
5.974995815899581794e+04,9.001780999824404716e-04
5.985004184100418206e+04,9.001761209219694138e-04
5.995012552301255346e+04,9.001714643090963364e-04
6.005020920502091758e+04,8.005552226677536964e-04
6.015029288702928898e+04,8.003808907233178616e-04
6.025037656903765310e+04,8.003323455341160297e-04
6.035046025104602450e+04,8.003076072782278061e-04
6.045054393305439589e+04,8.002908434718847275e-04
6.055062761506276001e+04,8.002780959941446781e-04
6.065071129707113141e+04,8.002681424841284752e-04
6.075079497907949553e+04,8.002595859579741955e-04
6.085087866108786693e+04,8.002522517926990986e-04
6.095096234309623105e+04,8.002460235729813576e-04
6.105104602510460245e+04,8.002406102605164051e-04
6.115112970711296657e+04,8.002357208169996738e-04
6.125121338912133797e+04,8.002315298654139042e-04
6.135129707112970937e+04,8.002276881597936153e-04
6.145138075313807349e+04,8.002241957001388073e-04
6.155146443514644488e+04,8.002210524864494801e-04
6.165154811715480901e+04,8.002179674804210663e-04
6.175163179916318040e+04,8.002152317203581333e-04
6.185171548117154452e+04,8.002125541679561138e-04
6.195179916317991592e+04,8.002101676538586617e-04
6.205188284518828732e+04,8.002078975550830364e-04
6.215196652719665144e+04,8.002058020792901516e-04
6.225205020920502284e+04,8.002037066034972668e-04
6.235213389121338696e+04,8.002017857506871223e-04
6.245221757322175836e+04,8.001998648978769779e-04
6.255230125523012248e+04,8.001981768757104874e-04
6.265238493723849388e+04,8.001963142305612564e-04
6.275246861924685800e+04,8.001947426237165928e-04
6.285255230125522939e+04,8.001932874321937561e-04
6.295263598326360079e+04,8.001916576176881790e-04
6.305271966527196491e+04,8.001902606338262558e-04
6.315280334728033631e+04,8.001886890269815922e-04
6.325288702928870043e+04,8.001872920431196690e-04
6.335297071129707183e+04,8.001860696822404861e-04
6.345305439330543595e+04,8.001847891137003899e-04
6.355313807531380735e+04,8.001833921298384666e-04
6.365322175732217875e+04,8.001821115612983704e-04
6.375330543933054287e+04,8.001807727850973606e-04
6.385338912133891426e+04,8.001795504242181778e-04
6.395347280334727839e+04,8.001783280633389950e-04
6.405355648535564978e+04,8.001771057024598122e-04
6.415364016736401391e+04,8.001759997569024563e-04
6.425372384937238530e+04,8.001747191883623600e-04
6.435380753138074942e+04,8.001735550351440907e-04
6.445389121338912082e+04,8.001723908819258213e-04
6.455397489539749222e+04,8.001710521057248116e-04
6.465405857740585634e+04,8.001699461601674557e-04
6.475414225941422774e+04,8.001687820069491863e-04
6.485422594142259186e+04,8.001675596460700035e-04
6.495430962343096326e+04,8.001662790775299072e-04
6.505439330543932738e+04,8.001652313396334648e-04
6.515447698744769878e+04,8.001640089787542820e-04
6.525456066945606290e+04,8.001628448255360126e-04
6.535464435146443429e+04,8.001616224646568298e-04
6.545472803347280569e+04,8.001602836884558201e-04
6.555481171548117709e+04,8.001591195352375507e-04
6.565489539748954121e+04,8.001578389666974545e-04
6.575497907949790533e+04,8.001566748134791851e-04
6.585506276150626945e+04,8.001553360372781754e-04
6.595514644351464813e+04,8.001541718840599060e-04
6.605523012552301225e+04,8.001528331078588963e-04
6.615531380753137637e+04,8.001514361239969730e-04
6.625539748953975504e+04,8.001502719707787037e-04
6.635548117154811916e+04,8.001488749869167805e-04
6.645556485355648329e+04,8.001475944183766842e-04
6.655564853556484741e+04,8.001462556421756744e-04
6.665573221757322608e+04,8.001449168659746647e-04
6.675581589958159020e+04,8.001435780897736549e-04
6.685589958158995432e+04,8.001421811059117317e-04
6.695598326359833300e+04,8.001407259143888950e-04
6.705606694560669712e+04,8.001393871381878853e-04
6.715615062761506124e+04,8.001378737390041351e-04
6.725623430962342536e+04,8.001365349628031254e-04
6.735631799163180403e+04,8.001349051482975483e-04
6.745640167364016816e+04,8.001333917491137981e-04
6.755648535564853228e+04,8.001317037269473076e-04
6.765656903765689640e+04,8.001296664588153362e-04
6.775665271966527507e+04,8.001238456927239895e-04
6.785673640167363919e+04,7.019404438324272633e-04
6.795682008368200331e+04,7.015180890448391438e-04
6.805690376569038199e+04,7.013180875219404697e-04
6.815698744769874611e+04,7.011817069724202156e-04
6.825707112970711023e+04,7.010812405496835709e-04
6.835715481171547435e+04,7.010028930380940437e-04
6.845723849372385303e+04,7.009377586655318737e-04
6.855732217573221715e+04,7.008821121416985989e-04
6.865740585774058127e+04,7.008333923295140266e-04
6.875748953974895994e+04,7.007900276221334934e-04
6.885757322175732406e+04,7.007511449046432972e-04
6.895765690376568818e+04,7.007168605923652649e-04
6.905774058577405231e+04,7.006864179857075214e-04
6.915782426778243098e+04,7.006588275544345379e-04
6.925790794979079510e+04,7.006334490142762661e-04
6.935799163179915922e+04,7.006098749116063118e-04
6.945807531380753790e+04,7.005877560004591942e-04
6.955815899581590202e+04,7.005668594501912594e-04
6.965824267782426614e+04,7.005467195995151997e-04
6.975832635983263026e+04,7.005274528637528419e-04
6.985841004184100893e+04,7.005097577348351479e-04
6.995849372384937305e+04,7.004930521361529827e-04
7.005857740585773718e+04,7.004773942753672600e-04
7.015866108786610130e+04,7.004625513218343258e-04
7.025874476987447997e+04,7.004482904449105263e-04
7.035882845188284409e+04,7.004349608905613422e-04
7.045891213389120821e+04,7.004222134128212929e-04
7.055899581589958689e+04,7.004101644270122051e-04
7.065907949790795101e+04,7.003986975178122520e-04
7.075916317991631513e+04,7.003878708928823471e-04
7.085924686192467925e+04,7.003775681369006634e-04
7.095933054393305792e+04,7.003675564192235470e-04
7.105941422594142205e+04,7.003579521551728249e-04
7.115949790794978617e+04,7.003488135524094105e-04
7.125958158995816484e+04,7.003400824032723904e-04
7.135966527196652896e+04,7.003315840847790241e-04
7.145974895397489308e+04,7.003234932199120522e-04
7.155983263598325721e+04,7.003157516010105610e-04
7.165991631799163588e+04,7.003083010204136372e-04
7.176000000000000000e+04,7.003011414781212807e-04
7.186008368200836412e+04,7.002942147664725780e-04
7.196016736401674279e+04,7.002875790931284428e-04
7.206025104602510692e+04,7.002812344580888748e-04
7.216033472803347104e+04,7.002749480307102203e-04
7.226041841004183516e+04,7.002690690569579601e-04
7.236050209205021383e+04,7.002633064985275269e-04
7.246058577405857795e+04,7.002578349784016609e-04
7.256066945606694208e+04,7.002525380812585354e-04
7.266075313807530620e+04,7.002474158070981503e-04
7.276083682008368487e+04,7.002424099482595921e-04
7.286092050209204899e+04,7.002375787124037743e-04
7.296100418410041311e+04,7.002328638918697834e-04
7.306108786610879179e+04,7.002284983173012733e-04
7.316117154811715591e+04,7.002241327427327633e-04
7.326125523012552003e+04,7.002198253758251667e-04
7.336133891213388415e+04,7.002158672548830509e-04
7.346142259414226282e+04,7.002119091339409351e-04
7.356150627615062695e+04,7.002079510129988194e-04
7.366158995815899107e+04,7.002042839303612709e-04
7.376167364016736974e+04,7.002006168477237225e-04
7.386175732217573386e+04,7.001971243880689144e-04
7.396184100418409798e+04,7.001936901360750198e-04
7.406192468619246210e+04,7.001904305070638657e-04
7.416200836820084078e+04,7.001871708780527115e-04
7.426209205020920490e+04,7.001842022873461246e-04
7.436217573221756902e+04,7.001811172813177109e-04
7.446225941422594769e+04,7.001782068982720375e-04
7.456234309623431182e+04,7.001753547228872776e-04
7.466242677824267594e+04,7.001725025475025177e-04
7.476251046025104006e+04,7.001697667874395847e-04
7.486259414225941873e+04,7.001671474426984787e-04
7.496267782426778285e+04,7.001645280979573727e-04
7.506276150627614697e+04,7.001619669608771801e-04
7.516284518828451110e+04,7.001594640314579010e-04
7.526292887029288977e+04,7.001570775173604488e-04
7.536301255230125389e+04,7.001546910032629967e-04
7.546309623430961801e+04,7.001524209044873714e-04
7.556317991631799669e+04,7.001502090133726597e-04
7.566326359832636081e+04,7.001479971222579479e-04
7.576334728033472493e+04,7.001460180617868900e-04
7.586343096234308905e+04,7.001438643783330917e-04
7.596351464435146772e+04,7.001418271102011204e-04
7.606359832635983184e+04,7.001399062573909760e-04
7.616368200836819597e+04,7.001379271969199181e-04
7.626376569037657464e+04,7.001359481364488602e-04
7.636384937238493876e+04,7.001341436989605427e-04
7.646393305439330288e+04,7.001322810538113117e-04
7.656401673640166700e+04,7.001305348239839077e-04
7.666410041841004568e+04,7.001288468018174171e-04
7.676418410041840980e+04,7.001269841566681862e-04
7.686426778242677392e+04,7.001254125498235226e-04
7.696435146443515259e+04,7.001237827353179455e-04
7.706443514644351671e+04,7.001222693361341953e-04
7.716451882845188084e+04,7.001206395216286182e-04
7.726460251046024496e+04,7.001190679147839546e-04
7.736468619246862363e+04,7.001175545156002045e-04
7.746476987447698775e+04,7.001159829087555408e-04
7.756485355648535187e+04,7.001145277172327042e-04
7.766493723849371599e+04,7.001130725257098675e-04
7.776502092050209467e+04,7.001117337495088577e-04
7.786510460251045879e+04,7.001102785579860210e-04
7.796518828451882291e+04,7.001088233664631844e-04
7.806527196652720158e+04,7.001074845902621746e-04
7.816535564853556571e+04,7.001062040217220783e-04
7.826543933054392983e+04,7.001048070378601551e-04
7.836552301255229395e+04,7.001034682616591454e-04
7.846560669456067262e+04,7.001023041084408760e-04
7.856569037656903674e+04,7.001009653322398663e-04
7.866577405857740087e+04,7.000996847636997700e-04
7.876585774058577954e+04,7.000984624028205872e-04
7.886594142259414366e+04,7.000972400419414043e-04
7.896602510460250778e+04,7.000960176810622215e-04
7.906610878661087190e+04,7.000948535278439522e-04
7.916619246861925058e+04,7.000937475822865963e-04
7.926627615062761470e+04,7.000924670137465000e-04
7.936635983263597882e+04,7.000913610681891441e-04
7.946644351464435749e+04,7.000901387073099613e-04
7.956652719665272161e+04,7.000890327617526054e-04
7.966661087866108574e+04,7.000879850238561630e-04
7.976669456066944986e+04,7.000868790782988071e-04
7.986677824267782853e+04,7.000858313404023647e-04
7.996686192468619265e+04,7.000847836025059223e-04
8.006694560669455677e+04,7.000837358646094799e-04
8.016702928870292089e+04,7.000826881267130375e-04
8.026711297071129957e+04,7.000817568041384220e-04
8.036719665271966369e+04,7.000806508585810661e-04
8.046728033472802781e+04,7.000796613283455372e-04
8.056736401673640648e+04,7.000787300057709217e-04
8.066744769874477061e+04,7.000777404755353928e-04
8.076753138075313473e+04,7.000768673606216908e-04
8.086761506276149885e+04,7.000758778303861618e-04
8.096769874476987752e+04,7.000750047154724598e-04
8.106778242677824164e+04,7.000740733928978443e-04
8.116786610878660576e+04,7.000732002779841423e-04
8.126794979079498444e+04,7.000722689554095268e-04
8.136803347280334856e+04,7.000713376328349113e-04
8.146811715481171268e+04,7.000705809332430363e-04
8.156820083682007680e+04,7.000697660259902477e-04
8.166828451882845548e+04,7.000688347034156322e-04
8.176836820083681960e+04,7.000680780038237572e-04
8.186845188284518372e+04,7.000673795118927956e-04
8.196853556485356239e+04,7.000665646046400070e-04
8.206861924686192651e+04,7.000658079050481319e-04
8.216870292887029063e+04,7.000650512054562569e-04
8.226878661087865476e+04,7.000643527135252953e-04
8.236887029288703343e+04,7.000635378062725067e-04
8.246895397489539755e+04,7.000628975220024586e-04
8.256903765690376167e+04,7.000621408224105835e-04
8.266912133891214035e+04,7.000614423304796219e-04
8.276920502092050447e+04,7.000607438385486603e-04
8.286928870292886859e+04,7.000602199696004391e-04
8.296937238493723271e+04,7.000594632700085640e-04
8.306945606694561138e+04,7.000588229857385159e-04
8.316953974895397550e+04,7.000581827014684677e-04
8.326962343096233963e+04,7.000576006248593330e-04
8.336970711297070375e+04,7.000570185482501984e-04
8.346979079497908242e+04,7.000563200563192368e-04
8.356987447698744654e+04,7.000557961873710155e-04
8.366995815899581066e+04,7.000552141107618809e-04
8.377004184100418934e+04,7.000545738264918327e-04
8.387012552301255346e+04,7.000539335422217846e-04
8.397020920502091758e+04,7.000535842962563038e-04
8.407029288702928170e+04,7.000528858043253422e-04
8.417037656903766037e+04,7.000523619353771210e-04
8.427046025104602450e+04,7.000520126894116402e-04
8.437054393305438862e+04,7.000514306128025055e-04
8.447062761506276729e+04,7.000509067438542843e-04
8.457071129707113141e+04,7.000504992902278900e-04
8.467079497907949553e+04,7.000498590059578419e-04
8.477087866108785965e+04,7.000494515523314476e-04
8.487096234309623833e+04,7.000489276833832264e-04
8.497104602510460245e+04,7.000484620220959187e-04
8.507112970711296657e+04,7.000481709837913513e-04
8.517121338912134524e+04,7.000476471148431301e-04
8.527129707112970937e+04,7.000471814535558224e-04
8.537138075313807349e+04,7.000467157922685146e-04
8.547146443514643761e+04,7.000463665463030338e-04
8.557154811715481628e+04,7.000460173003375530e-04
8.567163179916318040e+04,7.000454934313893318e-04
8.577171548117154452e+04,7.000451441854238510e-04
8.587179916317990865e+04,7.000447949394583702e-04
8.597188284518828732e+04,7.000444456934928894e-04
8.607196652719665144e+04,7.000440382398664951e-04
8.617205020920501556e+04,7.000436307862401009e-04
8.627213389121339424e+04,7.000431651249527931e-04
8.637221757322175836e+04,7.000428740866482258e-04
8.647230125523012248e+04,7.000425248406827450e-04
8.657238493723848660e+04,7.000422338023781776e-04
8.667246861924686527e+04,7.000418263487517834e-04
8.677255230125522939e+04,7.000415353104472160e-04
8.687263598326359352e+04,7.000411860644817352e-04
8.697271966527197219e+04,7.000407786108553410e-04
8.707280334728033631e+04,7.000404875725507736e-04
8.717288702928870043e+04,7.000402547419071198e-04
8.727297071129706455e+04,7.000398472882807255e-04
8.737305439330544323e+04,7.000396726652979851e-04
8.747313807531380735e+04,7.000393234193325043e-04
8.757322175732217147e+04,7.000389741733670235e-04
8.767330543933055014e+04,7.000387413427233696e-04
8.777338912133891426e+04,7.000383920967578888e-04
8.787347280334727839e+04,7.000381010584533215e-04
8.797355648535564251e+04,7.000378682278096676e-04
8.807364016736402118e+04,7.000375189818441868e-04
8.817372384937238530e+04,7.000372861512005329e-04
8.827380753138074942e+04,7.000369951128959656e-04
8.837389121338911355e+04,7.000367622822523117e-04
8.847397489539749222e+04,7.000365294516086578e-04
8.857405857740585634e+04,7.000361802056431770e-04
8.867414225941422046e+04,7.000359473749995232e-04
8.877422594142259913e+04,7.000357145443558693e-04
8.887430962343096326e+04,7.000355399213731289e-04
8.897439330543932738e+04,7.000352488830685616e-04
8.907447698744769150e+04,7.000348996371030807e-04
8.917456066945607017e+04,7.000347250141203403e-04
8.927464435146443429e+04,7.000345503911375999e-04
8.937472803347279842e+04,7.000343175604939461e-04
8.947481171548117709e+04,7.000340265221893787e-04
8.957489539748954121e+04,7.000337936915457249e-04
8.967497907949790533e+04,7.000335608609020710e-04
8.977506276150626945e+04,7.000333862379193306e-04
8.987514644351464813e+04,7.000331534072756767e-04
8.997523012552301225e+04,7.000329787842929363e-04
9.007531380753137637e+04,7.000327459536492825e-04
9.017539748953975504e+04,7.000325713306665421e-04
9.027548117154811916e+04,7.000323385000228882e-04
9.037556485355648329e+04,7.000321056693792343e-04
9.047564853556484741e+04,7.000319310463964939e-04
9.057573221757322608e+04,7.000317564234137535e-04
9.067581589958159020e+04,7.000315235927700996e-04
9.077589958158995432e+04,7.000312907621264458e-04
9.087598326359831844e+04,7.000311161391437054e-04
9.097606694560669712e+04,7.000309997238218784e-04
9.107615062761506124e+04,7.000308251008391380e-04
9.117623430962342536e+04,7.000305922701954842e-04
9.127631799163180403e+04,7.000304176472127438e-04
9.137640167364016816e+04,7.000303012318909168e-04
9.147648535564853228e+04,7.000300684012472630e-04
9.157656903765689640e+04,7.000299519859254360e-04
9.167665271966527507e+04,7.000296609476208687e-04
9.177673640167363919e+04,7.000295445322990417e-04
9.187682008368200331e+04,7.000294281169772148e-04
9.197690376569038199e+04,7.000292534939944744e-04
9.207698744769874611e+04,7.000289624556899071e-04
9.217707112970711023e+04,7.000289624556899071e-04
9.227715481171547435e+04,7.000287296250462532e-04
9.237723849372385303e+04,7.000284967944025993e-04
9.247732217573221715e+04,7.000283803790807724e-04
9.257740585774058127e+04,7.000283221714198589e-04
9.267748953974895994e+04,7.000280893407762051e-04
9.277757322175732406e+04,7.000278565101325512e-04
9.287765690376568818e+04,7.000277400948107243e-04
9.297774058577405231e+04,7.000276236794888973e-04
9.307782426778243098e+04,7.000275072641670704e-04
9.317790794979079510e+04,7.000273326411843300e-04
9.327799163179915922e+04,7.000272162258625031e-04
9.337807531380752334e+04,7.000269833952188492e-04
9.347815899581590202e+04,7.000269251875579357e-04
9.357824267782426614e+04,7.000268087722361088e-04
9.367832635983263026e+04,7.000266923569142818e-04
9.377841004184100893e+04,7.000265177339315414e-04
9.387849372384937305e+04,7.000263431109488010e-04
9.397857740585773718e+04,7.000262849032878876e-04
9.407866108786610130e+04,7.000262266956269741e-04
9.417874476987447997e+04,7.000259938649833202e-04
9.427882845188284409e+04,7.000258192420005798e-04
9.437891213389120821e+04,7.000257028266787529e-04
9.447899581589958689e+04,7.000255864113569260e-04
9.457907949790795101e+04,7.000254699960350990e-04
9.467916317991631513e+04,7.000253535807132721e-04
9.477924686192467925e+04,7.000251789577305317e-04
9.487933054393305792e+04,7.000250625424087048e-04
9.497941422594142205e+04,7.000249461270868778e-04
9.507949790794978617e+04,7.000248879194259644e-04
9.517958158995816484e+04,7.000247715041041374e-04
9.527966527196652896e+04,7.000246550887823105e-04
9.537974895397489308e+04,7.000244804657995701e-04
9.547983263598325721e+04,7.000243640504777431e-04
9.557991631799163588e+04,7.000243058428168297e-04
9.568000000000000000e+04,7.000241312198340893e-04
9.578008368200836412e+04,7.000241312198340893e-04
9.588016736401674279e+04,7.000239565968513489e-04
9.598025104602510692e+04,7.000237819738686085e-04
9.608033472803347104e+04,7.000237237662076950e-04
9.618041841004183516e+04,7.000235491432249546e-04
9.628050209205021383e+04,7.000235491432249546e-04
9.638058577405857795e+04,7.000233745202422142e-04
9.648066945606694208e+04,7.000233163125813007e-04
9.658075313807530620e+04,7.000232581049203873e-04
9.668083682008368487e+04,7.000229670666158199e-04
9.678092050209204899e+04,7.000229088589549065e-04
9.688100418410041311e+04,7.000227924436330795e-04
9.698108786610879179e+04,7.000227924436330795e-04
9.708117154811715591e+04,7.000225596129894257e-04
9.718125523012552003e+04,7.000225014053285122e-04
9.728133891213388415e+04,7.000225014053285122e-04
9.738142259414226282e+04,7.000224431976675987e-04
9.748150627615062695e+04,7.000223267823457718e-04
9.758158995815899107e+04,7.000221521593630314e-04
9.768167364016736974e+04,7.000220939517021179e-04
9.778175732217573386e+04,7.000219775363802910e-04
9.788184100418409798e+04,7.000218029133975506e-04
9.798192468619246210e+04,7.000218029133975506e-04
9.808200836820084078e+04,7.000217447057366371e-04
9.818209205020920490e+04,7.000216282904148102e-04
9.828217573221756902e+04,7.000215118750929832e-04
9.838225941422594769e+04,7.000214536674320698e-04
9.848234309623431182e+04,7.000213372521102428e-04
9.858242677824267594e+04,7.000212208367884159e-04
9.868251046025104006e+04,7.000211626291275024e-04
9.878259414225941873e+04,7.000210462138056755e-04
9.888267782426778285e+04,7.000210462138056755e-04
9.898276150627614697e+04,7.000208715908229351e-04
9.908284518828451110e+04,7.000207551755011082e-04
9.918292887029288977e+04,7.000208133831620216e-04
9.928301255230125389e+04,7.000206969678401947e-04
9.938309623430961801e+04,7.000205805525183678e-04
9.948317991631799669e+04,7.000204641371965408e-04
9.958326359832636081e+04,7.000204641371965408e-04
9.968334728033472493e+04,7.000202313065528870e-04
9.978343096234308905e+04,7.000202895142138004e-04
9.988351464435146772e+04,7.000201730988919735e-04
9.998359832635983184e+04,7.000200566835701466e-04
1.000836820083681960e+05,7.000199984759092331e-04
1.001837656903765746e+05,7.000199402682483196e-04
1.002838493723849388e+05,7.000198820605874062e-04
1.003839330543933029e+05,7.000197074376046658e-04
1.004840167364016670e+05,7.000197074376046658e-04
1.005841004184100457e+05,7.000196492299437523e-04
1.006841841004184098e+05,7.000195328146219254e-04
1.007842677824267739e+05,7.000194163993000984e-04
1.008843514644351526e+05,7.000193581916391850e-04
1.009844351464435167e+05,7.000191253609955311e-04
1.010845188284518808e+05,7.000191835686564445e-04
1.011846025104602450e+05,7.000190671533346176e-04
1.012846861924686236e+05,7.000185432843863964e-04
1.013847698744769878e+05,6.002340232953429222e-04
1.014848535564853519e+05,6.001185975037515163e-04
1.015849372384937160e+05,6.000904832035303116e-04
1.016850209205020947e+05,6.000758148729801178e-04
1.017851046025104588e+05,6.000665598548948765e-04
1.018851882845188229e+05,6.000600405968725681e-04
1.019852719665272016e+05,6.000553257763385773e-04
1.020853556485355657e+05,6.000516004860401154e-04
1.021854393305439298e+05,6.000486901029944420e-04
1.022855230125522939e+05,6.000463035888969898e-04
1.023856066945606726e+05,6.000442663207650185e-04
1.024856903765690367e+05,6.000425200909376144e-04
1.025857740585774009e+05,6.000410648994147778e-04
1.026858577405857795e+05,6.000399007461965084e-04
1.027859414225941437e+05,6.000386783853173256e-04
1.028860251046025078e+05,6.000377470627427101e-04
1.029861087866108719e+05,6.000366993248462677e-04
1.030861924686192506e+05,6.000360590405762196e-04
1.031862761506276147e+05,6.000352441333234310e-04
1.032863598326359788e+05,6.000344874337315559e-04
1.033864435146443575e+05,6.000337889418005943e-04
1.034865271966527216e+05,6.000331486575305462e-04
1.035866108786610857e+05,6.000326247885823250e-04
1.036866945606694499e+05,6.000320427119731903e-04
1.037867782426778285e+05,6.000315188430249691e-04
1.038868619246861927e+05,6.000309949740767479e-04
1.039869456066945568e+05,6.000305293127894402e-04
1.040870292887029209e+05,6.000300054438412189e-04
1.041871129707112996e+05,6.000296561978757381e-04
1.042871966527196637e+05,6.000292487442493439e-04
1.043872803347280278e+05,6.000288994982838631e-04
1.044873640167364065e+05,6.000284920446574688e-04
1.045874476987447706e+05,6.000281427986919880e-04
1.046875313807531347e+05,6.000278517603874207e-04
1.047876150627614988e+05,6.000275607220828533e-04
1.048876987447698775e+05,6.000272696837782860e-04
1.049877824267782416e+05,6.000269204378128052e-04
1.050878661087866058e+05,6.000265711918473244e-04
1.051879497907949844e+05,6.000263383612036705e-04
1.052880334728033486e+05,6.000261055305600166e-04
1.053881171548117127e+05,6.000259309075772762e-04
1.054882008368200768e+05,6.000256398692727089e-04
1.055882845188284555e+05,6.000254652462899685e-04
1.056883682008368196e+05,6.000251742079854012e-04
1.057884518828451837e+05,6.000249995850026608e-04
1.058885355648535624e+05,6.000247667543590069e-04
1.059886192468619265e+05,6.000245339237153530e-04
1.060887029288702906e+05,6.000244175083935261e-04
1.061887866108786548e+05,6.000242428854107857e-04
1.062888702928870334e+05,6.000240100547671318e-04
1.063889539748953976e+05,6.000237772241234779e-04
1.064890376569037617e+05,6.000236608088016510e-04
1.065891213389121258e+05,6.000234279781579971e-04
1.066892050209205045e+05,6.000233697704970837e-04
1.067892887029288686e+05,6.000231369398534298e-04
1.068893723849372327e+05,6.000230787321925163e-04
1.069894560669456114e+05,6.000228459015488625e-04
1.070895397489539755e+05,6.000227876938879490e-04
1.071896234309623396e+05,6.000226130709052086e-04
1.072897071129707037e+05,6.000224384479224682e-04
1.073897907949790824e+05,6.000223220326006413e-04
1.074898744769874465e+05,6.000221474096179008e-04
1.075899581589958107e+05,6.000220309942960739e-04
1.076900418410041893e+05,6.000219727866351604e-04
1.077901255230125535e+05,6.000217981636524200e-04
1.078902092050209176e+05,6.000217399559915066e-04
1.079902928870292817e+05,6.000215653330087662e-04
1.080903765690376604e+05,6.000214489176869392e-04
1.081904602510460245e+05,6.000213325023651123e-04
1.082905439330543886e+05,6.000211578793823719e-04
1.083906276150627673e+05,6.000210996717214584e-04
1.084907112970711314e+05,6.000210414640605450e-04
1.085907949790794955e+05,6.000209250487387180e-04
1.086908786610878597e+05,6.000208086334168911e-04
1.087909623430962383e+05,6.000207504257559776e-04
1.088910460251046024e+05,6.000206922180950642e-04
1.089911297071129666e+05,6.000205758027732372e-04
1.090912133891213307e+05,6.000205175951123238e-04
1.091912970711297094e+05,6.000204011797904968e-04
1.092913807531380735e+05,6.000202265568077564e-04
1.093914644351464376e+05,6.000202265568077564e-04
1.094915481171548163e+05,6.000201101414859295e-04
1.095916317991631804e+05,6.000200519338250160e-04
1.096917154811715445e+05,6.000199355185031891e-04
1.097917991631799086e+05,6.000198191031813622e-04
1.098918828451882873e+05,6.000197026878595352e-04
1.099919665271966514e+05,6.000196444801986217e-04
1.100920502092050156e+05,6.000195862725377083e-04
1.101921338912133942e+05,6.000194116495549679e-04
1.102922175732217584e+05,6.000194698572158813e-04
1.103923012552301225e+05,6.000193534418940544e-04
1.104923849372384866e+05,6.000192952342331409e-04
1.105924686192468653e+05,6.000191788189113140e-04
1.106925523012552294e+05,6.000191788189113140e-04
1.107926359832635935e+05,6.000190041959285736e-04
1.108927196652719722e+05,6.000190041959285736e-04
1.109928033472803363e+05,6.000188877806067467e-04
1.110928870292887004e+05,6.000187713652849197e-04
1.111929707112970646e+05,6.000187713652849197e-04
1.112930543933054432e+05,6.000186549499630928e-04
1.113931380753138073e+05,6.000186549499630928e-04
1.114932217573221715e+05,6.000185967423021793e-04
1.115933054393305501e+05,6.000184803269803524e-04
1.116933891213389143e+05,6.000183639116585255e-04
1.117934728033472784e+05,6.000183057039976120e-04
1.118935564853556425e+05,6.000181892886757851e-04
1.119936401673640212e+05,6.000181892886757851e-04
1.120937238493723853e+05,6.000181310810148716e-04
1.121938075313807494e+05,6.000180146656930447e-04
1.122938912133891135e+05,6.000178982503712177e-04
1.123939748953974922e+05,6.000178400427103043e-04
1.124940585774058563e+05,6.000178400427103043e-04
1.125941422594142205e+05,6.000177236273884773e-04
1.126942259414225991e+05,6.000176072120666504e-04
1.127943096234309633e+05,6.000176072120666504e-04
1.128943933054393274e+05,6.000176072120666504e-04
1.129944769874476915e+05,6.000175490044057369e-04
1.130945606694560702e+05,6.000174325890839100e-04
1.131946443514644343e+05,6.000174325890839100e-04
1.132947280334727984e+05,6.000173161737620831e-04
1.133948117154811771e+05,6.000172579661011696e-04
1.134948953974895412e+05,6.000171415507793427e-04
1.135949790794979053e+05,6.000170833431184292e-04
1.136950627615062695e+05,6.000171415507793427e-04
1.137951464435146481e+05,6.000169669277966022e-04
1.138952301255230122e+05,6.000170251354575157e-04
1.139953138075313764e+05,6.000168505124747753e-04
1.140953974895397550e+05,6.000167923048138618e-04
1.141954811715481192e+05,6.000167923048138618e-04
1.142955648535564833e+05,6.000166758894920349e-04
1.143956485355648474e+05,6.000167340971529484e-04
1.144957322175732261e+05,6.000165594741702080e-04
1.145958158995815902e+05,6.000165012665092945e-04
1.146958995815899543e+05,6.000165012665092945e-04
1.147959832635983184e+05,6.000163848511874676e-04
1.148960669456066971e+05,6.000163848511874676e-04
1.149961506276150612e+05,6.000162684358656406e-04
1.150962343096234254e+05,6.000162102282047272e-04
1.151963179916318040e+05,6.000162102282047272e-04
1.152964016736401682e+05,6.000160356052219868e-04
1.153964853556485323e+05,6.000160938128829002e-04
1.154965690376568964e+05,6.000160356052219868e-04
1.155966527196652751e+05,6.000159191899001598e-04
1.156967364016736392e+05,6.000158609822392464e-04
1.157968200836820033e+05,6.000158027745783329e-04
1.158969037656903820e+05,6.000158027745783329e-04
1.159969874476987461e+05,6.000157445669174194e-04
1.160970711297071102e+05,6.000156281515955925e-04
1.161971548117154744e+05,6.000156863592565060e-04
1.162972384937238530e+05,6.000156281515955925e-04
1.163973221757322171e+05,6.000156281515955925e-04
1.164974058577405813e+05,6.000155117362737656e-04
1.165974895397489599e+05,6.000154535286128521e-04
1.166975732217573241e+05,6.000152789056301117e-04
1.167976569037656882e+05,6.000153371132910252e-04
1.168977405857740523e+05,6.000152206979691982e-04
1.169978242677824310e+05,6.000152789056301117e-04
1.170979079497907951e+05,6.000152206979691982e-04
1.171979916317991592e+05,6.000151042826473713e-04
1.172980753138075233e+05,6.000150460749864578e-04
1.173981589958159020e+05,6.000151042826473713e-04
1.174982426778242661e+05,6.000149296596646309e-04
1.175983263598326303e+05,6.000149296596646309e-04
1.176984100418410089e+05,6.000149296596646309e-04
1.177984937238493731e+05,6.000148714520037174e-04
1.178985774058577372e+05,6.000147550366818905e-04
1.179986610878661013e+05,6.000146968290209770e-04
1.180987447698744800e+05,6.000146968290209770e-04
1.181988284518828441e+05,6.000146386213600636e-04
1.182989121338912082e+05,6.000146968290209770e-04
1.183989958158995869e+05,6.000145222060382366e-04
1.184990794979079510e+05,6.000145222060382366e-04
1.185991631799163151e+05,6.000144057907164097e-04
1.186992468619246793e+05,6.000144057907164097e-04
1.187993305439330579e+05,6.000144057907164097e-04
1.188994142259414220e+05,6.000143475830554962e-04
1.189994979079497862e+05,6.000142311677336693e-04
1.190995815899581648e+05,6.000142311677336693e-04
1.191996652719665290e+05,6.000142311677336693e-04
1.192997489539748931e+05,6.000141729600727558e-04
1.193998326359832572e+05,6.000141729600727558e-04
1.194999163179916359e+05,6.000141147524118423e-04
1.196000000000000000e+05,6.000139983370900154e-04
