# n, training_loss
0.000000000000000000e+00,4.925466775894165039e-01
1.001851851851851904e+01,3.443421721458435059e-01
2.003703703703703809e+01,2.720869779586791992e-01
3.005555555555555713e+01,2.521837055683135986e-01
4.007407407407407618e+01,2.061847597360610962e-01
5.009259259259259522e+01,2.009845227003097534e-01
6.011111111111111427e+01,2.118304371833801270e-01
7.012962962962963331e+01,2.016561329364776611e-01
8.014814814814815236e+01,1.993808895349502563e-01
9.016666666666667140e+01,1.928294897079467773e-01
1.001851851851851904e+02,1.805472671985626221e-01
1.102037037037037095e+02,1.880331486463546753e-01
1.202222222222222285e+02,1.780832111835479736e-01
1.302407407407407618e+02,1.795687228441238403e-01
1.402592592592592666e+02,1.805112808942794800e-01
1.502777777777777715e+02,1.689224243164062500e-01
1.602962962962963047e+02,1.690403968095779419e-01
1.703148148148148380e+02,1.716810464859008789e-01
1.803333333333333428e+02,1.655976325273513794e-01
1.903518518518518476e+02,1.664129644632339478e-01
2.003703703703703809e+02,1.580151617527008057e-01
2.103888888888889142e+02,1.698118001222610474e-01
2.204074074074074190e+02,1.564811468124389648e-01
2.304259259259259238e+02,1.633167713880538940e-01
2.404444444444444571e+02,1.591932326555252075e-01
2.504629629629629903e+02,1.449417471885681152e-01
2.604814814814815236e+02,1.524858772754669189e-01
2.705000000000000000e+02,1.450336426496505737e-01
2.805185185185185333e+02,1.398021429777145386e-01
2.905370370370370665e+02,1.429921686649322510e-01
3.005555555555555429e+02,1.278139054775238037e-01
3.105740740740740762e+02,1.321177482604980469e-01
3.205925925925926094e+02,1.460903733968734741e-01
3.306111111111111427e+02,1.291167587041854858e-01
3.406296296296296759e+02,1.273728460073471069e-01
3.506481481481481524e+02,1.229241639375686646e-01
3.606666666666666856e+02,1.317244768142700195e-01
3.706851851851852189e+02,1.216914355754852295e-01
3.807037037037036953e+02,1.388433426618576050e-01
3.907222222222222285e+02,1.268542706966400146e-01
4.007407407407407618e+02,1.272002756595611572e-01
4.107592592592592950e+02,1.295394450426101685e-01
4.207777777777778283e+02,1.255480051040649414e-01
4.307962962962963047e+02,1.309676319360733032e-01
4.408148148148148380e+02,1.272277981042861938e-01
4.508333333333333712e+02,1.192555651068687439e-01
4.608518518518518476e+02,1.189215332269668579e-01
4.708703703703703809e+02,1.230324283242225647e-01
4.808888888888889142e+02,1.225769892334938049e-01
4.909074074074074474e+02,1.177181899547576904e-01
5.009259259259259807e+02,1.120013520121574402e-01
5.109444444444444571e+02,1.056012287735939026e-01
5.209629629629630472e+02,1.248402893543243408e-01
5.309814814814815236e+02,1.178597882390022278e-01
5.410000000000000000e+02,1.047420203685760498e-01
5.510185185185185901e+02,1.184592321515083313e-01
5.610370370370370665e+02,1.198448836803436279e-01
5.710555555555555429e+02,1.187149882316589355e-01
5.810740740740741330e+02,1.123044714331626892e-01
5.910925925925926094e+02,1.189124137163162231e-01
6.011111111111110858e+02,1.200105622410774231e-01
6.111296296296296759e+02,1.108728647232055664e-01
6.211481481481481524e+02,1.143866255879402161e-01
6.311666666666667425e+02,1.092835590243339539e-01
6.411851851851852189e+02,1.061977744102478027e-01
6.512037037037036953e+02,1.127110719680786133e-01
6.612222222222222854e+02,1.021405011415481567e-01
6.712407407407407618e+02,1.039636805653572083e-01
6.812592592592593519e+02,1.043943613767623901e-01
6.912777777777778283e+02,1.092310324311256409e-01
7.012962962962963047e+02,1.044495254755020142e-01
7.113148148148148948e+02,1.063687279820442200e-01
7.213333333333333712e+02,9.694509953260421753e-02
7.313518518518518476e+02,9.829837083816528320e-02
7.413703703703704377e+02,1.078098937869071960e-01
7.513888888888889142e+02,1.020497679710388184e-01
7.614074074074073906e+02,1.002716496586799622e-01
7.714259259259259807e+02,1.041412204504013062e-01
7.814444444444444571e+02,1.053747087717056274e-01
7.914629629629630472e+02,1.042012795805931091e-01
8.014814814814815236e+02,1.031865254044532776e-01
8.115000000000000000e+02,8.960595726966857910e-02
8.215185185185185901e+02,1.001479923725128174e-01
8.315370370370370665e+02,9.544169157743453979e-02
8.415555555555556566e+02,9.616509824991226196e-02
8.515740740740741330e+02,9.422226250171661377e-02
8.615925925925926094e+02,9.763861447572708130e-02
8.716111111111111995e+02,9.317286312580108643e-02
8.816296296296296759e+02,9.762910753488540649e-02
8.916481481481481524e+02,9.869711846113204956e-02
9.016666666666667425e+02,1.065106540918350220e-01
9.116851851851852189e+02,9.649328142404556274e-02
9.217037037037036953e+02,9.168131649494171143e-02
9.317222222222222854e+02,8.692912012338638306e-02
9.417407407407407618e+02,9.290432929992675781e-02
9.517592592592593519e+02,9.794202446937561035e-02
9.617777777777778283e+02,9.752263128757476807e-02
9.717962962962963047e+02,9.093078970909118652e-02
9.818148148148148948e+02,9.123879671096801758e-02
9.918333333333333712e+02,9.292808175086975098e-02
1.001851851851851961e+03,8.938323706388473511e-02
1.011870370370370438e+03,9.213349968194961548e-02
1.021888888888888914e+03,8.207267522811889648e-02
1.031907407407407391e+03,8.820194751024246216e-02
1.041925925925926094e+03,8.114813268184661865e-02
1.051944444444444571e+03,9.275484830141067505e-02
1.061962962962963047e+03,9.364542365074157715e-02
1.071981481481481524e+03,8.419340103864669800e-02
1.082000000000000000e+03,9.095463901758193970e-02
1.092018518518518476e+03,9.225912392139434814e-02
1.102037037037037180e+03,8.796579390764236450e-02
1.112055555555555657e+03,8.941625803709030151e-02
1.122074074074074133e+03,8.099102228879928589e-02
1.132092592592592609e+03,7.796616852283477783e-02
1.142111111111111086e+03,7.947952300310134888e-02
1.152129629629629790e+03,7.904876768589019775e-02
1.162148148148148266e+03,8.679018914699554443e-02
1.172166666666666742e+03,8.462756127119064331e-02
1.182185185185185219e+03,8.352228999137878418e-02
1.192203703703703695e+03,8.339546620845794678e-02
1.202222222222222172e+03,8.167182654142379761e-02
1.212240740740740875e+03,7.951888442039489746e-02
1.222259259259259352e+03,8.180077373981475830e-02
1.232277777777777828e+03,8.109541982412338257e-02
1.242296296296296305e+03,7.539373636245727539e-02
1.252314814814814781e+03,7.466230541467666626e-02
1.262333333333333485e+03,8.230873197317123413e-02
1.272351851851851961e+03,7.698388397693634033e-02
1.282370370370370438e+03,7.563804835081100464e-02
1.292388888888888914e+03,7.306881994009017944e-02
1.302407407407407391e+03,8.324892818927764893e-02
1.312425925925926094e+03,7.408224791288375854e-02
1.322444444444444571e+03,7.571995258331298828e-02
1.332462962962963047e+03,7.535445690155029297e-02
1.342481481481481524e+03,7.329266518354415894e-02
1.352500000000000000e+03,6.926669180393218994e-02
1.362518518518518704e+03,8.512733131647109985e-02
1.372537037037037180e+03,7.405327260494232178e-02
1.382555555555555657e+03,6.599333137273788452e-02
1.392574074074074133e+03,6.326188147068023682e-02
1.402592592592592609e+03,7.840454578399658203e-02
1.412611111111111086e+03,8.097994327545166016e-02
1.422629629629629790e+03,7.556150108575820923e-02
1.432648148148148266e+03,7.236112654209136963e-02
1.442666666666666742e+03,6.784228235483169556e-02
1.452685185185185219e+03,6.434501707553863525e-02
1.462703703703703695e+03,6.640143692493438721e-02
1.472722222222222399e+03,7.346650958061218262e-02
1.482740740740740875e+03,7.090125232934951782e-02
1.492759259259259352e+03,6.388449668884277344e-02
1.502777777777777828e+03,6.538037210702896118e-02
1.512796296296296305e+03,6.615312397480010986e-02
1.522814814814814781e+03,7.647073268890380859e-02
1.532833333333333485e+03,6.316800415515899658e-02
1.542851851851851961e+03,6.548699736595153809e-02
1.552870370370370438e+03,6.775844842195510864e-02
1.562888888888888914e+03,6.793487817049026489e-02
1.572907407407407391e+03,6.572515517473220825e-02
1.582925925925926094e+03,6.680925190448760986e-02
1.592944444444444571e+03,7.440983504056930542e-02
1.602962962962963047e+03,7.198201119899749756e-02
1.612981481481481524e+03,6.409352272748947144e-02
1.623000000000000000e+03,6.262378394603729248e-02
1.633018518518518704e+03,6.644517928361892700e-02
1.643037037037037180e+03,6.360728293657302856e-02
1.653055555555555657e+03,6.966338306665420532e-02
1.663074074074074133e+03,5.765985324978828430e-02
1.673092592592592609e+03,6.685943156480789185e-02
1.683111111111111313e+03,6.321093440055847168e-02
1.693129629629629790e+03,6.509546935558319092e-02
1.703148148148148266e+03,6.026887521147727966e-02
1.713166666666666742e+03,6.503417342901229858e-02
1.723185185185185219e+03,6.915371119976043701e-02
1.733203703703703695e+03,6.123120710253715515e-02
1.743222222222222399e+03,6.123405694961547852e-02
1.753240740740740875e+03,5.677887797355651855e-02
1.763259259259259352e+03,6.327046453952789307e-02
1.773277777777777828e+03,6.115395575761795044e-02
1.783296296296296305e+03,6.474403291940689087e-02
1.793314814814815009e+03,6.203893199563026428e-02
1.803333333333333485e+03,6.144214048981666565e-02
1.813351851851851961e+03,5.604919418692588806e-02
1.823370370370370438e+03,5.826644971966743469e-02
1.833388888888888914e+03,6.129309162497520447e-02
1.843407407407407391e+03,5.775811150670051575e-02
1.853425925925926094e+03,5.825961381196975708e-02
1.863444444444444571e+03,5.665064975619316101e-02
1.873462962962963047e+03,6.378018110990524292e-02
1.883481481481481524e+03,6.416662037372589111e-02
1.893500000000000000e+03,5.799722671508789062e-02
1.903518518518518704e+03,5.405929684638977051e-02
1.913537037037037180e+03,5.582437664270401001e-02
1.923555555555555657e+03,5.671186745166778564e-02
1.933574074074074133e+03,6.185556203126907349e-02
1.943592592592592609e+03,4.988966137170791626e-02
1.953611111111111313e+03,5.614990368485450745e-02
1.963629629629629790e+03,5.628368631005287170e-02
1.973648148148148266e+03,5.838723853230476379e-02
1.983666666666666742e+03,5.778815224766731262e-02
1.993685185185185219e+03,5.383986607193946838e-02
2.003703703703703923e+03,5.535807088017463684e-02
2.013722222222222399e+03,5.830640718340873718e-02
2.023740740740740875e+03,5.943661183118820190e-02
2.033759259259259352e+03,5.017837509512901306e-02
2.043777777777777828e+03,5.565348267555236816e-02
2.053796296296296532e+03,5.332781746983528137e-02
2.063814814814814781e+03,5.288831889629364014e-02
2.073833333333333485e+03,5.822217464447021484e-02
2.083851851851852189e+03,5.690927058458328247e-02
2.093870370370370438e+03,5.863871425390243530e-02
2.103888888888889142e+03,5.293839052319526672e-02
2.113907407407407391e+03,5.339217931032180786e-02
2.123925925925926094e+03,5.768620595335960388e-02
2.133944444444444343e+03,5.195362865924835205e-02
2.143962962962963047e+03,5.021736025810241699e-02
2.153981481481481751e+03,5.923609435558319092e-02
2.164000000000000000e+03,5.762695148587226868e-02
2.174018518518518704e+03,5.115808174014091492e-02
2.184037037037036953e+03,5.040226876735687256e-02
2.194055555555555657e+03,5.769083276391029358e-02
2.204074074074074360e+03,5.439196154475212097e-02
2.214092592592592609e+03,5.736815556883811951e-02
2.224111111111111313e+03,5.145512893795967102e-02
2.234129629629629562e+03,4.311881586909294128e-02
2.244148148148148266e+03,5.312737450003623962e-02
2.254166666666666970e+03,5.043923854827880859e-02
2.264185185185185219e+03,4.982037469744682312e-02
2.274203703703703923e+03,4.730241745710372925e-02
2.284222222222222172e+03,5.492064356803894043e-02
2.294240740740740875e+03,4.823355749249458313e-02
2.304259259259259579e+03,5.685851722955703735e-02
2.314277777777777828e+03,5.247480422258377075e-02
2.324296296296296532e+03,4.511476308107376099e-02
2.334314814814814781e+03,4.590880125761032104e-02
2.344333333333333485e+03,4.723292589187622070e-02
2.354351851851852189e+03,5.180234462022781372e-02
2.364370370370370438e+03,4.720569029450416565e-02
2.374388888888889142e+03,4.704964160919189453e-02
2.384407407407407391e+03,4.865189269185066223e-02
2.394425925925926094e+03,5.107050016522407532e-02
2.404444444444444343e+03,4.667950794100761414e-02
2.414462962962963047e+03,4.998596757650375366e-02
2.424481481481481751e+03,4.981574788689613342e-02
2.434500000000000000e+03,4.946421459317207336e-02
2.444518518518518704e+03,5.396107956767082214e-02
2.454537037037036953e+03,4.767177626490592957e-02
2.464555555555555657e+03,4.319045320153236389e-02
2.474574074074074360e+03,4.982149228453636169e-02
2.484592592592592609e+03,4.903382807970046997e-02
2.494611111111111313e+03,4.560238867998123169e-02
2.504629629629629562e+03,4.668940603733062744e-02
2.514648148148148266e+03,4.381141811609268188e-02
2.524666666666666970e+03,4.723086953163146973e-02
2.534685185185185219e+03,4.766122251749038696e-02
2.544703703703703923e+03,4.932360351085662842e-02
2.554722222222222172e+03,5.481387302279472351e-02
2.564740740740740875e+03,3.941683471202850342e-02
2.574759259259259579e+03,4.250411689281463623e-02
2.584777777777777828e+03,4.128224775195121765e-02
2.594796296296296532e+03,4.572964459657669067e-02
2.604814814814814781e+03,4.188825190067291260e-02
2.614833333333333485e+03,4.785293713212013245e-02
2.624851851851852189e+03,4.394590854644775391e-02
2.634870370370370438e+03,4.955782368779182434e-02
2.644888888888889142e+03,4.461741819977760315e-02
2.654907407407407391e+03,4.330791905522346497e-02
2.664925925925926094e+03,4.760649055242538452e-02
2.674944444444444798e+03,3.841621428728103638e-02
2.684962962962963047e+03,3.997362405061721802e-02
2.694981481481481751e+03,4.098272696137428284e-02
2.705000000000000000e+03,4.461214691400527954e-02
2.715018518518518704e+03,3.755104169249534607e-02
2.725037037037037408e+03,4.634894430637359619e-02
2.735055555555555657e+03,4.476657882332801819e-02
2.745074074074074360e+03,4.184611514210700989e-02
2.755092592592592609e+03,4.394267871975898743e-02
2.765111111111111313e+03,4.197315499186515808e-02
2.775129629629629562e+03,3.881812468171119690e-02
2.785148148148148266e+03,3.960949927568435669e-02
2.795166666666666970e+03,4.233158379793167114e-02
2.805185185185185219e+03,3.840174153447151184e-02
2.815203703703703923e+03,3.973019123077392578e-02
2.825222222222222172e+03,3.675035014748573303e-02
2.835240740740740875e+03,4.428350925445556641e-02
2.845259259259259579e+03,3.787149861454963684e-02
2.855277777777777828e+03,4.748861491680145264e-02
2.865296296296296532e+03,4.395090416073799133e-02
2.875314814814814781e+03,4.113097488880157471e-02
2.885333333333333485e+03,3.913296014070510864e-02
2.895351851851852189e+03,3.924361243844032288e-02
2.905370370370370438e+03,4.711165279150009155e-02
2.915388888888889142e+03,3.965238854289054871e-02
2.925407407407407391e+03,3.910643979907035828e-02
2.935425925925926094e+03,4.212470352649688721e-02
2.945444444444444798e+03,3.684726729989051819e-02
2.955462962962963047e+03,3.945785015821456909e-02
2.965481481481481751e+03,4.152854159474372864e-02
2.975500000000000000e+03,3.455219045281410217e-02
2.985518518518518704e+03,3.408592194318771362e-02
2.995537037037037408e+03,4.128292575478553772e-02
3.005555555555555657e+03,3.938624635338783264e-02
3.015574074074074360e+03,4.320586845278739929e-02
3.025592592592592609e+03,3.784233331680297852e-02
3.035611111111111313e+03,3.916756436228752136e-02
3.045629629629629562e+03,3.897667676210403442e-02
3.055648148148148266e+03,3.970449045300483704e-02
3.065666666666666970e+03,3.938232734799385071e-02
3.075685185185185219e+03,3.625723347067832947e-02
3.085703703703703923e+03,2.827056124806404114e-02
3.095722222222222172e+03,4.025544598698616028e-02
3.105740740740740875e+03,4.317009076476097107e-02
3.115759259259259579e+03,3.800954297184944153e-02
3.125777777777777828e+03,4.092246294021606445e-02
3.135796296296296532e+03,3.716426715254783630e-02
3.145814814814814781e+03,3.880730271339416504e-02
3.155833333333333485e+03,3.599814698100090027e-02
3.165851851851852189e+03,4.025503620505332947e-02
3.175870370370370438e+03,3.403002396225929260e-02
3.185888888888889142e+03,3.866284340620040894e-02
3.195907407407407391e+03,3.476114571094512939e-02
3.205925925925926094e+03,3.888359665870666504e-02
3.215944444444444798e+03,4.073343053460121155e-02
3.225962962962963047e+03,3.888475522398948669e-02
3.235981481481481751e+03,3.534274920821189880e-02
3.246000000000000000e+03,3.561523184180259705e-02
3.256018518518518704e+03,3.378117829561233521e-02
3.266037037037037408e+03,3.732678666710853577e-02
3.276055555555555657e+03,4.142251610755920410e-02
3.286074074074074360e+03,3.390182927250862122e-02
3.296092592592592609e+03,3.834689408540725708e-02
3.306111111111111313e+03,3.526807576417922974e-02
3.316129629629630017e+03,3.428938984870910645e-02
3.326148148148148266e+03,3.229672089219093323e-02
3.336166666666666970e+03,3.262205049395561218e-02
3.346185185185185219e+03,3.458181023597717285e-02
3.356203703703703923e+03,2.944837696850299835e-02
3.366222222222222626e+03,3.140479326248168945e-02
3.376240740740740875e+03,3.675052896142005920e-02
3.386259259259259579e+03,3.813493996858596802e-02
3.396277777777777828e+03,3.038897737860679626e-02
3.406296296296296532e+03,3.423615545034408569e-02
3.416314814814814781e+03,3.191673755645751953e-02
3.426333333333333485e+03,3.144046291708946228e-02
3.436351851851852189e+03,2.945902571082115173e-02
3.446370370370370438e+03,3.277390822768211365e-02
3.456388888888889142e+03,3.327372297644615173e-02
3.466407407407407391e+03,3.488912060856819153e-02
3.476425925925926094e+03,3.325216844677925110e-02
3.486444444444444798e+03,3.246439993381500244e-02
3.496462962962963047e+03,2.715579606592655182e-02
3.506481481481481751e+03,3.153831139206886292e-02
3.516500000000000000e+03,3.416944295167922974e-02
3.526518518518518704e+03,3.133044391870498657e-02
3.536537037037037408e+03,3.105763345956802368e-02
3.546555555555555657e+03,3.258119150996208191e-02
3.556574074074074360e+03,3.214897215366363525e-02
3.566592592592592609e+03,2.553365379571914673e-02
3.576611111111111313e+03,3.410691395401954651e-02
3.586629629629630017e+03,3.062792867422103882e-02
3.596648148148148266e+03,2.934440225362777710e-02
3.606666666666666970e+03,3.005312010645866394e-02
3.616685185185185219e+03,2.691873162984848022e-02
3.626703703703703923e+03,2.800776623189449310e-02
3.636722222222222626e+03,2.991513907909393311e-02
3.646740740740740875e+03,2.854405343532562256e-02
3.656759259259259579e+03,3.282882645726203918e-02
3.666777777777777828e+03,3.037935122847557068e-02
3.676796296296296532e+03,2.631923556327819824e-02
3.686814814814814781e+03,2.887794002890586853e-02
3.696833333333333485e+03,3.270120173692703247e-02
3.706851851851852189e+03,3.295007720589637756e-02
3.716870370370370438e+03,2.880951389670372009e-02
3.726888888888889142e+03,2.953243628144264221e-02
3.736907407407407391e+03,2.605273015797138214e-02
3.746925925925926094e+03,3.201564028859138489e-02
3.756944444444444798e+03,2.857709489762783051e-02
3.766962962962963047e+03,2.695469371974468231e-02
3.776981481481481751e+03,2.761407010257244110e-02
3.787000000000000000e+03,2.517312206327915192e-02
3.797018518518518704e+03,2.310113236308097839e-02
3.807037037037037408e+03,3.222160041332244873e-02
3.817055555555555657e+03,2.791957184672355652e-02
3.827074074074074360e+03,3.419300168752670288e-02
3.837092592592592609e+03,2.977846376597881317e-02
3.847111111111111313e+03,3.093460388481616974e-02
3.857129629629630017e+03,2.673159725964069366e-02
3.867148148148148266e+03,2.776791341602802277e-02
3.877166666666666970e+03,2.881170250475406647e-02
3.887185185185185219e+03,2.850388363003730774e-02
3.897203703703703923e+03,2.694861963391304016e-02
3.907222222222222626e+03,2.454026043415069580e-02
3.917240740740740875e+03,2.702538110315799713e-02
3.927259259259259579e+03,2.629423141479492188e-02
3.937277777777777828e+03,2.729551866650581360e-02
3.947296296296296532e+03,2.657874673604965210e-02
3.957314814814815236e+03,2.423587068915367126e-02
3.967333333333333485e+03,2.742259018123149872e-02
3.977351851851852189e+03,3.090588748455047607e-02
3.987370370370370438e+03,2.118732035160064697e-02
3.997388888888889142e+03,2.373596653342247009e-02
4.007407407407407845e+03,2.731777541339397430e-02
4.017425925925926094e+03,1.904584467411041260e-02
4.027444444444444798e+03,2.697593905031681061e-02
4.037462962962963047e+03,2.195118367671966553e-02
4.047481481481481751e+03,2.252871915698051453e-02
4.057500000000000000e+03,2.442266605794429779e-02
4.067518518518518704e+03,2.298355847597122192e-02
4.077537037037037408e+03,2.489051409065723419e-02
4.087555555555555657e+03,2.799487300217151642e-02
4.097574074074073906e+03,2.793694473803043365e-02
4.107592592592593064e+03,2.652959898114204407e-02
4.117611111111111313e+03,2.549841068685054779e-02
4.127629629629629562e+03,2.221045270562171936e-02
4.137648148148148721e+03,2.578199096024036407e-02
4.147666666666666970e+03,2.349247410893440247e-02
4.157685185185185219e+03,3.119972161948680878e-02
4.167703703703704377e+03,2.315212786197662354e-02
4.177722222222222626e+03,2.715447172522544861e-02
4.187740740740740875e+03,2.265545539557933807e-02
4.197759259259259125e+03,2.297981828451156616e-02
4.207777777777778283e+03,2.932673320174217224e-02
4.217796296296296532e+03,2.494253963232040405e-02
4.227814814814814781e+03,2.734086848795413971e-02
4.237833333333333940e+03,2.887777611613273621e-02
4.247851851851852189e+03,2.572218142449855804e-02
4.257870370370370438e+03,2.612550742924213409e-02
4.267888888888888687e+03,2.808065339922904968e-02
4.277907407407407845e+03,2.322992496192455292e-02
4.287925925925926094e+03,2.030669525265693665e-02
4.297944444444444343e+03,1.892387121915817261e-02
4.307962962962963502e+03,2.374699525535106659e-02
4.317981481481481751e+03,2.636877447366714478e-02
4.328000000000000000e+03,2.616748958826065063e-02
4.338018518518519159e+03,2.240975573658943176e-02
4.348037037037037408e+03,2.346603572368621826e-02
4.358055555555555657e+03,2.538654394447803497e-02
4.368074074074073906e+03,2.597677893936634064e-02
4.378092592592593064e+03,2.324173413217067719e-02
4.388111111111111313e+03,2.057551592588424683e-02
4.398129629629629562e+03,2.441663295030593872e-02
4.408148148148148721e+03,2.630708366632461548e-02
4.418166666666666970e+03,2.339559607207775116e-02
4.428185185185185219e+03,2.281498350203037262e-02
4.438203703703704377e+03,2.199962921440601349e-02
4.448222222222222626e+03,2.371647395193576813e-02
4.458240740740740875e+03,2.089036628603935242e-02
4.468259259259259125e+03,2.284377999603748322e-02
4.478277777777778283e+03,2.112646773457527161e-02
4.488296296296296532e+03,2.512585930526256561e-02
4.498314814814814781e+03,2.376640774309635162e-02
4.508333333333333940e+03,2.273638546466827393e-02
4.518351851851852189e+03,2.023766562342643738e-02
4.528370370370370438e+03,2.174469828605651855e-02
4.538388888888888687e+03,2.076057903468608856e-02
4.548407407407407845e+03,2.174176461994647980e-02
4.558425925925926094e+03,2.122288011014461517e-02
4.568444444444444343e+03,2.127254940569400787e-02
4.578462962962963502e+03,1.967859268188476562e-02
4.588481481481481751e+03,2.319511398673057556e-02
4.598500000000000000e+03,2.238859608769416809e-02
4.608518518518519159e+03,2.396333403885364532e-02
4.618537037037037408e+03,2.281985618174076080e-02
4.628555555555555657e+03,2.216524817049503326e-02
4.638574074074073906e+03,1.944980956614017487e-02
4.648592592592593064e+03,2.331588603556156158e-02
4.658611111111111313e+03,2.136533707380294800e-02
4.668629629629629562e+03,2.311783283948898315e-02
4.678648148148148721e+03,2.220954559743404388e-02
4.688666666666666970e+03,2.031075023114681244e-02
4.698685185185185219e+03,2.440253831446170807e-02
4.708703703703704377e+03,2.429507859051227570e-02
4.718722222222222626e+03,1.788178458809852600e-02
4.728740740740740875e+03,2.660995535552501678e-02
4.738759259259259125e+03,2.162157371640205383e-02
4.748777777777778283e+03,1.846988312900066376e-02
4.758796296296296532e+03,1.895623095333576202e-02
4.768814814814814781e+03,2.449799329042434692e-02
4.778833333333333940e+03,1.975878700613975525e-02
4.788851851851852189e+03,2.112708613276481628e-02
4.798870370370370438e+03,2.037350460886955261e-02
4.808888888888888687e+03,1.924217678606510162e-02
4.818907407407407845e+03,1.608322747051715851e-02
4.828925925925926094e+03,2.096005715429782867e-02
4.838944444444444343e+03,1.682475581765174866e-02
4.848962962962963502e+03,2.075223624706268311e-02
4.858981481481481751e+03,1.873654872179031372e-02
4.869000000000000000e+03,2.454270981252193451e-02
4.879018518518519159e+03,2.167485468089580536e-02
4.889037037037037408e+03,1.987621188163757324e-02
4.899055555555555657e+03,1.713585481047630310e-02
4.909074074074073906e+03,1.854812726378440857e-02
4.919092592592593064e+03,1.762403175234794617e-02
4.929111111111111313e+03,1.610248535871505737e-02
4.939129629629629562e+03,1.760216057300567627e-02
4.949148148148148721e+03,2.081494778394699097e-02
4.959166666666666970e+03,2.018776349723339081e-02
4.969185185185185219e+03,1.833577640354633331e-02
4.979203703703704377e+03,1.878959871828556061e-02
4.989222222222222626e+03,2.120665274560451508e-02
4.999240740740740875e+03,1.759891957044601440e-02
5.009259259259259125e+03,2.014942094683647156e-02
5.019277777777778283e+03,2.061937935650348663e-02
5.029296296296296532e+03,1.777061820030212402e-02
5.039314814814814781e+03,2.165707014501094818e-02
5.049333333333333940e+03,1.803869567811489105e-02
5.059351851851852189e+03,1.809599623084068298e-02
5.069370370370370438e+03,1.775863021612167358e-02
5.079388888888889596e+03,1.771028712391853333e-02
5.089407407407407845e+03,1.934470422565937042e-02
5.099425925925926094e+03,1.893284544348716736e-02
5.109444444444444343e+03,1.760678924620151520e-02
5.119462962962963502e+03,1.792366430163383484e-02
5.129481481481481751e+03,1.392998360097408295e-02
5.139500000000000000e+03,1.657005771994590759e-02
5.149518518518519159e+03,1.318314671516418457e-02
5.159537037037037408e+03,1.838093996047973633e-02
5.169555555555555657e+03,2.168109826743602753e-02
5.179574074074073906e+03,1.989086903631687164e-02
5.189592592592593064e+03,1.465649530291557312e-02
5.199611111111111313e+03,1.525200624018907547e-02
5.209629629629629562e+03,1.692487299442291260e-02
5.219648148148148721e+03,1.403295435011386871e-02
5.229666666666666970e+03,2.024858817458152771e-02
5.239685185185185219e+03,1.859531551599502563e-02
5.249703703703704377e+03,1.871387101709842682e-02
5.259722222222222626e+03,2.003206685185432434e-02
5.269740740740740875e+03,1.610815338790416718e-02
5.279759259259259125e+03,1.762744598090648651e-02
5.289777777777778283e+03,1.533975731581449509e-02
5.299796296296296532e+03,1.492660120129585266e-02
5.309814814814814781e+03,1.531490124762058258e-02
5.319833333333333940e+03,1.647226884961128235e-02
5.329851851851852189e+03,1.959538273513317108e-02
5.339870370370370438e+03,1.553079206496477127e-02
5.349888888888889596e+03,1.501038949936628342e-02
5.359907407407407845e+03,1.472564693540334702e-02
5.369925925925926094e+03,1.796370185911655426e-02
5.379944444444444343e+03,1.784440316259860992e-02
5.389962962962963502e+03,1.612571440637111664e-02
5.399981481481481751e+03,1.390156801789999008e-02
5.410000000000000000e+03,2.004673704504966736e-02
