# kappa, accuracy
0.000000000000000000e+00,5.449444651603698730e-01
2.987642231995997766e-01,6.048333048820495605e-01
3.792969519305329218e-01,6.132222414016723633e-01
4.278001974663517837e-01,6.173333525657653809e-01
4.626186743470740437e-01,6.240000128746032715e-01
4.897989512096134201e-01,6.276111006736755371e-01
5.120966622397182810e-01,6.311666369438171387e-01
5.310017040047290138e-01,6.346666812896728516e-01
5.474114429641979696e-01,6.367777585983276367e-01
5.619084457103855623e-01,6.401666402816772461e-01
5.748924259674984549e-01,6.438333392143249512e-01
5.866495715187013404e-01,6.468889117240905762e-01
5.973918415553376438e-01,6.491666436195373535e-01
6.072806065278233412e-01,6.494444608688354492e-01
6.164415672778310595e-01,6.547222137451171875e-01
6.249745500658685504e-01,6.564444303512573242e-01
6.329601543211207382e-01,6.572777628898620605e-01
6.404643936974390162e-01,6.584444642066955566e-01
6.475420161235938554e-01,6.635555624961853027e-01
6.542389298527536701e-01,6.620555520057678223e-01
6.605940096846543153e-01,6.610000133514404297e-01
6.666404641881251703e-01,6.625555753707885742e-01
6.724068860481932086e-01,6.647777557373046875e-01
6.779180697764354280e-01,6.628888845443725586e-01
6.831956560014911251e-01,6.679999828338623047e-01
6.882586446843209638e-01,6.651111245155334473e-01
6.931238080103542254e-01,6.649444699287414551e-01
6.978060256090933278e-01,6.681110858917236328e-01
7.023185590011914448e-01,6.677222251892089844e-01
7.066732780327680263e-01,6.692777872085571289e-01
7.108808490365730037e-01,6.688888669013977051e-01
7.149508922297809210e-01,6.688333153724670410e-01
7.188921141933770631e-01,6.705555319786071777e-01
7.227124200221473060e-01,6.698889136314392090e-01
7.264190087776053462e-01,6.692777872085571289e-01
7.300184551408629430e-01,6.700000166893005371e-01
7.335167795924784073e-01,6.704999804496765137e-01
7.369195090010075555e-01,6.704999804496765137e-01
7.402317291514792785e-01,6.701111197471618652e-01
7.434581304671925572e-01,6.716666817665100098e-01
7.466030479565716194e-01,6.716666817665100098e-01
7.496704962388479609e-01,6.752222180366516113e-01
7.526642003586145879e-01,6.740555763244628906e-01
7.555876229825766455e-01,6.736111044883728027e-01
7.584439884765277196e-01,6.746110916137695312e-01
7.612363042823847570e-01,6.737777590751647949e-01
7.639673799506462304e-01,6.724444627761840820e-01
7.666398441302378908e-01,6.746110916137695312e-01
7.692561597732889833e-01,6.748889088630676270e-01
7.718186377752774829e-01,6.748889088630676270e-01
7.743294492398622442e-01,6.743333339691162109e-01
7.767906365315230266e-01,6.766111254692077637e-01
7.792041232569933973e-01,6.768333315849304199e-01
7.815717232977060780e-01,6.761111021041870117e-01
7.838951489995028554e-01,6.759444475173950195e-01
7.861760186122379590e-01,6.759444475173950195e-01
7.884158630602363660e-01,6.768333315849304199e-01
7.906161321145568355e-01,6.777222156524658203e-01
7.927782000293821518e-01,6.768888831138610840e-01
7.949033706974141245e-01,6.773889064788818359e-01
7.969928823727048250e-01,6.776111125946044922e-01
7.990479120037587979e-01,6.788333058357238770e-01
8.010695792148736505e-01,6.780555844306945801e-01
8.030589499694384958e-01,6.784444451332092285e-01
8.050170399452007963e-01,6.774444580078125000e-01
8.069448176482552082e-01,6.789444684982299805e-01
8.088432072896568625e-01,6.769444346427917480e-01
8.107130914460481952e-01,6.783333420753479004e-01
8.125553135234689917e-01,6.782777905464172363e-01
8.143706800415698721e-01,6.812222003936767578e-01
8.161599627537117208e-01,6.797222495079040527e-01
8.179239006169002346e-01,6.793333292007446289e-01
8.196632016241407470e-01,6.794444322586059570e-01
8.213785445105864502e-01,6.790555715560913086e-01
8.230705803437672330e-01,6.790555715560913086e-01
8.247399340072251173e-01,6.804999709129333496e-01
8.263872055860166377e-01,6.778333187103271484e-01
8.280129716617701252e-01,6.794444322586059570e-01
8.296177865242900795e-01,6.802777647972106934e-01
8.312021833060819764e-01,6.812222003936767578e-01
8.327666750456067524e-01,6.801666617393493652e-01
8.343117556845706106e-01,6.813889145851135254e-01
8.358379010041027124e-01,6.804444193840026855e-01
8.373455695042578695e-01,6.813889145851135254e-01
8.388352032309142059e-01,6.829444169998168945e-01
8.403072285537965813e-01,6.819444298744201660e-01
8.417620568990498153e-01,6.815555691719055176e-01
8.432000854395150791e-01,6.807777881622314453e-01
8.446216977456012520e-01,6.818888783454895020e-01
8.460272643994259933e-01,6.804999709129333496e-01
8.474171435746805647e-01,6.823889017105102539e-01
8.487916815844934737e-01,6.817222237586975098e-01
8.501512133993855969e-01,6.810555458068847656e-01
8.514960631372561206e-01,6.813889145851135254e-01
8.528265445271941969e-01,6.811110973358154297e-01
8.541429613487726558e-01,6.825000047683715820e-01
8.554456078483660963e-01,6.811110973358154297e-01
8.567347691339185500e-01,6.837221980094909668e-01
8.580107215494873207e-01,6.826666593551635742e-01
8.592737330307907984e-01,6.828333139419555664e-01
8.605240634429087709e-01,6.834444403648376465e-01
8.617619649011958316e-01,6.835555434226989746e-01
8.629876820764017520e-01,6.850555539131164551e-01
8.642014524849214174e-01,6.832777857780456543e-01
8.654035067650369673e-01,6.848333477973937988e-01
8.665940689399521668e-01,6.838333606719970703e-01
8.677733566683747402e-01,6.834999918937683105e-01
8.689415814833426621e-01,6.843333244323730469e-01
8.700989490199534382e-01,6.842777729034423828e-01
8.712456592326067728e-01,6.835555434226989746e-01
8.723819066023378310e-01,6.848333477973937988e-01
8.735078803347752219e-01,6.849444508552551270e-01
8.746237645492311863e-01,6.847222447395324707e-01
8.757297384593929479e-01,6.850000023841857910e-01
8.768259765460629795e-01,6.833333373069763184e-01
8.779126487223605224e-01,6.857777833938598633e-01
8.789899204917783759e-01,6.871111392974853516e-01
8.800579530994611099e-01,6.856111288070678711e-01
8.811169036770519769e-01,6.871666908264160156e-01
8.821669253814320433e-01,6.853888630867004395e-01
8.832081675276596266e-01,6.843333244323730469e-01
8.842407757163980309e-01,6.851666569709777832e-01
8.852648919561029173e-01,6.858333349227905273e-01
8.862806547802265511e-01,6.857222318649291992e-01
8.872881993596811734e-01,6.860555410385131836e-01
8.882876576107883171e-01,6.870555281639099121e-01
8.892791582989312271e-01,6.852777600288391113e-01
8.902628271381133329e-01,6.848888993263244629e-01
8.912387868866156193e-01,6.856111288070678711e-01
8.922071574389337512e-01,6.866111159324645996e-01
8.931680559141697007e-01,6.865555644035339355e-01
8.941215967410375276e-01,6.861666440963745117e-01
8.950678917396409640e-01,6.871666908264160156e-01
8.960070502001657999e-01,6.863889098167419434e-01
8.969391789586282915e-01,6.870555281639099121e-01
8.978643824698088194e-01,6.868333220481872559e-01
8.987827628774968103e-01,6.875555515289306641e-01
8.996944200821637150e-01,6.880000233650207520e-01
9.005994518061778420e-01,6.876111030578613281e-01
9.014979536566654073e-01,6.881111264228820801e-01
9.023900191861206066e-01,6.888889074325561523e-01
9.032757399508606344e-01,6.862778067588806152e-01
9.041552055674156874e-01,6.877222061157226562e-01
9.050285037669419941e-01,6.867777705192565918e-01
9.058957204477408043e-01,6.878333091735839844e-01
9.067569397259604980e-01,6.882777810096740723e-01
9.076122439845580869e-01,6.882777810096740723e-01
9.084617139205900527e-01,6.876666545867919922e-01
9.093054285909022427e-01,6.874444484710693359e-01
9.101434654562814419e-01,6.869444251060485840e-01
9.109759004241317903e-01,6.877777576446533203e-01
9.118028078897337796e-01,6.880000233650207520e-01
9.126242607761430037e-01,6.894999742507934570e-01
9.134403305727810674e-01,6.896666884422302246e-01
9.142510873727711651e-01,6.893888711929321289e-01
9.150565999090642944e-01,6.891111135482788086e-01
9.158569355894071728e-01,6.887221932411193848e-01
9.166521605301911624e-01,6.888333559036254883e-01
9.174423395892288280e-01,6.880555748939514160e-01
9.182275363974964355e-01,6.880000233650207520e-01
9.190078133898831325e-01,6.884444355964660645e-01
9.197832318349806746e-01,6.898333430290222168e-01
9.205538518639533319e-01,6.883333325386047363e-01
9.213197324985193948e-01,6.908888816833496094e-01
9.220809316780772535e-01,6.891666650772094727e-01
9.228375062860078026e-01,6.896111369132995605e-01
9.235895121751824810e-01,6.903889179229736328e-01
9.243370041927053693e-01,6.898888945579528809e-01
9.250800362039185432e-01,6.897777915000915527e-01
9.258186611156935530e-01,6.915555596351623535e-01
9.265529308990375634e-01,6.917222142219543457e-01
9.272828966110367999e-01,6.920555830001831055e-01
9.280086084161601745e-01,6.908888816833496094e-01
9.287301156069458496e-01,6.908888816833496094e-01
9.294474666240923888e-01,6.903333067893981934e-01
9.301607090759741459e-01,6.919444203376770020e-01
9.308698897576009879e-01,6.909444332122802734e-01
9.315750546690413358e-01,6.893333196640014648e-01
9.322762490333269536e-01,6.912778019905090332e-01
9.329735173138550275e-01,6.900555491447448730e-01
9.336669032313079652e-01,6.911110877990722656e-01
9.343564497801025714e-01,6.917777657508850098e-01
9.350421992443879171e-01,6.919999718666076660e-01
9.357241932136042273e-01,6.912778019905090332e-01
9.364024725976185515e-01,6.928333044052124023e-01
9.370770776414498737e-01,6.941666603088378906e-01
9.377480479395986501e-01,6.923888921737670898e-01
9.384154224499907659e-01,6.913889050483703613e-01
9.390792395075515664e-01,6.909999847412109375e-01
9.397395368374185098e-01,6.911110877990722656e-01
9.403963515678063212e-01,6.927777528762817383e-01
9.410497202425346375e-01,6.893333196640014648e-01
9.416996788332279156e-01,6.918333172798156738e-01
9.423462627511995926e-01,6.919999718666076660e-01
9.429895068590289364e-01,6.919999718666076660e-01
9.436294454818400235e-01,6.916111111640930176e-01
9.442661124182931687e-01,6.921666860580444336e-01
9.448995409512960242e-01,6.904444694519042969e-01
9.455297638584443387e-01,6.916111111640930176e-01
9.461568134221999271e-01,6.936666369438171387e-01
9.467807214398118454e-01,6.918333172798156738e-01
9.474015192329938717e-01,6.921666860580444336e-01
9.480192376573577384e-01,6.926666498184204102e-01
9.486339071116171029e-01,6.934999823570251465e-01
9.492455575465635897e-01,6.918888688087463379e-01
9.498542184738235639e-01,6.932222247123718262e-01
9.504599189744025178e-01,6.925555467605590820e-01
9.510626877070228469e-01,6.912222504615783691e-01
9.516625529162600072e-01,6.933888792991638184e-01
9.522595424404837194e-01,6.921666860580444336e-01
9.528536837196110998e-01,6.919999718666076660e-01
9.534450038026733854e-01,6.924444437026977539e-01
9.540335293552061335e-01,6.929444670677185059e-01
9.546192866664644505e-01,6.919999718666076660e-01
9.552023016564693547e-01,6.926666498184204102e-01
9.557825998828898273e-01,6.945555806159973145e-01
9.563602065477659897e-01,6.951666474342346191e-01
9.569351465040769611e-01,6.930000185966491699e-01
9.575074442621563930e-01,6.923888921737670898e-01
9.580771239959635643e-01,6.931111216545104980e-01
9.586442095492095916e-01,6.927222013473510742e-01
9.592087244413458613e-01,6.936666369438171387e-01
9.597706918734176806e-01,6.923888921737670898e-01
9.603301347337851457e-01,6.933333277702331543e-01
9.608870756037174443e-01,6.933333277702331543e-01
9.614415367628615927e-01,6.940555572509765625e-01
9.619935401945904907e-01,6.924444437026977539e-01
9.625431075912335155e-01,6.933333277702331543e-01
9.630902603591900979e-01,6.944444179534912109e-01
9.636350196239348298e-01,6.935555338859558105e-01
9.641774062349098839e-01,6.947222352027893066e-01
9.647174407703142940e-01,6.923888921737670898e-01
9.652551435417882075e-01,6.925555467605590820e-01
9.657905345989968859e-01,6.936666369438171387e-01
9.663236337341168936e-01,6.936666369438171387e-01
9.668544604862262526e-01,6.931666731834411621e-01
9.673830341456012283e-01,6.928333044052124023e-01
9.679093737579234080e-01,6.951666474342346191e-01
9.684334981283965194e-01,6.956666707992553711e-01
9.689554258257788710e-01,6.946666836738586426e-01
9.694751751863301958e-01,6.945000290870666504e-01
9.699927643176770031e-01,6.954444646835327148e-01
9.705082111025982172e-01,6.945000290870666504e-01
9.710215332027321011e-01,6.936110854148864746e-01
9.715327480622079070e-01,6.942222118377685547e-01
9.720418729112024758e-01,6.955000162124633789e-01
9.725489247694253381e-01,6.952777504920959473e-01
9.730539204495318728e-01,6.945000290870666504e-01
9.735568765604694086e-01,6.952777504920959473e-01
9.740578095107538248e-01,6.946666836738586426e-01
9.745567355116820929e-01,6.939444541931152344e-01
9.750536705804805360e-01,6.951110959053039551e-01
9.755486305433898053e-01,6.964444518089294434e-01
9.760416310386893501e-01,6.948888897895812988e-01
9.765326875196620460e-01,6.940000057220458984e-01
9.770218152575009807e-01,6.956111192703247070e-01
9.775090293441588418e-01,6.949444413185119629e-01
9.779943446951417929e-01,6.938889026641845703e-01
9.784777760522498369e-01,6.957777738571166992e-01
9.789593379862634448e-01,6.956111192703247070e-01
9.794390448995787812e-01,6.932222247123718262e-01
9.799169110287920814e-01,6.951110959053039551e-01
9.803929504472349565e-01,6.957222223281860352e-01
9.808671770674616264e-01,6.955000162124633789e-01
9.813396046436878573e-01,6.949444413185119629e-01
9.818102467741856021e-01,6.967777609825134277e-01
9.822791169036307890e-01,6.959999799728393555e-01
9.827462283254080333e-01,6.959444284439086914e-01
9.832115941838727169e-01,6.966111063957214355e-01
9.836752274765692139e-01,6.965555548667907715e-01
9.841371410564099254e-01,6.960555315017700195e-01
9.845973476338134578e-01,6.962777972221374512e-01
9.850558597788022785e-01,6.934444308280944824e-01
9.855126899230634008e-01,6.958333253860473633e-01
9.859678503619710987e-01,6.967777609825134277e-01
9.864213532565723197e-01,6.945555806159973145e-01
9.868732106355355693e-01,6.962222456932067871e-01
9.873234343970667126e-01,6.953889131546020508e-01
9.877720363107875823e-01,6.968333125114440918e-01
9.882190280195828347e-01,6.949999928474426270e-01
9.886644210414127221e-01,6.956111192703247070e-01
9.891082267710943343e-01,6.961110830307006836e-01
9.895504564820502003e-01,6.954444646835327148e-01
9.899911213280272460e-01,6.966666579246520996e-01
9.904302323447842227e-01,6.966666579246520996e-01
9.908678004517500471e-01,6.949999928474426270e-01
9.913038364536534974e-01,6.965000033378601074e-01
9.917383510421237114e-01,6.965555548667907715e-01
9.921713547972631497e-01,6.978333592414855957e-01
9.926028581891936931e-01,6.968333125114440918e-01
9.930328715795754269e-01,6.978333592414855957e-01
9.934614052230996695e-01,6.970000267028808594e-01
9.938884692689564648e-01,6.953333616256713867e-01
9.943140737622765402e-01,6.960555315017700195e-01
9.947382286455493938e-01,6.964444518089294434e-01
9.951609437600166252e-01,6.958333253860473633e-01
9.955822288470420611e-01,6.965000033378601074e-01
9.960020935494589001e-01,6.949999928474426270e-01
9.964205474128938755e-01,6.951666474342346191e-01
9.968375998870697696e-01,6.965000033378601074e-01
9.972532603270851670e-01,6.970555782318115234e-01
9.976675379946742250e-01,6.969444155693054199e-01
9.980804420594444615e-01,6.951666474342346191e-01
9.984919816000955572e-01,6.971111297607421875e-01
9.989021656056155107e-01,6.963333487510681152e-01
9.993110029764596947e-01,6.962777972221374512e-01
9.997185025257102620e-01,6.967777609825134277e-01
1.000124672980214235e+00,6.966111063957214355e-01
1.000529522981707276e+00,6.966666579246520996e-01
1.000933061087914799e+00,6.963333487510681152e-01
1.001335295773637668e+00,6.973333358764648438e-01
1.001736235431822220e+00,6.978333592414855957e-01
1.002135888374608319e+00,6.969444155693054199e-01
1.002534262834364753e+00,6.979444622993469238e-01
1.002931366964706195e+00,6.968888640403747559e-01
1.003327208841495510e+00,6.969444155693054199e-01
1.003721796463828309e+00,6.976666450500488281e-01
1.004115137755002607e+00,6.971111297607421875e-01
1.004507240563474069e+00,6.979444622993469238e-01
1.004898112663795695e+00,6.977777481079101562e-01
1.005287761757542642e+00,6.968888640403747559e-01
1.005676195474222379e+00,6.979444622993469238e-01
1.006063421372171529e+00,6.974444389343261719e-01
1.006449446939437831e+00,6.982222199440002441e-01
1.006834279594649662e+00,6.981111168861389160e-01
1.007217926687870913e+00,6.962222456932067871e-01
1.007600395501443868e+00,6.984444260597229004e-01
1.007981693250817656e+00,6.983333230018615723e-01
1.008361827085366036e+00,6.975555419921875000e-01
1.008740804089191423e+00,6.979444622993469238e-01
1.009118631281916478e+00,6.967222094535827637e-01
1.009495315619465261e+00,6.983888745307922363e-01
1.009870863994830392e+00,6.969444155693054199e-01
1.010245283238831338e+00,6.970555782318115234e-01
1.010618580120858478e+00,6.961666941642761230e-01
1.010990761349608746e+00,6.980000138282775879e-01
1.011361833573807267e+00,6.985555291175842285e-01
1.011731803382922790e+00,6.978889107704162598e-01
1.012100677307866681e+00,6.987222433090209961e-01
1.012468461821687038e+00,6.982222199440002441e-01
1.012835163340248812e+00,6.983888745307922363e-01
1.013200788222906601e+00,6.971111297607421875e-01
1.013565342773165234e+00,6.981111168861389160e-01
1.013928833239331917e+00,6.987777948379516602e-01
1.014291265815159937e+00,6.991666555404663086e-01
1.014652646640481048e+00,6.983333230018615723e-01
1.015012981801829417e+00,6.974999904632568359e-01
1.015372277333056905e+00,6.973888874053955078e-01
1.015730539215939476e+00,6.976110935211181641e-01
1.016087773380774939e+00,6.989444494247436523e-01
1.016443985706971587e+00,6.971111297607421875e-01
1.016799182023628401e+00,6.973888874053955078e-01
1.017153368110108147e+00,6.968333125114440918e-01
1.017506549696601592e+00,6.971666812896728516e-01
1.017858732464683280e+00,6.973888874053955078e-01
1.018209922047860205e+00,6.971666812896728516e-01
1.018560124032112046e+00,6.973888874053955078e-01
1.018909343956425406e+00,6.978333592414855957e-01
1.019257587313318059e+00,6.966111063957214355e-01
1.019604859549358311e+00,6.978889107704162598e-01
1.019951166065675485e+00,6.965555548667907715e-01
1.020296512218465068e+00,6.973888874053955078e-01
1.020640903319483872e+00,6.973888874053955078e-01
1.020984344636542085e+00,6.984999775886535645e-01
1.021326841393985330e+00,6.966666579246520996e-01
1.021668398773172948e+00,6.978333592414855957e-01
1.022009021912947180e+00,6.987222433090209961e-01
1.022348715910097461e+00,6.982777714729309082e-01
1.022687485819817610e+00,6.976666450500488281e-01
1.023025336656158135e+00,6.965555548667907715e-01
1.023362273392470545e+00,6.982222199440002441e-01
1.023698300961847663e+00,6.976666450500488281e-01
1.024033424257555502e+00,6.971666812896728516e-01
1.024367648133462483e+00,6.970000267028808594e-01
1.024700977404459756e+00,6.982777714729309082e-01
1.025033416846878875e+00,6.963333487510681152e-01
1.025364971198901021e+00,6.974999904632568359e-01
1.025695645160963343e+00,6.967777609825134277e-01
1.026025443396157755e+00,6.972222328186035156e-01
1.026354370530626614e+00,6.978333592414855957e-01
1.026682431153951303e+00,6.976666450500488281e-01
1.027009629819536807e+00,6.980000138282775879e-01
1.027335971044990082e+00,6.983333230018615723e-01
1.027661459312496417e+00,6.982777714729309082e-01
1.027986099069186476e+00,6.977777481079101562e-01
1.028309894727501339e+00,6.991111040115356445e-01
1.028632850665554432e+00,6.995000243186950684e-01
1.028954971227483695e+00,6.986111402511596680e-01
1.029276260723803960e+00,6.982777714729309082e-01
1.029596723431753125e+00,6.976666450500488281e-01
1.029916363595633211e+00,6.990000009536743164e-01
1.030235185427147648e+00,6.990555524826049805e-01
1.030553193105734344e+00,6.990000009536743164e-01
1.030870390778894752e+00,6.988333463668823242e-01
1.031186782562518500e+00,6.982777714729309082e-01
1.031502372541202917e+00,6.978889107704162598e-01
1.031817164768570105e+00,6.976110935211181641e-01
1.032131163267579810e+00,6.973888874053955078e-01
1.032444372030837165e+00,6.967777609825134277e-01
1.032756795020896901e+00,6.987222433090209961e-01
1.033068436170565763e+00,6.993333101272583008e-01
1.033379299383198058e+00,6.971666812896728516e-01
1.033689388532989417e+00,6.984999775886535645e-01
1.033998707465266342e+00,6.964444518089294434e-01
1.034307259996773309e+00,6.979444622993469238e-01
1.034615049915954099e+00,6.979444622993469238e-01
1.034922080983231574e+00,6.978333592414855957e-01
1.035228356931282789e+00,6.983333230018615723e-01
1.035533881465312334e+00,6.978889107704162598e-01
1.035838658263319445e+00,6.974999904632568359e-01
1.036142690976366687e+00,6.992777585983276367e-01
1.036445983228838186e+00,6.991111040115356445e-01
1.036748538618703197e+00,6.988888978958129883e-01
1.037050360717769015e+00,6.986666917800903320e-01
1.037351453071935881e+00,6.985555291175842285e-01
1.037651819201445447e+00,6.988333463668823242e-01
1.037951462601129693e+00,6.993333101272583008e-01
1.038250386740652509e+00,6.997777819633483887e-01
1.038548595064753055e+00,6.981111168861389160e-01
1.038846090993481575e+00,6.991111040115356445e-01
1.039142877922437203e+00,6.978333592414855957e-01
1.039438959222999115e+00,6.982222199440002441e-01
1.039734338242556122e+00,6.983888745307922363e-01
1.040029018304734487e+00,6.979444622993469238e-01
1.040323002709621525e+00,6.980000138282775879e-01
1.040616294733988534e+00,6.978889107704162598e-01
1.040908897631509067e+00,6.992222070693969727e-01
1.041200814632975424e+00,6.984444260597229004e-01
1.041492048946512705e+00,6.981666684150695801e-01
1.041782603757790859e+00,6.996111273765563965e-01
1.042072482230233632e+00,6.978889107704162598e-01
1.042361687505225065e+00,6.978889107704162598e-01
1.042650222702313556e+00,6.986666917800903320e-01
1.042938090919414140e+00,6.993888616561889648e-01
1.043225295233007444e+00,6.997777819633483887e-01
1.043511838698338190e+00,6.986666917800903320e-01
1.043797724349609046e+00,6.993333101272583008e-01
1.044082955200173357e+00,6.980000138282775879e-01
1.044367534242726991e+00,6.998888850212097168e-01
1.044651464449495304e+00,6.996111273765563965e-01
1.044934748772420097e+00,6.997222304344177246e-01
1.045217390143343916e+00,6.987777948379516602e-01
1.045499391474191464e+00,6.989444494247436523e-01
1.045780755657150340e+00,6.976666450500488281e-01
1.046061485564848237e+00,6.986666917800903320e-01
1.046341584050530127e+00,6.981666684150695801e-01
1.046621053948230795e+00,6.971666812896728516e-01
1.046899898072947810e+00,6.983333230018615723e-01
1.047178119220811610e+00,6.980000138282775879e-01
1.047455720169252924e+00,6.965555548667907715e-01
1.047732703677170640e+00,6.986111402511596680e-01
1.048009072485095006e+00,6.992222070693969727e-01
1.048284829315350608e+00,6.996666789054870605e-01
1.048559976872217581e+00,6.976666450500488281e-01
1.048834517842090586e+00,6.988888978958129883e-01
1.049108454893636244e+00,6.996666789054870605e-01
1.049381790677948789e+00,6.990555524826049805e-01
1.049654527828703499e+00,6.978333592414855957e-01
1.049926668962309684e+00,6.986111402511596680e-01
1.050198216678061014e+00,6.999999880790710449e-01
1.050469173558284730e+00,6.980000138282775879e-01
1.050739542168487972e+00,6.992222070693969727e-01
1.051009325057504995e+00,6.989444494247436523e-01
1.051278524757640165e+00,6.984444260597229004e-01
1.051547143784811400e+00,6.997777819633483887e-01
1.051815184638690504e+00,6.984999775886535645e-01
1.052082649802843495e+00,6.978333592414855957e-01
1.052349541744868056e+00,6.988888978958129883e-01
1.052615862916530309e+00,6.988333463668823242e-01
1.052881615753900268e+00,6.988333463668823242e-01
1.053146802677485061e+00,6.995000243186950684e-01
1.053411426092361491e+00,6.990000009536743164e-01
1.053675488388307269e+00,6.998888850212097168e-01
1.053938991939929348e+00,6.982222199440002441e-01
1.054201939106793162e+00,6.980555653572082520e-01
1.054464332233549406e+00,6.987222433090209961e-01
1.054726173650059051e+00,6.994444727897644043e-01
1.054987465671516356e+00,6.990555524826049805e-01
1.055248210598574543e+00,6.984444260597229004e-01
1.055508410717464596e+00,6.994444727897644043e-01
1.055768068300116935e+00,6.996111273765563965e-01
1.056027185604280438e+00,6.984999775886535645e-01
1.056285764873639232e+00,6.982777714729309082e-01
1.056543808337930157e+00,6.977777481079101562e-01
1.056801318213058449e+00,6.987777948379516602e-01
1.057058296701210542e+00,6.988333463668823242e-01
1.057314745990968641e+00,6.974999904632568359e-01
1.057570668257421742e+00,6.991666555404663086e-01
1.057826065662275550e+00,6.984999775886535645e-01
1.058080940353963939e+00,6.980555653572082520e-01
1.058335294467755983e+00,6.981666684150695801e-01
1.058589130125863198e+00,6.986111402511596680e-01
1.058842449437547018e+00,6.959999799728393555e-01
1.059095254499222705e+00,6.988333463668823242e-01
1.059347547394563493e+00,6.998333334922790527e-01
1.059599330194605171e+00,6.984999775886535645e-01
1.059850604957846221e+00,6.973333358764648438e-01
1.060101373730349517e+00,6.980555653572082520e-01
1.060351638545842690e+00,6.977221965789794922e-01
1.060601401425816270e+00,6.970000267028808594e-01
1.060850664379622277e+00,6.980555653572082520e-01
1.061099429404571248e+00,6.984999775886535645e-01
1.061347698486028390e+00,6.974444389343261719e-01
1.061595473597507500e+00,6.991111040115356445e-01
1.061842756700766222e+00,6.990000009536743164e-01
1.062089549745899308e+00,6.986111402511596680e-01
1.062335854671429880e+00,6.983888745307922363e-01
1.062581673404402016e+00,6.991666555404663086e-01
1.062827007860470463e+00,6.986666917800903320e-01
1.063071859943990116e+00,6.994444727897644043e-01
1.063316231548105284e+00,6.988888978958129883e-01
1.063560124554836950e+00,6.988888978958129883e-01
1.063803540835170480e+00,6.976110935211181641e-01
1.064046482249140446e+00,6.971666812896728516e-01
1.064288950645917442e+00,6.979444622993469238e-01
1.064530947863891575e+00,6.986666917800903320e-01
1.064772475730755952e+00,6.987222433090209961e-01
1.065013536063590394e+00,6.972222328186035156e-01
1.065254130668942700e+00,6.986666917800903320e-01
1.065494261342910365e+00,6.988888978958129883e-01
1.065733929871220509e+00,6.996666789054870605e-01
1.065973138029310263e+00,6.986111402511596680e-01
1.066211887582404261e+00,6.984999775886535645e-01
1.066450180285594795e+00,6.993888616561889648e-01
1.066688017883918205e+00,6.973888874053955078e-01
1.066925402112431032e+00,6.980000138282775879e-01
1.067162334696286630e+00,6.990000009536743164e-01
1.067398817350810880e+00,6.971111297607421875e-01
1.067634851781575023e+00,6.996111273765563965e-01
1.067870439684471373e+00,6.982222199440002441e-01
1.068105582745785265e+00,6.986111402511596680e-01
1.068340282642268102e+00,6.991111040115356445e-01
1.068574541041208414e+00,6.990555524826049805e-01
1.068808359600503799e+00,6.993333101272583008e-01
1.069041739968729976e+00,6.974444389343261719e-01
1.069274683785211844e+00,6.981111168861389160e-01
1.069507192680092977e+00,6.981666684150695801e-01
1.069739268274401356e+00,6.978889107704162598e-01
1.069970912180121081e+00,6.982222199440002441e-01
1.070202126000255660e+00,6.994444727897644043e-01
1.070432911328897729e+00,6.974444389343261719e-01
1.070663269751293223e+00,6.983888745307922363e-01
1.070893202843906655e+00,6.989444494247436523e-01
1.071122712174487290e+00,6.991666555404663086e-01
1.071351799302131758e+00,6.988333463668823242e-01
1.071580465777348001e+00,6.991111040115356445e-01
1.071808713142119007e+00,6.977221965789794922e-01
1.072036542929964309e+00,6.984444260597229004e-01
1.072263956666002160e+00,6.992777585983276367e-01
1.072490955867010820e+00,6.983888745307922363e-01
1.072717542041488725e+00,6.987777948379516602e-01
1.072943716689715776e+00,6.991111040115356445e-01
1.073169481303812178e+00,6.997777819633483887e-01
1.073394837367796839e+00,6.986111402511596680e-01
1.073619786357647765e+00,6.970555782318115234e-01
1.073844329741357573e+00,6.989444494247436523e-01
1.074068468978993662e+00,6.987777948379516602e-01
1.074292205522753285e+00,6.971111297607421875e-01
1.074515540817020165e+00,6.982777714729309082e-01
1.074738476298421341e+00,6.988888978958129883e-01
1.074961013395882459e+00,6.997222304344177246e-01
1.075183153530681723e+00,6.982777714729309082e-01
1.075404898116505414e+00,6.970555782318115234e-01
1.075626248559501175e+00,6.988333463668823242e-01
1.075847206258331745e+00,6.986111402511596680e-01
1.076067772604228701e+00,6.983888745307922363e-01
1.076287948981044185e+00,6.988888978958129883e-01
1.076507736765302647e+00,6.972222328186035156e-01
1.076727137326253469e+00,6.990555524826049805e-01
1.076946152025921588e+00,7.002778053283691406e-01
1.077164782219158345e+00,6.997222304344177246e-01
1.077383029253691893e+00,6.996666789054870605e-01
1.077600894470176929e+00,6.988888978958129883e-01
1.077818379202243548e+00,6.995000243186950684e-01
1.078035484776547870e+00,6.984999775886535645e-01
1.078252212512818664e+00,6.986111402511596680e-01
1.078468563723906426e+00,6.990555524826049805e-01
1.078684539715831114e+00,6.988888978958129883e-01
1.078900141787829225e+00,6.980555653572082520e-01
1.079115371232401088e+00,6.980000138282775879e-01
1.079330229335356828e+00,6.995555758476257324e-01
1.079544717375862994e+00,6.988333463668823242e-01
1.079758836626487195e+00,6.984999775886535645e-01
1.079972588353245166e+00,6.988333463668823242e-01
1.080185973815643852e+00,6.985555291175842285e-01
1.080398994266727142e+00,6.990000009536743164e-01
1.080611650953119840e+00,6.982777714729309082e-01
1.080823945115070517e+00,6.981111168861389160e-01
1.081035877986496141e+00,6.971111297607421875e-01
1.081247450795024934e+00,6.976666450500488281e-01
1.081458664762038113e+00,6.990555524826049805e-01
1.081669521102712750e+00,6.982777714729309082e-01
1.081880021026064176e+00,6.995000243186950684e-01
1.082090165734986842e+00,6.983888745307922363e-01
1.082299956426295839e+00,6.979444622993469238e-01
1.082509394290768423e+00,6.987777948379516602e-01
1.082718480513183312e+00,6.996111273765563965e-01
1.082927216272361548e+00,6.987222433090209961e-01
1.083135602741207126e+00,6.992777585983276367e-01
1.083343641086744524e+00,6.988333463668823242e-01
1.083551332470160666e+00,6.986666917800903320e-01
1.083758678046841117e+00,6.992777585983276367e-01
1.083965678966410717e+00,6.985555291175842285e-01
1.084172336372770662e+00,6.980555653572082520e-01
1.084378651404136251e+00,6.980000138282775879e-01
1.084584625193076413e+00,6.971111297607421875e-01
1.084790258866547674e+00,6.985555291175842285e-01
1.084995553545934355e+00,6.991111040115356445e-01
1.085200510347083869e+00,6.996111273765563965e-01
1.085405130380342920e+00,6.984444260597229004e-01
1.085609414750594137e+00,6.977221965789794922e-01
1.085813364557291605e+00,6.980555653572082520e-01
1.086016980894495942e+00,6.978333592414855957e-01
1.086220264850910500e+00,6.992777585983276367e-01
1.086423217509915773e+00,6.988888978958129883e-01
1.086625839949603600e+00,6.992222070693969727e-01
1.086828133242812466e+00,6.984444260597229004e-01
1.087030098457160809e+00,6.986666917800903320e-01
1.087231736655080772e+00,6.980555653572082520e-01
1.087433048893852616e+00,6.971111297607421875e-01
1.087634036225637146e+00,6.981111168861389160e-01
1.087834699697509233e+00,6.994444727897644043e-01
1.088035040351489569e+00,6.974444389343261719e-01
1.088235059224578860e+00,6.984444260597229004e-01
1.088434757348788473e+00,6.978889107704162598e-01
1.088634135751172849e+00,6.984444260597229004e-01
1.088833195453861480e+00,6.979444622993469238e-01
1.089031937474090217e+00,6.989444494247436523e-01
1.089230362824232357e+00,6.993888616561889648e-01
1.089428472511829282e+00,6.973888874053955078e-01
1.089626267539622440e+00,6.975555419921875000e-01
1.089823748905581757e+00,6.983333230018615723e-01
1.090020917602937178e+00,6.981111168861389160e-01
1.090217774620209301e+00,6.979444622993469238e-01
1.090414320941237358e+00,6.978333592414855957e-01
1.090610557545209858e+00,6.978333592414855957e-01
1.090806485406693227e+00,6.979444622993469238e-01
1.091002105495661789e+00,6.983888745307922363e-01
1.091197418777525741e+00,6.986111402511596680e-01
1.091392426213160016e+00,6.986666917800903320e-01
1.091587128758932490e+00,6.981111168861389160e-01
1.091781527366732396e+00,6.985555291175842285e-01
1.091975622983998084e+00,6.982777714729309082e-01
1.092169416553744776e+00,6.978889107704162598e-01
1.092362909014591876e+00,6.992777585983276367e-01
1.092556101300790727e+00,6.984999775886535645e-01
1.092748994342251034e+00,6.963333487510681152e-01
1.092941589064567953e+00,6.974999904632568359e-01
1.093133886389049625e+00,6.984999775886535645e-01
1.093325887232741600e+00,6.978333592414855957e-01
1.093517592508455039e+00,6.971111297607421875e-01
1.093709003124792245e+00,6.969444155693054199e-01
1.093900119986171537e+00,6.969444155693054199e-01
1.094090943992854337e+00,6.958888769149780273e-01
1.094281476040969148e+00,6.980555653572082520e-01
1.094471717022538204e+00,6.980555653572082520e-01
1.094661667825501450e+00,6.969444155693054199e-01
1.094851329333742296e+00,6.968333125114440918e-01
1.095040702427111379e+00,6.970555782318115234e-01
1.095229787981451652e+00,6.980555653572082520e-01
1.095418586868622812e+00,6.962777972221374512e-01
1.095607099956524610e+00,6.968888640403747559e-01
1.095795328109121947e+00,6.980000138282775879e-01
1.095983272186467516e+00,6.976110935211181641e-01
1.096170933044726237e+00,6.952221989631652832e-01
1.096358311536197894e+00,6.983888745307922363e-01
1.096545408509341124e+00,6.991111040115356445e-01
1.096732224808796285e+00,6.983333230018615723e-01
1.096918761275407661e+00,6.987222433090209961e-01
1.097105018746246996e+00,6.983888745307922363e-01
1.097290998054635480e+00,6.981666684150695801e-01
1.097476700030166841e+00,6.986111402511596680e-01
1.097662125498728214e+00,6.971666812896728516e-01
1.097847275282523682e+00,6.975555419921875000e-01
1.098032150200095591e+00,6.972777843475341797e-01
1.098216751066345864e+00,6.969444155693054199e-01
1.098401078692557542e+00,6.967777609825134277e-01
1.098585133886416987e+00,6.968888640403747559e-01
1.098768917452034533e+00,6.958888769149780273e-01
1.098952430189965357e+00,6.957222223281860352e-01
1.099135672897231242e+00,6.964444518089294434e-01
1.099318646367340335e+00,6.961666941642761230e-01
1.099501351390308246e+00,6.976110935211181641e-01
1.099683788752678471e+00,6.980555653572082520e-01
1.099865959237543267e+00,6.964444518089294434e-01
1.100047863624562305e+00,6.973333358764648438e-01
1.100229502689985095e+00,6.958333253860473633e-01
1.100410877206667637e+00,6.969444155693054199e-01
1.100591987944095296e+00,6.981666684150695801e-01
1.100772835668400784e+00,6.964444518089294434e-01
1.100953421142383704e+00,6.961666941642761230e-01
1.101133745125529639e+00,6.959999799728393555e-01
1.101313808374030589e+00,6.971111297607421875e-01
1.101493611640802284e+00,6.971111297607421875e-01
1.101673155675504390e+00,6.979444622993469238e-01
1.101852441224558721e+00,6.966666579246520996e-01
1.102031469031167665e+00,6.976666450500488281e-01
1.102210239835332617e+00,6.980000138282775879e-01
1.102388754373873736e+00,6.971111297607421875e-01
1.102567013380445937e+00,6.968333125114440918e-01
1.102745017585558651e+00,6.965000033378601074e-01
1.102922767716592922e+00,6.974999904632568359e-01
1.103100264497819616e+00,6.967222094535827637e-01
1.103277508650417627e+00,6.959444284439086914e-01
1.103454500892490087e+00,6.959999799728393555e-01
1.103631241939083019e+00,6.953333616256713867e-01
1.103807732502202210e+00,6.964444518089294434e-01
1.103983973290830756e+00,6.967222094535827637e-01
1.104159965010945488e+00,6.955000162124633789e-01
1.104335708365534297e+00,6.966666579246520996e-01
1.104511204054613671e+00,6.981666684150695801e-01
1.104686452775244243e+00,6.965555548667907715e-01
1.104861455221547661e+00,6.967777609825134277e-01
1.105036212084724134e+00,6.973888874053955078e-01
1.105210724053067528e+00,6.977777481079101562e-01
1.105384991811982021e+00,6.959999799728393555e-01
1.105559016043999199e+00,6.964444518089294434e-01
1.105732797428792047e+00,6.959444284439086914e-01
1.105906336643193377e+00,6.959444284439086914e-01
1.106079634361209152e+00,6.958888769149780273e-01
1.106252691254036247e+00,6.957777738571166992e-01
1.106425507990077106e+00,6.956111192703247070e-01
1.106598085234954842e+00,6.960555315017700195e-01
1.106770423651529889e+00,6.962777972221374512e-01
1.106942523899913766e+00,6.970555782318115234e-01
1.107114386637485293e+00,6.965555548667907715e-01
1.107286012518905682e+00,6.966666579246520996e-01
1.107457402196132312e+00,6.970555782318115234e-01
1.107628556318435598e+00,6.970555782318115234e-01
1.107799475532411426e+00,6.962222456932067871e-01
1.107970160481998034e+00,6.961666941642761230e-01
1.108140611808488218e+00,6.968888640403747559e-01
1.108310830150546655e+00,6.961110830307006836e-01
1.108480816144221670e+00,6.958333253860473633e-01
1.108650570422960335e+00,6.957777738571166992e-01
1.108820093617623570e+00,6.952221989631652832e-01
1.108989386356499240e+00,6.958888769149780273e-01
1.109158449265315705e+00,6.969444155693054199e-01
1.109327282967257577e+00,6.971111297607421875e-01
1.109495888082976611e+00,6.968888640403747559e-01
1.109664265230608571e+00,6.962222456932067871e-01
1.109832415025784336e+00,6.986111402511596680e-01
1.110000338081644777e+00,6.964444518089294434e-01
1.110168035008853638e+00,6.968888640403747559e-01
1.110335506415611073e+00,6.959444284439086914e-01
1.110502752907666757e+00,6.962222456932067871e-01
1.110669775088332978e+00,6.962222456932067871e-01
1.110836573558497742e+00,6.977777481079101562e-01
1.111003148916638317e+00,6.965000033378601074e-01
1.111169501758832334e+00,6.957777738571166992e-01
1.111335632678773555e+00,6.970000267028808594e-01
1.111501542267781417e+00,6.971666812896728516e-01
1.111667231114815912e+00,6.953333616256713867e-01
1.111832699806488689e+00,6.972222328186035156e-01
