# kappa, accuracy
0.000000000000000000e+00,5.084999799728393555e-01
3.460413711963778449e-01,5.304999947547912598e-01
4.393346265782526183e-01,5.389999747276306152e-01
4.955241741621671525e-01,5.515000224113464355e-01
5.358605932190030341e-01,5.490000247955322266e-01
5.673484433959220530e-01,5.615000128746032715e-01
5.931799900704927131e-01,5.669999718666076660e-01
6.150812176005934218e-01,5.630000233650207520e-01
6.340916937097996753e-01,5.824999809265136719e-01
6.508863039438504972e-01,5.709999799728393555e-01
6.659281056912722541e-01,5.709999799728393555e-01
6.795486403733940195e-01,5.795000195503234863e-01
6.919934578670444703e-01,5.789999961853027344e-01
7.034495024195038804e-01,5.830000042915344238e-01
7.140623959684994082e-01,5.814999938011169434e-01
7.239477853805447172e-01,5.845000147819519043e-01
7.331990436783517584e-01,5.855000019073486328e-01
7.418926465791344516e-01,5.885000228881835938e-01
7.500920186884051377e-01,5.889999866485595703e-01
7.578503440198374186e-01,5.914999842643737793e-01
7.652126584622501726e-01,5.879999995231628418e-01
7.722174336769956904e-01,5.860000252723693848e-01
7.788977939030901076e-01,5.904999971389770508e-01
7.852824632582262598e-01,5.899999737739562988e-01
7.913965121368788935e-01,5.960000157356262207e-01
7.972619517606212014e-01,5.899999737739562988e-01
8.028982125062483766e-01,6.010000109672546387e-01
8.083225322518509115e-01,5.945000052452087402e-01
8.135502743191250774e-01,6.039999723434448242e-01
8.185951897938188448e-01,5.964999794960021973e-01
8.234696355074451191e-01,6.060000061988830566e-01
8.281847563801902901e-01,5.979999899864196777e-01
8.327506388962820916e-01,6.044999957084655762e-01
8.371764410281040680e-01,6.050000190734863281e-01
8.414705028170397227e-01,6.065000295639038086e-01
8.456404409671761657e-01,6.054999828338623047e-01
8.496932301476951555e-01,6.025000214576721191e-01
8.536352731838949826e-01,5.989999771118164062e-01
8.574724619107370049e-01,6.069999933242797852e-01
8.612102301409578775e-01,6.115000247955322266e-01
8.648535999429953769e-01,6.079999804496765137e-01
8.684072222178043088e-01,6.065000295639038086e-01
8.718754123971428349e-01,6.035000085830688477e-01
8.752621819506806178e-01,6.044999957084655762e-01
8.785712662788914828e-01,6.075000166893005371e-01
8.818061494781005427e-01,6.060000061988830566e-01
8.849700863893691372e-01,6.085000038146972656e-01
8.880661222810399824e-01,5.989999771118164062e-01
8.910971104633007567e-01,6.069999933242797852e-01
8.940657280901445070e-01,6.104999780654907227e-01
8.969744903680443304e-01,6.140000224113464355e-01
8.998257633603198302e-01,6.144999861717224121e-01
9.026217755505219209e-01,6.115000247955322266e-01
9.053646283064271660e-01,6.159999966621398926e-01
9.080563053677329632e-01,6.029999852180480957e-01
9.106986814647624051e-01,6.119999885559082031e-01
9.132935301619732327e-01,6.159999966621398926e-01
9.158425310084632454e-01,6.050000190734863281e-01
9.183472760676723023e-01,6.090000271797180176e-01
9.208092758898595021e-01,6.050000190734863281e-01
9.232299649834564415e-01,6.094999909400939941e-01
9.256107068349257450e-01,6.079999804496765137e-01
9.279527985211069030e-01,6.079999804496765137e-01
9.302574749531133946e-01,6.060000061988830566e-01
9.325259127865477282e-01,6.090000271797180176e-01
9.347592340290303836e-01,6.115000247955322266e-01
9.369585093727297309e-01,6.065000295639038086e-01
9.391247612766741026e-01,6.104999780654907227e-01
9.412589668210544769e-01,6.165000200271606445e-01
9.433620603534655924e-01,6.134999990463256836e-01
9.454349359450223700e-01,6.100000143051147461e-01
9.474784496725124905e-01,6.154999732971191406e-01
9.494934217411640232e-01,6.144999861717224121e-01
9.514806384612023438e-01,6.129999756813049316e-01
9.534408540901186946e-01,6.119999885559082031e-01
9.553747925514479711e-01,6.129999756813049316e-01
9.572831490398623355e-01,6.090000271797180176e-01
9.591665915214842020e-01,6.144999861717224121e-01
9.610257621375205561e-01,6.140000224113464355e-01
9.628612785185999279e-01,6.115000247955322266e-01
9.646737350165446312e-01,6.154999732971191406e-01
9.664637038597226892e-01,6.125000119209289551e-01
9.682317362376027248e-01,6.125000119209289551e-01
9.699783633196503718e-01,6.144999861717224121e-01
9.717040972132831023e-01,6.110000014305114746e-01
9.734094318652040112e-01,6.125000119209289551e-01
9.750948439100827203e-01,6.154999732971191406e-01
9.767607934702339234e-01,6.179999709129333496e-01
9.784077249096488904e-01,6.079999804496765137e-01
9.800360675454714565e-01,6.144999861717224121e-01
9.816462363197684393e-01,6.150000095367431641e-01
9.832386324342239359e-01,6.140000224113464355e-01
9.848136439501875561e-01,6.175000071525573730e-01
9.863716463563201309e-01,6.150000095367431641e-01
9.879130031059142336e-01,6.065000295639038086e-01
9.894380661258140863e-01,6.144999861717224121e-01
9.909471762987164256e-01,6.090000271797180176e-01
9.924406639205070046e-01,6.110000014305114746e-01
9.939188491341647280e-01,6.154999732971191406e-01
9.953820423416638308e-01,6.134999990463256836e-01
9.968305445951950450e-01,6.165000200271606445e-01
9.982646479689433194e-01,6.119999885559082031e-01
9.996846359125661774e-01,6.134999990463256836e-01
1.001090783587447186e+00,6.085000038146972656e-01
1.002483358186719187e+00,6.169999837875366211e-01
1.003862619239990428e+00,6.110000014305114746e-01
1.005228818903639132e+00,6.119999885559082031e-01
1.006582202237494394e+00,6.110000014305114746e-01
1.007923007468657817e+00,6.165000200271606445e-01
1.009251466243179296e+00,6.190000176429748535e-01
1.010567803866248227e+00,6.104999780654907227e-01
1.011872239531530271e+00,6.154999732971191406e-01
1.013164986540222579e+00,6.169999837875366211e-01
1.014446252510388558e+00,6.165000200271606445e-01
1.015716239577071800e+00,6.190000176429748535e-01
1.016975144583683210e+00,6.150000095367431641e-01
1.018223159265108757e+00,6.179999709129333496e-01
1.019460470422963949e+00,6.165000200271606445e-01
1.020687260093397386e+00,6.140000224113464355e-01
1.021903705707819743e+00,6.154999732971191406e-01
1.023109980246913686e+00,6.134999990463256836e-01
1.024306252388257121e+00,6.175000071525573730e-01
1.025492686647876850e+00,6.184999942779541016e-01
1.026669443516029068e+00,6.184999942779541016e-01
1.027836679587487367e+00,6.194999814033508301e-01
1.028994547686601146e+00,6.194999814033508301e-01
1.030143196987376664e+00,6.154999732971191406e-01
1.031282773128814334e+00,6.159999966621398926e-01
1.032413418325727417e+00,6.179999709129333496e-01
1.033535271475251482e+00,6.179999709129333496e-01
1.034648468259243614e+00,6.209999918937683105e-01
1.035753141242762965e+00,6.190000176429748535e-01
1.036849419968808084e+00,6.230000257492065430e-01
1.037937431049482884e+00,6.175000071525573730e-01
1.039017298253749555e+00,6.179999709129333496e-01
1.040089142591922755e+00,6.225000023841857910e-01
1.041153082397046736e+00,6.134999990463256836e-01
1.042209233403295521e+00,6.179999709129333496e-01
1.043257708821522467e+00,6.225000023841857910e-01
1.044298619412085127e+00,6.209999918937683105e-01
1.045332073555062191e+00,6.215000152587890625e-01
1.046358177317971316e+00,6.205000281333923340e-01
1.047377034521099315e+00,6.209999918937683105e-01
1.048388746800537064e+00,6.200000047683715820e-01
1.049393413669023500e+00,6.240000128746032715e-01
1.050391132574683306e+00,6.219999790191650391e-01
1.051381998957749087e+00,6.255000233650207520e-01
1.052366106305346882e+00,6.165000200271606445e-01
1.053343546204427605e+00,6.159999966621398926e-01
1.054314408392917235e+00,6.184999942779541016e-01
1.055278780809155714e+00,6.179999709129333496e-01
1.056236749639697381e+00,6.250000000000000000e-01
1.057188399365530662e+00,6.250000000000000000e-01
1.058133812806788310e+00,6.179999709129333496e-01
1.059073071165998137e+00,6.184999942779541016e-01
1.060006254069936649e+00,6.225000023841857910e-01
1.060933439610137752e+00,6.200000047683715820e-01
1.061854704382107606e+00,6.219999790191650391e-01
1.062770123523295807e+00,6.225000023841857910e-01
1.063679770749868636e+00,6.179999709129333496e-01
1.064583718392331901e+00,6.205000281333923340e-01
1.065482037430042217e+00,6.190000176429748535e-01
1.066374797524653140e+00,6.215000152587890625e-01
1.067262067052530350e+00,6.194999814033508301e-01
1.068143913136178069e+00,6.219999790191650391e-01
1.069020401674709797e+00,6.190000176429748535e-01
1.069891597373399783e+00,6.200000047683715820e-01
1.070757563772346099e+00,6.175000071525573730e-01
1.071618363274279950e+00,6.194999814033508301e-01
1.072474057171550754e+00,6.219999790191650391e-01
1.073324705672313639e+00,6.209999918937683105e-01
1.074170367925950664e+00,6.205000281333923340e-01
1.075011102047751965e+00,6.225000023841857910e-01
1.075846965142880807e+00,6.200000047683715820e-01
1.076678013329648076e+00,6.225000023841857910e-01
1.077504301762122196e+00,6.230000257492065430e-01
1.078325884652092448e+00,6.205000281333923340e-01
1.079142815290413671e+00,6.219999790191650391e-01
1.079955146067746119e+00,6.165000200271606445e-01
1.080762928494719333e+00,6.200000047683715820e-01
1.081566213221530681e+00,6.240000128746032715e-01
1.082365050057002120e+00,6.269999742507934570e-01
1.083159487987115144e+00,6.244999766349792480e-01
1.083949575193034587e+00,6.234999895095825195e-01
1.084735359068642602e+00,6.240000128746032715e-01
1.085516886237599010e+00,6.244999766349792480e-01
1.086294202569940914e+00,6.200000047683715820e-01
1.087067353198237107e+00,6.230000257492065430e-01
1.087836382533313717e+00,6.194999814033508301e-01
1.088601334279560851e+00,6.225000023841857910e-01
1.089362251449836005e+00,6.259999871253967285e-01
1.090119176379978905e+00,6.244999766349792480e-01
1.090872150742943747e+00,6.205000281333923340e-01
1.091621215562567082e+00,6.240000128746032715e-01
1.092366411226979750e+00,6.205000281333923340e-01
1.093107777501673983e+00,6.269999742507934570e-01
1.093845353542235888e+00,6.234999895095825195e-01
1.094579177906755074e+00,6.269999742507934570e-01
1.095309288567920314e+00,6.169999837875366211e-01
1.096035722924808553e+00,6.234999895095825195e-01
1.096758517814382827e+00,6.244999766349792480e-01
1.097477709522698630e+00,6.225000023841857910e-01
1.098193333795835835e+00,6.205000281333923340e-01
1.098905425850560169e+00,6.250000000000000000e-01
1.099614020384721336e+00,6.230000257492065430e-01
1.100319151587398903e+00,6.205000281333923340e-01
1.101020853148800382e+00,6.225000023841857910e-01
1.101719158269919729e+00,6.255000233650207520e-01
1.102414099671964465e+00,6.250000000000000000e-01
1.103105709605554763e+00,6.280000209808349609e-01
1.103794019859705156e+00,6.294999718666076660e-01
1.104479061770590853e+00,6.230000257492065430e-01
1.105160866230109784e+00,6.250000000000000000e-01
1.105839463694239910e+00,6.265000104904174805e-01
1.106514884191204029e+00,6.234999895095825195e-01
1.107187157329442062e+00,6.230000257492065430e-01
1.107856312305399493e+00,6.225000023841857910e-01
1.108522377911135948e+00,6.219999790191650391e-01
1.109185382541758358e+00,6.274999976158142090e-01
1.109845354202685597e+00,6.320000290870666504e-01
1.110502320516745689e+00,6.280000209808349609e-01
1.111156308731113818e+00,6.269999742507934570e-01
1.111807345724092233e+00,6.255000233650207520e-01
1.112455458011739617e+00,6.265000104904174805e-01
1.113100671754351456e+00,6.274999976158142090e-01
1.113743012762795193e+00,6.219999790191650391e-01
1.114382506504706605e+00,6.244999766349792480e-01
1.115019178110547848e+00,6.184999942779541016e-01
1.115653052379534271e+00,6.219999790191650391e-01
1.116284153785429778e+00,6.274999976158142090e-01
1.116912506482216960e+00,6.265000104904174805e-01
1.117538134309643771e+00,6.269999742507934570e-01
1.118161060798651629e+00,6.284999847412109375e-01
1.118781309176685612e+00,6.244999766349792480e-01
1.119398902372890525e+00,6.259999871253967285e-01
1.120013863023198386e+00,6.205000281333923340e-01
1.120626213475305111e+00,6.234999895095825195e-01
1.121235975793545503e+00,6.265000104904174805e-01
1.121843171763661662e+00,6.269999742507934570e-01
1.122447822897474357e+00,6.269999742507934570e-01
1.123049950437456479e+00,6.175000071525573730e-01
1.123649575361210351e+00,6.190000176429748535e-01
1.124246718385853328e+00,6.184999942779541016e-01
1.124841399972312361e+00,6.255000233650207520e-01
1.125433640329531526e+00,6.205000281333923340e-01
1.126023459418591832e+00,6.274999976158142090e-01
1.126610876956748664e+00,6.219999790191650391e-01
1.127195912421387058e+00,6.244999766349792480e-01
1.127778585053895943e+00,6.230000257492065430e-01
1.128358913863466428e+00,6.255000233650207520e-01
1.128936917630812831e+00,6.209999918937683105e-01
1.129512614911817980e+00,6.280000209808349609e-01
1.130086024041109916e+00,6.230000257492065430e-01
1.130657163135564414e+00,6.219999790191650391e-01
1.131226050097739577e+00,6.250000000000000000e-01
1.131792702619242919e+00,6.244999766349792480e-01
1.132357138184033163e+00,6.290000081062316895e-01
1.132919374071656549e+00,6.230000257492065430e-01
1.133479427360421843e+00,6.244999766349792480e-01
1.134037314930512297e+00,6.215000152587890625e-01
1.134593053467038093e+00,6.129999756813049316e-01
1.135146659463031948e+00,6.269999742507934570e-01
1.135698149222384767e+00,6.255000233650207520e-01
1.136247538862728002e+00,6.274999976158142090e-01
1.136794844318258058e+00,6.230000257492065430e-01
1.137340081342512299e+00,6.175000071525573730e-01
1.137883265511086872e+00,6.259999871253967285e-01
1.138424412224307902e+00,6.265000104904174805e-01
1.138963536709851621e+00,6.284999847412109375e-01
1.139500654025314974e+00,6.294999718666076660e-01
1.140035779060739607e+00,6.290000081062316895e-01
1.140568926541087658e+00,6.274999976158142090e-01
1.141100111028674036e+00,6.230000257492065430e-01
1.141629346925552291e+00,6.244999766349792480e-01
1.142156648475858294e+00,6.265000104904174805e-01
1.142682029768110175e+00,6.259999871253967285e-01
1.143205504737467182e+00,6.215000152587890625e-01
1.143727087167946799e+00,6.215000152587890625e-01
1.144246790694603888e+00,6.265000104904174805e-01
1.144764628805667428e+00,6.280000209808349609e-01
1.145280614844643718e+00,6.269999742507934570e-01
1.145794762012376955e+00,6.250000000000000000e-01
1.146307083369076940e+00,6.280000209808349609e-01
1.146817591836309491e+00,6.240000128746032715e-01
1.147326300198952209e+00,6.280000209808349609e-01
1.147833221107114721e+00,6.205000281333923340e-01
1.148338367078027167e+00,6.280000209808349609e-01
1.148841750497894054e+00,6.225000023841857910e-01
1.149343383623717463e+00,6.265000104904174805e-01
1.149843278585086503e+00,6.244999766349792480e-01
1.150341447385938798e+00,6.184999942779541016e-01
1.150837901906288430e+00,6.234999895095825195e-01
1.151332653903927250e+00,6.274999976158142090e-01
1.151825715016094209e+00,6.219999790191650391e-01
1.152317096761119375e+00,6.284999847412109375e-01
1.152806810540037530e+00,6.234999895095825195e-01
1.153294867638175791e+00,6.290000081062316895e-01
1.153781279226713474e+00,6.274999976158142090e-01
1.154266056364216864e+00,6.225000023841857910e-01
1.154749209998147785e+00,6.280000209808349609e-01
1.155230750966347086e+00,6.265000104904174805e-01
1.155710689998492580e+00,6.265000104904174805e-01
1.156189037717534118e+00,6.269999742507934570e-01
1.156665804641104911e+00,6.309999823570251465e-01
1.157141001182908413e+00,6.265000104904174805e-01
1.157614637654082346e+00,6.274999976158142090e-01
1.158086724264543843e+00,6.265000104904174805e-01
1.158557271124307064e+00,6.250000000000000000e-01
1.159026288244783709e+00,6.309999823570251465e-01
1.159493785540061772e+00,6.234999895095825195e-01
1.159959772828161206e+00,6.280000209808349609e-01
1.160424259832272265e+00,6.315000057220458984e-01
1.160887256181972749e+00,6.274999976158142090e-01
1.161348771414426162e+00,6.244999766349792480e-01
1.161808814975559212e+00,6.255000233650207520e-01
1.162267396221223770e+00,6.280000209808349609e-01
1.162724524418336181e+00,6.250000000000000000e-01
1.163180208746002808e+00,6.259999871253967285e-01
1.163634458296625596e+00,6.234999895095825195e-01
1.164087282076989638e+00,6.265000104904174805e-01
1.164538689009336103e+00,6.244999766349792480e-01
1.164988687932416278e+00,6.240000128746032715e-01
1.165437287602529626e+00,6.324999928474426270e-01
1.165884496694546968e+00,6.225000023841857910e-01
1.166330323802917013e+00,6.294999718666076660e-01
1.166774777442656230e+00,6.265000104904174805e-01
1.167217866050326514e+00,6.234999895095825195e-01
1.167659597984994191e+00,6.269999742507934570e-01
1.168099981529177711e+00,6.240000128746032715e-01
1.168539024889778455e+00,6.259999871253967285e-01
1.168976736198999111e+00,6.234999895095825195e-01
1.169413123515246733e+00,6.259999871253967285e-01
1.169848194824024468e+00,6.299999952316284180e-01
1.170281958038805525e+00,6.240000128746032715e-01
1.170714421001899819e+00,6.315000057220458984e-01
1.171145591485303061e+00,6.255000233650207520e-01
1.171575477191535652e+00,6.309999823570251465e-01
1.172004085754466907e+00,6.255000233650207520e-01
1.172431424740130401e+00,6.294999718666076660e-01
1.172857501647523781e+00,6.274999976158142090e-01
1.173282323909399016e+00,6.255000233650207520e-01
1.173705898893040001e+00,6.274999976158142090e-01
1.174128233901030383e+00,6.234999895095825195e-01
1.174549336172007186e+00,6.294999718666076660e-01
1.174969212881406655e+00,6.240000128746032715e-01
1.175387871142196561e+00,6.265000104904174805e-01
1.175805318005600952e+00,6.255000233650207520e-01
1.176221560461810922e+00,6.250000000000000000e-01
1.176636605440688266e+00,6.240000128746032715e-01
1.177050459812456928e+00,6.230000257492065430e-01
1.177463130388386015e+00,6.234999895095825195e-01
1.177874623921461916e+00,6.265000104904174805e-01
1.178284947107051117e+00,6.259999871253967285e-01
1.178694106583555001e+00,6.230000257492065430e-01
1.179102108933052895e+00,6.259999871253967285e-01
1.179508960681938445e+00,6.299999952316284180e-01
1.179914668301545122e+00,6.194999814033508301e-01
1.180319238208764610e+00,6.250000000000000000e-01
1.180722676766655432e+00,6.280000209808349609e-01
1.181124990285043586e+00,6.265000104904174805e-01
1.181526185021114062e+00,6.280000209808349609e-01
1.181926267179995715e+00,6.240000128746032715e-01
1.182325242915336805e+00,6.315000057220458984e-01
1.182723118329871870e+00,6.294999718666076660e-01
1.183119899475983505e+00,6.280000209808349609e-01
1.183515592356254142e+00,6.274999976158142090e-01
1.183910202924010280e+00,6.294999718666076660e-01
1.184303737083860053e+00,6.290000081062316895e-01
1.184696200692224366e+00,6.274999976158142090e-01
1.185087599557859139e+00,6.255000233650207520e-01
1.185477939442370898e+00,6.230000257492065430e-01
1.185867226060725921e+00,6.259999871253967285e-01
1.186255465081752725e+00,6.280000209808349609e-01
1.186642662128636339e+00,6.200000047683715820e-01
1.187028822779407689e+00,6.269999742507934570e-01
1.187413952567426323e+00,6.255000233650207520e-01
1.187798056981855366e+00,6.274999976158142090e-01
1.188181141468130253e+00,6.284999847412109375e-01
1.188563211428423916e+00,6.315000057220458984e-01
1.188944272222101750e+00,6.280000209808349609e-01
1.189324329166174143e+00,6.250000000000000000e-01
1.189703387535741674e+00,6.315000057220458984e-01
1.190081452564432984e+00,6.250000000000000000e-01
1.190458529444839764e+00,6.290000081062316895e-01
1.190834623328943964e+00,6.269999742507934570e-01
1.191209739328540795e+00,6.274999976158142090e-01
1.191583882515654391e+00,6.255000233650207520e-01
1.191957057922950813e+00,6.259999871253967285e-01
1.192329270544143505e+00,6.284999847412109375e-01
1.192700525334393635e+00,6.244999766349792480e-01
1.193070827210707119e+00,6.299999952316284180e-01
1.193440181052324300e+00,6.274999976158142090e-01
1.193808591701106758e+00,6.280000209808349609e-01
1.194176063961917000e+00,6.234999895095825195e-01
1.194542602602995052e+00,6.294999718666076660e-01
1.194908212356330157e+00,6.290000081062316895e-01
1.195272897918026267e+00,6.294999718666076660e-01
1.195636663948664635e+00,6.280000209808349609e-01
1.195999515073661312e+00,6.324999928474426270e-01
1.196361455883619973e+00,6.259999871253967285e-01
1.196722490934679861e+00,6.294999718666076660e-01
1.197082624748859958e+00,6.225000023841857910e-01
1.197441861814399822e+00,6.284999847412109375e-01
1.197800206586094207e+00,6.299999952316284180e-01
1.198157663485625024e+00,6.255000233650207520e-01
1.198514236901888408e+00,6.265000104904174805e-01
1.198869931191317795e+00,6.244999766349792480e-01
1.199224750678204554e+00,6.315000057220458984e-01
1.199578699655011738e+00,6.234999895095825195e-01
1.199931782382686496e+00,6.290000081062316895e-01
1.200284003090968277e+00,6.250000000000000000e-01
1.200635365978692359e+00,6.284999847412109375e-01
1.200985875214089393e+00,6.230000257492065430e-01
1.201335534935083826e+00,6.259999871253967285e-01
1.201684349249585448e+00,6.274999976158142090e-01
1.202032322235780271e+00,6.200000047683715820e-01
1.202379457942414964e+00,6.250000000000000000e-01
1.202725760389081744e+00,6.294999718666076660e-01
1.203071233566495257e+00,6.250000000000000000e-01
1.203415881436770363e+00,6.259999871253967285e-01
1.203759707933693690e+00,6.284999847412109375e-01
1.204102716962993647e+00,6.269999742507934570e-01
1.204444912402606205e+00,6.315000057220458984e-01
1.204786298102938025e+00,6.299999952316284180e-01
1.205126877887127135e+00,6.305000185966491699e-01
1.205466655551298505e+00,6.259999871253967285e-01
1.205805634864819620e+00,6.290000081062316895e-01
1.206143819570548947e+00,6.320000290870666504e-01
1.206481213385086848e+00,6.259999871253967285e-01
1.206817819999018049e+00,6.305000185966491699e-01
1.207153643077155669e+00,6.255000233650207520e-01
1.207488686258779920e+00,6.294999718666076660e-01
1.207822953157874357e+00,6.294999718666076660e-01
1.208156447363360586e+00,6.265000104904174805e-01
1.208489172439328518e+00,6.240000128746032715e-01
1.208821131925266190e+00,6.269999742507934570e-01
1.209152329336284248e+00,6.269999742507934570e-01
1.209482768163340882e+00,6.240000128746032715e-01
1.209812451873460759e+00,6.240000128746032715e-01
1.210141383909954627e+00,6.330000162124633789e-01
1.210469567692634474e+00,6.280000209808349609e-01
1.210797006618028027e+00,6.305000185966491699e-01
1.211123704059587247e+00,6.259999871253967285e-01
1.211449663367899943e+00,6.250000000000000000e-01
1.211774887870893158e+00,6.330000162124633789e-01
1.212099380874038346e+00,6.215000152587890625e-01
1.212423145660553869e+00,6.324999928474426270e-01
1.212746185491602180e+00,6.250000000000000000e-01
1.213068503606488546e+00,6.274999976158142090e-01
1.213390103222855343e+00,6.334999799728393555e-01
1.213710987536874564e+00,6.240000128746032715e-01
1.214031159723439446e+00,6.330000162124633789e-01
1.214350622936351654e+00,6.280000209808349609e-01
1.214669380308508240e+00,6.269999742507934570e-01
1.214987434952086165e+00,6.280000209808349609e-01
1.215304789958724596e+00,6.309999823570251465e-01
1.215621448399704541e+00,6.284999847412109375e-01
1.215937413326128702e+00,6.320000290870666504e-01
1.216252687769096008e+00,6.255000233650207520e-01
1.216567274739877025e+00,6.294999718666076660e-01
1.216881177230087152e+00,6.324999928474426270e-01
1.217194398211855599e+00,6.250000000000000000e-01
1.217506940637996582e+00,6.274999976158142090e-01
1.217818807442173634e+00,6.340000033378601074e-01
1.218130001539067031e+00,6.265000104904174805e-01
1.218440525824536769e+00,6.299999952316284180e-01
1.218750383175783103e+00,6.294999718666076660e-01
1.219059576451507754e+00,6.320000290870666504e-01
1.219368108492071556e+00,6.265000104904174805e-01
1.219675982119651447e+00,6.309999823570251465e-01
1.219983200138395008e+00,6.274999976158142090e-01
1.220289765334573673e+00,6.265000104904174805e-01
1.220595680476734390e+00,6.294999718666076660e-01
1.220900948315849943e+00,6.265000104904174805e-01
1.221205571585467275e+00,6.355000138282775879e-01
1.221509553001853821e+00,6.250000000000000000e-01
1.221812895264143606e+00,6.370000243186950684e-01
1.222115601054480249e+00,6.280000209808349609e-01
1.222417673038160624e+00,6.299999952316284180e-01
1.222719113863773410e+00,6.299999952316284180e-01
1.223019926163341209e+00,6.269999742507934570e-01
1.223320112552456207e+00,6.374999880790710449e-01
1.223619675630417181e+00,6.290000081062316895e-01
1.223918617980365386e+00,6.370000243186950684e-01
1.224216942169416900e+00,6.280000209808349609e-01
1.224514650748796729e+00,6.334999799728393555e-01
1.224811746253967382e+00,6.309999823570251465e-01
1.225108231204760312e+00,6.274999976158142090e-01
1.225404108105503154e+00,6.309999823570251465e-01
1.225699379445147397e+00,6.284999847412109375e-01
1.225994047697393174e+00,6.274999976158142090e-01
1.226288115320814054e+00,6.290000081062316895e-01
1.226581584758980492e+00,6.309999823570251465e-01
1.226874458440580185e+00,6.265000104904174805e-01
1.227166738779541300e+00,6.294999718666076660e-01
1.227458428175149274e+00,6.334999799728393555e-01
1.227749529012166052e+00,6.334999799728393555e-01
1.228040043660946878e+00,6.309999823570251465e-01
1.228329974477557096e+00,6.330000162124633789e-01
1.228619323803884944e+00,6.334999799728393555e-01
1.228908093967756798e+00,6.330000162124633789e-01
1.229196287283048195e+00,6.269999742507934570e-01
1.229483906049796182e+00,6.374999880790710449e-01
1.229770952554308794e+00,6.280000209808349609e-01
1.230057429069274288e+00,6.294999718666076660e-01
1.230343337853868624e+00,6.299999952316284180e-01
1.230628681153863369e+00,6.315000057220458984e-01
1.230913461201731174e+00,6.294999718666076660e-01
1.231197680216749690e+00,6.355000138282775879e-01
1.231481340405106595e+00,6.334999799728393555e-01
1.231764443960001065e+00,6.330000162124633789e-01
1.232046993061747697e+00,6.355000138282775879e-01
1.232328989877873981e+00,6.280000209808349609e-01
1.232610436563223333e+00,6.395000219345092773e-01
1.232891335260051457e+00,6.365000009536743164e-01
1.233171688098126051e+00,6.255000233650207520e-01
1.233451497194822499e+00,6.355000138282775879e-01
1.233730764655219581e+00,6.320000290870666504e-01
1.234009492572195610e+00,6.355000138282775879e-01
1.234287683026522142e+00,6.305000185966491699e-01
1.234565338086956565e+00,6.345000267028808594e-01
1.234842459810335136e+00,6.330000162124633789e-01
1.235119050241664018e+00,6.274999976158142090e-01
1.235395111414210323e+00,6.395000219345092773e-01
1.235670645349590702e+00,6.299999952316284180e-01
1.235945654057861720e+00,6.355000138282775879e-01
1.236220139537606011e+00,6.315000057220458984e-01
1.236494103776021092e+00,6.345000267028808594e-01
1.236767548749005297e+00,6.330000162124633789e-01
1.237040476421242152e+00,6.389999985694885254e-01
1.237312888746286754e+00,6.324999928474426270e-01
1.237584787666647923e+00,6.305000185966491699e-01
1.237856175113873025e+00,6.324999928474426270e-01
1.238127053008629463e+00,6.355000138282775879e-01
1.238397423260785279e+00,6.305000185966491699e-01
1.238667287769492198e+00,6.284999847412109375e-01
1.238936648423264009e+00,6.389999985694885254e-01
1.239205507100055836e+00,6.320000290870666504e-01
1.239473865667343633e+00,6.320000290870666504e-01
1.239741725982201004e+00,6.315000057220458984e-01
1.240009089891377370e+00,6.340000033378601074e-01
1.240275959231373681e+00,6.359999775886535645e-01
1.240542335828518139e+00,6.355000138282775879e-01
1.240808221499040798e+00,6.365000009536743164e-01
1.241073618049149507e+00,6.349999904632568359e-01
1.241338527275100967e+00,6.274999976158142090e-01
1.241602950963275998e+00,6.315000057220458984e-01
1.241866890890250819e+00,6.324999928474426270e-01
1.242130348822869212e+00,6.299999952316284180e-01
1.242393326518311358e+00,6.370000243186950684e-01
1.242655825724167551e+00,6.305000185966491699e-01
1.242917848178505702e+00,6.370000243186950684e-01
1.243179395609939952e+00,6.299999952316284180e-01
1.243440469737701726e+00,6.340000033378601074e-01
1.243701072271703456e+00,6.349999904632568359e-01
1.243961204912610752e+00,6.309999823570251465e-01
1.244220869351904124e+00,6.359999775886535645e-01
1.244480067271948487e+00,6.365000009536743164e-01
1.244738800346056884e+00,6.305000185966491699e-01
1.244997070238555548e+00,6.320000290870666504e-01
1.245254878604848958e+00,6.320000290870666504e-01
1.245512227091481794e+00,6.380000114440917969e-01
1.245769117336203990e+00,6.294999718666076660e-01
1.246025550968032025e+00,6.320000290870666504e-01
1.246281529607311311e+00,6.384999752044677734e-01
1.246537054865777261e+00,6.340000033378601074e-01
1.246792128346616790e+00,6.370000243186950684e-01
1.247046751644527829e+00,6.365000009536743164e-01
1.247300926345780603e+00,6.330000162124633789e-01
1.247554654028275589e+00,6.395000219345092773e-01
1.247807936261601913e+00,6.284999847412109375e-01
1.248060774607097301e+00,6.359999775886535645e-01
1.248313170617904921e+00,6.294999718666076660e-01
1.248565125839029788e+00,6.365000009536743164e-01
1.248816641807397154e+00,6.320000290870666504e-01
1.249067720051907582e+00,6.414999961853027344e-01
1.249318362093492896e+00,6.324999928474426270e-01
1.249568569445172583e+00,6.365000009536743164e-01
1.249818343612105975e+00,6.359999775886535645e-01
1.250067686091649533e+00,6.315000057220458984e-01
1.250316598373409471e+00,6.284999847412109375e-01
1.250565081939294609e+00,6.315000057220458984e-01
1.250813138263569213e+00,6.355000138282775879e-01
1.251060768812907398e+00,6.320000290870666504e-01
1.251307975046443088e+00,6.340000033378601074e-01
1.251554758415822199e+00,6.290000081062316895e-01
1.251801120365254594e+00,6.309999823570251465e-01
1.252047062331563154e+00,6.334999799728393555e-01
1.252292585744235964e+00,6.349999904632568359e-01
1.252537692025474492e+00,6.349999904632568359e-01
1.252782382590244437e+00,6.349999904632568359e-01
1.253026658846323471e+00,6.324999928474426270e-01
1.253270522194350978e+00,6.315000057220458984e-01
1.253513974027874900e+00,6.395000219345092773e-01
1.253757015733401259e+00,6.320000290870666504e-01
1.253999648690439672e+00,6.399999856948852539e-01
1.254241874271551982e+00,6.345000267028808594e-01
1.254483693842397773e+00,6.340000033378601074e-01
1.254725108761781227e+00,6.330000162124633789e-01
1.254966120381695527e+00,6.349999904632568359e-01
1.255206730047371044e+00,6.315000057220458984e-01
1.255446939097317305e+00,6.330000162124633789e-01
1.255686748863369395e+00,6.320000290870666504e-01
1.255926160670732594e+00,6.365000009536743164e-01
1.256165175838025450e+00,6.290000081062316895e-01
1.256403795677322854e+00,6.334999799728393555e-01
1.256642021494200456e+00,6.405000090599060059e-01
1.256879854587777068e+00,6.324999928474426270e-01
1.257117296250757965e+00,6.359999775886535645e-01
1.257354347769474190e+00,6.384999752044677734e-01
1.257591010423928735e+00,6.305000185966491699e-01
1.257827285487833624e+00,6.324999928474426270e-01
1.258063174228654990e+00,6.409999728202819824e-01
1.258298677907650154e+00,6.355000138282775879e-01
1.258533797779911367e+00,6.299999952316284180e-01
1.258768535094403784e+00,6.389999985694885254e-01
1.259002891094005872e+00,6.330000162124633789e-01
1.259236867015549599e+00,6.370000243186950684e-01
1.259470464089858632e+00,6.324999928474426270e-01
1.259703683541787189e+00,6.374999880790710449e-01
1.259936526590259787e+00,6.299999952316284180e-01
1.260168994448307878e+00,6.359999775886535645e-01
1.260401088323108931e+00,6.320000290870666504e-01
1.260632809416023292e+00,6.365000009536743164e-01
1.260864158922632372e+00,6.320000290870666504e-01
1.261095138032774399e+00,6.359999775886535645e-01
1.261325747930582164e+00,6.340000033378601074e-01
1.261555989794519439e+00,6.324999928474426270e-01
1.261785864797416501e+00,6.355000138282775879e-01
1.262015374106506105e+00,6.290000081062316895e-01
1.262244518883459454e+00,6.374999880790710449e-01
1.262473300284421507e+00,6.345000267028808594e-01
1.262701719460044947e+00,6.359999775886535645e-01
1.262929777555526378e+00,6.340000033378601074e-01
1.263157475710639854e+00,6.330000162124633789e-01
1.263384815059771071e+00,6.405000090599060059e-01
1.263611796731951786e+00,6.330000162124633789e-01
1.263838421850892679e+00,6.380000114440917969e-01
1.264064691535018214e+00,6.324999928474426270e-01
1.264290606897497504e+00,6.365000009536743164e-01
1.264516169046279170e+00,6.355000138282775879e-01
1.264741379084123096e+00,6.359999775886535645e-01
1.264966238108632179e+00,6.315000057220458984e-01
1.265190747212286526e+00,6.320000290870666504e-01
1.265414907482472096e+00,6.349999904632568359e-01
1.265638720001516226e+00,6.330000162124633789e-01
1.265862185846714505e+00,6.374999880790710449e-01
1.266085306090365847e+00,6.299999952316284180e-01
1.266308081799801588e+00,6.355000138282775879e-01
1.266530514037415900e+00,6.389999985694885254e-01
1.266752603860696214e+00,6.349999904632568359e-01
1.266974352322254749e+00,6.359999775886535645e-01
1.267195760469856491e+00,6.340000033378601074e-01
1.267416829346450502e+00,6.365000009536743164e-01
1.267637559990198337e+00,6.384999752044677734e-01
1.267857953434504026e+00,6.355000138282775879e-01
1.268078010708042269e+00,6.370000243186950684e-01
1.268297732834788416e+00,6.359999775886535645e-01
1.268517120834046219e+00,6.355000138282775879e-01
1.268736175720475590e+00,6.330000162124633789e-01
1.268954898504122575e+00,6.340000033378601074e-01
1.269173290190446002e+00,6.320000290870666504e-01
1.269391351780345234e+00,6.370000243186950684e-01
1.269609084270188148e+00,6.414999961853027344e-01
1.269826488651837781e+00,6.334999799728393555e-01
1.270043565912680750e+00,6.405000090599060059e-01
1.270260317035652786e+00,6.340000033378601074e-01
1.270476742999265607e+00,6.384999752044677734e-01
1.270692844777634667e+00,6.380000114440917969e-01
1.270908623340503807e+00,6.370000243186950684e-01
1.271124079653272565e+00,6.334999799728393555e-01
1.271339214677021490e+00,6.359999775886535645e-01
1.271554029368537897e+00,6.349999904632568359e-01
1.271768524680341850e+00,6.370000243186950684e-01
1.271982701560711027e+00,6.365000009536743164e-01
1.272196560953706035e+00,6.414999961853027344e-01
1.272410103799195058e+00,6.374999880790710449e-01
1.272623331032880056e+00,6.355000138282775879e-01
1.272836243586318750e+00,6.349999904632568359e-01
1.273048842386951707e+00,6.389999985694885254e-01
1.273261128358124772e+00,6.345000267028808594e-01
1.273473102419114378e+00,6.355000138282775879e-01
1.273684765485150416e+00,6.409999728202819824e-01
1.273896118467440441e+00,6.294999718666076660e-01
1.274107162273193428e+00,6.395000219345092773e-01
1.274317897805641975e+00,6.315000057220458984e-01
1.274528325964067843e+00,6.365000009536743164e-01
1.274738447643822159e+00,6.389999985694885254e-01
1.274948263736350063e+00,6.380000114440917969e-01
1.275157775129213134e+00,6.349999904632568359e-01
1.275366982706112262e+00,6.359999775886535645e-01
1.275575887346907855e+00,6.330000162124633789e-01
1.275784489927645593e+00,6.349999904632568359e-01
1.275992791320575082e+00,6.365000009536743164e-01
1.276200792394174277e+00,6.370000243186950684e-01
1.276408494013169470e+00,6.320000290870666504e-01
1.276615897038557934e+00,6.399999856948852539e-01
1.276823002327628354e+00,6.340000033378601074e-01
1.277029810733983473e+00,6.345000267028808594e-01
1.277236323107559857e+00,6.365000009536743164e-01
1.277442540294649653e+00,6.365000009536743164e-01
1.277648463137921020e+00,6.359999775886535645e-01
1.277854092476438996e+00,6.345000267028808594e-01
1.278059429145685710e+00,6.414999961853027344e-01
1.278264473977581472e+00,6.374999880790710449e-01
1.278469227800503871e+00,6.395000219345092773e-01
1.278673691439308868e+00,6.349999904632568359e-01
1.278877865715350115e+00,6.365000009536743164e-01
1.279081751446499382e+00,6.359999775886535645e-01
1.279285349447165432e+00,6.355000138282775879e-01
1.279488660528314226e+00,6.370000243186950684e-01
1.279691685497487130e+00,6.365000009536743164e-01
1.279894425158822679e+00,6.349999904632568359e-01
1.280096880313072560e+00,6.345000267028808594e-01
1.280299051757622264e+00,6.349999904632568359e-01
1.280500940286510625e+00,6.349999904632568359e-01
1.280702546690446919e+00,6.405000090599060059e-01
1.280903871756830181e+00,6.330000162124633789e-01
1.281104916269767635e+00,6.424999833106994629e-01
1.281305681010093567e+00,6.355000138282775879e-01
1.281506166755386200e+00,6.345000267028808594e-01
1.281706374279987015e+00,6.374999880790710449e-01
1.281906304355018067e+00,6.349999904632568359e-01
1.282105957748400193e+00,6.370000243186950684e-01
1.282305335224870335e+00,6.320000290870666504e-01
1.282504437545998632e+00,6.389999985694885254e-01
1.282703265470207965e+00,6.349999904632568359e-01
1.282901819752787942e+00,6.424999833106994629e-01
1.283100101145915994e+00,6.349999904632568359e-01
1.283298110398670699e+00,6.359999775886535645e-01
1.283495848257051763e+00,6.395000219345092773e-01
1.283693315463995122e+00,6.395000219345092773e-01
1.283890512759390035e+00,6.365000009536743164e-01
1.284087440880096853e+00,6.414999961853027344e-01
1.284284100559961228e+00,6.355000138282775879e-01
1.284480492529832762e+00,6.399999856948852539e-01
1.284676617517580333e+00,6.349999904632568359e-01
1.284872476248108519e+00,6.405000090599060059e-01
1.285068069443372707e+00,6.365000009536743164e-01
1.285263397822397291e+00,6.439999938011169434e-01
1.285458462101288779e+00,6.355000138282775879e-01
1.285653262993253332e+00,6.389999985694885254e-01
1.285847801208612751e+00,6.389999985694885254e-01
1.286042077454817578e+00,6.395000219345092773e-01
1.286236092436466194e+00,6.320000290870666504e-01
1.286429846855316361e+00,6.355000138282775879e-01
1.286623341410303434e+00,6.464999914169311523e-01
1.286816576797553457e+00,6.324999928474426270e-01
1.287009553710400045e+00,6.340000033378601074e-01
1.287202272839397033e+00,6.374999880790710449e-01
1.287394734872335800e+00,6.334999799728393555e-01
1.287586940494257703e+00,6.384999752044677734e-01
1.287778890387470510e+00,6.384999752044677734e-01
1.287970585231562159e+00,6.345000267028808594e-01
1.288162025703414315e+00,6.359999775886535645e-01
1.288353212477218346e+00,6.349999904632568359e-01
1.288544146224489539e+00,6.384999752044677734e-01
1.288734827614078871e+00,6.294999718666076660e-01
1.288925257312190542e+00,6.464999914169311523e-01
1.289115435982392421e+00,6.365000009536743164e-01
1.289305364285633138e+00,6.345000267028808594e-01
1.289495042880253406e+00,6.370000243186950684e-01
1.289684472422000683e+00,6.355000138282775879e-01
1.289873653564043821e+00,6.355000138282775879e-01
1.290062586956984170e+00,6.380000114440917969e-01
1.290251273248871344e+00,6.349999904632568359e-01
1.290439713085215212e+00,6.330000162124633789e-01
1.290627907108999217e+00,6.345000267028808594e-01
1.290815855960694813e+00,6.355000138282775879e-01
1.291003560278272122e+00,6.334999799728393555e-01
1.291191020697215475e+00,6.359999775886535645e-01
1.291378237850534738e+00,6.349999904632568359e-01
1.291565212368779081e+00,6.399999856948852539e-01
1.291751944880048963e+00,6.355000138282775879e-01
1.291938436010009017e+00,6.355000138282775879e-01
1.292124686381900256e+00,6.355000138282775879e-01
1.292310696616553845e+00,6.359999775886535645e-01
1.292496467332402643e+00,6.345000267028808594e-01
1.292681999145492977e+00,6.374999880790710449e-01
1.292867292669497514e+00,6.340000033378601074e-01
1.293052348515728145e+00,6.374999880790710449e-01
1.293237167293147083e+00,6.324999928474426270e-01
1.293421749608378635e+00,6.399999856948852539e-01
1.293606096065721855e+00,6.330000162124633789e-01
1.293790207267162984e+00,6.470000147819519043e-01
1.293974083812386100e+00,6.409999728202819824e-01
1.294157726298784450e+00,6.345000267028808594e-01
1.294341135321473990e+00,6.345000267028808594e-01
1.294524311473303602e+00,6.405000090599060059e-01
1.294707255344866415e+00,6.334999799728393555e-01
1.294889967524512020e+00,6.389999985694885254e-01
1.295072448598357573e+00,6.340000033378601074e-01
1.295254699150298228e+00,6.330000162124633789e-01
1.295436719762020017e+00,6.370000243186950684e-01
1.295618511013009622e+00,6.315000057220458984e-01
1.295800073480565917e+00,6.359999775886535645e-01
1.295981407739810853e+00,6.355000138282775879e-01
1.296162514363700335e+00,6.334999799728393555e-01
1.296343393923036214e+00,6.330000162124633789e-01
1.296524046986474499e+00,6.430000066757202148e-01
1.296704474120538908e+00,6.315000057220458984e-01
1.296884675889629523e+00,6.399999856948852539e-01
1.297064652856034783e+00,6.315000057220458984e-01
1.297244405579940807e+00,6.349999904632568359e-01
1.297423934619442720e+00,6.365000009536743164e-01
1.297603240530555091e+00,6.374999880790710449e-01
1.297782323867221033e+00,6.434999704360961914e-01
1.297961185181324195e+00,6.340000033378601074e-01
1.298139825022698091e+00,6.389999985694885254e-01
1.298318243939135419e+00,6.349999904632568359e-01
1.298496442476399837e+00,6.365000009536743164e-01
1.298674421178235061e+00,6.349999904632568359e-01
1.298852180586374860e+00,6.355000138282775879e-01
1.299029721240552604e+00,6.345000267028808594e-01
1.299207043678512141e+00,6.334999799728393555e-01
1.299384148436016684e+00,6.380000114440917969e-01
1.299561036046858131e+00,6.395000219345092773e-01
1.299737707042868173e+00,6.365000009536743164e-01
1.299914161953927172e+00,6.284999847412109375e-01
1.300090401307972376e+00,6.384999752044677734e-01
1.300266425631010136e+00,6.345000267028808594e-01
1.300442235447123007e+00,6.409999728202819824e-01
1.300617831278479741e+00,6.355000138282775879e-01
1.300793213645344837e+00,6.389999985694885254e-01
1.300968383066088530e+00,6.340000033378601074e-01
1.301143340057193898e+00,6.365000009536743164e-01
1.301318085133267966e+00,6.460000276565551758e-01
1.301492618807050139e+00,6.340000033378601074e-01
1.301666941589420867e+00,6.374999880790710449e-01
1.301841053989411190e+00,6.330000162124633789e-01
1.302014956514211175e+00,6.374999880790710449e-01
1.302188649669179021e+00,6.380000114440917969e-01
1.302362133957850165e+00,6.349999904632568359e-01
1.302535409881945050e+00,6.384999752044677734e-01
1.302708477941379339e+00,6.409999728202819824e-01
1.302881338634271025e+00,6.349999904632568359e-01
1.303053992456949972e+00,6.349999904632568359e-01
1.303226439903966583e+00,6.349999904632568359e-01
1.303398681468099563e+00,6.359999775886535645e-01
1.303570717640364585e+00,6.324999928474426270e-01
1.303742548910023169e+00,6.420000195503234863e-01
1.303914175764590899e+00,6.330000162124633789e-01
1.304085598689844971e+00,6.395000219345092773e-01
1.304256818169833521e+00,6.434999704360961914e-01
1.304427834686883170e+00,6.340000033378601074e-01
1.304598648721607246e+00,6.455000042915344238e-01
1.304769260752913773e+00,6.370000243186950684e-01
1.304939671258014577e+00,6.359999775886535645e-01
1.305109880712431281e+00,6.334999799728393555e-01
1.305279889590005071e+00,6.330000162124633789e-01
1.305449698362903810e+00,6.365000009536743164e-01
1.305619307501630466e+00,6.409999728202819824e-01
1.305788717475030003e+00,6.340000033378601074e-01
1.305957928750297370e+00,6.370000243186950684e-01
1.306126941792986829e+00,6.480000019073486328e-01
1.306295757067017060e+00,6.405000090599060059e-01
1.306464375034680492e+00,6.355000138282775879e-01
1.306632796156651066e+00,6.455000042915344238e-01
1.306801020891990239e+00,6.340000033378601074e-01
1.306969049698156748e+00,6.299999952316284180e-01
1.307136883031011054e+00,6.409999728202819824e-01
1.307304521344826442e+00,6.355000138282775879e-01
1.307471965092293020e+00,6.299999952316284180e-01
1.307639214724526822e+00,6.380000114440917969e-01
1.307806270691077799e+00,6.365000009536743164e-01
1.307973133439934488e+00,6.334999799728393555e-01
1.308139803417533553e+00,6.349999904632568359e-01
1.308306281068766674e+00,6.349999904632568359e-01
1.308472566836986095e+00,6.334999799728393555e-01
1.308638661164013728e+00,6.340000033378601074e-01
1.308804564490146705e+00,6.345000267028808594e-01
1.308970277254165149e+00,6.370000243186950684e-01
1.309135799893338836e+00,6.345000267028808594e-01
1.309301132843434523e+00,6.330000162124633789e-01
1.309466276538721941e+00,6.334999799728393555e-01
1.309631231411981789e+00,6.330000162124633789e-01
1.309795997894511510e+00,6.365000009536743164e-01
1.309960576416132616e+00,6.340000033378601074e-01
1.310124967405198015e+00,6.324999928474426270e-01
1.310289171288596233e+00,6.424999833106994629e-01
1.310453188491762067e+00,6.359999775886535645e-01
1.310617019438679698e+00,6.365000009536743164e-01
1.310780664551890018e+00,6.395000219345092773e-01
1.310944124252499066e+00,6.355000138282775879e-01
1.311107398960182024e+00,6.405000090599060059e-01
1.311270489093191216e+00,6.384999752044677734e-01
1.311433395068362540e+00,6.315000057220458984e-01
1.311596117301120579e+00,6.399999856948852539e-01
1.311758656205486373e+00,6.349999904632568359e-01
1.311921012194083191e+00,6.345000267028808594e-01
1.312083185678142527e+00,6.374999880790710449e-01
1.312245177067510982e+00,6.309999823570251465e-01
1.312406986770655815e+00,6.334999799728393555e-01
1.312568615194671606e+00,6.349999904632568359e-01
1.312730062745286252e+00,6.334999799728393555e-01
1.312891329826866960e+00,6.359999775886535645e-01
1.313052416842426240e+00,6.359999775886535645e-01
1.313213324193628795e+00,6.380000114440917969e-01
1.313374052280796400e+00,6.359999775886535645e-01
1.313534601502913901e+00,6.340000033378601074e-01
1.313694972257636318e+00,6.349999904632568359e-01
1.313855164941294396e+00,6.374999880790710449e-01
1.314015179948898382e+00,6.349999904632568359e-01
1.314175017674147794e+00,6.365000009536743164e-01
1.314334678509433196e+00,6.420000195503234863e-01
1.314494162845845304e+00,6.340000033378601074e-01
1.314653471073178315e+00,6.395000219345092773e-01
1.314812603579936789e+00,6.349999904632568359e-01
1.314971560753341207e+00,6.355000138282775879e-01
1.315130342979333733e+00,6.445000171661376953e-01
1.315288950642583110e+00,6.359999775886535645e-01
1.315447384126491315e+00,6.340000033378601074e-01
1.315605643813197778e+00,6.480000019073486328e-01
1.315763730083586935e+00,6.370000243186950684e-01
1.315921643317292000e+00,6.384999752044677734e-01
1.316079383892699850e+00,6.355000138282775879e-01
1.316236952186959464e+00,6.330000162124633789e-01
1.316394348575984141e+00,6.349999904632568359e-01
1.316551573434458167e+00,6.445000171661376953e-01
1.316708627135843024e+00,6.389999985694885254e-01
1.316865510052380728e+00,6.355000138282775879e-01
1.317022222555101374e+00,6.324999928474426270e-01
1.317178765013826469e+00,6.399999856948852539e-01
1.317335137797175593e+00,6.374999880790710449e-01
1.317491341272570171e+00,6.359999775886535645e-01
1.317647375806240140e+00,6.359999775886535645e-01
1.317803241763228606e+00,6.455000042915344238e-01
1.317958939507395844e+00,6.305000185966491699e-01
1.318114469401426625e+00,6.424999833106994629e-01
1.318269831806832659e+00,6.409999728202819824e-01
1.318425027083960144e+00,6.365000009536743164e-01
1.318580055591993094e+00,6.334999799728393555e-01
1.318734917688958452e+00,6.449999809265136719e-01
1.318889613731732302e+00,6.365000009536743164e-01
1.319044144076043645e+00,6.359999775886535645e-01
1.319198509076479064e+00,6.470000147819519043e-01
1.319352709086489162e+00,6.345000267028808594e-01
1.319506744458391445e+00,6.380000114440917969e-01
1.319660615543376769e+00,6.355000138282775879e-01
1.319814322691513109e+00,6.330000162124633789e-01
1.319967866251750888e+00,6.464999914169311523e-01
1.320121246571927642e+00,6.324999928474426270e-01
1.320274463998772907e+00,6.420000195503234863e-01
1.320427518877911766e+00,6.334999799728393555e-01
1.320580411553871292e+00,6.299999952316284180e-01
1.320733142370084545e+00,6.330000162124633789e-01
1.320885711668893903e+00,6.384999752044677734e-01
1.321038119791558163e+00,6.365000009536743164e-01
1.321190367078254546e+00,6.355000138282775879e-01
1.321342453868085132e+00,6.374999880790710449e-01
1.321494380499080412e+00,6.384999752044677734e-01
1.321646147308204178e+00,6.340000033378601074e-01
1.321797754631358401e+00,6.309999823570251465e-01
1.321949202803385681e+00,6.324999928474426270e-01
1.322100492158077456e+00,6.395000219345092773e-01
1.322251623028174006e+00,6.399999856948852539e-01
1.322402595745372444e+00,6.365000009536743164e-01
1.322553410640329163e+00,6.414999961853027344e-01
1.322704068042664494e+00,6.374999880790710449e-01
1.322854568280967369e+00,6.355000138282775879e-01
1.323004911682799545e+00,6.449999809265136719e-01
1.323155098574699817e+00,6.320000290870666504e-01
1.323305129282188020e+00,6.315000057220458984e-01
1.323455004129769463e+00,6.434999704360961914e-01
1.323604723440939379e+00,6.324999928474426270e-01
1.323754287538186913e+00,6.409999728202819824e-01
1.323903696742998903e+00,6.345000267028808594e-01
1.324052951375864984e+00,6.324999928474426270e-01
1.324202051756280696e+00,6.420000195503234863e-01
1.324350998202752150e+00,6.370000243186950684e-01
1.324499791032799800e+00,6.345000267028808594e-01
1.324648430562963108e+00,6.470000147819519043e-01
1.324796917108803651e+00,6.345000267028808594e-01
1.324945250984910228e+00,6.355000138282775879e-01
1.325093432504901525e+00,6.370000243186950684e-01
1.325241461981431668e+00,6.399999856948852539e-01
1.325389339726192661e+00,6.349999904632568359e-01
1.325537066049919721e+00,6.334999799728393555e-01
1.325684641262393715e+00,6.374999880790710449e-01
1.325832065672446491e+00,6.399999856948852539e-01
1.325979339587963768e+00,6.395000219345092773e-01
1.326126463315889792e+00,6.370000243186950684e-01
1.326273437162229563e+00,6.345000267028808594e-01
1.326420261432055492e+00,6.399999856948852539e-01
1.326566936429507848e+00,6.334999799728393555e-01
1.326713462457801640e+00,6.334999799728393555e-01
1.326859839819227727e+00,6.370000243186950684e-01
1.327006068815158590e+00,6.355000138282775879e-01
1.327152149746051002e+00,6.345000267028808594e-01
1.327298082911449795e+00,6.384999752044677734e-01
1.327443868609992306e+00,6.330000162124633789e-01
1.327589507139410374e+00,6.384999752044677734e-01
1.327734998796536336e+00,6.424999833106994629e-01
1.327880343877304359e+00,6.365000009536743164e-01
1.328025542676755766e+00,6.345000267028808594e-01
1.328170595489041705e+00,6.359999775886535645e-01
1.328315502607426701e+00,6.409999728202819824e-01
1.328460264324293094e+00,6.370000243186950684e-01
1.328604880931143262e+00,6.359999775886535645e-01
1.328749352718604726e+00,6.380000114440917969e-01
1.328893679976431708e+00,6.340000033378601074e-01
1.329037862993510455e+00,6.359999775886535645e-01
1.329181902057861908e+00,6.374999880790710449e-01
1.329325797456644809e+00,6.374999880790710449e-01
1.329469549476159695e+00,6.330000162124633789e-01
1.329613158401852013e+00,6.399999856948852539e-01
1.329756624518316332e+00,6.315000057220458984e-01
1.329899948109297902e+00,6.345000267028808594e-01
1.330043129457697981e+00,6.434999704360961914e-01
1.330186168845576056e+00,6.374999880790710449e-01
1.330329066554153394e+00,6.365000009536743164e-01
1.330471822863816600e+00,6.374999880790710449e-01
1.330614438054121162e+00,6.420000195503234863e-01
1.330756912403793457e+00,6.359999775886535645e-01
1.330899246190735852e+00,6.395000219345092773e-01
1.331041439692028039e+00,6.420000195503234863e-01
1.331183493183931921e+00,6.380000114440917969e-01
1.331325406941894052e+00,6.330000162124633789e-01
1.331467181240548525e+00,6.365000009536743164e-01
1.331608816353721414e+00,6.315000057220458984e-01
1.331750312554432103e+00,6.389999985694885254e-01
1.331891670114898174e+00,6.349999904632568359e-01
1.332032889306537182e+00,6.380000114440917969e-01
1.332173970399971541e+00,6.365000009536743164e-01
1.332314913665028966e+00,6.389999985694885254e-01
1.332455719370748470e+00,6.330000162124633789e-01
1.332596387785381919e+00,6.349999904632568359e-01
1.332736919176395807e+00,6.389999985694885254e-01
1.332877313810478359e+00,6.355000138282775879e-01
1.333017571953537095e+00,6.434999704360961914e-01
1.333157693870707261e+00,6.405000090599060059e-01
1.333297679826350501e+00,6.320000290870666504e-01
1.333437530084060629e+00,6.384999752044677734e-01
1.333577244906665626e+00,6.349999904632568359e-01
1.333716824556230307e+00,6.370000243186950684e-01
1.333856269294059427e+00,6.405000090599060059e-01
1.333995579380701457e+00,6.359999775886535645e-01
1.334134755075950141e+00,6.330000162124633789e-01
1.334273796638848264e+00,6.365000009536743164e-01
1.334412704327690546e+00,6.389999985694885254e-01
1.334551478400026081e+00,6.405000090599060059e-01
1.334690119112662110e+00,6.345000267028808594e-01
1.334828626721665135e+00,6.420000195503234863e-01
1.334967001482365578e+00,6.340000033378601074e-01
1.335105243649360007e+00,6.324999928474426270e-01
1.335243353476513128e+00,6.380000114440917969e-01
1.335381331216962009e+00,6.384999752044677734e-01
1.335519177123117629e+00,6.334999799728393555e-01
1.335656891446668215e+00,6.395000219345092773e-01
1.335794474438581902e+00,6.349999904632568359e-01
1.335931926349110066e+00,6.395000219345092773e-01
1.336069247427788653e+00,6.359999775886535645e-01
1.336206437923441959e+00,6.460000276565551758e-01
1.336343498084185732e+00,6.389999985694885254e-01
1.336480428157428513e+00,6.434999704360961914e-01
1.336617228389875178e+00,6.405000090599060059e-01
1.336753899027529391e+00,6.334999799728393555e-01
1.336890440315697148e+00,6.399999856948852539e-01
1.337026852498987672e+00,6.365000009536743164e-01
1.337163135821317184e+00,6.384999752044677734e-01
1.337299290525911344e+00,6.349999904632568359e-01
1.337435316855308587e+00,6.380000114440917969e-01
1.337571215051360340e+00,6.399999856948852539e-01
1.337706985355236577e+00,6.334999799728393555e-01
1.337842628007426704e+00,6.409999728202819824e-01
1.337978143247742224e+00,6.340000033378601074e-01
1.338113531315319626e+00,6.340000033378601074e-01
1.338248792448622826e+00,6.395000219345092773e-01
1.338383926885445385e+00,6.384999752044677734e-01
1.338518934862913845e+00,6.305000185966491699e-01
1.338653816617488834e+00,6.355000138282775879e-01
1.338788572384969511e+00,6.365000009536743164e-01
1.338923202400493562e+00,6.349999904632568359e-01
1.339057706898541866e+00,6.359999775886535645e-01
1.339192086112939828e+00,6.359999775886535645e-01
1.339326340276860483e+00,6.430000066757202148e-01
1.339460469622825833e+00,6.355000138282775879e-01
1.339594474382710398e+00,6.374999880790710449e-01
1.339728354787743214e+00,6.389999985694885254e-01
1.339862111068509387e+00,6.409999728202819824e-01
1.339995743454954757e+00,6.389999985694885254e-01
1.340129252176385455e+00,6.330000162124633789e-01
1.340262637461471895e+00,6.430000066757202148e-01
1.340395899538251445e+00,6.349999904632568359e-01
1.340529038634129311e+00,6.355000138282775879e-01
1.340662054975882311e+00,6.405000090599060059e-01
1.340794948789660435e+00,6.315000057220458984e-01
1.340927720300988613e+00,6.514999866485595703e-01
1.341060369734770941e+00,6.340000033378601074e-01
1.341192897315290677e+00,6.355000138282775879e-01
1.341325303266213798e+00,6.420000195503234863e-01
1.341457587810591656e+00,6.374999880790710449e-01
1.341589751170861655e+00,6.374999880790710449e-01
1.341721793568851018e+00,6.305000185966491699e-01
1.341853715225778565e+00,6.349999904632568359e-01
1.341985516362256270e+00,6.414999961853027344e-01
1.342117197198292144e+00,6.374999880790710449e-01
1.342248757953292904e+00,6.340000033378601074e-01
1.342380198846065298e+00,6.430000066757202148e-01
1.342511520094817667e+00,6.370000243186950684e-01
1.342642721917164605e+00,6.399999856948852539e-01
1.342773804530126069e+00,6.414999961853027344e-01
1.342904768150132266e+00,6.374999880790710449e-01
1.343035612993023209e+00,6.464999914169311523e-01
1.343166339274053600e+00,6.309999823570251465e-01
1.343296947207892389e+00,6.359999775886535645e-01
1.343427437008626546e+00,6.439999938011169434e-01
1.343557808889762617e+00,6.395000219345092773e-01
1.343688063064228277e+00,6.320000290870666504e-01
1.343818199744376329e+00,6.374999880790710449e-01
1.343948219141984257e+00,6.384999752044677734e-01
1.344078121468257558e+00,6.374999880790710449e-01
1.344207906933832408e+00,6.409999728202819824e-01
1.344337575748776548e+00,6.374999880790710449e-01
1.344467128122591726e+00,6.334999799728393555e-01
1.344596564264216365e+00,6.370000243186950684e-01
1.344725884382025782e+00,6.324999928474426270e-01
1.344855088683837074e+00,6.359999775886535645e-01
1.344984177376908674e+00,6.345000267028808594e-01
1.345113150667942792e+00,6.324999928474426270e-01
1.345242008763088526e+00,6.359999775886535645e-01
1.345370751867942305e+00,6.365000009536743164e-01
1.345499380187551663e+00,6.389999985694885254e-01
1.345627893926415020e+00,6.330000162124633789e-01
1.345756293288485672e+00,6.430000066757202148e-01
1.345884578477172244e+00,6.409999728202819824e-01
1.346012749695342015e+00,6.349999904632568359e-01
1.346140807145320917e+00,6.389999985694885254e-01
1.346268751028897537e+00,6.359999775886535645e-01
1.346396581547323779e+00,6.324999928474426270e-01
1.346524298901316863e+00,6.370000243186950684e-01
1.346651903291061547e+00,6.355000138282775879e-01
1.346779394916212125e+00,6.374999880790710449e-01
1.346906773975893756e+00,6.320000290870666504e-01
1.347034040668704913e+00,6.349999904632568359e-01
1.347161195192718264e+00,6.409999728202819824e-01
1.347288237745483785e+00,6.345000267028808594e-01
1.347415168524030538e+00,6.445000171661376953e-01
1.347541987724866885e+00,6.464999914169311523e-01
1.347668695543983830e+00,6.370000243186950684e-01
1.347795292176856785e+00,6.420000195503234863e-01
1.347921777818446909e+00,6.359999775886535645e-01
1.348048152663202659e+00,6.380000114440917969e-01
1.348174416905062012e+00,6.399999856948852539e-01
1.348300570737454684e+00,6.359999775886535645e-01
1.348426614353303021e+00,6.359999775886535645e-01
1.348552547945024216e+00,6.359999775886535645e-01
1.348678371704531864e+00,6.434999704360961914e-01
1.348804085823238186e+00,6.384999752044677734e-01
1.348929690492055355e+00,6.340000033378601074e-01
1.349055185901397058e+00,6.424999833106994629e-01
1.349180572241180931e+00,6.405000090599060059e-01
1.349305849700829452e+00,6.414999961853027344e-01
1.349431018469272825e+00,6.359999775886535645e-01
1.349556078734948761e+00,6.439999938011169434e-01
1.349681030685806249e+00,6.355000138282775879e-01
1.349805874509306003e+00,6.464999914169311523e-01
1.349930610392422681e+00,6.345000267028808594e-01
1.350055238521645995e+00,6.370000243186950684e-01
1.350179759082983599e+00,6.359999775886535645e-01
1.350304172261960645e+00,6.439999938011169434e-01
1.350428478243624220e+00,6.349999904632568359e-01
1.350552677212542241e+00,6.405000090599060059e-01
1.350676769352807227e+00,6.395000219345092773e-01
1.350800754848036522e+00,6.370000243186950684e-01
1.350924633881374515e+00,6.399999856948852539e-01
1.351048406635494636e+00,6.365000009536743164e-01
1.351172073292599807e+00,6.424999833106994629e-01
1.351295634034425985e+00,6.380000114440917969e-01
1.351419089042241506e+00,6.420000195503234863e-01
1.351542438496850185e+00,6.330000162124633789e-01
1.351665682578592209e+00,6.439999938011169434e-01
1.351788821467346580e+00,6.345000267028808594e-01
1.351911855342531332e+00,6.340000033378601074e-01
1.352034784383106425e+00,6.395000219345092773e-01
1.352157608767574404e+00,6.409999728202819824e-01
1.352280328673982845e+00,6.399999856948852539e-01
1.352402944279924579e+00,6.359999775886535645e-01
1.352525455762540574e+00,6.439999938011169434e-01
1.352647863298520603e+00,6.334999799728393555e-01
1.352770167064105022e+00,6.355000138282775879e-01
1.352892367235086990e+00,6.399999856948852539e-01
1.353014463986812466e+00,6.370000243186950684e-01
1.353136457494182876e+00,6.460000276565551758e-01
1.353258347931657113e+00,6.365000009536743164e-01
1.353380135473251089e+00,6.389999985694885254e-01
1.353501820292540847e+00,6.365000009536743164e-01
1.353623402562663891e+00,6.365000009536743164e-01
1.353744882456320076e+00,6.359999775886535645e-01
1.353866260145772937e+00,6.409999728202819824e-01
1.353987535802852582e+00,6.370000243186950684e-01
1.354108709598955462e+00,6.359999775886535645e-01
1.354229781705046820e+00,6.355000138282775879e-01
1.354350752291661131e+00,6.355000138282775879e-01
1.354471621528905434e+00,6.355000138282775879e-01
1.354592389586458667e+00,6.349999904632568359e-01
1.354713056633574109e+00,6.405000090599060059e-01
1.354833622839081153e+00,6.384999752044677734e-01
1.354954088371385978e+00,6.420000195503234863e-01
1.355074453398473100e+00,6.409999728202819824e-01
1.355194718087907146e+00,6.389999985694885254e-01
1.355314882606834415e+00,6.424999833106994629e-01
1.355434947121982869e+00,6.399999856948852539e-01
1.355554911799665474e+00,6.370000243186950684e-01
1.355674776805780413e+00,6.380000114440917969e-01
1.355794542305812644e+00,6.409999728202819824e-01
1.355914208464834791e+00,6.399999856948852539e-01
1.356033775447510692e+00,6.420000195503234863e-01
1.356153243418092957e+00,6.345000267028808594e-01
1.356272612540428080e+00,6.380000114440917969e-01
1.356391882977955543e+00,6.384999752044677734e-01
1.356511054893710044e+00,6.359999775886535645e-01
1.356630128450322159e+00,6.409999728202819824e-01
1.356749103810020785e+00,6.409999728202819824e-01
1.356867981134633361e+00,6.355000138282775879e-01
1.356986760585587648e+00,6.384999752044677734e-01
1.357105442323913058e+00,6.384999752044677734e-01
1.357224026510241988e+00,6.355000138282775879e-01
1.357342513304810705e+00,6.409999728202819824e-01
1.357460902867461350e+00,6.414999961853027344e-01
1.357579195357643487e+00,6.359999775886535645e-01
1.357697390934413439e+00,6.365000009536743164e-01
1.357815489756437843e+00,6.384999752044677734e-01
1.357933491981993424e+00,6.349999904632568359e-01
1.358051397768969881e+00,6.424999833106994629e-01
1.358169207274868784e+00,6.414999961853027344e-01
1.358286920656807117e+00,6.349999904632568359e-01
1.358404538071517065e+00,6.389999985694885254e-01
1.358522059675348226e+00,6.365000009536743164e-01
1.358639485624268284e+00,6.430000066757202148e-01
1.358756816073863893e+00,6.359999775886535645e-01
1.358874051179343123e+00,6.424999833106994629e-01
1.358991191095535900e+00,6.420000195503234863e-01
1.359108235976894674e+00,6.370000243186950684e-01
1.359225185977497086e+00,6.345000267028808594e-01
1.359342041251045519e+00,6.449999809265136719e-01
1.359458801950869988e+00,6.370000243186950684e-01
1.359575468229928363e+00,6.374999880790710449e-01
1.359692040240807254e+00,6.359999775886535645e-01
1.359808518135724231e+00,6.380000114440917969e-01
1.359924902066527830e+00,6.464999914169311523e-01
1.360041192184700209e+00,6.340000033378601074e-01
1.360157388641356935e+00,6.395000219345092773e-01
1.360273491587248973e+00,6.389999985694885254e-01
1.360389501172763804e+00,6.359999775886535645e-01
1.360505417547925644e+00,6.409999728202819824e-01
1.360621240862398329e+00,6.380000114440917969e-01
1.360736971265484874e+00,6.355000138282775879e-01
1.360852608906129690e+00,6.460000276565551758e-01
1.360968153932919034e+00,6.420000195503234863e-01
1.361083606494082554e+00,6.405000090599060059e-01
1.361198966737493965e+00,6.439999938011169434e-01
1.361314234810673485e+00,6.380000114440917969e-01
1.361429410860787170e+00,6.380000114440917969e-01
1.361544495034648916e+00,6.384999752044677734e-01
1.361659487478722230e+00,6.405000090599060059e-01
1.361774388339119790e+00,6.359999775886535645e-01
1.361889197761606107e+00,6.355000138282775879e-01
1.362003915891597305e+00,6.399999856948852539e-01
1.362118542874164007e+00,6.399999856948852539e-01
1.362233078854030222e+00,6.405000090599060059e-01
1.362347523975576236e+00,6.434999704360961914e-01
1.362461878382838165e+00,6.384999752044677734e-01
1.362576142219511066e+00,6.399999856948852539e-01
1.362690315628947824e+00,6.389999985694885254e-01
1.362804398754162039e+00,6.470000147819519043e-01
1.362918391737827806e+00,6.395000219345092773e-01
1.363032294722281046e+00,6.380000114440917969e-01
1.363146107849521504e+00,6.370000243186950684e-01
1.363259831261212751e+00,6.430000066757202148e-01
1.363373465098683734e+00,6.349999904632568359e-01
1.363487009502929448e+00,6.365000009536743164e-01
1.363600464614612484e+00,6.384999752044677734e-01
1.363713830574063923e+00,6.389999985694885254e-01
1.363827107521284221e+00,6.374999880790710449e-01
1.363940295595943653e+00,6.420000195503234863e-01
1.364053394937385422e+00,6.374999880790710449e-01
1.364166405684624106e+00,6.395000219345092773e-01
1.364279327976348100e+00,6.445000171661376953e-01
1.364392161950920723e+00,6.405000090599060059e-01
1.364504907746380669e+00,6.374999880790710449e-01
1.364617565500443108e+00,6.449999809265136719e-01
1.364730135350501250e+00,6.370000243186950684e-01
1.364842617433626559e+00,6.409999728202819824e-01
1.364955011886570313e+00,6.405000090599060059e-01
1.365067318845764044e+00,6.365000009536743164e-01
1.365179538447321983e+00,6.474999785423278809e-01
1.365291670827039727e+00,6.384999752044677734e-01
1.365403716120397126e+00,6.395000219345092773e-01
1.365515674462558504e+00,6.414999961853027344e-01
1.365627545988373992e+00,6.370000243186950684e-01
1.365739330832379972e+00,6.380000114440917969e-01
1.365851029128799965e+00,6.384999752044677734e-01
1.365962641011547074e+00,6.420000195503234863e-01
1.366074166614222651e+00,6.365000009536743164e-01
1.366185606070118963e+00,6.434999704360961914e-01
1.366296959512219855e+00,6.409999728202819824e-01
1.366408227073201198e+00,6.399999856948852539e-01
1.366519408885432441e+00,6.405000090599060059e-01
1.366630505080976610e+00,6.399999856948852539e-01
1.366741515791592532e+00,6.445000171661376953e-01
1.366852441148734831e+00,6.399999856948852539e-01
1.366963281283554821e+00,6.449999809265136719e-01
1.367074036326902053e+00,6.384999752044677734e-01
1.367184706409325656e+00,6.414999961853027344e-01
1.367295291661073220e+00,6.430000066757202148e-01
1.367405792212094351e+00,6.380000114440917969e-01
1.367516208192039118e+00,6.439999938011169434e-01
1.367626539730260493e+00,6.384999752044677734e-01
1.367736786955815909e+00,6.414999961853027344e-01
1.367846949997465700e+00,6.430000066757202148e-01
1.367957028983676437e+00,6.380000114440917969e-01
1.368067024042620039e+00,6.355000138282775879e-01
1.368176935302176433e+00,6.409999728202819824e-01
1.368286762889932895e+00,6.359999775886535645e-01
1.368396506933185597e+00,6.445000171661376953e-01
1.368506167558940723e+00,6.370000243186950684e-01
1.368615744893914465e+00,6.374999880790710449e-01
1.368725239064534804e+00,6.445000171661376953e-01
1.368834650196942837e+00,6.359999775886535645e-01
1.368943978416991447e+00,6.395000219345092773e-01
1.369053223850248635e+00,6.405000090599060059e-01
1.369162386621997296e+00,6.374999880790710449e-01
1.369271466857235886e+00,6.389999985694885254e-01
1.369380464680679310e+00,6.384999752044677734e-01
1.369489380216760921e+00,6.370000243186950684e-01
1.369598213589631186e+00,6.414999961853027344e-01
1.369706964923160797e+00,6.409999728202819824e-01
1.369815634340940225e+00,6.395000219345092773e-01
1.369924221966281053e+00,6.445000171661376953e-01
1.370032727922215976e+00,6.420000195503234863e-01
1.370141152331501244e+00,6.389999985694885254e-01
1.370249495316615995e+00,6.399999856948852539e-01
1.370357756999763366e+00,6.445000171661376953e-01
1.370465937502872267e+00,6.380000114440917969e-01
1.370574036947597385e+00,6.434999704360961914e-01
