# kappa, accuracy
0.000000000000000000e+00,4.809444546699523926e-01
3.461191003051551363e-01,6.082777976989746094e-01
4.394160533908892385e-01,6.081111431121826172e-01
4.956069129828875597e-01,6.229444742202758789e-01
5.359440040275590400e-01,6.216111183166503906e-01
5.674322626622751997e-01,6.347777843475341797e-01
5.932640838717604392e-01,6.368333697319030762e-01
6.151655086018595897e-01,6.367777585983276367e-01
6.341761332190783973e-01,6.315000057220458984e-01
6.509708593216438910e-01,6.321666836738586426e-01
6.660127539930823515e-01,6.438888907432556152e-01
6.796333648559973462e-01,6.443889141082763672e-01
6.920782459384656748e-01,6.441666483879089355e-01
7.035343443714492384e-01,6.433333158493041992e-01
7.141472841582844344e-01,6.430555582046508789e-01
7.240327136839100897e-01,6.436111330986022949e-01
7.332840071122117553e-01,6.435555815696716309e-01
7.419776410346339279e-01,6.428889036178588867e-01
7.501770407377190697e-01,6.442778110504150391e-01
7.579353907735452145e-01,6.492222547531127930e-01
7.652977274621904913e-01,6.472222208976745605e-01
7.723025228145105059e-01,6.525000333786010742e-01
7.789829013557658666e-01,6.437222361564636230e-01
7.853675874403275303e-01,6.471111178398132324e-01
7.914816516600655660e-01,6.520555615425109863e-01
7.973471054024908744e-01,6.476111412048339844e-01
8.029833791849055880e-01,6.521111130714416504e-01
8.084077110051672843e-01,6.516110897064208984e-01
8.136354642876908461e-01,6.488888859748840332e-01
8.186803902068239269e-01,6.543889045715332031e-01
8.235548456709044229e-01,6.525000333786010742e-01
8.282699756670627300e-01,6.518333554267883301e-01
8.328358667381289271e-01,6.575000286102294922e-01
8.372616769080069021e-01,6.516110897064208984e-01
8.415557462635567809e-01,6.503333449363708496e-01
8.457256915491601079e-01,6.552777886390686035e-01
8.497784874698280921e-01,6.526666879653930664e-01
8.537205368828255647e-01,6.554999947547912598e-01
8.575577316517241089e-01,6.480555534362792969e-01
8.612955056149442790e-01,6.532222032546997070e-01
8.649388808640450232e-01,6.500000357627868652e-01
8.684925083208527852e-01,6.557222008705139160e-01
8.719607034360138398e-01,6.577777862548828125e-01
8.753474776963329207e-01,6.564444303512573242e-01
8.786565665178651674e-01,6.556110978126525879e-01
8.818914540111348899e-01,6.522777676582336426e-01
8.850553950301703887e-01,6.589999794960021973e-01
8.881514348551801108e-01,6.585555672645568848e-01
8.911824268072312538e-01,6.526666879653930664e-01
8.941510480503093161e-01,6.554444432258605957e-01
8.970598138000824839e-01,6.541666984558105469e-01
8.999110901283456920e-01,6.597777605056762695e-01
9.027071055264741517e-01,6.596111059188842773e-01
9.054499613694796389e-01,6.548333168029785156e-01
9.081416414037598583e-01,6.476111412048339844e-01
9.107840203658515987e-01,6.523888707160949707e-01
9.133788718259832073e-01,6.554444432258605957e-01
9.159278753386189686e-01,6.612222194671630859e-01
9.184326229721959667e-01,6.591111421585083008e-01
9.208946252816316846e-01,6.411666870117187500e-01
9.233153167797069072e-01,6.723333597183227539e-01
9.256960609569478970e-01,6.554999947547912598e-01
9.280381548939965475e-01,6.685000061988830566e-01
9.303428335055274889e-01,6.606110930442810059e-01
9.326112734504823365e-01,6.424999833106994629e-01
9.348445967396153966e-01,6.429444551467895508e-01
9.370438740680391287e-01,6.677222251892089844e-01
9.392101278975505396e-01,6.641666889190673828e-01
9.413443353109466338e-01,6.358888745307922363e-01
9.434474306582775194e-01,6.480555534362792969e-01
9.455203080129731541e-01,6.281111240386962891e-01
9.475638234540060267e-01,6.606666445732116699e-01
9.495787971886676671e-01,6.356111168861389160e-01
9.515660155291345568e-01,6.265000104904174805e-01
9.535262327347431288e-01,6.410000324249267578e-01
9.554601727307752146e-01,6.608889102935791016e-01
9.573685307135586520e-01,6.332222223281860352e-01
9.592519746507852663e-01,6.406111121177673340e-01
9.611111466851508522e-01,6.420000195503234863e-01
9.629466644486975868e-01,6.521666646003723145e-01
9.647591222945909317e-01,6.675555706024169922e-01
9.665490924524763328e-01,6.367777585983276367e-01
9.683171261130363305e-01,6.268333196640014648e-01
9.700637544468931894e-01,6.473888754844665527e-01
9.717894895625659446e-01,6.767222285270690918e-01
9.734948254078062968e-01,6.454444527626037598e-01
9.751802386182850668e-01,6.173333525657653809e-01
9.768461893172718513e-01,6.692777872085571289e-01
9.784931218696691912e-01,6.500555872917175293e-01
9.801214655934912257e-01,6.614444255828857422e-01
9.817316354316365512e-01,6.516110897064208984e-01
9.833240325865849618e-01,6.777777671813964844e-01
9.848990451204465701e-01,6.617777943611145020e-01
9.864570485226104024e-01,6.528333425521850586e-01
9.879984062470659190e-01,6.277222037315368652e-01
9.895234702213253630e-01,6.198333501815795898e-01
9.910325813287258478e-01,6.708889007568359375e-01
9.925260698657659697e-01,6.683333516120910645e-01
9.940042559760138285e-01,6.577777862548828125e-01
9.954674500620083188e-01,6.681111454963684082e-01
9.969159531764828497e-01,6.615000367164611816e-01
9.983500573941425094e-01,6.495000123977661133e-01
9.997700461651457537e-01,6.795555353164672852e-01
1.001176194651357099e+00,6.356111168861389160e-01
1.002568770046372348e+00,6.441110968589782715e-01
1.003948031880243619e+00,6.456666588783264160e-01
1.005314232309777900e+00,6.377222537994384766e-01
1.006667616395216847e+00,6.412222385406494141e-01
1.008008422364058632e+00,6.149444580078125000e-01
1.009336881862735069e+00,6.421111226081848145e-01
1.010653220196804813e+00,6.527222394943237305e-01
1.011957656560288132e+00,6.340000033378601074e-01
1.013250404254725456e+00,6.783888936042785645e-01
1.014531670898509486e+00,6.818888783454895020e-01
1.015801658627003334e+00,6.579444408416748047e-01
1.017060564283925883e+00,6.687777638435363770e-01
1.018308579604459752e+00,6.285555362701416016e-01
1.019545891390507775e+00,6.516110897064208984e-01
1.020772681678495442e+00,6.649444699287414551e-01
1.021989127900102101e+00,6.772222518920898438e-01
1.023195403036268880e+00,6.314444541931152344e-01
1.024391675764824150e+00,6.578333377838134766e-01
1.025578110602036963e+00,6.632778048515319824e-01
1.026754868038398438e+00,6.735000014305114746e-01
1.027922104668908654e+00,6.485000252723693848e-01
1.029079973318136831e+00,6.769999861717224121e-01
1.030228623160301504e+00,6.427778005599975586e-01
1.031368199834609367e+00,6.496666669845581055e-01
1.032498845556073075e+00,6.270555853843688965e-01
1.033620699222021377e+00,6.691111326217651367e-01
1.034733896514498763e+00,6.545555591583251953e-01
1.035838569998746017e+00,6.796666979789733887e-01
1.036934849217938215e+00,6.665555834770202637e-01
1.038022860784349799e+00,6.694444417953491211e-01
1.039102728467109049e+00,6.522777676582336426e-01
1.040174573276691161e+00,6.618333458900451660e-01
1.041238513546296929e+00,6.472222208976745605e-01
1.042294665010251364e+00,6.606666445732116699e-01
1.043343140879555264e+00,6.699444651603698730e-01
1.044384051914709621e+00,6.771110892295837402e-01
1.045417506495931015e+00,6.373333334922790527e-01
1.046443610690873216e+00,6.431666612625122070e-01
1.047462468319953377e+00,6.495000123977661133e-01
1.048474181019390050e+00,6.763333678245544434e-01
1.049478848302046075e+00,6.767222285270690918e-01
1.050476567616166923e+00,6.725555658340454102e-01
1.051467434402101997e+00,6.790000200271606445e-01
1.052451542147091690e+00,5.993888974189758301e-01
1.053428982438197714e+00,6.381666660308837891e-01
1.054399845013454184e+00,6.462777853012084961e-01
1.055364217811306071e+00,6.782222390174865723e-01
1.056322187018409631e+00,6.750555634498596191e-01
1.057273837115853876e+00,6.545000076293945312e-01
1.058219250923867705e+00,6.493333578109741211e-01
1.059158509645073742e+00,6.766111254692077637e-01
1.060091692906340644e+00,6.520000100135803223e-01
1.061018878799291576e+00,6.783333420753479004e-01
1.061940143919520851e+00,6.772222518920898438e-01
1.062855563404562664e+00,6.541666984558105469e-01
1.063765210970667008e+00,6.314444541931152344e-01
1.064669158948419847e+00,6.192777752876281738e-01
1.065567478317257732e+00,6.737777590751647949e-01
1.066460238738910382e+00,6.693888902664184570e-01
1.067347508589818972e+00,6.468889117240905762e-01
1.068229354992560998e+00,6.785555481910705566e-01
1.069105843846321902e+00,6.641666889190673828e-01
1.069977039856445211e+00,6.266111135482788086e-01
1.070843006563097388e+00,6.750555634498596191e-01
1.071703806369076029e+00,6.558889150619506836e-01
1.072559500566795609e+00,6.802777647972106934e-01
1.073410149364474764e+00,6.556110978126525879e-01
1.074255811911557279e+00,6.476111412048339844e-01
1.075096546323393909e+00,6.583333611488342285e-01
1.075932409705206982e+00,6.356111168861389160e-01
1.076763458175365118e+00,6.691666841506958008e-01
1.077589746887993361e+00,6.361666917800903320e-01
1.078411330054936057e+00,6.588333249092102051e-01
1.079228260967101338e+00,6.629444360733032227e-01
1.080040592015203194e+00,6.539999842643737793e-01
1.080848374709922011e+00,6.694444417953491211e-01
1.081651659701505341e+00,6.513333320617675781e-01
1.082450496798825101e+00,6.703333258628845215e-01
1.083244934987910746e+00,6.378889083862304688e-01
1.084035022449973740e+00,6.455555558204650879e-01
1.084820806578942642e+00,6.489444375038146973e-01
1.085602333998522351e+00,6.664444804191589355e-01
1.086379650578793932e+00,6.700555682182312012e-01
1.087152801452370143e+00,6.324444413185119629e-01
1.087921831030118414e+00,6.504444479942321777e-01
1.088686783016470594e+00,6.679999828338623047e-01
1.089447700424324816e+00,6.719999909400939941e-01
1.090204625589560328e+00,6.757222414016723633e-01
1.090957600185170184e+00,6.455000042915344238e-01
1.091706665235028684e+00,6.586111187934875488e-01
1.092451861127304635e+00,6.591666936874389648e-01
1.093193227627526021e+00,6.629444360733032227e-01
1.093930803891314918e+00,6.711111068725585938e-01
1.094664628476796242e+00,6.588333249092102051e-01
1.095394739356692293e+00,6.789444684982299805e-01
1.096121173930114878e+00,6.430000066757202148e-01
1.096843969034058563e+00,6.332222223281860352e-01
1.097563160954611927e+00,6.256666779518127441e-01
1.098278785437886818e+00,6.270000338554382324e-01
1.098990877700679158e+00,6.816666722297668457e-01
1.099699472440869297e+00,6.378333568572998047e-01
1.100404603847567220e+00,6.652777791023254395e-01
1.101106305611008862e+00,6.795555353164672852e-01
1.101804610932217487e+00,6.484444737434387207e-01
1.102499552532428595e+00,6.791666746139526367e-01
1.103191162662289670e+00,6.313333511352539062e-01
1.103879473110842335e+00,6.790555715560913086e-01
1.104564515214288667e+00,6.321666836738586426e-01
1.105246319864552351e+00,6.547777652740478516e-01
1.105924917517637107e+00,6.754444241523742676e-01
1.106600338201790823e+00,6.508333683013916016e-01
1.107272611525477846e+00,6.568333506584167480e-01
1.107941766685168083e+00,6.396666765213012695e-01
1.108607832472944477e+00,6.096110939979553223e-01
1.109270837283937716e+00,6.352778077125549316e-01
1.109930809123589324e+00,6.777222156524658203e-01
1.110587775614749972e+00,6.282777786254882812e-01
1.111241764004615939e+00,6.299444437026977539e-01
1.111892801171512346e+00,6.551666855812072754e-01
1.112540913631518746e+00,6.805000305175781250e-01
1.113186127544951276e+00,6.710555553436279297e-01
1.113828468722697806e+00,6.780000329017639160e-01
1.114467962632414544e+00,6.755555868148803711e-01
1.115104634404583406e+00,6.462777853012084961e-01
1.115738508838438836e+00,6.800555586814880371e-01
1.116369610407764057e+00,6.563333272933959961e-01
1.116997963266560312e+00,6.740555763244628906e-01
1.117623591254594428e+00,6.154444217681884766e-01
1.118246517902825810e+00,6.763889193534851074e-01
1.118866766438716853e+00,6.533889174461364746e-01
1.119484359791430350e+00,6.220555901527404785e-01
1.120099320596915193e+00,6.690000295639038086e-01
1.120711671202884618e+00,6.810555458068847656e-01
1.121321433673689638e+00,6.717222332954406738e-01
1.121928629795088783e+00,6.723889112472534180e-01
1.122533281078919254e+00,6.417778134346008301e-01
1.123135408767669485e+00,6.116666793823242188e-01
1.123735033838957564e+00,6.755555868148803711e-01
1.124332177009915723e+00,6.228333115577697754e-01
1.124926858741486457e+00,6.286111474037170410e-01
1.125519099242628052e+00,6.355000138282775879e-01
1.126108918474436393e+00,6.454444527626037598e-01
1.126696336154181299e+00,6.650555729866027832e-01
1.127281371759261797e+00,6.770555377006530762e-01
1.127864044531080800e+00,6.606110930442810059e-01
1.128444373478842744e+00,6.430555582046508789e-01
1.129022377383275266e+00,6.797222495079040527e-01
1.129598074800274965e+00,6.466666460037231445e-01
1.130171484064482756e+00,6.532778143882751465e-01
1.130742623292786631e+00,6.703333258628845215e-01
1.131311510387757568e+00,6.813889145851135254e-01
1.131878163041015739e+00,6.798889040946960449e-01
1.132442598736532080e+00,6.387222409248352051e-01
1.133004834753864376e+00,6.781666874885559082e-01
1.133564888171333607e+00,6.322777867317199707e-01
1.134122775869134347e+00,6.417778134346008301e-01
1.134678514532388327e+00,6.402222514152526855e-01
1.135232120654139809e+00,6.635000109672546387e-01
1.135783610538290800e+00,6.325555443763732910e-01
1.136333000302483187e+00,6.365000009536743164e-01
1.136880305880925146e+00,6.766111254692077637e-01
1.137425543027163366e+00,6.306666731834411621e-01
1.137968727316805095e+00,6.801111102104187012e-01
1.138509874150186896e+00,6.747778058052062988e-01
1.139048998754995212e+00,6.784999966621398926e-01
1.139586116188836762e+00,6.428889036178588867e-01
1.140121241341762737e+00,6.765000224113464355e-01
1.140654388938745267e+00,6.815555691719055176e-01
1.141185573542109033e+00,6.393333673477172852e-01
1.141714809553916687e+00,6.673333644866943359e-01
1.142242111218313649e+00,6.295000314712524414e-01
1.142767492623827152e+00,6.507777571678161621e-01
1.143290967705624883e+00,6.471111178398132324e-01
1.143812550247734094e+00,6.398888826370239258e-01
1.144332253885217421e+00,6.750555634498596191e-01
1.144850092106313610e+00,6.188333630561828613e-01
1.145366078254536735e+00,6.492778062820434570e-01
1.145880225530739427e+00,6.759999990463256836e-01
1.146392546995139705e+00,6.410555839538574219e-01
1.146903055569312269e+00,6.342222094535827637e-01
1.147411764038141602e+00,6.801666617393493652e-01
1.147918685051745991e+00,6.817777752876281738e-01
1.148423831127363126e+00,6.633889079093933105e-01
1.148927214651205508e+00,6.474444270133972168e-01
1.149428847880282545e+00,6.411111354827880859e-01
1.149928742944190896e+00,6.514444351196289062e-01
1.150426911846875511e+00,6.390555500984191895e-01
1.150923366468357800e+00,6.410000324249267578e-01
1.151418118566436721e+00,6.316111087799072266e-01
1.151911179778358552e+00,6.316666603088378906e-01
1.152402561622460242e+00,6.567777991294860840e-01
1.152892275499783681e+00,6.443889141082763672e-01
1.153380332695662203e+00,6.389444470405578613e-01
1.153866744381282228e+00,6.291666626930236816e-01
1.154351521615216702e+00,6.615000367164611816e-01
1.154834675344934114e+00,6.370000243186950684e-01
1.155316216408281083e+00,6.796666979789733887e-01
1.155796155534942526e+00,6.435000300407409668e-01
1.156274503347874294e+00,6.524444222450256348e-01
1.156751270364715589e+00,6.389444470405578613e-01
1.157226466999176084e+00,6.809444427490234375e-01
1.157700103562399940e+00,6.423888802528381348e-01
1.158172190264309842e+00,6.583889126777648926e-01
1.158642737214925722e+00,6.782777905464172363e-01
1.159111754425665941e+00,6.447222232818603516e-01
1.159579251810622713e+00,6.821666955947875977e-01
1.160045239187822652e+00,6.798889040946960449e-01
1.160509726280461562e+00,6.616111397743225098e-01
1.160972722718122796e+00,6.660555601119995117e-01
1.161434238037974964e+00,6.365000009536743164e-01
1.161894281685950103e+00,6.400555372238159180e-01
1.162352863017905413e+00,6.721110939979553223e-01
1.162809991300762791e+00,6.369444727897644043e-01
1.163265675713633485e+00,6.671110987663269043e-01
1.163719925348924766e+00,6.296666860580444336e-01
1.164172749213426838e+00,6.401666998863220215e-01
1.164624156229385532e+00,6.598889231681823730e-01
1.165074155235557019e+00,6.496111154556274414e-01
1.165522754988245424e+00,6.396666765213012695e-01
1.165969964162327122e+00,6.381666660308837891e-01
1.166415791352254594e+00,6.808333396911621094e-01
1.166860245073050084e+00,6.687222123146057129e-01
1.167303333761279260e+00,6.469444632530212402e-01
1.167745065776013336e+00,6.773889064788818359e-01
1.168185449399775200e+00,6.610555648803710938e-01
1.168624492839470674e+00,6.398333311080932617e-01
1.169062204227306889e+00,6.622222065925598145e-01
1.169498591621695338e+00,6.346111297607421875e-01
1.169933663008142499e+00,6.681111454963684082e-01
1.170367426300127578e+00,6.576666831970214844e-01
1.170799889339963373e+00,6.573333144187927246e-01
1.171231059899650262e+00,6.475555896759033203e-01
1.171660945681712418e+00,6.538888812065124512e-01
1.172089554320023597e+00,6.352222561836242676e-01
1.172516893380620706e+00,6.200000047683715820e-01
1.172942970362505610e+00,6.809444427490234375e-01
1.173367792698434497e+00,6.713333129882812500e-01
1.173791367755695259e+00,6.403889060020446777e-01
1.174213702836874873e+00,6.834999918937683105e-01
1.174634805180614361e+00,6.422777771949768066e-01
1.175054681962353298e+00,6.296111345291137695e-01
1.175473340295063673e+00,6.514999866485595703e-01
1.175890787229972645e+00,6.593888998031616211e-01
1.176307029757275524e+00,6.150555610656738281e-01
1.176722074806836771e+00,6.657778024673461914e-01
1.177135929248884993e+00,6.567777991294860840e-01
1.177548599894692183e+00,6.395555734634399414e-01
1.177960093497247618e+00,6.590555906295776367e-01
1.178370416751922001e+00,6.127777695655822754e-01
1.178779576297119602e+00,6.327778100967407227e-01
1.179187578714923523e+00,6.811666488647460938e-01
1.179594430531730076e+00,6.526111364364624023e-01
1.180000138218876504e+00,6.786110997200012207e-01
1.180404708193257379e+00,6.407777667045593262e-01
1.180808146817934556e+00,6.305555701255798340e-01
1.181210460402736917e+00,6.448333263397216797e-01
1.181611655204853006e+00,6.560000181198120117e-01
1.182011737429414344e+00,6.245555877685546875e-01
1.182410713230072075e+00,6.413888931274414062e-01
1.182808588709564290e+00,6.636666655540466309e-01
1.183205369920276473e+00,6.517222523689270020e-01
1.183601062864793496e+00,6.568333506584167480e-01
1.183995673496444745e+00,6.707222461700439453e-01
1.184389207719841908e+00,6.484444737434387207e-01
1.184781671391408553e+00,6.530555486679077148e-01
1.185173070319902822e+00,6.609444618225097656e-01
1.185563410266934792e+00,6.493333578109741211e-01
1.185952696947472740e+00,6.568889021873474121e-01
1.186340936030348070e+00,6.757777929306030273e-01
1.186728133138748698e+00,6.815555691719055176e-01
1.187114293850708657e+00,6.588333249092102051e-01
1.187499423699589274e+00,6.618888974189758301e-01
1.187883528174556558e+00,6.731111407279968262e-01
1.188266612721048832e+00,6.826666593551635742e-01
1.188648682741241247e+00,6.742777824401855469e-01
1.189029743594501864e+00,6.359999775886535645e-01
1.189409800597843958e+00,6.398888826370239258e-01
1.189788859026369439e+00,6.523333191871643066e-01
1.190166924113710722e+00,6.303889155387878418e-01
1.190544001052460832e+00,6.697778105735778809e-01
1.190920094994604828e+00,6.571666598320007324e-01
1.191295211051939695e+00,6.287222504615783691e-01
1.191669354296492456e+00,6.365000009536743164e-01
1.192042529760931391e+00,6.593888998031616211e-01
1.192414742438971942e+00,6.189444661140441895e-01
1.192785997285777944e+00,6.360555887222290039e-01
1.193156299218357308e+00,6.721666455268859863e-01
1.193525653115952601e+00,6.212778091430664062e-01
1.193894063820427398e+00,6.730555891990661621e-01
1.194261536136646651e+00,6.509444713592529297e-01
1.194628074832852827e+00,6.483889222145080566e-01
1.194993684641036724e+00,6.493333578109741211e-01
1.195358370257304959e+00,6.743333339691162109e-01
1.195722136342240338e+00,6.688888669013977051e-01
1.196084987521261578e+00,6.740000247955322266e-01
1.196446928384973907e+00,6.806666851043701172e-01
1.196807963489518345e+00,6.314444541931152344e-01
1.197168097356916761e+00,6.834999918937683105e-01
1.197527334475410044e+00,6.348333358764648438e-01
1.197885679299795392e+00,6.403333544731140137e-01
1.198243136251756269e+00,6.452222466468811035e-01
1.198599709720190587e+00,6.239444613456726074e-01
1.198955404061534447e+00,6.723889112472534180e-01
1.199310223600080327e+00,6.190555691719055176e-01
1.199664172628293279e+00,6.572222113609313965e-01
1.200017255407122896e+00,6.431111097335815430e-01
1.200369476166309735e+00,6.437777876853942871e-01
1.200720839104691295e+00,6.410000324249267578e-01
1.201071348390500004e+00,6.744444370269775391e-01
1.201421008161662085e+00,6.782222390174865723e-01
1.201769822526089104e+00,6.446111202239990234e-01
1.202117795561968849e+00,6.675000190734863281e-01
1.202464931318049546e+00,6.613333225250244141e-01
1.202811233813925407e+00,6.392222046852111816e-01
1.203156707040312190e+00,6.784444451332092285e-01
1.203501354959327196e+00,6.134444475173950195e-01
1.203845181504758388e+00,6.201111078262329102e-01
1.204188190582335505e+00,6.452777981758117676e-01
1.204530386069996517e+00,6.201666593551635742e-01
1.204871771818150084e+00,6.737777590751647949e-01
1.205212351649934899e+00,6.447222232818603516e-01
1.205552129361478597e+00,6.358333230018615723e-01
1.205891108722149108e+00,6.734444499015808105e-01
1.206229293474807562e+00,6.529444456100463867e-01
1.206566687336054988e+00,6.464444398880004883e-01
1.206903293996478110e+00,6.786666512489318848e-01
1.207239117120891603e+00,6.817777752876281738e-01
1.207574160348576786e+00,6.513888835906982422e-01
1.207908427293519438e+00,5.000000000000000000e-01
1.208241921544641606e+00,5.000000000000000000e-01
1.208574646666035424e+00,5.000000000000000000e-01
1.208906606197190259e+00,5.000000000000000000e-01
1.209237803653218091e+00,5.000000000000000000e-01
1.209568242525078219e+00,5.000000000000000000e-01
1.209897926279797531e+00,5.000000000000000000e-01
1.210226858360687219e+00,5.000000000000000000e-01
1.210555042187561714e+00,5.000000000000000000e-01
1.210882481156948964e+00,5.000000000000000000e-01
1.211209178642303375e+00,5.000000000000000000e-01
1.211535137994213196e+00,5.000000000000000000e-01
1.211860362540607250e+00,5.000000000000000000e-01
1.212184855586958765e+00,5.000000000000000000e-01
1.212508620416486327e+00,5.000000000000000000e-01
1.212831660290354385e+00,5.000000000000000000e-01
1.213153978447869319e+00,5.000000000000000000e-01
1.213475578106674835e+00,5.000000000000000000e-01
1.213796462462944703e+00,5.000000000000000000e-01
1.214116634691572383e+00,5.000000000000000000e-01
1.214436097946361315e+00,5.000000000000000000e-01
1.214754855360209884e+00,5.000000000000000000e-01
1.215072910045296384e+00,5.000000000000000000e-01
1.215390265093260647e+00,5.000000000000000000e-01
1.215706923575385456e+00,5.000000000000000000e-01
1.216022888542774405e+00,5.000000000000000000e-01
1.216338163026527530e+00,5.000000000000000000e-01
1.216652750037916730e+00,5.000000000000000000e-01
1.216966652568558516e+00,5.000000000000000000e-01
1.217279873590583206e+00,5.000000000000000000e-01
1.217592416056806126e+00,5.000000000000000000e-01
1.217904282900892365e+00,5.000000000000000000e-01
1.218215477037522865e+00,5.000000000000000000e-01
1.218526001362558731e+00,5.000000000000000000e-01
1.218835858753201329e+00,5.000000000000000000e-01
1.219145052068153490e+00,5.000000000000000000e-01
1.219453584147777603e+00,5.000000000000000000e-01
1.219761457814251049e+00,5.000000000000000000e-01
1.220068675871722519e+00,5.000000000000000000e-01
1.220375241106465003e+00,5.000000000000000000e-01
1.220681156287025892e+00,5.000000000000000000e-01
1.220986424164379303e+00,5.000000000000000000e-01
1.221291047472073288e+00,5.000000000000000000e-01
1.221595028926376170e+00,5.000000000000000000e-01
1.221898371226422864e+00,5.000000000000000000e-01
1.222201077054358542e+00,5.000000000000000000e-01
1.222503149075480300e+00,5.000000000000000000e-01
1.222804589938378594e+00,5.000000000000000000e-01
1.223105402275076248e+00,5.000000000000000000e-01
1.223405588701166558e+00,5.000000000000000000e-01
1.223705151815949854e+00,5.000000000000000000e-01
1.224004094202567616e+00,5.000000000000000000e-01
1.224302418428137473e+00,5.000000000000000000e-01
1.224600127043884656e+00,5.000000000000000000e-01
1.224897222585273671e+00,5.000000000000000000e-01
1.225193707572135748e+00,5.000000000000000000e-01
1.225489584508800300e+00,5.000000000000000000e-01
1.225784855884218816e+00,5.000000000000000000e-01
1.226079524172093427e+00,5.000000000000000000e-01
1.226373591830997700e+00,5.000000000000000000e-01
1.226667061304503425e+00,5.000000000000000000e-01
1.226959935021299408e+00,5.000000000000000000e-01
1.227252215395313817e+00,5.000000000000000000e-01
1.227543904825833643e+00,5.000000000000000000e-01
1.227835005697621495e+00,5.000000000000000000e-01
1.228125520381033731e+00,5.000000000000000000e-01
1.228415451232136135e+00,5.000000000000000000e-01
1.228704800592817836e+00,5.000000000000000000e-01
1.228993570790906320e+00,5.000000000000000000e-01
1.229281764140278010e+00,5.000000000000000000e-01
1.229569382940970401e+00,5.000000000000000000e-01
1.229856429479292190e+00,5.000000000000000000e-01
1.230142906027932748e+00,5.000000000000000000e-01
1.230428814846068919e+00,5.000000000000000000e-01
1.230714158179473383e+00,5.000000000000000000e-01
1.230998938260618569e+00,5.000000000000000000e-01
1.231283157308783682e+00,5.000000000000000000e-01
1.231566817530156843e+00,5.000000000000000000e-01
1.231849921117938340e+00,5.000000000000000000e-01
1.232132470252442991e+00,5.000000000000000000e-01
1.232414467101199840e+00,5.000000000000000000e-01
1.232695913819052080e+00,5.000000000000000000e-01
1.232976812548256973e+00,5.000000000000000000e-01
1.233257165418582435e+00,5.000000000000000000e-01
1.233536974547404741e+00,5.000000000000000000e-01
1.233816242039803557e+00,5.000000000000000000e-01
1.234094969988657864e+00,5.000000000000000000e-01
1.234373160474739661e+00,5.000000000000000000e-01
1.234650815566807225e+00,5.000000000000000000e-01
1.234927937321697700e+00,5.000000000000000000e-01
1.235204527784417694e+00,5.000000000000000000e-01
1.235480588988235207e+00,5.000000000000000000e-01
1.235756122954767111e+00,5.000000000000000000e-01
1.236031131694071084e+00,5.000000000000000000e-01
1.236305617204730645e+00,5.000000000000000000e-01
1.236579581473943978e+00,5.000000000000000000e-01
1.236853026477608974e+00,5.000000000000000000e-01
1.237125954180411158e+00,5.000000000000000000e-01
1.237398366535905625e+00,5.000000000000000000e-01
1.237670265486602084e+00,5.000000000000000000e-01
1.237941652964048567e+00,5.000000000000000000e-01
1.238212530888912477e+00,5.000000000000000000e-01
1.238482901171063633e+00,5.000000000000000000e-01
1.238752765709653536e+00,5.000000000000000000e-01
1.239022126393196643e+00,5.000000000000000000e-01
1.239290985099649411e+00,5.000000000000000000e-01
1.239559343696487348e+00,5.000000000000000000e-01
1.239827204040785613e+00,5.000000000000000000e-01
1.240094567979293849e+00,5.000000000000000000e-01
1.240361437348513451e+00,5.000000000000000000e-01
1.240627813974773286e+00,5.000000000000000000e-01
1.240893699674304296e+00,5.000000000000000000e-01
1.241159096253314331e+00,5.000000000000000000e-01
1.241424005508061645e+00,5.000000000000000000e-01
1.241688429224926837e+00,5.000000000000000000e-01
1.241952369180487237e+00,5.000000000000000000e-01
1.242215827141586404e+00,5.000000000000000000e-01
1.242478804865405850e+00,5.000000000000000000e-01
1.242741304099536093e+00,5.000000000000000000e-01
1.243003326582045487e+00,5.000000000000000000e-01
1.243264874041549506e+00,5.000000000000000000e-01
1.243525948197278908e+00,5.000000000000000000e-01
1.243786550759147902e+00,5.000000000000000000e-01
1.244046683427821431e+00,5.000000000000000000e-01
1.244306347894781339e+00,5.000000000000000000e-01
1.244565545842393206e+00,5.000000000000000000e-01
1.244824278943970075e+00,5.000000000000000000e-01
1.245082548863839289e+00,5.000000000000000000e-01
1.245340357257405106e+00,5.000000000000000000e-01
1.245597705771213537e+00,5.000000000000000000e-01
1.245854596043014517e+00,5.000000000000000000e-01
1.246111029701825190e+00,5.000000000000000000e-01
1.246367008367991192e+00,5.000000000000000000e-01
1.246622533653248599e+00,5.000000000000000000e-01
1.246877607160784995e+00,5.000000000000000000e-01
1.247132230485299198e+00,5.000000000000000000e-01
1.247386405213061433e+00,5.000000000000000000e-01
1.247640132921972178e+00,5.000000000000000000e-01
1.247893415181621890e+00,5.000000000000000000e-01
1.248146253553348517e+00,5.000000000000000000e-01
1.248398649590295673e+00,5.000000000000000000e-01
1.248650604837468814e+00,5.000000000000000000e-01
1.248902120831793860e+00,5.000000000000000000e-01
1.249153199102171374e+00,5.000000000000000000e-01
1.249403841169534291e+00,5.000000000000000000e-01
1.249654048546901652e+00,5.000000000000000000e-01
1.249903822739434567e+00,5.000000000000000000e-01
1.250153165244489273e+00,5.000000000000000000e-01
1.250402077551671987e+00,5.000000000000000000e-01
1.250650561142892192e+00,5.000000000000000000e-01
1.250898617492415266e+00,5.000000000000000000e-01
1.251146248066915323e+00,5.000000000000000000e-01
1.251393454325526511e+00,5.000000000000000000e-01
1.251640237719895632e+00,5.000000000000000000e-01
1.251886599694232549e+00,5.000000000000000000e-01
1.252132541685361034e+00,5.000000000000000000e-01
1.252378065122768946e+00,5.000000000000000000e-01
1.252623171428659088e+00,5.000000000000000000e-01
1.252867862017996714e+00,5.000000000000000000e-01
1.253112138298560607e+00,5.000000000000000000e-01
1.253356001670989928e+00,5.000000000000000000e-01
1.253599453528833507e+00,5.000000000000000000e-01
1.253842495258597589e+00,5.000000000000000000e-01
1.254085128239792457e+00,5.000000000000000000e-01
1.254327353844980397e+00,5.000000000000000000e-01
1.254569173439820773e+00,5.000000000000000000e-01
1.254810588383118430e+00,5.000000000000000000e-01
1.255051600026867442e+00,5.000000000000000000e-01
1.255292209716298180e+00,5.000000000000000000e-01
1.255532418789920390e+00,5.000000000000000000e-01
1.255772228579570271e+00,5.000000000000000000e-01
1.256011640410452879e+00,5.000000000000000000e-01
1.256250655601186761e+00,5.000000000000000000e-01
1.256489275463848143e+00,5.000000000000000000e-01
1.256727501304012673e+00,5.000000000000000000e-01
1.256965334420799607e+00,5.000000000000000000e-01
1.257202776106913777e+00,5.000000000000000000e-01
1.257439827648688002e+00,5.000000000000000000e-01
1.257676490326124830e+00,5.000000000000000000e-01
1.257912765412936729e+00,5.000000000000000000e-01
1.258148654176590275e+00,5.000000000000000000e-01
1.258384157878343235e+00,5.000000000000000000e-01
1.258619277773287637e+00,5.000000000000000000e-01
1.258854015110389746e+00,5.000000000000000000e-01
1.259088371132528472e+00,5.000000000000000000e-01
1.259322347076535564e+00,5.000000000000000000e-01
1.259555944173235353e+00,5.000000000000000000e-01
1.259789163647482280e+00,5.000000000000000000e-01
1.260022006718201082e+00,5.000000000000000000e-01
1.260254474598423879e+00,5.000000000000000000e-01
1.260486568495328363e+00,5.000000000000000000e-01
1.260718289610275322e+00,5.000000000000000000e-01
1.260949639138846168e+00,5.000000000000000000e-01
1.261180618270879794e+00,5.000000000000000000e-01
1.261411228190509437e+00,5.000000000000000000e-01
1.261641470076198646e+00,5.000000000000000000e-01
1.261871345100778585e+00,5.000000000000000000e-01
1.262100854431482011e+00,5.000000000000000000e-01
1.262329999229980793e+00,5.000000000000000000e-01
1.262558780652419443e+00,5.000000000000000000e-01
1.262787199849452202e+00,5.000000000000000000e-01
1.263015257966275007e+00,5.000000000000000000e-01
1.263242956142662576e+00,5.000000000000000000e-01
1.263470295513001052e+00,5.000000000000000000e-01
1.263697277206321967e+00,5.000000000000000000e-01
1.263923902346337114e+00,5.000000000000000000e-01
1.264150172051470733e+00,5.000000000000000000e-01
1.264376087434892382e+00,5.000000000000000000e-01
1.264601649604550682e+00,5.000000000000000000e-01
1.264826859663206182e+00,5.000000000000000000e-01
1.265051718708462447e+00,5.000000000000000000e-01
1.265276227832798694e+00,5.000000000000000000e-01
1.265500388123603104e+00,5.000000000000000000e-01
1.265724200663201016e+00,5.000000000000000000e-01
1.265947666528890014e+00,5.000000000000000000e-01
1.266170786792968794e+00,5.000000000000000000e-01
1.266393562522768912e+00,5.000000000000000000e-01
1.266615994780684318e+00,5.000000000000000000e-01
1.266838084624203997e+00,5.000000000000000000e-01
1.267059833105939060e+00,5.000000000000000000e-01
1.267281241273656045e+00,5.000000000000000000e-01
1.267502310170303348e+00,5.000000000000000000e-01
1.267723040834043191e+00,5.000000000000000000e-01
1.267943434298279826e+00,5.000000000000000000e-01
1.268163491591688397e+00,5.000000000000000000e-01
1.268383213738244475e+00,5.000000000000000000e-01
1.268602601757251591e+00,5.000000000000000000e-01
1.268821656663370767e+00,5.000000000000000000e-01
1.269040379466647606e+00,5.000000000000000000e-01
1.269258771172541600e+00,5.000000000000000000e-01
1.269476832781952558e+00,5.000000000000000000e-01
1.269694565291247912e+00,5.000000000000000000e-01
1.269911969692292031e+00,5.000000000000000000e-01
1.270129046972470643e+00,5.000000000000000000e-01
1.270345798114720148e+00,5.000000000000000000e-01
1.270562224097552928e+00,5.000000000000000000e-01
1.270778325895084437e+00,5.000000000000000000e-01
1.270994104477058517e+00,5.000000000000000000e-01
1.271209560808875372e+00,5.000000000000000000e-01
1.271424695851615549e+00,5.000000000000000000e-01
1.271639510562066588e+00,5.000000000000000000e-01
1.271854005892748996e+00,5.000000000000000000e-01
1.272068182791940671e+00,5.000000000000000000e-01
1.272282042203702446e+00,5.000000000000000000e-01
1.272495585067902946e+00,5.000000000000000000e-01
1.272708812320243910e+00,5.000000000000000000e-01
1.272921724892283502e+00,5.000000000000000000e-01
1.273134323711462734e+00,5.000000000000000000e-01
1.273346609701127452e+00,5.000000000000000000e-01
1.273558583780554310e+00,5.000000000000000000e-01
1.273770246864973643e+00,5.000000000000000000e-01
1.273981599865593006e+00,5.000000000000000000e-01
1.274192643689621818e+00,5.000000000000000000e-01
1.274403379240292900e+00,5.000000000000000000e-01
1.274613807416888012e+00,5.000000000000000000e-01
1.274823929114758947e+00,5.000000000000000000e-01
1.275033745225350623e+00,5.000000000000000000e-01
1.275243256636225286e+00,5.000000000000000000e-01
1.275452464231083383e+00,5.000000000000000000e-01
1.275661368889786429e+00,5.000000000000000000e-01
1.275869971488379440e+00,5.000000000000000000e-01
1.276078272899112909e+00,5.000000000000000000e-01
1.276286273990465014e+00,5.000000000000000000e-01
1.276493975627161603e+00,5.000000000000000000e-01
1.276701378670200615e+00,5.000000000000000000e-01
1.276908483976871178e+00,5.000000000000000000e-01
1.277115292400776037e+00,5.000000000000000000e-01
1.277321804791851756e+00,5.000000000000000000e-01
1.277528021996391150e+00,5.000000000000000000e-01
1.277733944857062154e+00,5.000000000000000000e-01
1.277939574212930030e+00,5.000000000000000000e-01
1.278144910899477793e+00,5.000000000000000000e-01
1.278349955748625089e+00,5.000000000000000000e-01
1.278554709588750171e+00,5.000000000000000000e-01
1.278759173244709224e+00,5.000000000000000000e-01
1.278963347537855899e+00,5.000000000000000000e-01
1.279167233286062411e+00,5.000000000000000000e-01
1.279370831303737299e+00,5.000000000000000000e-01
1.279574142401846970e+00,5.000000000000000000e-01
1.279777167387933678e+00,5.000000000000000000e-01
1.279979907066135070e+00,5.000000000000000000e-01
1.280182362237203275e+00,5.000000000000000000e-01
1.280384533698524674e+00,5.000000000000000000e-01
1.280586422244137657e+00,5.000000000000000000e-01
1.280788028664751721e+00,5.000000000000000000e-01
1.280989353747766346e+00,5.000000000000000000e-01
1.281190398277289200e+00,5.000000000000000000e-01
1.281391163034153902e+00,5.000000000000000000e-01
1.281591648795939342e+00,5.000000000000000000e-01
1.281791856336987445e+00,5.000000000000000000e-01
1.281991786428420266e+00,5.000000000000000000e-01
1.282191439838158864e+00,5.000000000000000000e-01
1.282390817330939958e+00,5.000000000000000000e-01
1.282589919668334577e+00,5.000000000000000000e-01
1.282788747608764934e+00,5.000000000000000000e-01
1.282987301907521971e+00,5.000000000000000000e-01
1.283185583316782230e+00,5.000000000000000000e-01
1.283383592585624955e+00,5.000000000000000000e-01
1.283581330460050074e+00,5.000000000000000000e-01
1.283778797682993522e+00,5.000000000000000000e-01
1.283975994994345005e+00,5.000000000000000000e-01
1.284172923130964428e+00,5.000000000000000000e-01
1.284369582826698108e+00,5.000000000000000000e-01
1.284565974812396094e+00,5.000000000000000000e-01
1.284762099815927039e+00,5.000000000000000000e-01
1.284957958562195746e+00,5.000000000000000000e-01
1.285153551773158043e+00,5.000000000000000000e-01
1.285348880167837660e+00,5.000000000000000000e-01
1.285543944462342214e+00,5.000000000000000000e-01
1.285738745369877867e+00,5.000000000000000000e-01
1.285933283600765975e+00,5.000000000000000000e-01
1.286127559862457970e+00,5.000000000000000000e-01
1.286321574859552008e+00,5.000000000000000000e-01
1.286515329293806298e+00,5.000000000000000000e-01
