# kappa, accuracy
0.000000000000000000e+00,4.630000293254852295e-01
6.659517763040678773e-01,7.765000462532043457e-01
7.652364467418786287e-01,8.090000152587890625e-01
8.234934632697485934e-01,8.280000686645507812e-01
8.648774474958256242e-01,8.415000438690185547e-01
8.969983498109783682e-01,8.460000157356262207e-01
9.232538323597155872e-01,8.500000238418579102e-01
9.454588089911730719e-01,8.550000190734863281e-01
9.646976123168821138e-01,8.615000247955322266e-01
9.816701169299661967e-01,8.670000433921813965e-01
9.968544278539419601e-01,8.670000433921813965e-01
1.010591689292426709e+00,8.685000538825988770e-01
1.023133867479586012e+00,8.715000152587890625e-01
1.034672357020700595e+00,8.735000491142272949e-01
1.045355963627061957e+00,8.735000491142272949e-01
1.055302672017075949e+00,8.725000619888305664e-01
1.064607610594270781e+00,8.725000619888305664e-01
1.073348598751396432e+00,8.760000467300415039e-01
1.081590107080351082e+00,8.760000467300415039e-01
1.089386146006359857e+00,8.760000467300415039e-01
1.096782412998874134e+00,8.770000338554382324e-01
1.103817915612386180e+00,8.780000209808349609e-01
1.110526216785986398e+00,8.775000572204589844e-01
1.116936403223118157e+00,8.775000572204589844e-01
1.123073847610729814e+00,8.790000677108764648e-01
1.128960815201882184e+00,8.775000572204589844e-01
1.134616951405315710e+00,8.790000677108764648e-01
1.140059677339035016e+00,8.795000314712524414e-01
1.145304513438678562e+00,8.800000548362731934e-01
1.150365346273945377e+00,8.795000314712524414e-01
1.155254650128733740e+00,8.795000314712524414e-01
1.159983672247231423e+00,8.790000677108764648e-01
1.164562588669052934e+00,8.800000548362731934e-01
1.169000636084781553e+00,8.815000653266906738e-01
1.173306224007953258e+00,8.825000524520874023e-01
1.177487030687557334e+00,8.810000419616699219e-01
1.181550085509760040e+00,8.795000314712524414e-01
1.185501840110252392e+00,8.820000290870666504e-01
1.189348230003860474e+00,8.830000162124633789e-01
1.193094728209491917e+00,8.815000653266906738e-01
1.196746392086510680e+00,8.805000185966491699e-01
1.200307904388381308e+00,8.795000314712524414e-01
1.203783609369758034e+00,8.805000185966491699e-01
1.207177544645424039e+00,8.810000419616699219e-01
1.210493469387098564e+00,8.815000653266906738e-01
1.213734889351927082e+00,8.810000419616699219e-01
1.216905079160486514e+00,8.820000290870666504e-01
1.220007102179233582e+00,8.805000185966491699e-01
1.223043828310018455e+00,8.810000419616699219e-01
1.226017949945589880e+00,8.815000653266906738e-01
1.228931996313413100e+00,8.820000290870666504e-01
1.231788346399296019e+00,8.820000290870666504e-01
1.234589240616288830e+00,8.820000290870666504e-01
1.237336791362259714e+00,8.815000653266906738e-01
1.240032992590782923e+00,8.820000290870666504e-01
1.242679728503972125e+00,8.815000653266906738e-01
1.245278781462181295e+00,8.795000314712524414e-01
1.247831839193742631e+00,8.795000314712524414e-01
1.250340501377779301e+00,8.800000548362731934e-01
1.252806285664395558e+00,8.780000209808349609e-01
1.255230633188977318e+00,8.790000677108764648e-01
1.257614913630779263e+00,8.765000700950622559e-01
1.259960429860250031e+00,8.775000572204589844e-01
1.262268422214585684e+00,8.770000338554382324e-01
1.264540072436630913e+00,8.775000572204589844e-01
1.266776507308451594e+00,8.765000700950622559e-01
1.268978802007541873e+00,8.760000467300415039e-01
1.271147983210694887e+00,8.755000233650207520e-01
1.273285031967962055e+00,8.760000467300415039e-01
1.275390886366844834e+00,8.765000700950622559e-01
1.277466444004824231e+00,8.770000338554382324e-01
1.279512564286537923e+00,8.775000572204589844e-01
1.281530070560324752e+00,8.780000209808349609e-01
1.283519752107425527e+00,8.780000209808349609e-01
1.285482365995869625e+00,8.785000443458557129e-01
1.287418638809945115e+00,8.795000314712524414e-01
1.289329268265138939e+00,8.780000209808349609e-01
1.291214924717529300e+00,8.760000467300415039e-01
1.293076252575804386e+00,8.765000700950622559e-01
1.294913871623343926e+00,8.775000572204589844e-01
1.296728378257157255e+00,8.785000443458557129e-01
1.298520346649872259e+00,8.775000572204589844e-01
1.300290329840437797e+00,8.780000209808349609e-01
1.302038860758727434e+00,8.785000443458557129e-01
1.303766453188792918e+00,8.785000443458557129e-01
1.305473602675121247e+00,8.790000677108764648e-01
1.307160787375898581e+00,8.785000443458557129e-01
1.308828468866952921e+00,8.785000443458557129e-01
1.310477092899761997e+00,8.785000443458557129e-01
1.312107090116634955e+00,8.785000443458557129e-01
1.313718876725944007e+00,8.785000443458557129e-01
1.315312855140050363e+00,8.785000443458557129e-01
1.316889414578374273e+00,8.780000209808349609e-01
1.318448931637866472e+00,8.770000338554382324e-01
1.319991770832975808e+00,8.765000700950622559e-01
1.321518285107049273e+00,8.760000467300415039e-01
1.323028816316955236e+00,8.760000467300415039e-01
1.324523695692602088e+00,8.760000467300415039e-01
1.326003244272889736e+00,8.760000467300415039e-01
1.327467773319533917e+00,8.755000233650207520e-01
1.328917584710097133e+00,8.755000233650207520e-01
1.330352971311464794e+00,8.755000233650207520e-01
1.331774217334925847e+00,8.755000233650207520e-01
1.333181598673933266e+00,8.750000596046447754e-01
1.334575383225547807e+00,8.750000596046447754e-01
1.335955831196502075e+00,8.755000233650207520e-01
1.337323195394761521e+00,8.755000233650207520e-01
1.338677721507396168e+00,8.755000233650207520e-01
1.340019648365528893e+00,8.755000233650207520e-01
1.341349208197075704e+00,8.760000467300415039e-01
1.342666626867945467e+00,8.760000467300415039e-01
1.343972124112325028e+00,8.760000467300415039e-01
1.345265913752640374e+00,8.760000467300415039e-01
1.346548203909739394e+00,8.765000700950622559e-01
1.347819197203819375e+00,8.765000700950622559e-01
1.349079090946577075e+00,8.765000700950622559e-01
1.350328077325044118e+00,8.770000338554382324e-01
1.351566343577530915e+00,8.770000338554382324e-01
1.352794072162084804e+00,8.770000338554382324e-01
1.354011440917840980e+00,8.770000338554382324e-01
1.355218623219620611e+00,8.770000338554382324e-01
1.356415788126117627e+00,8.770000338554382324e-01
1.357603100521984185e+00,8.770000338554382324e-01
1.358780721254120527e+00,8.770000338554382324e-01
1.359948807262443715e+00,8.770000338554382324e-01
1.361107511705406781e+00,8.765000700950622559e-01
1.362256984080518762e+00,8.765000700950622559e-01
1.363397370340097448e+00,8.765000700950622559e-01
1.364528813002486629e+00,8.760000467300415039e-01
1.365651451258944382e+00,8.765000700950622559e-01
1.366765421076404863e+00,8.770000338554382324e-01
1.367870855296302368e+00,8.765000700950622559e-01
1.368967883729639956e+00,8.765000700950622559e-01
1.370056633248468936e+00,8.760000467300415039e-01
1.371137227873941544e+00,8.760000467300415039e-01
1.372209788861094459e+00,8.760000467300415039e-01
1.373274434780498821e+00,8.760000467300415039e-01
1.374331281596922416e+00,8.760000467300415039e-01
1.375380442745132159e+00,8.760000467300415039e-01
1.376422029202957864e+00,8.755000233650207520e-01
1.377456149561738785e+00,8.755000233650207520e-01
1.378482910094263492e+00,8.755000233650207520e-01
1.379502414820308331e+00,8.755000233650207520e-01
1.380514765569876623e+00,8.755000233650207520e-01
1.381520062044234942e+00,8.755000233650207520e-01
1.382518401874837544e+00,8.750000596046447754e-01
1.383509880680224402e+00,8.750000596046447754e-01
1.384494592120980139e+00,8.750000596046447754e-01
1.385472627952827329e+00,8.750000596046447754e-01
1.386444078077934128e+00,8.745000362396240234e-01
1.387409030594505932e+00,8.745000362396240234e-01
1.388367571844727033e+00,8.745000362396240234e-01
1.389319786461123751e+00,8.745000362396240234e-01
1.390265757411405012e+00,8.745000362396240234e-01
1.391205566041844088e+00,8.745000362396240234e-01
1.392139292119253913e+00,8.750000596046447754e-01
1.393067013871615689e+00,8.750000596046447754e-01
1.393988808027407877e+00,8.755000233650207520e-01
1.394904749853686399e+00,8.755000233650207520e-01
1.395814913192966245e+00,8.755000233650207520e-01
1.396719370498942014e+00,8.755000233650207520e-01
1.397618192871101117e+00,8.755000233650207520e-01
1.398511450088262054e+00,8.750000596046447754e-01
1.399399210641081304e+00,8.750000596046447754e-01
1.400281541763567894e+00,8.750000596046447754e-01
1.401158509463637181e+00,8.750000596046447754e-01
1.402030178552744033e+00,8.745000362396240234e-01
1.402896612674625620e+00,8.745000362396240234e-01
1.403757874333185329e+00,8.745000362396240234e-01
1.404614024919550230e+00,8.745000362396240234e-01
1.405465124738330518e+00,8.745000362396240234e-01
1.406311233033107122e+00,8.740000128746032715e-01
1.407152408011179467e+00,8.730000257492065430e-01
1.407988706867593143e+00,8.735000491142272949e-01
1.408820185808476122e+00,8.735000491142272949e-01
1.409646900073706854e+00,8.735000491142272949e-01
1.410468903958935982e+00,8.740000128746032715e-01
1.411286250836983003e+00,8.740000128746032715e-01
1.412098993178633854e+00,8.740000128746032715e-01
1.412907182572852749e+00,8.745000362396240234e-01
1.413710869746431342e+00,8.745000362396240234e-01
1.414510104583093897e+00,8.745000362396240234e-01
1.415304936142079084e+00,8.745000362396240234e-01
1.416095412676206644e+00,8.745000362396240234e-01
1.416881581649457544e+00,8.745000362396240234e-01
1.417663489754075634e+00,8.750000596046447754e-01
1.418441182927206112e+00,8.750000596046447754e-01
1.419214706367092571e+00,8.750000596046447754e-01
1.419984104548837278e+00,8.750000596046447754e-01
1.420749421239747567e+00,8.750000596046447754e-01
1.421510699514274112e+00,8.750000596046447754e-01
1.422267981768559064e+00,8.750000596046447754e-01
1.423021309734604278e+00,8.750000596046447754e-01
1.423770724494070716e+00,8.755000233650207520e-01
1.424516266491720584e+00,8.760000467300415039e-01
1.425257975548516631e+00,8.760000467300415039e-01
1.425995890874384608e+00,8.755000233650207520e-01
1.426730051080649098e+00,8.755000233650207520e-01
1.427460494192160034e+00,8.755000233650207520e-01
1.428187257659107035e+00,8.755000233650207520e-01
1.428910378368542844e+00,8.755000233650207520e-01
1.429629892655617907e+00,8.755000233650207520e-01
1.430345836314534047e+00,8.755000233650207520e-01
1.431058244609230590e+00,8.755000233650207520e-01
1.431767152283807132e+00,8.755000233650207520e-01
1.432472593572690078e+00,8.755000233650207520e-01
1.433174602210554260e+00,8.755000233650207520e-01
1.433873211442001416e+00,8.755000233650207520e-01
1.434568454031008411e+00,8.750000596046447754e-01
1.435260362270146306e+00,8.750000596046447754e-01
1.435948967989582492e+00,8.750000596046447754e-01
1.436634302565864330e+00,8.755000233650207520e-01
1.437316396930500284e+00,8.755000233650207520e-01
1.437995281578336115e+00,8.755000233650207520e-01
1.438670986575735000e+00,8.750000596046447754e-01
1.439343541568568030e+00,8.750000596046447754e-01
1.440012975790019745e+00,8.750000596046447754e-01
1.440679318068210479e+00,8.755000233650207520e-01
1.441342596833647738e+00,8.755000233650207520e-01
1.442002840126503482e+00,8.755000233650207520e-01
1.442660075603727554e+00,8.755000233650207520e-01
1.443314330545999002e+00,8.755000233650207520e-01
1.443965631864521537e+00,8.760000467300415039e-01
1.444614006107664439e+00,8.760000467300415039e-01
1.445259479467457142e+00,8.760000467300415039e-01
1.445902077785937045e+00,8.755000233650207520e-01
1.446541826561357658e+00,8.755000233650207520e-01
1.447178750954261073e+00,8.755000233650207520e-01
1.447812875793413223e+00,8.755000233650207520e-01
1.448444225581613898e+00,8.750000596046447754e-01
1.449072824501375756e+00,8.750000596046447754e-01
1.449698696420483879e+00,8.750000596046447754e-01
1.450321864897432755e+00,8.750000596046447754e-01
1.450942353186747580e+00,8.750000596046447754e-01
1.451560184244191198e+00,8.750000596046447754e-01
1.452175380731859589e+00,8.750000596046447754e-01
1.452787965023170980e+00,8.750000596046447754e-01
1.453397959207746393e+00,8.750000596046447754e-01
1.454005385096190706e+00,8.750000596046447754e-01
1.454610264224771354e+00,8.750000596046447754e-01
1.455212617859999780e+00,8.750000596046447754e-01
1.455812467003118726e+00,8.750000596046447754e-01
1.456409832394494730e+00,8.750000596046447754e-01
1.457004734517921563e+00,8.750000596046447754e-01
1.457597193604835306e+00,8.750000596046447754e-01
1.458187229638442384e+00,8.750000596046447754e-01
1.458774862357762991e+00,8.750000596046447754e-01
1.459360111261595039e+00,8.750000596046447754e-01
1.459942995612395267e+00,8.760000467300415039e-01
1.460523534440083759e+00,8.760000467300415039e-01
1.461101746545772295e+00,8.760000467300415039e-01
1.461677650505416315e+00,8.760000467300415039e-01
1.462251264673398277e+00,8.760000467300415039e-01
1.462822607186035739e+00,8.760000467300415039e-01
1.463391695965021944e+00,8.760000467300415039e-01
1.463958548720800668e+00,8.760000467300415039e-01
1.464523182955871361e+00,8.760000467300415039e-01
1.465085615968034105e+00,8.760000467300415039e-01
1.465645864853566405e+00,8.760000467300415039e-01
1.466203946510344247e+00,8.760000467300415039e-01
1.466759877640898990e+00,8.755000233650207520e-01
1.467313674755415853e+00,8.755000233650207520e-01
1.467865354174677783e+00,8.755000233650207520e-01
1.468414932032950260e+00,8.755000233650207520e-01
1.468962424280813694e+00,8.755000233650207520e-01
1.469507846687939656e+00,8.755000233650207520e-01
1.470051214845817356e+00,8.755000233650207520e-01
1.470592544170428395e+00,8.755000233650207520e-01
1.471131849904870004e+00,8.755000233650207520e-01
1.471669147121930976e+00,8.755000233650207520e-01
1.472204450726619873e+00,8.755000233650207520e-01
1.472737775458645038e+00,8.755000233650207520e-01
1.473269135894850423e+00,8.755000233650207520e-01
1.473798546451606351e+00,8.755000233650207520e-01
1.474326021387156072e+00,8.755000233650207520e-01
1.474851574803920373e+00,8.755000233650207520e-01
1.475375220650758434e+00,8.755000233650207520e-01
1.475896972725191825e+00,8.755000233650207520e-01
1.476416844675583206e+00,8.755000233650207520e-01
1.476934850003280619e+00,8.755000233650207520e-01
1.477451002064720464e+00,8.750000596046447754e-01
1.477965314073493630e+00,8.750000596046447754e-01
1.478477799102376311e+00,8.750000596046447754e-01
1.478988470085322193e+00,8.750000596046447754e-01
1.479497339819422441e+00,8.750000596046447754e-01
1.480004420966829715e+00,8.750000596046447754e-01
1.480509726056647768e+00,8.750000596046447754e-01
1.481013267486790408e+00,8.750000596046447754e-01
1.481515057525804924e+00,8.750000596046447754e-01
1.482015108314667540e+00,8.750000596046447754e-01
1.482513431868544451e+00,8.750000596046447754e-01
1.483010040078524661e+00,8.750000596046447754e-01
1.483504944713323281e+00,8.750000596046447754e-01
1.483998157420953534e+00,8.750000596046447754e-01
1.484489689730373430e+00,8.745000362396240234e-01
1.484979553053100920e+00,8.745000362396240234e-01
1.485467758684804407e+00,8.745000362396240234e-01
1.485954317806866820e+00,8.745000362396240234e-01
1.486439241487919283e+00,8.740000128746032715e-01
1.486922540685355232e+00,8.740000128746032715e-01
1.487404226246813677e+00,8.740000128746032715e-01
1.487884308911641140e+00,8.740000128746032715e-01
1.488362799312328288e+00,8.740000128746032715e-01
1.488839707975921911e+00,8.745000362396240234e-01
1.489315045325416698e+00,8.745000362396240234e-01
1.489788821681119479e+00,8.745000362396240234e-01
1.490261047261995708e+00,8.745000362396240234e-01
1.490731732186991065e+00,8.745000362396240234e-01
1.491200886476332199e+00,8.745000362396240234e-01
1.491668520052808145e+00,8.745000362396240234e-01
1.492134642743027761e+00,8.745000362396240234e-01
1.492599264278659854e+00,8.745000362396240234e-01
1.493062394297651974e+00,8.750000596046447754e-01
1.493524042345429459e+00,8.750000596046447754e-01
1.493984217876077603e+00,8.750000596046447754e-01
1.494442930253501167e+00,8.750000596046447754e-01
1.494900188752569248e+00,8.750000596046447754e-01
1.495356002560240150e+00,8.750000596046447754e-01
1.495810380776667836e+00,8.750000596046447754e-01
1.496263332416293945e+00,8.750000596046447754e-01
1.496714866408918931e+00,8.750000596046447754e-01
1.497164991600760109e+00,8.750000596046447754e-01
1.497613716755490376e+00,8.755000233650207520e-01
1.498061050555262730e+00,8.755000233650207520e-01
1.498507001601716793e+00,8.755000233650207520e-01
1.498951578416973351e+00,8.755000233650207520e-01
1.499394789444610021e+00,8.755000233650207520e-01
1.499836643050624474e+00,8.755000233650207520e-01
1.500277147524380128e+00,8.755000233650207520e-01
1.500716311079541843e+00,8.755000233650207520e-01
1.501154141854992519e+00,8.755000233650207520e-01
1.501590647915740151e+00,8.755000233650207520e-01
1.502025837253807339e+00,8.755000233650207520e-01
1.502459717789110583e+00,8.755000233650207520e-01
1.502892297370324481e+00,8.755000233650207520e-01
1.503323583775734162e+00,8.755000233650207520e-01
1.503753584714073943e+00,8.755000233650207520e-01
1.504182307825353782e+00,8.755000233650207520e-01
1.504609760681675290e+00,8.755000233650207520e-01
1.505035950788031762e+00,8.755000233650207520e-01
1.505460885583101760e+00,8.755000233650207520e-01
1.505884572440025382e+00,8.755000233650207520e-01
1.506307018667173425e+00,8.755000233650207520e-01
1.506728231508903892e+00,8.755000233650207520e-01
1.507148218146306062e+00,8.755000233650207520e-01
1.507566985697936568e+00,8.755000233650207520e-01
1.507984541220543040e+00,8.755000233650207520e-01
1.508400891709776204e+00,8.755000233650207520e-01
1.508816044100895537e+00,8.755000233650207520e-01
1.509230005269460051e+00,8.755000233650207520e-01
1.509642782032013297e+00,8.755000233650207520e-01
1.510054381146755942e+00,8.755000233650207520e-01
1.510464809314210122e+00,8.755000233650207520e-01
1.510874073177873367e+00,8.760000467300415039e-01
1.511282179324864083e+00,8.760000467300415039e-01
1.511689134286558156e+00,8.760000467300415039e-01
1.512094944539215779e+00,8.760000467300415039e-01
1.512499616504599853e+00,8.760000467300415039e-01
1.512903156550585271e+00,8.760000467300415039e-01
1.513305570991761329e+00,8.760000467300415039e-01
1.513706866090023029e+00,8.760000467300415039e-01
1.514107048055157279e+00,8.760000467300415039e-01
1.514506123045418651e+00,8.760000467300415039e-01
1.514904097168098041e+00,8.760000467300415039e-01
1.515300976480083772e+00,8.760000467300415039e-01
1.515696766988413824e+00,8.760000467300415039e-01
1.516091474650822502e+00,8.760000467300415039e-01
1.516485105376278231e+00,8.760000467300415039e-01
1.516877665025513799e+00,8.760000467300415039e-01
1.517269159411550827e+00,8.760000467300415039e-01
1.517659594300214687e+00,8.755000233650207520e-01
1.518048975410646095e+00,8.755000233650207520e-01
1.518437308415802045e+00,8.755000233650207520e-01
1.518824598942952964e+00,8.755000233650207520e-01
1.519210852574170545e+00,8.755000233650207520e-01
1.519596074846812250e+00,8.755000233650207520e-01
1.519980271253996928e+00,8.755000233650207520e-01
1.520363447245073107e+00,8.755000233650207520e-01
1.520745608226086176e+00,8.755000233650207520e-01
1.521126759560232689e+00,8.755000233650207520e-01
1.521506906568314221e+00,8.755000233650207520e-01
1.521886054529181465e+00,8.755000233650207520e-01
1.522264208680176090e+00,8.755000233650207520e-01
1.522641374217561960e+00,8.755000233650207520e-01
1.523017556296956343e+00,8.755000233650207520e-01
1.523392760033751347e+00,8.755000233650207520e-01
1.523766990503531149e+00,8.755000233650207520e-01
1.524140252742484547e+00,8.755000233650207520e-01
1.524512551747811528e+00,8.755000233650207520e-01
1.524883892478124503e+00,8.755000233650207520e-01
1.525254279853844652e+00,8.755000233650207520e-01
1.525623718757592728e+00,8.755000233650207520e-01
1.525992214034576522e+00,8.755000233650207520e-01
1.526359770492970336e+00,8.755000233650207520e-01
1.526726392904292906e+00,8.755000233650207520e-01
1.527092086003777993e+00,8.755000233650207520e-01
1.527456854490742533e+00,8.755000233650207520e-01
1.527820703028947680e+00,8.755000233650207520e-01
1.528183636246957633e+00,8.755000233650207520e-01
1.528545658738492463e+00,8.755000233650207520e-01
1.528906775062776280e+00,8.755000233650207520e-01
1.529266989744883398e+00,8.755000233650207520e-01
1.529626307276077180e+00,8.755000233650207520e-01
1.529984732114146873e+00,8.755000233650207520e-01
1.530342268683738460e+00,8.755000233650207520e-01
1.530698921376683730e+00,8.755000233650207520e-01
1.531054694552322459e+00,8.755000233650207520e-01
1.531409592537823494e+00,8.755000233650207520e-01
1.531763619628499606e+00,8.755000233650207520e-01
1.532116780088119690e+00,8.750000596046447754e-01
1.532469078149217401e+00,8.750000596046447754e-01
1.532820518013394917e+00,8.750000596046447754e-01
1.533171103851623363e+00,8.750000596046447754e-01
1.533520839804540348e+00,8.750000596046447754e-01
1.533869729982743291e+00,8.750000596046447754e-01
1.534217778467079629e+00,8.750000596046447754e-01
1.534564989308932148e+00,8.750000596046447754e-01
1.534911366530503418e+00,8.750000596046447754e-01
1.535256914125093797e+00,8.750000596046447754e-01
1.535601636057378983e+00,8.750000596046447754e-01
1.535945536263682021e+00,8.750000596046447754e-01
1.536288618652244642e+00,8.750000596046447754e-01
1.536630887103490162e+00,8.750000596046447754e-01
1.536972345470291934e+00,8.750000596046447754e-01
1.537312997578228702e+00,8.750000596046447754e-01
1.537652847225844610e+00,8.750000596046447754e-01
1.537991898184903228e+00,8.750000596046447754e-01
1.538330154200637345e+00,8.750000596046447754e-01
1.538667618991998332e+00,8.750000596046447754e-01
1.539004296251900605e+00,8.750000596046447754e-01
1.539340189647465440e+00,8.750000596046447754e-01
1.539675302820259883e+00,8.750000596046447754e-01
1.540009639386532125e+00,8.750000596046447754e-01
1.540343202937448641e+00,8.750000596046447754e-01
1.540675997039323342e+00,8.750000596046447754e-01
1.541008025233847167e+00,8.750000596046447754e-01
1.541339291038314574e+00,8.750000596046447754e-01
1.541669797945845577e+00,8.750000596046447754e-01
1.541999549425609572e+00,8.750000596046447754e-01
1.542328548923040499e+00,8.750000596046447754e-01
1.542656799860055328e+00,8.750000596046447754e-01
1.542984305635266784e+00,8.750000596046447754e-01
1.543311069624194065e+00,8.750000596046447754e-01
1.543637095179472007e+00,8.750000596046447754e-01
1.543962385631057588e+00,8.750000596046447754e-01
1.544286944286434204e+00,8.750000596046447754e-01
1.544610774430812405e+00,8.750000596046447754e-01
1.544933879327330173e+00,8.750000596046447754e-01
1.545256262217251431e+00,8.750000596046447754e-01
1.545577926320157447e+00,8.750000596046447754e-01
1.545898874834144676e+00,8.750000596046447754e-01
1.546219110936011276e+00,8.750000596046447754e-01
1.546538637781448511e+00,8.750000596046447754e-01
1.546857458505226157e+00,8.750000596046447754e-01
1.547175576221376581e+00,8.750000596046447754e-01
1.547492994023379254e+00,8.750000596046447754e-01
1.547809714984338392e+00,8.750000596046447754e-01
1.548125742157163920e+00,8.750000596046447754e-01
1.548441078574747110e+00,8.750000596046447754e-01
1.548755727250134662e+00,8.750000596046447754e-01
1.549069691176701680e+00,8.750000596046447754e-01
1.549382973328324420e+00,8.750000596046447754e-01
1.549695576659546159e+00,8.750000596046447754e-01
1.550007504105746392e+00,8.750000596046447754e-01
1.550318758583306034e+00,8.750000596046447754e-01
1.550629342989770842e+00,8.750000596046447754e-01
1.550939260204012404e+00,8.750000596046447754e-01
1.551248513086390224e+00,8.750000596046447754e-01
1.551557104478907823e+00,8.750000596046447754e-01
1.551865037205370834e+00,8.750000596046447754e-01
1.552172314071542436e+00,8.750000596046447754e-01
1.552478937865295450e+00,8.750000596046447754e-01
1.552784911356764663e+00,8.750000596046447754e-01
1.553090237298497156e+00,8.750000596046447754e-01
1.553394918425601068e+00,8.750000596046447754e-01
1.553698957455891927e+00,8.750000596046447754e-01
1.554002357090038755e+00,8.750000596046447754e-01
1.554305120011707508e+00,8.750000596046447754e-01
1.554607248887703852e+00,8.750000596046447754e-01
1.554908746368114381e+00,8.750000596046447754e-01
1.555209615086444508e+00,8.750000596046447754e-01
1.555509857659759243e+00,8.750000596046447754e-01
1.555809476688817528e+00,8.750000596046447754e-01
1.556108474758207461e+00,8.750000596046447754e-01
1.556406854436481302e+00,8.750000596046447754e-01
1.556704618276287810e+00,8.750000596046447754e-01
1.557001768814501919e+00,8.750000596046447754e-01
1.557298308572355294e+00,8.750000596046447754e-01
1.557594240055564683e+00,8.750000596046447754e-01
1.557889565754459360e+00,8.750000596046447754e-01
1.558184288144106144e+00,8.750000596046447754e-01
1.558478409684433741e+00,8.750000596046447754e-01
1.558771932820356643e+00,8.750000596046447754e-01
1.559064859981896811e+00,8.750000596046447754e-01
1.559357193584304024e+00,8.755000233650207520e-01
1.559648936028176225e+00,8.755000233650207520e-01
1.559940089699576538e+00,8.755000233650207520e-01
1.560230656970151619e+00,8.755000233650207520e-01
1.560520640197246678e+00,8.755000233650207520e-01
1.560810041724020270e+00,8.755000233650207520e-01
1.561098863879559318e+00,8.755000233650207520e-01
1.561387108978989025e+00,8.755000233650207520e-01
1.561674779323586559e+00,8.755000233650207520e-01
1.561961877200890081e+00,8.755000233650207520e-01
1.562248404884808650e+00,8.755000233650207520e-01
1.562534364635728812e+00,8.755000233650207520e-01
1.562819758700623174e+00,8.755000233650207520e-01
1.563104589313156101e+00,8.755000233650207520e-01
1.563388858693788075e+00,8.755000233650207520e-01
1.563672569049879391e+00,8.755000233650207520e-01
1.563955722575793628e+00,8.755000233650207520e-01
1.564238321452999125e+00,8.755000233650207520e-01
1.564520367850170457e+00,8.755000233650207520e-01
1.564801863923286573e+00,8.755000233650207520e-01
1.565082811815732278e+00,8.755000233650207520e-01
1.565363213658393482e+00,8.755000233650207520e-01
1.565643071569756462e+00,8.755000233650207520e-01
1.565922387656002002e+00,8.755000233650207520e-01
1.566201164011101987e+00,8.755000233650207520e-01
1.566479402716912661e+00,8.755000233650207520e-01
1.566757105843268327e+00,8.755000233650207520e-01
1.567034275448073499e+00,8.755000233650207520e-01
1.567310913577394826e+00,8.755000233650207520e-01
1.567587022265550578e+00,8.755000233650207520e-01
1.567862603535202570e+00,8.755000233650207520e-01
1.568137659397442540e+00,8.755000233650207520e-01
1.568412191851882298e+00,8.755000233650207520e-01
1.568686202886739656e+00,8.755000233650207520e-01
1.568959694478924805e+00,8.755000233650207520e-01
1.569232668594127134e+00,8.755000233650207520e-01
1.569505127186898497e+00,8.755000233650207520e-01
1.569777072200738699e+00,8.755000233650207520e-01
1.570048505568176545e+00,8.755000233650207520e-01
1.570319429210854878e+00,8.755000233650207520e-01
1.570589845039610077e+00,8.755000233650207520e-01
1.570859754954553988e+00,8.755000233650207520e-01
1.571129160845153860e+00,8.755000233650207520e-01
1.571398064590310950e+00,8.755000233650207520e-01
1.571666468058440902e+00,8.755000233650207520e-01
1.571934373107549465e+00,8.755000233650207520e-01
1.572201781585311764e+00,8.755000233650207520e-01
1.572468695329146682e+00,8.755000233650207520e-01
1.572735116166294356e+00,8.755000233650207520e-01
1.573001045913890561e+00,8.755000233650207520e-01
1.573266486379040652e+00,8.755000233650207520e-01
1.573531439358893946e+00,8.755000233650207520e-01
1.573795906640716558e+00,8.755000233650207520e-01
1.574059890001962891e+00,8.755000233650207520e-01
1.574323391210349143e+00,8.755000233650207520e-01
1.574586412023922355e+00,8.755000233650207520e-01
1.574848954191131689e+00,8.755000233650207520e-01
1.575111019450899041e+00,8.755000233650207520e-01
1.575372609532686097e+00,8.755000233650207520e-01
1.575633726156564496e+00,8.755000233650207520e-01
1.575894371033283337e+00,8.755000233650207520e-01
1.576154545864335788e+00,8.755000233650207520e-01
1.576414252342026590e+00,8.755000233650207520e-01
1.576673492149537337e+00,8.755000233650207520e-01
1.576932266960992646e+00,8.755000233650207520e-01
1.577190578441524549e+00,8.755000233650207520e-01
1.577448428247336665e+00,8.755000233650207520e-01
1.577705818025768592e+00,8.755000233650207520e-01
1.577962749415358301e+00,8.755000233650207520e-01
1.578219224045904978e+00,8.755000233650207520e-01
1.578475243538531414e+00,8.755000233650207520e-01
1.578730809505745070e+00,8.755000233650207520e-01
1.578985923551499138e+00,8.755000233650207520e-01
1.579240587271252716e+00,8.755000233650207520e-01
1.579494802252031427e+00,8.755000233650207520e-01
1.579748570072485148e+00,8.755000233650207520e-01
1.580001892302949740e+00,8.755000233650207520e-01
1.580254770505501671e+00,8.755000233650207520e-01
1.580507206234018192e+00,8.755000233650207520e-01
1.580759201034235284e+00,8.755000233650207520e-01
1.581010756443801624e+00,8.755000233650207520e-01
1.581261873992336975e+00,8.755000233650207520e-01
1.581512555201488368e+00,8.755000233650207520e-01
1.581762801584983835e+00,8.755000233650207520e-01
1.582012614648688142e+00,8.755000233650207520e-01
1.582261995890656969e+00,8.755000233650207520e-01
1.582510946801191087e+00,8.755000233650207520e-01
1.582759468862888985e+00,8.755000233650207520e-01
1.583007563550701713e+00,8.755000233650207520e-01
1.583255232331982842e+00,8.755000233650207520e-01
1.583502476666542425e+00,8.755000233650207520e-01
1.583749298006697614e+00,8.755000233650207520e-01
1.583995697797325075e+00,8.755000233650207520e-01
1.584241677475910270e+00,8.755000233650207520e-01
1.584487238472598536e+00,8.755000233650207520e-01
1.584732382210245039e+00,8.755000233650207520e-01
1.584977110104463183e+00,8.755000233650207520e-01
1.585221423563676346e+00,8.755000233650207520e-01
1.585465323989162956e+00,8.755000233650207520e-01
1.585708812775107557e+00,8.755000233650207520e-01
1.585951891308646555e+00,8.755000233650207520e-01
1.586194560969917955e+00,8.755000233650207520e-01
1.586436823132106211e+00,8.755000233650207520e-01
1.586678679161489081e+00,8.755000233650207520e-01
1.586920130417485808e+00,8.755000233650207520e-01
1.587161178252700866e+00,8.755000233650207520e-01
1.587401824012969920e+00,8.755000233650207520e-01
1.587642069037405568e+00,8.755000233650207520e-01
1.587881914658441973e+00,8.755000233650207520e-01
1.588121362201878162e+00,8.755000233650207520e-01
1.588360412986922876e+00,8.755000233650207520e-01
1.588599068326238539e+00,8.755000233650207520e-01
1.588837329525983444e+00,8.755000233650207520e-01
1.589075197885855273e+00,8.755000233650207520e-01
1.589312674699133732e+00,8.755000233650207520e-01
1.589549761252722515e+00,8.755000233650207520e-01
1.589786458827190829e+00,8.755000233650207520e-01
1.590022768696815803e+00,8.755000233650207520e-01
1.590258692129622675e+00,8.755000233650207520e-01
1.590494230387426544e+00,8.755000233650207520e-01
1.590729384725871665e+00,8.755000233650207520e-01
1.590964156394472973e+00,8.755000233650207520e-01
1.591198546636654942e+00,8.755000233650207520e-01
1.591432556689790889e+00,8.755000233650207520e-01
1.591666187785243824e+00,8.755000233650207520e-01
1.591899441148403316e+00,8.755000233650207520e-01
1.592132317998725233e+00,8.755000233650207520e-01
1.592364819549769717e+00,8.755000233650207520e-01
1.592596947009239372e+00,8.755000233650207520e-01
1.592828701579015904e+00,8.755000233650207520e-01
1.593060084455198311e+00,8.755000233650207520e-01
1.593291096828141074e+00,8.755000233650207520e-01
1.593521739882487909e+00,8.755000233650207520e-01
1.593752014797210848e+00,8.755000233650207520e-01
1.593981922745645319e+00,8.755000233650207520e-01
1.594211464895526564e+00,8.755000233650207520e-01
1.594440642409024278e+00,8.755000233650207520e-01
1.594669456442778355e+00,8.755000233650207520e-01
1.594897908147934862e+00,8.755000233650207520e-01
1.595125998670179124e+00,8.755000233650207520e-01
1.595353729149771915e+00,8.755000233650207520e-01
1.595581100721581658e+00,8.755000233650207520e-01
1.595808114515120613e+00,8.755000233650207520e-01
1.596034771654576634e+00,8.755000233650207520e-01
1.596261073258847807e+00,8.755000233650207520e-01
1.596487020441575089e+00,8.755000233650207520e-01
1.596712614311174727e+00,8.755000233650207520e-01
1.596937855970872011e+00,8.755000233650207520e-01
1.597162746518733023e+00,8.755000233650207520e-01
1.597387287047696391e+00,8.755000233650207520e-01
1.597611478645605487e+00,8.755000233650207520e-01
1.597835322395240620e+00,8.755000233650207520e-01
1.598058819374349682e+00,8.755000233650207520e-01
1.598281970655679007e+00,8.755000233650207520e-01
1.598504777307005353e+00,8.755000233650207520e-01
1.598727240391165871e+00,8.755000233650207520e-01
1.598949360966088085e+00,8.755000233650207520e-01
1.599171140084821197e+00,8.755000233650207520e-01
1.599392578795564956e+00,8.755000233650207520e-01
1.599613678141700523e+00,8.755000233650207520e-01
1.599834439161819111e+00,8.755000233650207520e-01
1.600054862889750407e+00,8.755000233650207520e-01
1.600274950354594328e+00,8.755000233650207520e-01
1.600494702580747219e+00,8.755000233650207520e-01
1.600714120587931610e+00,8.755000233650207520e-01
1.600933205391224190e+00,8.755000233650207520e-01
1.601151958001084896e+00,8.755000233650207520e-01
1.601370379423384005e+00,8.755000233650207520e-01
1.601588470659428998e+00,8.755000233650207520e-01
1.601806232705995203e+00,8.755000233650207520e-01
1.602023666555349113e+00,8.755000233650207520e-01
1.602240773195279244e+00,8.755000233650207520e-01
1.602457553609119900e+00,8.755000233650207520e-01
1.602674008775780035e+00,8.755000233650207520e-01
1.602890139669769232e+00,8.755000233650207520e-01
1.603105947261223685e+00,8.755000233650207520e-01
1.603321432515932177e+00,8.755000233650207520e-01
1.603536596395362501e+00,8.755000233650207520e-01
1.603751439856687888e+00,8.755000233650207520e-01
1.603965963852810317e+00,8.755000233650207520e-01
1.604180169332388051e+00,8.755000233650207520e-01
1.604394057239860505e+00,8.755000233650207520e-01
1.604607628515471562e+00,8.755000233650207520e-01
1.604820884095296440e+00,8.755000233650207520e-01
1.605033824911265228e+00,8.755000233650207520e-01
1.605246451891187087e+00,8.755000233650207520e-01
1.605458765958775791e+00,8.755000233650207520e-01
1.605670768033672591e+00,8.755000233650207520e-01
1.605882459031470200e+00,8.755000233650207520e-01
1.606093839863736772e+00,8.755000233650207520e-01
1.606304911438039884e+00,8.755000233650207520e-01
1.606515674657969850e+00,8.755000233650207520e-01
1.606726130423161258e+00,8.755000233650207520e-01
1.606936279629318953e+00,8.755000233650207520e-01
1.607146123168238017e+00,8.755000233650207520e-01
1.607355661927828416e+00,8.755000233650207520e-01
1.607564896792136766e+00,8.755000233650207520e-01
1.607773828641368974e+00,8.755000233650207520e-01
1.607982458351912447e+00,8.755000233650207520e-01
1.608190786796357186e+00,8.755000233650207520e-01
1.608398814843519320e+00,8.755000233650207520e-01
1.608606543358461760e+00,8.755000233650207520e-01
1.608813973202516401e+00,8.755000233650207520e-01
1.609021105233304771e+00,8.755000233650207520e-01
1.609227940304759796e+00,8.755000233650207520e-01
1.609434479267147333e+00,8.755000233650207520e-01
1.609640722967086157e+00,8.755000233650207520e-01
1.609846672247569499e+00,8.755000233650207520e-01
1.610052327947985473e+00,8.755000233650207520e-01
1.610257690904137950e+00,8.755000233650207520e-01
1.610462761948266319e+00,8.755000233650207520e-01
1.610667541909066358e+00,8.755000233650207520e-01
1.610872031611709776e+00,8.755000233650207520e-01
1.611076231877864640e+00,8.755000233650207520e-01
1.611280143525714470e+00,8.755000233650207520e-01
1.611483767369979336e+00,8.755000233650207520e-01
1.611687104221933176e+00,8.755000233650207520e-01
1.611890154889425553e+00,8.755000233650207520e-01
1.612092920176899646e+00,8.755000233650207520e-01
1.612295400885410901e+00,8.755000233650207520e-01
1.612497597812647232e+00,8.755000233650207520e-01
1.612699511752947235e+00,8.755000233650207520e-01
1.612901143497318834e+00,8.755000233650207520e-01
1.613102493833458384e+00,8.755000233650207520e-01
1.613303563545768426e+00,8.755000233650207520e-01
1.613504353415376569e+00,8.755000233650207520e-01
1.613704864220153024e+00,8.755000233650207520e-01
1.613905096734730149e+00,8.755000233650207520e-01
1.614105051730518214e+00,8.755000233650207520e-01
1.614304729975725605e+00,8.755000233650207520e-01
1.614504132235374589e+00,8.755000233650207520e-01
1.614703259271319746e+00,8.755000233650207520e-01
1.614902111842265731e+00,8.755000233650207520e-01
1.615100690703784370e+00,8.755000233650207520e-01
1.615298996608331095e+00,8.755000233650207520e-01
1.615497030305263149e+00,8.755000233650207520e-01
1.615694792540856017e+00,8.755000233650207520e-01
1.615892284058320305e+00,8.755000233650207520e-01
1.616089505597819720e+00,8.755000233650207520e-01
1.616286457896484841e+00,8.755000233650207520e-01
1.616483141688432879e+00,8.755000233650207520e-01
1.616679557704781889e+00,8.755000233650207520e-01
1.616875706673668089e+00,8.755000233650207520e-01
1.617071589320262071e+00,8.755000233650207520e-01
1.617267206366783894e+00,8.755000233650207520e-01
1.617462558532520411e+00,8.755000233650207520e-01
1.617657646533840365e+00,8.755000233650207520e-01
1.617852471084210153e+00,8.755000233650207520e-01
1.618047032894209591e+00,8.755000233650207520e-01
1.618241332671548127e+00,8.755000233650207520e-01
1.618435371121078825e+00,8.755000233650207520e-01
1.618629148944815244e+00,8.755000233650207520e-01
1.618822666841944979e+00,8.755000233650207520e-01
1.619015925508846987e+00,8.755000233650207520e-01
1.619208925639104679e+00,8.755000233650207520e-01
1.619401667923521915e+00,8.755000233650207520e-01
1.619594153050137431e+00,8.755000233650207520e-01
1.619786381704239719e+00,8.755000233650207520e-01
1.619978354568381240e+00,8.755000233650207520e-01
1.620170072322394406e+00,8.755000233650207520e-01
1.620361535643403350e+00,8.755000233650207520e-01
1.620552745205841694e+00,8.755000233650207520e-01
1.620743701681463422e+00,8.755000233650207520e-01
1.620934405739359763e+00,8.755000233650207520e-01
1.621124858045971173e+00,8.755000233650207520e-01
1.621315059265103331e+00,8.755000233650207520e-01
1.621505010057938900e+00,8.755000233650207520e-01
1.621694711083053075e+00,8.755000233650207520e-01
1.621884162996426015e+00,8.755000233650207520e-01
1.622073366451457499e+00,8.755000233650207520e-01
1.622262322098979803e+00,8.755000233650207520e-01
1.622451030587270804e+00,8.755000233650207520e-01
1.622639492562068853e+00,8.755000233650207520e-01
1.622827708666583879e+00,8.755000233650207520e-01
1.623015679541512046e+00,8.755000233650207520e-01
1.623203405825048851e+00,8.755000233650207520e-01
1.623390888152901557e+00,8.755000233650207520e-01
1.623578127158301854e+00,8.755000233650207520e-01
1.623765123472019400e+00,8.755000233650207520e-01
1.623951877722374482e+00,8.755000233650207520e-01
1.624138390535250442e+00,8.755000233650207520e-01
1.624324662534105679e+00,8.755000233650207520e-01
1.624510694339987849e+00,8.755000233650207520e-01
1.624696486571544307e+00,8.755000233650207520e-01
1.624882039845036097e+00,8.755000233650207520e-01
1.625067354774348827e+00,8.755000233650207520e-01
1.625252431971005995e+00,8.755000233650207520e-01
1.625437272044180759e+00,8.755000233650207520e-01
1.625621875600706812e+00,8.755000233650207520e-01
1.625806243245092819e+00,8.755000233650207520e-01
1.625990375579531522e+00,8.755000233650207520e-01
1.626174273203913945e+00,8.755000233650207520e-01
1.626357936715838726e+00,8.755000233650207520e-01
1.626541366710626768e+00,8.755000233650207520e-01
1.626724563781329458e+00,8.755000233650207520e-01
1.626907528518743096e+00,8.755000233650207520e-01
1.627090261511418001e+00,8.755000233650207520e-01
1.627272763345671613e+00,8.755000233650207520e-01
1.627455034605599149e+00,8.755000233650207520e-01
1.627637075873084260e+00,8.755000233650207520e-01
1.627818887727811470e+00,8.755000233650207520e-01
1.628000470747275275e+00,8.755000233650207520e-01
1.628181825506793690e+00,8.755000233650207520e-01
1.628362952579516687e+00,8.755000233650207520e-01
1.628543852536438852e+00,8.755000233650207520e-01
1.628724525946409596e+00,8.755000233650207520e-01
1.628904973376143372e+00,8.755000233650207520e-01
1.629085195390231000e+00,8.755000233650207520e-01
1.629265192551150543e+00,8.755000233650207520e-01
1.629444965419276858e+00,8.755000233650207520e-01
1.629624514552892478e+00,8.755000233650207520e-01
1.629803840508198265e+00,8.755000233650207520e-01
1.629982943839323850e+00,8.755000233650207520e-01
1.630161825098337625e+00,8.755000233650207520e-01
1.630340484835256287e+00,8.755000233650207520e-01
1.630518923598056613e+00,8.755000233650207520e-01
1.630697141932684113e+00,8.755000233650207520e-01
1.630875140383063693e+00,8.755000233650207520e-01
1.631052919491108977e+00,8.755000233650207520e-01
1.631230479796733635e+00,8.755000233650207520e-01
1.631407821837859373e+00,8.755000233650207520e-01
1.631584946150427262e+00,8.755000233650207520e-01
1.631761853268406615e+00,8.755000233650207520e-01
1.631938543723804536e+00,8.755000233650207520e-01
1.632115018046676580e+00,8.755000233650207520e-01
1.632291276765134524e+00,8.755000233650207520e-01
1.632467320405357913e+00,8.755000233650207520e-01
1.632643149491601831e+00,8.755000233650207520e-01
1.632818764546206669e+00,8.755000233650207520e-01
1.632994166089607901e+00,8.755000233650207520e-01
1.633169354640345849e+00,8.755000233650207520e-01
1.633344330715073012e+00,8.755000233650207520e-01
1.633519094828564500e+00,8.755000233650207520e-01
1.633693647493727363e+00,8.755000233650207520e-01
1.633867989221609029e+00,8.755000233650207520e-01
1.634042120521406405e+00,8.755000233650207520e-01
1.634216041900474536e+00,8.755000233650207520e-01
1.634389753864336825e+00,8.755000233650207520e-01
1.634563256916691021e+00,8.755000233650207520e-01
1.634736551559421436e+00,8.755000233650207520e-01
1.634909638292605383e+00,8.755000233650207520e-01
1.635082517614521835e+00,8.755000233650207520e-01
1.635255190021661864e+00,8.755000233650207520e-01
1.635427656008735076e+00,8.755000233650207520e-01
1.635599916068678938e+00,8.755000233650207520e-01
1.635771970692667665e+00,8.755000233650207520e-01
1.635943820370120427e+00,8.755000233650207520e-01
1.636115465588708684e+00,8.755000233650207520e-01
1.636286906834366839e+00,8.755000233650207520e-01
1.636458144591297126e+00,8.755000233650207520e-01
1.636629179341980933e+00,8.755000233650207520e-01
1.636800011567185686e+00,8.755000233650207520e-01
1.636970641745972177e+00,8.755000233650207520e-01
1.637141070355704331e+00,8.755000233650207520e-01
1.637311297872055649e+00,8.755000233650207520e-01
1.637481324769018309e+00,8.755000233650207520e-01
1.637651151518909831e+00,8.755000233650207520e-01
1.637820778592383064e+00,8.755000233650207520e-01
1.637990206458431075e+00,8.755000233650207520e-01
1.638159435584398249e+00,8.755000233650207520e-01
1.638328466435984287e+00,8.755000233650207520e-01
1.638497299477256197e+00,8.755000233650207520e-01
1.638665935170651622e+00,8.755000233650207520e-01
1.638834373976989722e+00,8.755000233650207520e-01
1.639002616355477171e+00,8.755000233650207520e-01
1.639170662763715480e+00,8.755000233650207520e-01
1.639338513657709662e+00,8.755000233650207520e-01
1.639506169491874887e+00,8.755000233650207520e-01
1.639673630719043596e+00,8.755000233650207520e-01
1.639840897790473262e+00,8.755000233650207520e-01
1.640007971155853728e+00,8.755000233650207520e-01
1.640174851263313860e+00,8.755000233650207520e-01
1.640341538559430212e+00,8.755000233650207520e-01
1.640508033489232131e+00,8.755000233650207520e-01
1.640674336496211083e+00,8.755000233650207520e-01
1.640840448022325537e+00,8.755000233650207520e-01
1.641006368508009627e+00,8.755000233650207520e-01
1.641172098392179812e+00,8.755000233650207520e-01
1.641337638112241315e+00,8.755000233650207520e-01
1.641502988104095895e+00,8.755000233650207520e-01
1.641668148802147398e+00,8.755000233650207520e-01
1.641833120639310417e+00,8.755000233650207520e-01
1.641997904047015178e+00,8.755000233650207520e-01
1.642162499455215974e+00,8.755000233650207520e-01
1.642326907292396942e+00,8.755000233650207520e-01
1.642491127985579391e+00,8.755000233650207520e-01
1.642655161960327348e+00,8.755000233650207520e-01
1.642819009640754890e+00,8.755000233650207520e-01
1.642982671449533916e+00,8.755000233650207520e-01
1.643146147807897917e+00,8.755000233650207520e-01
1.643309439135651084e+00,8.755000233650207520e-01
1.643472545851173416e+00,8.755000233650207520e-01
1.643635468371428043e+00,8.755000233650207520e-01
1.643798207111965670e+00,8.755000233650207520e-01
1.643960762486933902e+00,8.755000233650207520e-01
1.644123134909081241e+00,8.755000233650207520e-01
1.644285324789763969e+00,8.755000233650207520e-01
1.644447332538952811e+00,8.755000233650207520e-01
1.644609158565239593e+00,8.755000233650207520e-01
1.644770803275841242e+00,8.755000233650207520e-01
1.644932267076608667e+00,8.755000233650207520e-01
1.645093550372031421e+00,8.755000233650207520e-01
1.645254653565243252e+00,8.755000233650207520e-01
1.645415577058029877e+00,8.755000233650207520e-01
1.645576321250833640e+00,8.755000233650207520e-01
1.645736886542759736e+00,8.755000233650207520e-01
1.645897273331581978e+00,8.755000233650207520e-01
1.646057482013750128e+00,8.755000233650207520e-01
1.646217512984393005e+00,8.755000233650207520e-01
1.646377366637328032e+00,8.755000233650207520e-01
1.646537043365063013e+00,8.755000233650207520e-01
1.646696543558805237e+00,8.755000233650207520e-01
1.646855867608465251e+00,8.755000233650207520e-01
1.647015015902663748e+00,8.755000233650207520e-01
1.647173988828736002e+00,8.755000233650207520e-01
1.647332786772738977e+00,8.755000233650207520e-01
1.647491410119456212e+00,8.755000233650207520e-01
1.647649859252402704e+00,8.755000233650207520e-01
1.647808134553832016e+00,8.755000233650207520e-01
1.647966236404740270e+00,8.755000233650207520e-01
1.648124165184873258e+00,8.755000233650207520e-01
1.648281921272730433e+00,8.755000233650207520e-01
1.648439505045570908e+00,8.755000233650207520e-01
1.648596916879419227e+00,8.755000233650207520e-01
1.648754157149070476e+00,8.755000233650207520e-01
1.648911226228094939e+00,8.755000233650207520e-01
1.649068124488845211e+00,8.755000233650207520e-01
1.649224852302459521e+00,8.755000233650207520e-01
1.649381410038867735e+00,8.755000233650207520e-01
1.649537798066797567e+00,8.755000233650207520e-01
1.649694016753778136e+00,8.755000233650207520e-01
1.649850066466145959e+00,8.755000233650207520e-01
1.650005947569050724e+00,8.755000233650207520e-01
1.650161660426459287e+00,8.755000233650207520e-01
1.650317205401161225e+00,8.755000233650207520e-01
1.650472582854774384e+00,8.755000233650207520e-01
1.650627793147748879e+00,8.755000233650207520e-01
1.650782836639372864e+00,8.755000233650207520e-01
1.650937713687778308e+00,8.755000233650207520e-01
1.651092424649943435e+00,8.755000233650207520e-01
1.651246969881700721e+00,8.755000233650207520e-01
1.651401349737739332e+00,8.755000233650207520e-01
1.651555564571611345e+00,8.755000233650207520e-01
1.651709614735736409e+00,8.755000233650207520e-01
1.651863500581406408e+00,8.755000233650207520e-01
1.652017222458790346e+00,8.755000233650207520e-01
1.652170780716938792e+00,8.755000233650207520e-01
1.652324175703788978e+00,8.755000233650207520e-01
1.652477407766169692e+00,8.755000233650207520e-01
1.652630477249805718e+00,8.755000233650207520e-01
1.652783384499322938e+00,8.755000233650207520e-01
1.652936129858251668e+00,8.755000233650207520e-01
1.653088713669032650e+00,8.755000233650207520e-01
1.653241136273021938e+00,8.755000233650207520e-01
1.653393398010494009e+00,8.755000233650207520e-01
1.653545499220647308e+00,8.755000233650207520e-01
1.653697440241608252e+00,8.755000233650207520e-01
1.653849221410436998e+00,8.755000233650207520e-01
1.654000843063129889e+00,8.755000233650207520e-01
1.654152305534625889e+00,8.755000233650207520e-01
1.654303609158809474e+00,8.755000233650207520e-01
1.654454754268516181e+00,8.755000233650207520e-01
1.654605741195536384e+00,8.755000233650207520e-01
1.654756570270619953e+00,8.755000233650207520e-01
1.654907241823480257e+00,8.755000233650207520e-01
1.655057756182799045e+00,8.755000233650207520e-01
1.655208113676229553e+00,8.755000233650207520e-01
1.655358314630403171e+00,8.755000233650207520e-01
1.655508359370930993e+00,8.755000233650207520e-01
1.655658248222408924e+00,8.755000233650207520e-01
1.655807981508423454e+00,8.755000233650207520e-01
1.655957559551553882e+00,8.755000233650207520e-01
1.656106982673376971e+00,8.755000233650207520e-01
1.656256251194472062e+00,8.755000233650207520e-01
1.656405365434423294e+00,8.755000233650207520e-01
1.656554325711826259e+00,8.755000233650207520e-01
1.656703132344289786e+00,8.755000233650207520e-01
1.656851785648441044e+00,8.755000233650207520e-01
1.657000285939929540e+00,8.755000233650207520e-01
1.657148633533431781e+00,8.755000233650207520e-01
1.657296828742653050e+00,8.755000233650207520e-01
1.657444871880334514e+00,8.755000233650207520e-01
1.657592763258254109e+00,8.755000233650207520e-01
1.657740503187232983e+00,8.755000233650207520e-01
1.657888091977137934e+00,8.755000233650207520e-01
1.658035529936885855e+00,8.755000233650207520e-01
1.658182817374447504e+00,8.755000233650207520e-01
1.658329954596851064e+00,8.755000233650207520e-01
1.658476941910186797e+00,8.755000233650207520e-01
1.658623779619610161e+00,8.755000233650207520e-01
1.658770468029345357e+00,8.755000233650207520e-01
1.658917007442690217e+00,8.755000233650207520e-01
1.659063398162018865e+00,8.755000233650207520e-01
1.659209640488786164e+00,8.755000233650207520e-01
1.659355734723531040e+00,8.755000233650207520e-01
1.659501681165880038e+00,8.755000233650207520e-01
1.659647480114551987e+00,8.755000233650207520e-01
1.659793131867360216e+00,8.755000233650207520e-01
1.659938636721217664e+00,8.755000233650207520e-01
1.660083994972139321e+00,8.755000233650207520e-01
1.660229206915246225e+00,8.755000233650207520e-01
1.660374272844769905e+00,8.755000233650207520e-01
1.660519193054054155e+00,8.755000233650207520e-01
1.660663967835560806e+00,8.755000233650207520e-01
1.660808597480871063e+00,8.755000233650207520e-01
1.660953082280690829e+00,8.755000233650207520e-01
1.661097422524853151e+00,8.755000233650207520e-01
1.661241618502321771e+00,8.755000233650207520e-01
1.661385670501195122e+00,8.755000233650207520e-01
1.661529578808710106e+00,8.755000233650207520e-01
1.661673343711243644e+00,8.755000233650207520e-01
1.661816965494318232e+00,8.755000233650207520e-01
1.661960444442604823e+00,8.755000233650207520e-01
1.662103780839924827e+00,8.755000233650207520e-01
1.662246974969255220e+00,8.755000233650207520e-01
1.662390027112731206e+00,8.755000233650207520e-01
1.662532937551649326e+00,8.755000233650207520e-01
1.662675706566471012e+00,8.755000233650207520e-01
1.662818334436826362e+00,8.755000233650207520e-01
1.662960821441516357e+00,8.755000233650207520e-01
1.663103167858516862e+00,8.755000233650207520e-01
1.663245373964981733e+00,8.755000233650207520e-01
1.663387440037246590e+00,8.755000233650207520e-01
1.663529366350830596e+00,8.755000233650207520e-01
1.663671153180440898e+00,8.755000233650207520e-01
1.663812800799976621e+00,8.755000233650207520e-01
1.663954309482529315e+00,8.755000233650207520e-01
1.664095679500388059e+00,8.755000233650207520e-01
1.664236911125043017e+00,8.755000233650207520e-01
1.664378004627187435e+00,8.755000233650207520e-01
1.664518960276720749e+00,8.755000233650207520e-01
1.664659778342752361e+00,8.755000233650207520e-01
1.664800459093604745e+00,8.755000233650207520e-01
1.664941002796815672e+00,8.755000233650207520e-01
1.665081409719142203e+00,8.755000233650207520e-01
1.665221680126562687e+00,8.755000233650207520e-01
1.665361814284281428e+00,8.755000233650207520e-01
1.665501812456729791e+00,8.755000233650207520e-01
1.665641674907570424e+00,8.755000233650207520e-01
1.665781401899699699e+00,8.755000233650207520e-01
1.665920993695251040e+00,8.755000233650207520e-01
1.666060450555598038e+00,8.755000233650207520e-01
1.666199772741356000e+00,8.755000233650207520e-01
1.666338960512387279e+00,8.755000233650207520e-01
1.666478014127801943e+00,8.755000233650207520e-01
1.666616933845961546e+00,8.755000233650207520e-01
1.666755719924482682e+00,8.755000233650207520e-01
1.666894372620238318e+00,8.755000233650207520e-01
1.667032892189362459e+00,8.755000233650207520e-01
1.667171278887251029e+00,8.755000233650207520e-01
1.667309532968566543e+00,8.755000233650207520e-01
1.667447654687239433e+00,8.755000233650207520e-01
1.667585644296471825e+00,8.755000233650207520e-01
1.667723502048740647e+00,8.755000233650207520e-01
1.667861228195798295e+00,8.755000233650207520e-01
1.667998822988678187e+00,8.755000233650207520e-01
1.668136286677695201e+00,8.755000233650207520e-01
1.668273619512450123e+00,8.755000233650207520e-01
1.668410821741831196e+00,8.755000233650207520e-01
1.668547893614017230e+00,8.755000233650207520e-01
1.668684835376480713e+00,8.755000233650207520e-01
1.668821647275989584e+00,8.755000233650207520e-01
1.668958329558610565e+00,8.755000233650207520e-01
1.669094882469712271e+00,8.755000233650207520e-01
1.669231306253965874e+00,8.755000233650207520e-01
1.669367601155350878e+00,8.755000233650207520e-01
1.669503767417154227e+00,8.755000233650207520e-01
1.669639805281976086e+00,8.755000233650207520e-01
1.669775714991729831e+00,8.755000233650207520e-01
1.669911496787646499e+00,8.755000233650207520e-01
1.670047150910276779e+00,8.755000233650207520e-01
1.670182677599492571e+00,8.755000233650207520e-01
1.670318077094491205e+00,8.755000233650207520e-01
1.670453349633796991e+00,8.755000233650207520e-01
1.670588495455264111e+00,8.755000233650207520e-01
1.670723514796078168e+00,8.755000233650207520e-01
1.670858407892760189e+00,8.755000233650207520e-01
1.670993174981168172e+00,8.755000233650207520e-01
1.671127816296499757e+00,8.755000233650207520e-01
1.671262332073294887e+00,8.755000233650207520e-01
1.671396722545437141e+00,8.755000233650207520e-01
1.671530987946158620e+00,8.755000233650207520e-01
1.671665128508039500e+00,8.755000233650207520e-01
1.671799144463012476e+00,8.755000233650207520e-01
1.671933036042364762e+00,8.755000233650207520e-01
1.672066803476739416e+00,8.755000233650207520e-01
1.672200446996139123e+00,8.755000233650207520e-01
1.672333966829927743e+00,8.755000233650207520e-01
1.672467363206832980e+00,8.755000233650207520e-01
1.672600636354948600e+00,8.755000233650207520e-01
1.672733786501737097e+00,8.755000233650207520e-01
1.672866813874031244e+00,8.755000233650207520e-01
1.672999718698037208e+00,8.755000233650207520e-01
1.673132501199336541e+00,8.755000233650207520e-01
1.673265161602888851e+00,8.755000233650207520e-01
1.673397700133032684e+00,8.755000233650207520e-01
1.673530117013490637e+00,8.755000233650207520e-01
1.673662412467367799e+00,8.755000233650207520e-01
1.673794586717157529e+00,8.755000233650207520e-01
1.673926639984742115e+00,8.755000233650207520e-01
