# kappa, accuracy
0.000000000000000000e+00,4.666666686534881592e-01
3.460642136446939188e-01,6.018888950347900391e-01
4.393585558966322524e-01,6.087222099304199219e-01
4.955484891252183721e-01,6.094999909400939941e-01
5.358851057035403098e-01,6.108333468437194824e-01
5.673730759412700664e-01,6.190555691719055176e-01
5.932047033119119961e-01,6.197222471237182617e-01
6.151059888065290027e-01,6.355000138282775879e-01
6.341165085678772684e-01,6.253333687782287598e-01
6.509111528601050356e-01,6.312222480773925781e-01
6.659529819214544677e-01,6.311111450195312500e-01
6.795735389960382289e-01,6.278333663940429688e-01
6.920183751808918204e-01,6.341666579246520996e-01
7.034744355709176000e-01,6.353889107704162598e-01
7.140873427110026039e-01,6.367777585983276367e-01
7.239727439139830301e-01,6.317222118377685547e-01
7.332240125380055096e-01,6.395555734634399414e-01
7.419176245572528527e-01,6.359999775886535645e-01
7.501170047774186056e-01,6.501666903495788574e-01
7.578753373704338880e-01,6.346111297607421875e-01
7.652376583518809561e-01,6.292777657508850098e-01
7.722424394858447005e-01,6.416110992431640625e-01
7.789228050954795091e-01,6.437777876853942871e-01
7.853074793680469012e-01,6.375555396080017090e-01
7.914215327560437663e-01,6.306666731834411621e-01
7.972869765298188360e-01,6.348888874053955078e-01
8.029232411074677112e-01,6.466666460037231445e-01
8.083475644022850570e-01,6.472777724266052246e-01
8.135753097661598821e-01,6.447777748107910156e-01
8.186202283108832134e-01,6.364444494247436523e-01
8.234946768905498926e-01,6.527777910232543945e-01
8.282098004450236806e-01,6.498333215713500977e-01
8.327756854757577543e-01,6.480000019073486328e-01
8.372014899702796553e-01,6.471111178398132324e-01
8.414955539833398612e-01,6.428889036178588867e-01
8.456654942308700074e-01,6.489444375038146973e-01
8.497182853925832058e-01,6.423333287239074707e-01
8.536603303031741197e-01,6.485555768013000488e-01
8.574975208060138243e-01,6.567222476005554199e-01
8.612352907213883801e-01,6.527777910232543945e-01
8.648786621245315720e-01,6.495000123977661133e-01
8.684322859225335201e-01,6.518333554267883301e-01
8.719004775527041673e-01,6.549444794654846191e-01
8.752872484897499250e-01,6.466666460037231445e-01
8.785963341387245107e-01,6.416110992431640625e-01
8.818312186001268094e-01,6.448333263397216797e-01
8.849951567188297785e-01,6.448333263397216797e-01
8.880911937666634559e-01,6.416110992431640625e-01
8.911221830570137392e-01,6.652777791023254395e-01
8.940908017468109925e-01,6.627777814865112305e-01
8.969995650452311509e-01,6.576111316680908203e-01
8.998508390180846028e-01,6.542778015136718750e-01
9.026468521512224230e-01,6.616111397743225098e-01
9.053897058145479182e-01,6.457777619361877441e-01
9.080813837497277996e-01,6.341666579246520996e-01
9.107237606889119208e-01,6.514999866485595703e-01
9.133186101982539995e-01,6.661666631698608398e-01
9.158676118284290180e-01,6.550000309944152832e-01
9.183723576443462155e-01,6.675000190734863281e-01
9.208343581976337067e-01,6.383333206176757812e-01
9.232550479980013991e-01,6.491110920906066895e-01
9.256357905331067393e-01,6.621111035346984863e-01
9.279778828809064350e-01,6.716111302375793457e-01
9.302825599535609058e-01,6.420000195503234863e-01
9.325509984076544301e-01,6.435000300407409668e-01
9.347843202517283068e-01,6.397777795791625977e-01
9.369835961788163248e-01,6.586666703224182129e-01
9.391498486487607211e-01,6.431111097335815430e-01
9.412840547425185278e-01,6.715555787086486816e-01
9.433871488084059065e-01,6.393333673477172852e-01
9.454600249182187888e-01,6.372777819633483887e-01
9.475035391493865644e-01,6.372222304344177246e-01
9.495185117077440395e-01,6.660555601119995117e-01
9.515057289040903532e-01,6.403889060020446777e-01
9.534659449964586475e-01,6.707777976989746094e-01
9.553998839088975181e-01,6.491110920906066895e-01
9.573082408365658491e-01,6.721666455268859863e-01
9.591916837460473522e-01,6.614444255828857422e-01
9.610508547789866629e-01,6.451666951179504395e-01
9.628863715664277567e-01,6.474999785423278809e-01
9.646988284605877428e-01,6.746110916137695312e-01
9.664887976902100108e-01,6.416110992431640625e-01
9.682568304451202312e-01,6.740000247955322266e-01
9.700034578951239883e-01,6.629999876022338867e-01
9.717291921479626060e-01,6.728888750076293945e-01
9.734345271506471553e-01,6.329444646835327148e-01
9.751199395381416890e-01,6.698333621025085449e-01
9.767858894330414543e-01,6.273888945579528809e-01
9.784328211996059510e-01,6.612222194671630859e-01
9.800611641552344766e-01,6.604444384574890137e-01
9.816713332422384308e-01,6.217222213745117188e-01
9.832637296625357237e-01,6.085000038146972656e-01
9.848387414776997861e-01,6.296666860580444336e-01
9.863967441766053890e-01,6.403889060020446777e-01
9.879381012127496087e-01,6.162778139114379883e-01
9.894631645131733988e-01,6.594444513320922852e-01
9.909722749607616787e-01,6.730555891990661621e-01
9.924657628515801688e-01,6.304444670677185059e-01
9.939439483287810795e-01,6.304444670677185059e-01
9.954071417945045130e-01,6.647777557373046875e-01
9.968556443011010737e-01,6.278889179229736328e-01
9.982897479229081439e-01,6.322777867317199707e-01
9.997097361097307955e-01,6.478333473205566406e-01
1.001115884023093816e+00,6.751666665077209473e-01
1.002508458856266049e+00,6.394444704055786133e-01
1.003887720138986639e+00,6.669444441795349121e-01
1.005253920027759262e+00,6.131111383438110352e-01
1.006607303582534474e+00,6.550000309944152832e-01
1.007948109030530892e+00,6.585555672645568848e-01
1.009276568017910103e+00,6.493889093399047852e-01
1.010592905849970302e+00,6.596666574478149414e-01
1.011897341720481069e+00,6.502777934074401855e-01
1.013190088930741029e+00,6.619444489479064941e-01
1.014471355098909733e+00,6.635555624961853027e-01
1.015741342360125365e+00,6.526111364364624023e-01
1.017000247557888981e+00,6.341666579246520996e-01
1.018248262427173589e+00,6.455000042915344238e-01
1.019485573769679521e+00,6.535000205039978027e-01
1.020712363621636420e+00,6.750555634498596191e-01
1.021928809414534234e+00,6.568333506584167480e-01
1.023135084129131567e+00,6.130555868148803711e-01
1.024331356443079821e+00,6.720555424690246582e-01
1.025517790872476853e+00,6.530555486679077148e-01
1.026694547907648136e+00,6.574444770812988281e-01
1.027861784143433876e+00,6.500000357627868652e-01
1.029019652404247864e+00,6.676111221313476562e-01
1.030168301864158975e+00,6.647777557373046875e-01
1.031307878162228464e+00,6.469444632530212402e-01
1.032438523513327766e+00,6.491110920906066895e-01
1.033560376814649295e+00,6.520000100135803223e-01
1.034673573748105202e+00,6.635555624961853027e-01
1.035778246878808151e+00,6.694999933242797852e-01
1.036874525749808873e+00,6.269444227218627930e-01
1.037962536973260796e+00,6.406111121177673340e-01
1.039042404318175405e+00,6.526666879653930664e-01
1.040114248794914209e+00,6.618333458900451660e-01
1.041178188736567867e+00,6.416110992431640625e-01
1.042234339877354365e+00,6.326110959053039551e-01
1.043282815428170807e+00,6.377222537994384766e-01
1.044323726149416265e+00,6.583333611488342285e-01
1.045357180421210730e+00,6.707777976989746094e-01
1.046383284311111606e+00,6.738333702087402344e-01
1.047402141639443451e+00,6.754444241523742676e-01
1.048413854042335558e+00,6.694999933242797852e-01
1.049418521032562834e+00,6.736666560173034668e-01
1.050416240058285489e+00,6.763889193534851074e-01
1.051407106559770543e+00,6.380555629730224609e-01
1.052391214024177346e+00,6.535555720329284668e-01
1.053368654038489893e+00,6.322222352027893066e-01
1.054339516340665472e+00,6.632778048515319824e-01
1.055303888869075335e+00,6.024444699287414551e-01
1.056261857810303351e+00,6.587222218513488770e-01
1.057213507645367701e+00,6.351110935211181641e-01
1.058158921194429558e+00,6.273888945579528809e-01
1.059098179660044492e+00,6.700555682182312012e-01
1.060031362669015875e+00,6.565555334091186523e-01
1.060958548312904037e+00,6.447777748107910156e-01
1.061879813187241117e+00,6.670555472373962402e-01
1.062795232429501358e+00,6.351110935211181641e-01
1.063704879755876131e+00,6.752222180366516113e-01
1.064608827496894339e+00,6.454444527626037598e-01
1.065507146631936131e+00,6.191111207008361816e-01
1.066399906822677268e+00,6.543889045715332031e-01
1.067287176445506081e+00,6.310555338859558105e-01
1.068169022622948328e+00,6.296666860580444336e-01
1.069045511254138603e+00,6.420000195503234863e-01
1.069916707044371140e+00,6.337777972221374512e-01
1.070782673533764218e+00,6.560000181198120117e-01
1.071643473125069024e+00,6.343889236450195312e-01
1.072499167110653406e+00,6.666111350059509277e-01
1.073349815698691589e+00,6.294444799423217773e-01
1.074195478038583840e+00,6.564444303512573242e-01
1.075036212245638056e+00,6.506666541099548340e-01
1.075872075425034602e+00,6.492778062820434570e-01
1.076703123695101905e+00,6.550000309944152832e-01
1.077529412209924375e+00,6.510555744171142578e-01
1.078350995181307725e+00,6.430555582046508789e-01
1.079167925900122338e+00,6.745555400848388672e-01
1.079980256757044899e+00,6.582222580909729004e-01
1.080788039262719158e+00,6.323333382606506348e-01
1.081591324067357140e+00,6.562777757644653320e-01
1.082390160979796345e+00,6.702222228050231934e-01
1.083184598986031588e+00,6.455000042915344238e-01
1.083974686267241694e+00,6.758888959884643555e-01
1.084760470217322581e+00,6.577777862548828125e-01
1.085541997459947172e+00,6.437222361564636230e-01
1.086319313865165226e+00,6.533333659172058105e-01
1.087092464565559080e+00,6.423888802528381348e-01
1.087861493971966409e+00,6.221111416816711426e-01
1.088626445788789754e+00,5.000000000000000000e-01
1.089387363028899047e+00,5.000000000000000000e-01
1.090144288028144892e+00,5.000000000000000000e-01
1.090897262459493255e+00,5.000000000000000000e-01
1.091646327346791789e+00,5.000000000000000000e-01
1.092391523078182436e+00,5.000000000000000000e-01
1.093132889419168086e+00,5.000000000000000000e-01
1.093870465525345281e+00,5.000000000000000000e-01
1.094604289954814069e+00,5.000000000000000000e-01
1.095334400680272768e+00,5.000000000000000000e-01
1.096060835100808983e+00,5.000000000000000000e-01
1.096783630053394853e+00,5.000000000000000000e-01
1.097502821824095642e+00,5.000000000000000000e-01
1.098218446159000550e+00,5.000000000000000000e-01
1.098930538274884405e+00,5.000000000000000000e-01
1.099639132869605573e+00,5.000000000000000000e-01
1.100344264132252725e+00,5.000000000000000000e-01
1.101045965753041811e+00,5.000000000000000000e-01
1.101744270932975445e+00,5.000000000000000000e-01
1.102439212393269141e+00,5.000000000000000000e-01
1.103130822384551291e+00,5.000000000000000000e-01
1.103819132695843974e+00,5.000000000000000000e-01
1.104504174663331062e+00,5.000000000000000000e-01
1.105185979178917144e+00,5.000000000000000000e-01
1.105864576698588619e+00,5.000000000000000000e-01
1.106539997250575169e+00,5.000000000000000000e-01
1.107212270443324043e+00,5.000000000000000000e-01
1.107881425473287829e+00,5.000000000000000000e-01
1.108547491132532814e+00,5.000000000000000000e-01
1.109210495816173481e+00,5.000000000000000000e-01
1.109870467529634919e+00,5.000000000000000000e-01
1.110527433895751814e+00,5.000000000000000000e-01
1.111181422161705790e+00,5.000000000000000000e-01
1.111832459205805534e+00,5.000000000000000000e-01
1.112480571544115948e+00,5.000000000000000000e-01
1.113125785336938733e+00,5.000000000000000000e-01
1.113768126395147329e+00,5.000000000000000000e-01
1.114407620186383507e+00,5.000000000000000000e-01
1.115044291841114976e+00,5.000000000000000000e-01
1.115678166158562856e+00,5.000000000000000000e-01
1.116309267612496603e+00,5.000000000000000000e-01
1.116937620356904803e+00,5.000000000000000000e-01
1.117563248231540518e+00,5.000000000000000000e-01
1.118186174767350494e+00,5.000000000000000000e-01
1.118806423191784916e+00,5.000000000000000000e-01
1.119424016433993696e+00,5.000000000000000000e-01
1.120038977129914182e+00,5.000000000000000000e-01
1.120651327627247396e+00,5.000000000000000000e-01
1.121261089990332360e+00,5.000000000000000000e-01
1.121868286004916726e+00,5.000000000000000000e-01
1.122472937182825481e+00,5.000000000000000000e-01
1.123075064766536624e+00,5.000000000000000000e-01
1.123674689733656473e+00,5.000000000000000000e-01
1.124271832801307269e+00,5.000000000000000000e-01
1.124866514430420406e+00,5.000000000000000000e-01
1.125458754829944175e+00,5.000000000000000000e-01
1.126048573960963584e+00,5.000000000000000000e-01
1.126635991540738901e+00,5.000000000000000000e-01
1.127221027046658497e+00,5.000000000000000000e-01
1.127803699720116182e+00,5.000000000000000000e-01
1.128384028570306841e+00,5.000000000000000000e-01
1.128962032377948121e+00,5.000000000000000000e-01
1.129537729698927517e+00,5.000000000000000000e-01
1.130111138867876619e+00,5.000000000000000000e-01
1.130682278001674756e+00,5.000000000000000000e-01
1.131251165002883807e+00,5.000000000000000000e-01
1.131817817563115058e+00,5.000000000000000000e-01
1.132382253166330788e+00,5.000000000000000000e-01
1.132944489092081009e+00,5.000000000000000000e-01
1.133504542418677374e+00,5.000000000000000000e-01
1.134062430026306689e+00,5.000000000000000000e-01
1.134618168600083132e+00,5.000000000000000000e-01
1.135171774633042086e+00,5.000000000000000000e-01
1.135723264429078005e+00,5.000000000000000000e-01
1.136272654105825231e+00,5.000000000000000000e-01
1.136819959597484164e+00,5.000000000000000000e-01
1.137365196657594391e+00,5.000000000000000000e-01
1.137908380861755164e+00,5.000000000000000000e-01
1.138449527610296386e+00,5.000000000000000000e-01
1.138988652130896728e+00,5.000000000000000000e-01
1.139525769481156026e+00,5.000000000000000000e-01
1.140060894551119031e+00,5.000000000000000000e-01
1.140594042065750546e+00,5.000000000000000000e-01
1.141125226587368369e+00,5.000000000000000000e-01
1.141654462518028934e+00,5.000000000000000000e-01
1.142181764101870778e+00,5.000000000000000000e-01
1.142707145427414694e+00,5.000000000000000000e-01
1.143230620429822597e+00,5.000000000000000000e-01
1.143752202893114633e+00,5.000000000000000000e-01
1.144271906452347665e+00,5.000000000000000000e-01
1.144789744595754444e+00,5.000000000000000000e-01
1.145305730666842603e+00,5.000000000000000000e-01
1.145819877866459224e+00,5.000000000000000000e-01
1.146332199254816553e+00,5.000000000000000000e-01
1.146842707753483070e+00,5.000000000000000000e-01
1.147351416147338155e+00,5.000000000000000000e-01
1.147858337086494318e+00,5.000000000000000000e-01
1.148363483088183479e+00,5.000000000000000000e-01
1.148866866538613030e+00,5.000000000000000000e-01
1.149368499694786605e+00,5.000000000000000000e-01
1.149868394686296202e+00,5.000000000000000000e-01
1.150366563517080998e+00,5.000000000000000000e-01
1.150863018067157517e+00,5.000000000000000000e-01
1.151357770094319388e+00,5.000000000000000000e-01
1.151850831235808448e+00,5.000000000000000000e-01
1.152342213009956096e+00,5.000000000000000000e-01
1.152831926817799557e+00,5.000000000000000000e-01
1.153319983944667282e+00,5.000000000000000000e-01
1.153806395561741471e+00,5.000000000000000000e-01
1.154291172727589965e+00,5.000000000000000000e-01
1.154774326389676142e+00,5.000000000000000000e-01
1.155255867385843294e+00,5.000000000000000000e-01
1.155735806445770564e+00,5.000000000000000000e-01
1.156214154192410248e+00,5.000000000000000000e-01
1.156690921143396888e+00,5.000000000000000000e-01
1.157166117712435716e+00,5.000000000000000000e-01
1.157639754210667116e+00,5.000000000000000000e-01
1.158111840848008667e+00,5.000000000000000000e-01
1.158582387734477193e+00,5.000000000000000000e-01
1.159051404881485725e+00,5.000000000000000000e-01
1.159518902203124036e+00,5.000000000000000000e-01
1.159984889517413631e+00,5.000000000000000000e-01
1.160449376547546541e+00,5.000000000000000000e-01
1.160912372923102120e+00,5.000000000000000000e-01
1.161373888181245428e+00,5.000000000000000000e-01
1.161833931767904948e+00,5.000000000000000000e-01
1.162292513038933661e+00,5.000000000000000000e-01
1.162749641261249911e+00,5.000000000000000000e-01
1.163205325613961616e+00,5.000000000000000000e-01
1.163659575189471607e+00,5.000000000000000000e-01
1.164112398994567421e+00,5.000000000000000000e-01
1.164563805951490671e+00,5.000000000000000000e-01
1.165013804898994643e+00,5.000000000000000000e-01
1.165462404593379908e+00,5.000000000000000000e-01
1.165909613709519288e+00,5.000000000000000000e-01
1.166355440841862379e+00,5.000000000000000000e-01
1.166799894505427204e+00,5.000000000000000000e-01
1.167242983136776990e+00,5.000000000000000000e-01
1.167684715094979397e+00,5.000000000000000000e-01
1.168125098662553984e+00,5.000000000000000000e-01
1.168564142046403687e+00,5.000000000000000000e-01
1.169001853378732525e+00,5.000000000000000000e-01
1.169438240717949107e+00,5.000000000000000000e-01
1.169873312049556802e+00,5.000000000000000000e-01
1.170307075287031040e+00,5.000000000000000000e-01
1.170739538272682845e+00,5.000000000000000000e-01
1.171170708778508818e+00,5.000000000000000000e-01
1.171600594507030690e+00,5.000000000000000000e-01
1.172029203092119110e+00,5.000000000000000000e-01
1.172456542099808763e+00,5.000000000000000000e-01
1.172882619029097961e+00,5.000000000000000000e-01
1.173307441312740451e+00,5.000000000000000000e-01
1.173731016318021236e+00,5.000000000000000000e-01
1.174153351347525076e+00,5.000000000000000000e-01
1.174574453639889660e+00,5.000000000000000000e-01
1.174994330370552342e+00,5.000000000000000000e-01
1.175412988652482671e+00,5.000000000000000000e-01
1.175830435536905139e+00,5.000000000000000000e-01
1.176246678014011948e+00,5.000000000000000000e-01
1.176661723013666005e+00,5.000000000000000000e-01
1.177075577406092588e+00,5.000000000000000000e-01
1.177488248002561688e+00,5.000000000000000000e-01
1.177899741556060365e+00,5.000000000000000000e-01
1.178310064761956433e+00,5.000000000000000000e-01
1.178719224258652165e+00,5.000000000000000000e-01
1.179127226628227776e+00,5.000000000000000000e-01
1.179534078397078023e+00,5.000000000000000000e-01
1.179939786036537264e+00,5.000000000000000000e-01
1.180344355963498293e+00,5.000000000000000000e-01
1.180747794541020301e+00,5.000000000000000000e-01
1.181150108078930172e+00,5.000000000000000000e-01
1.181551302834414230e+00,5.000000000000000000e-01
1.181951385012601774e+00,5.000000000000000000e-01
1.182350360767141728e+00,5.000000000000000000e-01
1.182748236200770409e+00,5.000000000000000000e-01
1.183145017365870855e+00,5.000000000000000000e-01
1.183540710265025941e+00,5.000000000000000000e-01
1.183935320851563056e+00,5.000000000000000000e-01
1.184328855030091887e+00,5.000000000000000000e-01
1.184721318657034228e+00,5.000000000000000000e-01
1.185112717541145777e+00,5.000000000000000000e-01
1.185503057444034614e+00,5.000000000000000000e-01
1.185892344080667682e+00,5.000000000000000000e-01
1.186280583119874166e+00,5.000000000000000000e-01
1.186667780184839982e+00,5.000000000000000000e-01
1.187053940853597167e+00,5.000000000000000000e-01
1.187439070659505713e+00,5.000000000000000000e-01
1.187823175091729411e+00,5.000000000000000000e-01
1.188206259595704362e+00,5.000000000000000000e-01
1.188588329573604829e+00,5.000000000000000000e-01
1.188969390384796432e+00,5.000000000000000000e-01
1.189349447346290445e+00,5.000000000000000000e-01
1.189728505733188113e+00,5.000000000000000000e-01
1.190106570779118966e+00,5.000000000000000000e-01
1.190483647676675139e+00,5.000000000000000000e-01
1.190859741577839470e+00,5.000000000000000000e-01
1.191234857594407615e+00,5.000000000000000000e-01
1.191609000798405038e+00,5.000000000000000000e-01
1.191982176222497802e+00,5.000000000000000000e-01
1.192354388860400460e+00,5.000000000000000000e-01
1.192725643667274404e+00,5.000000000000000000e-01
1.193095945560126658e+00,5.000000000000000000e-01
1.193465299418198233e+00,5.000000000000000000e-01
1.193833710083350708e+00,5.000000000000000000e-01
1.194201182360447921e+00,5.000000000000000000e-01
1.194567721017730344e+00,5.000000000000000000e-01
1.194933330787187664e+00,5.000000000000000000e-01
1.195298016364924498e+00,5.000000000000000000e-01
1.195661782411522989e+00,5.000000000000000000e-01
1.196024633552399630e+00,5.000000000000000000e-01
1.196386574378158540e+00,5.000000000000000000e-01
1.196747609444939853e+00,5.000000000000000000e-01
1.197107743274762770e+00,5.000000000000000000e-01
1.197466980355867960e+00,5.000000000000000000e-01
1.197825325143050179e+00,5.000000000000000000e-01
1.198182782057992224e+00,5.000000000000000000e-01
1.198539355489590896e+00,5.000000000000000000e-01
1.198895049794279855e+00,5.000000000000000000e-01
1.199249869296351134e+00,5.000000000000000000e-01
1.199603818288268453e+00,5.000000000000000000e-01
1.199956901030979850e+00,5.000000000000000000e-01
1.200309121754224773e+00,5.000000000000000000e-01
1.200660484656838722e+00,5.000000000000000000e-01
1.201010993907053903e+00,5.000000000000000000e-01
1.201360653642794540e+00,5.000000000000000000e-01
1.201709467971971312e+00,5.000000000000000000e-01
1.202057440972770452e+00,5.000000000000000000e-01
1.202404576693939520e+00,5.000000000000000000e-01
1.202750879155070507e+00,5.000000000000000000e-01
1.203096352346879394e+00,5.000000000000000000e-01
1.203441000231481040e+00,5.000000000000000000e-01
1.203784826742662739e+00,5.000000000000000000e-01
1.204127835786153344e+00,5.000000000000000000e-01
1.204470031239889050e+00,5.000000000000000000e-01
1.204811416954277625e+00,5.000000000000000000e-01
1.205151996752456878e+00,5.000000000000000000e-01
1.205491774430553109e+00,5.000000000000000000e-01
1.205830753757933138e+00,5.000000000000000000e-01
1.206168938477456765e+00,5.000000000000000000e-01
1.206506332305724571e+00,5.000000000000000000e-01
1.206842938933321507e+00,5.000000000000000000e-01
1.207178762025061580e+00,5.000000000000000000e-01
1.207513805220225001e+00,5.000000000000000000e-01
1.207848072132795769e+00,5.000000000000000000e-01
1.208181566351696157e+00,5.000000000000000000e-01
1.208514291441016741e+00,5.000000000000000000e-01
1.208846250940245559e+00,5.000000000000000000e-01
1.209177448364493923e+00,5.000000000000000000e-01
1.209507887204719800e+00,5.000000000000000000e-01
1.209837570927948969e+00,5.000000000000000000e-01
1.210166502977492620e+00,5.000000000000000000e-01
1.210494686773163187e+00,5.000000000000000000e-01
1.210822125711488173e+00,5.000000000000000000e-01
1.211148823165920652e+00,5.000000000000000000e-01
1.211474782487048429e+00,5.000000000000000000e-01
1.211800007002798774e+00,5.000000000000000000e-01
1.212124500018644024e+00,5.000000000000000000e-01
1.212448264817802546e+00,5.000000000000000000e-01
1.212771304661437233e+00,5.000000000000000000e-01
1.213093622788853798e+00,5.000000000000000000e-01
1.213415222417695061e+00,5.000000000000000000e-01
1.213736106744133236e+00,5.000000000000000000e-01
1.214056278943062006e+00,5.000000000000000000e-01
1.214375742168283479e+00,5.000000000000000000e-01
1.214694499552694928e+00,5.000000000000000000e-01
1.215012554208473761e+00,5.000000000000000000e-01
1.215329909227259808e+00,5.000000000000000000e-01
1.215646567680333856e+00,5.000000000000000000e-01
1.215962532618799052e+00,5.000000000000000000e-01
1.216277807073754991e+00,5.000000000000000000e-01
1.216592394056472459e+00,5.000000000000000000e-01
1.216906296558566858e+00,5.000000000000000000e-01
1.217219517552168284e+00,5.000000000000000000e-01
1.217532059990090954e+00,5.000000000000000000e-01
1.217843926805998844e+00,5.000000000000000000e-01
1.218155120914572453e+00,5.000000000000000000e-01
1.218465645211672221e+00,5.000000000000000000e-01
1.218775502574498626e+00,5.000000000000000000e-01
1.219084695861754053e+00,5.000000000000000000e-01
1.219393227913799116e+00,5.000000000000000000e-01
1.219701101552811418e+00,5.000000000000000000e-01
1.220008319582938539e+00,5.000000000000000000e-01
1.220314884790452581e+00,5.000000000000000000e-01
1.220620799943900714e+00,5.000000000000000000e-01
1.220926067794255943e+00,5.000000000000000000e-01
1.221230691075065433e+00,5.000000000000000000e-01
1.221534672502597063e+00,5.000000000000000000e-01
1.221838014775985082e+00,5.000000000000000000e-01
1.222140720577373774e+00,5.000000000000000000e-01
1.222442792572059345e+00,5.000000000000000000e-01
1.222744233408632031e+00,5.000000000000000000e-01
1.223045045719113988e+00,5.000000000000000000e-01
1.223345232119097403e+00,5.000000000000000000e-01
1.223644795207881719e+00,5.000000000000000000e-01
1.223943737568608414e+00,5.000000000000000000e-01
1.224242061768394230e+00,5.000000000000000000e-01
1.224539770358463953e+00,5.000000000000000000e-01
1.224836865874280534e+00,5.000000000000000000e-01
1.225133350835675650e+00,5.000000000000000000e-01
1.225429227746977157e+00,5.000000000000000000e-01
1.225724499097136988e+00,5.000000000000000000e-01
1.226019167359855722e+00,5.000000000000000000e-01
1.226313234993706480e+00,5.000000000000000000e-01
1.226606704442260387e+00,5.000000000000000000e-01
1.226899578134205804e+00,5.000000000000000000e-01
1.227191858483470677e+00,5.000000000000000000e-01
1.227483547889340443e+00,5.000000000000000000e-01
1.227774648736577712e+00,5.000000000000000000e-01
1.228065163395538173e+00,5.000000000000000000e-01
1.228355094222286947e+00,5.000000000000000000e-01
1.228644443558712718e+00,5.000000000000000000e-01
1.228933213732642082e+00,5.000000000000000000e-01
1.229221407057951021e+00,5.000000000000000000e-01
1.229509025834676805e+00,5.000000000000000000e-01
1.229796072349127245e+00,5.000000000000000000e-01
1.230082548873991044e+00,5.000000000000000000e-01
1.230368457668444826e+00,5.000000000000000000e-01
1.230653800978259937e+00,5.000000000000000000e-01
1.230938581035909030e+00,5.000000000000000000e-01
1.231222800060670863e+00,5.000000000000000000e-01
1.231506460258732449e+00,5.000000000000000000e-01
1.231789563823294076e+00,5.000000000000000000e-01
1.232072112934669228e+00,5.000000000000000000e-01
1.232354109760386951e+00,5.000000000000000000e-01
1.232635556455290216e+00,5.000000000000000000e-01
1.232916455161635394e+00,5.000000000000000000e-01
1.233196808009189738e+00,5.000000000000000000e-01
1.233476617115329077e+00,5.000000000000000000e-01
1.233755884585132634e+00,5.000000000000000000e-01
1.234034612511479168e+00,5.000000000000000000e-01
1.234312802975139567e+00,5.000000000000000000e-01
1.234590458044872330e+00,5.000000000000000000e-01
1.234867579777513491e+00,5.000000000000000000e-01
1.235144170218069659e+00,5.000000000000000000e-01
1.235420231399807722e+00,5.000000000000000000e-01
1.235695765344344776e+00,5.000000000000000000e-01
1.235970774061737387e+00,5.000000000000000000e-01
1.236245259550569076e+00,5.000000000000000000e-01
1.236519223798036915e+00,5.000000000000000000e-01
1.236792668780039683e+00,5.000000000000000000e-01
1.237065596461260908e+00,5.000000000000000000e-01
1.237338008795255684e+00,5.000000000000000000e-01
1.237609907724533720e+00,5.000000000000000000e-01
1.237881295180642161e+00,5.000000000000000000e-01
1.238152173084248187e+00,5.000000000000000000e-01
1.238422543345220728e+00,5.000000000000000000e-01
1.238692407862711731e+00,5.000000000000000000e-01
1.238961768525234319e+00,5.000000000000000000e-01
1.239230627210744506e+00,5.000000000000000000e-01
1.239498985786718244e+00,5.000000000000000000e-01
1.239766846110229581e+00,5.000000000000000000e-01
1.240034210028027939e+00,5.000000000000000000e-01
1.240301079376614046e+00,5.000000000000000000e-01
1.240567455982316547e+00,5.000000000000000000e-01
1.240833341661365941e+00,5.000000000000000000e-01
1.241098738219969855e+00,5.000000000000000000e-01
1.241363647454385433e+00,5.000000000000000000e-01
1.241628071150993717e+00,5.000000000000000000e-01
1.241892011086371372e+00,5.000000000000000000e-01
1.242155469027361070e+00,5.000000000000000000e-01
1.242418446731144543e+00,5.000000000000000000e-01
1.242680945945311644e+00,5.000000000000000000e-01
1.242942968407930282e+00,5.000000000000000000e-01
1.243204515847615488e+00,5.000000000000000000e-01
1.243465589983597797e+00,5.000000000000000000e-01
1.243726192525790974e+00,5.000000000000000000e-01
1.243986325174859742e+00,5.000000000000000000e-01
1.244245989622285498e+00,5.000000000000000000e-01
1.244505187550433156e+00,5.000000000000000000e-01
1.244763920632615317e+00,5.000000000000000000e-01
1.245022190533159545e+00,5.000000000000000000e-01
1.245279998907469432e+00,5.000000000000000000e-01
1.245537347402090322e+00,5.000000000000000000e-01
1.245794237654771930e+00,5.000000000000000000e-01
1.246050671294531176e+00,5.000000000000000000e-01
1.246306649941713252e+00,5.000000000000000000e-01
1.246562175208054457e+00,5.000000000000000000e-01
1.246817248696741265e+00,5.000000000000000000e-01
1.247071872002472048e+00,5.000000000000000000e-01
1.247326046711517034e+00,5.000000000000000000e-01
1.247579774401776698e+00,5.000000000000000000e-01
1.247833056642840610e+00,5.000000000000000000e-01
1.248085894996046274e+00,5.000000000000000000e-01
1.248338291014537305e+00,5.000000000000000000e-01
1.248590246243318713e+00,5.000000000000000000e-01
1.248841762219316198e+00,5.000000000000000000e-01
1.249092840471430099e+00,5.000000000000000000e-01
1.249343482520592463e+00,5.000000000000000000e-01
1.249593689879822556e+00,5.000000000000000000e-01
1.249843464054280817e+00,5.000000000000000000e-01
1.250092806541323265e+00,5.000000000000000000e-01
1.250341718830555893e+00,5.000000000000000000e-01
1.250590202403887741e+00,5.000000000000000000e-01
1.250838258735583963e+00,5.000000000000000000e-01
1.251085889292318232e+00,5.000000000000000000e-01
1.251333095533224693e+00,5.000000000000000000e-01
1.251579878909949484e+00,5.000000000000000000e-01
1.251826240866702022e+00,5.000000000000000000e-01
1.252072182840306303e+00,5.000000000000000000e-01
1.252317706260249519e+00,5.000000000000000000e-01
1.252562812548734250e+00,5.000000000000000000e-01
1.252807503120725530e+00,5.000000000000000000e-01
1.253051779384001696e+00,5.000000000000000000e-01
1.253295642739201687e+00,5.000000000000000000e-01
1.253539094579874114e+00,5.000000000000000000e-01
1.253782136292525218e+00,5.000000000000000000e-01
1.254024769256664174e+00,5.000000000000000000e-01
1.254266994844853045e+00,5.000000000000000000e-01
1.254508814422752083e+00,5.000000000000000000e-01
1.254750229349164581e+00,5.000000000000000000e-01
1.254991240976085054e+00,5.000000000000000000e-01
1.255231850648742986e+00,5.000000000000000000e-01
1.255472059705648347e+00,5.000000000000000000e-01
1.255711869478637110e+00,5.000000000000000000e-01
1.255951281292913668e+00,5.000000000000000000e-01
1.256190296467096568e+00,5.000000000000000000e-01
1.256428916313261590e+00,5.000000000000000000e-01
1.256667142136983939e+00,5.000000000000000000e-01
1.256904975237383315e+00,5.000000000000000000e-01
1.257142416907163884e+00,5.000000000000000000e-01
1.257379468432658021e+00,5.000000000000000000e-01
1.257616131093867606e+00,5.000000000000000000e-01
1.257852406164505998e+00,5.000000000000000000e-01
1.258088294912038441e+00,5.000000000000000000e-01
1.258323798597723142e+00,5.000000000000000000e-01
1.258558918476651689e+00,5.000000000000000000e-01
1.258793655797790123e+00,5.000000000000000000e-01
1.259028011804016689e+00,5.000000000000000000e-01
1.259261987732163135e+00,5.000000000000000000e-01
1.259495584813053570e+00,5.000000000000000000e-01
1.259728804271542657e+00,5.000000000000000000e-01
1.259961647326554246e+00,5.000000000000000000e-01
1.260194115191120456e+00,5.000000000000000000e-01
1.260426209072418535e+00,5.000000000000000000e-01
1.260657930171809271e+00,5.000000000000000000e-01
1.260889279684873632e+00,5.000000000000000000e-01
1.261120258801450289e+00,5.000000000000000000e-01
1.261350868705672479e+00,5.000000000000000000e-01
1.261581110576003750e+00,5.000000000000000000e-01
1.261810985585274159e+00,5.000000000000000000e-01
1.262040494900716903e+00,5.000000000000000000e-01
1.262269639684003186e+00,5.000000000000000000e-01
1.262498421091278189e+00,5.000000000000000000e-01
1.262726840273194595e+00,5.000000000000000000e-01
1.262954898374949009e+00,5.000000000000000000e-01
1.263182596536315705e+00,5.000000000000000000e-01
1.263409935891680602e+00,5.000000000000000000e-01
1.263636917570075235e+00,5.000000000000000000e-01
1.263863542695210951e+00,5.000000000000000000e-01
1.264089812385511324e+00,5.000000000000000000e-01
1.264315727754146579e+00,5.000000000000000000e-01
1.264541289909064670e+00,5.000000000000000000e-01
1.264766499953025702e+00,5.000000000000000000e-01
1.264991358983633463e+00,5.000000000000000000e-01
1.265215868093366947e+00,5.000000000000000000e-01
1.265440028369613445e+00,5.000000000000000000e-01
1.265663840894698744e+00,5.000000000000000000e-01
1.265887306745920426e+00,5.000000000000000000e-01
1.266110426995576299e+00,5.000000000000000000e-01
1.266333202710997918e+00,5.000000000000000000e-01
1.266555634954579457e+00,5.000000000000000000e-01
1.266777724783809012e+00,5.000000000000000000e-01
1.266999473251298136e+00,5.000000000000000000e-01
1.267220881404812483e+00,5.000000000000000000e-01
1.267441950287300889e+00,5.000000000000000000e-01
1.267662680936925135e+00,5.000000000000000000e-01
1.267883074387089248e+00,5.000000000000000000e-01
1.268103131666468375e+00,5.000000000000000000e-01
1.268322853799037198e+00,5.000000000000000000e-01
1.268542241804099913e+00,5.000000000000000000e-01
1.268761296696317098e+00,5.000000000000000000e-01
1.268980019485734134e+00,5.000000000000000000e-01
1.269198411177810071e+00,5.000000000000000000e-01
1.269416472773444715e+00,5.000000000000000000e-01
1.269634205269005278e+00,5.000000000000000000e-01
1.269851609656355906e+00,5.000000000000000000e-01
1.270068686922882328e+00,5.000000000000000000e-01
1.270285438051520721e+00,5.000000000000000000e-01
1.270501864020783245e+00,5.000000000000000000e-01
1.270717965804784910e+00,5.000000000000000000e-01
1.270933744373269780e+00,5.000000000000000000e-01
1.271149200691637393e+00,5.000000000000000000e-01
1.271364335720968519e+00,5.000000000000000000e-01
1.271579150418050697e+00,5.000000000000000000e-01
1.271793645735403766e+00,5.000000000000000000e-01
1.272007822621305406e+00,5.000000000000000000e-01
1.272221682019816891e+00,5.000000000000000000e-01
1.272435224870806181e+00,5.000000000000000000e-01
1.272648452109974571e+00,5.000000000000000000e-01
1.272861364668880668e+00,5.000000000000000000e-01
1.273073963474965264e+00,5.000000000000000000e-01
1.273286249451573982e+00,5.000000000000000000e-01
1.273498223517983030e+00,5.000000000000000000e-01
1.273709886589422524e+00,5.000000000000000000e-01
1.273921239577100462e+00,5.000000000000000000e-01
1.274132283388225151e+00,5.000000000000000000e-01
1.274343018926030080e+00,5.000000000000000000e-01
1.274553447089796787e+00,5.000000000000000000e-01
1.274763568774875955e+00,5.000000000000000000e-01
1.274973384872713611e+00,5.000000000000000000e-01
1.275182896270871113e+00,5.000000000000000000e-01
1.275392103853048908e+00,5.000000000000000000e-01
1.275601008499108291e+00,5.000000000000000000e-01
1.275809611085094497e+00,5.000000000000000000e-01
1.276017912483257133e+00,5.000000000000000000e-01
1.276225913562074821e+00,5.000000000000000000e-01
1.276433615186273185e+00,5.000000000000000000e-01
1.276641018216849499e+00,5.000000000000000000e-01
1.276848123511093558e+00,5.000000000000000000e-01
1.277054931922607217e+00,5.000000000000000000e-01
1.277261444301327264e+00,5.000000000000000000e-01
1.277467661493546291e+00,5.000000000000000000e-01
1.277673584341932234e+00,5.000000000000000000e-01
1.277879213685549686e+00,5.000000000000000000e-01
1.278084550359881888e+00,5.000000000000000000e-01
1.278289595196848483e+00,5.000000000000000000e-01
1.278494349024827503e+00,5.000000000000000000e-01
1.278698812668674689e+00,5.000000000000000000e-01
1.278902986949743914e+00,5.000000000000000000e-01
1.279106872685906948e+00,5.000000000000000000e-01
1.279310470691572776e+00,5.000000000000000000e-01
1.279513781777706916e+00,5.000000000000000000e-01
1.279716806751851843e+00,5.000000000000000000e-01
1.279919546418144538e+00,5.000000000000000000e-01
1.280122001577338020e+00,5.000000000000000000e-01
1.280324173026817780e+00,5.000000000000000000e-01
1.280526061560622209e+00,5.000000000000000000e-01
1.280727667969460581e+00,5.000000000000000000e-01
1.280928993040732378e+00,5.000000000000000000e-01
1.281130037558545043e+00,5.000000000000000000e-01
1.281330802303732419e+00,5.000000000000000000e-01
1.281531288053872952e+00,5.000000000000000000e-01
1.281731495583308122e+00,5.000000000000000000e-01
1.281931425663160429e+00,5.000000000000000000e-01
1.282131079061350487e+00,5.000000000000000000e-01
1.282330456542614794e+00,5.000000000000000000e-01
1.282529558868524600e+00,5.000000000000000000e-01
1.282728386797501674e+00,5.000000000000000000e-01
1.282926941084836958e+00,5.000000000000000000e-01
1.283125222482706773e+00,5.000000000000000000e-01
1.283323231740190584e+00,5.000000000000000000e-01
1.283520969603287654e+00,5.000000000000000000e-01
1.283718436814934138e+00,5.000000000000000000e-01
1.283915634115019300e+00,5.000000000000000000e-01
1.284112562240403044e+00,5.000000000000000000e-01
1.284309221924932132e+00,5.000000000000000000e-01
1.284505613899455945e+00,5.000000000000000000e-01
1.284701738891842915e+00,5.000000000000000000e-01
1.284897597626997623e+00,5.000000000000000000e-01
1.285093190826876342e+00,5.000000000000000000e-01
1.285288519210502578e+00,5.000000000000000000e-01
1.285483583493983062e+00,5.000000000000000000e-01
1.285678384390524620e+00,5.000000000000000000e-01
1.285872922610448388e+00,5.000000000000000000e-01
1.286067198861205796e+00,5.000000000000000000e-01
1.286261213847394336e+00,5.000000000000000000e-01
1.286454968270772437e+00,5.000000000000000000e-01
1.286648462830275230e+00,5.000000000000000000e-01
1.286841698222028985e+00,5.000000000000000000e-01
1.287034675139366868e+00,5.000000000000000000e-01
1.287227394272843828e+00,5.000000000000000000e-01
1.287419856310250132e+00,5.000000000000000000e-01
1.287612061936628027e+00,5.000000000000000000e-01
1.287804011834284612e+00,5.000000000000000000e-01
1.287995706682808050e+00,5.000000000000000000e-01
1.288187147159080670e+00,5.000000000000000000e-01
1.288378333937293840e+00,5.000000000000000000e-01
1.288569267688961739e+00,5.000000000000000000e-01
1.288759949082936673e+00,5.000000000000000000e-01
1.288950378785421957e+00,5.000000000000000000e-01
1.289140557459986347e+00,5.000000000000000000e-01
1.289330485767577361e+00,5.000000000000000000e-01
1.289520164366537047e+00,5.000000000000000000e-01
1.289709593912612418e+00,5.000000000000000000e-01
1.289898775058972324e+00,5.000000000000000000e-01
1.290087708456217896e+00,5.000000000000000000e-01
1.290276394752399192e+00,5.000000000000000000e-01
1.290464834593025856e+00,5.000000000000000000e-01
1.290653028621081999e+00,5.000000000000000000e-01
1.290840977477037521e+00,5.000000000000000000e-01
1.291028681798864541e+00,5.000000000000000000e-01
1.291216142222046281e+00,5.000000000000000000e-01
1.291403359379593274e+00,5.000000000000000000e-01
1.291590333902054244e+00,5.000000000000000000e-01
1.291777066417529651e+00,5.000000000000000000e-01
1.291963557551684350e+00,5.000000000000000000e-01
1.292149807927759353e+00,5.000000000000000000e-01
1.292335818166586492e+00,5.000000000000000000e-01
1.292521588886597517e+00,5.000000000000000000e-01
1.292707120703839418e+00,5.000000000000000000e-01
1.292892414231985310e+00,5.000000000000000000e-01
1.293077470082346414e+00,5.000000000000000000e-01
1.293262288863885168e+00,5.000000000000000000e-01
1.293446871183225877e+00,5.000000000000000000e-01
1.293631217644668263e+00,5.000000000000000000e-01
1.293815328850197677e+00,5.000000000000000000e-01
1.293999205399498642e+00,5.000000000000000000e-01
1.294182847889964627e+00,5.000000000000000000e-01
1.294366256916711588e+00,5.000000000000000000e-01
1.294549433072588185e+00,5.000000000000000000e-01
1.294732376948187547e+00,5.000000000000000000e-01
1.294915089131859487e+00,5.000000000000000000e-01
1.295097570209721161e+00,5.000000000000000000e-01
1.295279820765668166e+00,5.000000000000000000e-01
1.295461841381386092e+00,5.000000000000000000e-01
1.295643632636361620e+00,5.000000000000000000e-01
1.295825195107893624e+00,5.000000000000000000e-01
1.296006529371104721e+00,5.000000000000000000e-01
1.296187635998950372e+00,5.000000000000000000e-01
1.296368515562232204e+00,5.000000000000000000e-01
1.296549168629606674e+00,5.000000000000000000e-01
1.296729595767597498e+00,5.000000000000000000e-01
1.296909797540604758e+00,5.000000000000000000e-01
1.297089774510916671e+00,5.000000000000000000e-01
1.297269527238719800e+00,5.000000000000000000e-01
1.297449056282109492e+00,5.000000000000000000e-01
1.297628362197099428e+00,5.000000000000000000e-01
1.297807445537633830e+00,5.000000000000000000e-01
1.297986306855595240e+00,5.000000000000000000e-01
1.298164946700817834e+00,5.000000000000000000e-01
1.298343365621094758e+00,5.000000000000000000e-01
1.298521564162189446e+00,5.000000000000000000e-01
1.298699542867845169e+00,5.000000000000000000e-01
1.298877302279796142e+00,5.000000000000000000e-01
1.299054842937775511e+00,5.000000000000000000e-01
1.299232165379527570e+00,5.000000000000000000e-01
1.299409270140815087e+00,5.000000000000000000e-01
1.299586157755430404e+00,5.000000000000000000e-01
1.299762828755205213e+00,5.000000000000000000e-01
1.299939283670019208e+00,5.000000000000000000e-01
1.300115523027811193e+00,5.000000000000000000e-01
1.300291547354585964e+00,5.000000000000000000e-01
1.300467357174426741e+00,5.000000000000000000e-01
1.300642953009502278e+00,5.000000000000000000e-01
1.300818335380077517e+00,5.000000000000000000e-01
1.300993504804521805e+00,5.000000000000000000e-01
1.301168461799319109e+00,5.000000000000000000e-01
1.301343206879076231e+00,5.000000000000000000e-01
1.301517740556532354e+00,5.000000000000000000e-01
1.301692063342568373e+00,5.000000000000000000e-01
1.301866175746215104e+00,5.000000000000000000e-01
1.302040078274662838e+00,5.000000000000000000e-01
1.302213771433269551e+00,5.000000000000000000e-01
1.302387255725570681e+00,5.000000000000000000e-01
1.302560531653286890e+00,5.000000000000000000e-01
1.302733599716333845e+00,5.000000000000000000e-01
1.302906460412829537e+00,5.000000000000000000e-01
1.303079114239103831e+00,5.000000000000000000e-01
1.303251561689707128e+00,5.000000000000000000e-01
1.303423803257418356e+00,5.000000000000000000e-01
1.303595839433252745e+00,5.000000000000000000e-01
1.303767670706472703e+00,5.000000000000000000e-01
1.303939297564593147e+00,5.000000000000000000e-01
1.304110720493391495e+00,5.000000000000000000e-01
1.304281939976915883e+00,5.000000000000000000e-01
1.304452956497493155e+00,5.000000000000000000e-01
1.304623770535736416e+00,5.000000000000000000e-01
1.304794382570553912e+00,5.000000000000000000e-01
1.304964793079156804e+00,5.000000000000000000e-01
1.305135002537067823e+00,5.000000000000000000e-01
1.305305011418127714e+00,5.000000000000000000e-01
1.305474820194504337e+00,5.000000000000000000e-01
1.305644429336700663e+00,5.000000000000000000e-01
1.305813839313561653e+00,5.000000000000000000e-01
1.305983050592282702e+00,5.000000000000000000e-01
1.306152063638417182e+00,5.000000000000000000e-01
1.306320878915884887e+00,5.000000000000000000e-01
1.306489496886977797e+00,5.000000000000000000e-01
1.306657918012369413e+00,5.000000000000000000e-01
1.306826142751121855e+00,5.000000000000000000e-01
1.306994171560693418e+00,5.000000000000000000e-01
1.307162004896945451e+00,5.000000000000000000e-01
1.307329643214150350e+00,5.000000000000000000e-01
1.307497086964998445e+00,5.000000000000000000e-01
1.307664336600606214e+00,5.000000000000000000e-01
1.307831392570522944e+00,5.000000000000000000e-01
1.307998255322737835e+00,5.000000000000000000e-01
1.308164925303687554e+00,5.000000000000000000e-01
1.308331402958263334e+00,5.000000000000000000e-01
1.308497688729817643e+00,5.000000000000000000e-01
1.308663783060172836e+00,5.000000000000000000e-01
1.308829686389625380e+00,5.000000000000000000e-01
1.308995399156956063e+00,5.000000000000000000e-01
1.309160921799434441e+00,5.000000000000000000e-01
1.309326254752826824e+00,5.000000000000000000e-01
1.309491398451403610e+00,5.000000000000000000e-01
1.309656353327945277e+00,5.000000000000000000e-01
1.309821119813749490e+00,5.000000000000000000e-01
1.309985698338637539e+00,5.000000000000000000e-01
1.310150089330962109e+00,5.000000000000000000e-01
1.310314293217612835e+00,5.000000000000000000e-01
1.310478310424023407e+00,5.000000000000000000e-01
1.310642141374177783e+00,5.000000000000000000e-01
1.310805786490618408e+00,5.000000000000000000e-01
1.310969246194449989e+00,5.000000000000000000e-01
1.311132520905348153e+00,5.000000000000000000e-01
1.311295611041565667e+00,5.000000000000000000e-01
1.311458517019937542e+00,5.000000000000000000e-01
1.311621239255889249e+00,5.000000000000000000e-01
1.311783778163441605e+00,5.000000000000000000e-01
1.311946134155217658e+00,5.000000000000000000e-01
1.312108307642449345e+00,5.000000000000000000e-01
1.312270299034982823e+00,5.000000000000000000e-01
1.312432108741285353e+00,5.000000000000000000e-01
1.312593737168452179e+00,5.000000000000000000e-01
1.312755184722210533e+00,5.000000000000000000e-01
1.312916451806927842e+00,5.000000000000000000e-01
1.313077538825617063e+00,5.000000000000000000e-01
1.313238446179942231e+00,5.000000000000000000e-01
1.313399174270225567e+00,5.000000000000000000e-01
1.313559723495452136e+00,5.000000000000000000e-01
1.313720094253276738e+00,5.000000000000000000e-01
1.313880286940029452e+00,5.000000000000000000e-01
1.314040301950722078e+00,5.000000000000000000e-01
1.314200139679052803e+00,5.000000000000000000e-01
1.314359800517413079e+00,5.000000000000000000e-01
1.314519284856892734e+00,5.000000000000000000e-01
1.314678593087286629e+00,5.000000000000000000e-01
1.314837725597099549e+00,5.000000000000000000e-01
1.314996682773551306e+00,5.000000000000000000e-01
1.315155465002584734e+00,5.000000000000000000e-01
1.315314072668868128e+00,5.000000000000000000e-01
1.315472506155803689e+00,5.000000000000000000e-01
1.315630765845531513e+00,5.000000000000000000e-01
1.315788852118934926e+00,5.000000000000000000e-01
1.315946765355647363e+00,5.000000000000000000e-01
1.316104505934056590e+00,5.000000000000000000e-01
1.316262074231310697e+00,5.000000000000000000e-01
1.316419470623323207e+00,5.000000000000000000e-01
1.316576695484778625e+00,5.000000000000000000e-01
1.316733749189138436e+00,5.000000000000000000e-01
1.316890632108644654e+00,5.000000000000000000e-01
1.317047344614327375e+00,5.000000000000000000e-01
1.317203887076008328e+00,5.000000000000000000e-01
1.317360259862306426e+00,5.000000000000000000e-01
1.317516463340643984e+00,5.000000000000000000e-01
1.317672497877250715e+00,5.000000000000000000e-01
1.317828363837169059e+00,5.000000000000000000e-01
1.317984061584260624e+00,5.000000000000000000e-01
1.318139591481208628e+00,5.000000000000000000e-01
1.318294953889525889e+00,5.000000000000000000e-01
1.318450149169558383e+00,5.000000000000000000e-01
1.318605177680489904e+00,5.000000000000000000e-01
1.318760039780348059e+00,5.000000000000000000e-01
1.318914735826008489e+00,5.000000000000000000e-01
1.319069266173199750e+00,5.000000000000000000e-01
1.319223631176509315e+00,5.000000000000000000e-01
1.319377831189387118e+00,5.000000000000000000e-01
1.319531866564151112e+00,5.000000000000000000e-01
1.319685737651992152e+00,5.000000000000000000e-01
1.319839444802977768e+00,5.000000000000000000e-01
1.319992988366059272e+00,5.000000000000000000e-01
1.320146368689073757e+00,5.000000000000000000e-01
1.320299586118749868e+00,5.000000000000000000e-01
1.320452641000714467e+00,5.000000000000000000e-01
1.320605533679493737e+00,5.000000000000000000e-01
1.320758264498520296e+00,5.000000000000000000e-01
1.320910833800137185e+00,5.000000000000000000e-01
1.321063241925602982e+00,5.000000000000000000e-01
1.321215489215094907e+00,5.000000000000000000e-01
1.321367576007715261e+00,5.000000000000000000e-01
1.321519502641494759e+00,5.000000000000000000e-01
1.321671269453396746e+00,5.000000000000000000e-01
1.321822876779322975e+00,5.000000000000000000e-01
1.321974324954116708e+00,5.000000000000000000e-01
1.322125614311568942e+00,5.000000000000000000e-01
1.322276745184420621e+00,5.000000000000000000e-01
1.322427717904368194e+00,5.000000000000000000e-01
1.322578532802068052e+00,5.000000000000000000e-01
1.322729190207140970e+00,5.000000000000000000e-01
1.322879690448175882e+00,5.000000000000000000e-01
1.323030033852734322e+00,5.000000000000000000e-01
1.323180220747355085e+00,5.000000000000000000e-01
1.323330251457558004e+00,5.000000000000000000e-01
1.323480126307848836e+00,5.000000000000000000e-01
1.323629845621722145e+00,5.000000000000000000e-01
1.323779409721667744e+00,5.000000000000000000e-01
1.323928818929172468e+00,5.000000000000000000e-01
1.324078073564725067e+00,5.000000000000000000e-01
1.324227173947822189e+00,5.000000000000000000e-01
1.324376120396969281e+00,5.000000000000000000e-01
1.324524913229687462e+00,5.000000000000000000e-01
1.324673552762515305e+00,5.000000000000000000e-01
1.324822039311015276e+00,5.000000000000000000e-01
1.324970373189775508e+00,5.000000000000000000e-01
1.325118554712415131e+00,5.000000000000000000e-01
1.325266584191588271e+00,5.000000000000000000e-01
1.325414461938986932e+00,5.000000000000000000e-01
1.325562188265346109e+00,5.000000000000000000e-01
1.325709763480446668e+00,5.000000000000000000e-01
1.325857187893120903e+00,5.000000000000000000e-01
1.326004461811254309e+00,5.000000000000000000e-01
1.326151585541790912e+00,5.000000000000000000e-01
1.326298559390736154e+00,5.000000000000000000e-01
1.326445383663162003e+00,5.000000000000000000e-01
1.326592058663209173e+00,5.000000000000000000e-01
1.326738584694092449e+00,5.000000000000000000e-01
1.326884962058102913e+00,5.000000000000000000e-01
1.327031191056612824e+00,5.000000000000000000e-01
1.327177271990079177e+00,5.000000000000000000e-01
1.327323205158046582e+00,5.000000000000000000e-01
1.327468990859152376e+00,5.000000000000000000e-01
1.327614629391128842e+00,5.000000000000000000e-01
1.327760121050807651e+00,5.000000000000000000e-01
1.327905466134123635e+00,5.000000000000000000e-01
1.328050664936118119e+00,5.000000000000000000e-01
1.328195717750941585e+00,5.000000000000000000e-01
1.328340624871859443e+00,5.000000000000000000e-01
1.328485386591253370e+00,5.000000000000000000e-01
1.328630003200625964e+00,5.000000000000000000e-01
1.328774474990604748e+00,5.000000000000000000e-01
1.328918802250944164e+00,5.000000000000000000e-01
1.329062985270530461e+00,5.000000000000000000e-01
1.329207024337383913e+00,5.000000000000000000e-01
1.329350919738664372e+00,5.000000000000000000e-01
1.329494671760671709e+00,5.000000000000000000e-01
1.329638280688851593e+00,5.000000000000000000e-01
1.329781746807798148e+00,5.000000000000000000e-01
1.329925070401257292e+00,5.000000000000000000e-01
1.330068251752129838e+00,5.000000000000000000e-01
1.330211291142475938e+00,5.000000000000000000e-01
1.330354188853515973e+00,5.000000000000000000e-01
1.330496945165637435e+00,5.000000000000000000e-01
1.330639560358395146e+00,5.000000000000000000e-01
1.330782034710515704e+00,5.000000000000000000e-01
1.330924368499901478e+00,5.000000000000000000e-01
1.331066562003632381e+00,5.000000000000000000e-01
1.331208615497969872e+00,5.000000000000000000e-01
1.331350529258361171e+00,5.000000000000000000e-01
1.331492303559439927e+00,5.000000000000000000e-01
1.331633938675032436e+00,5.000000000000000000e-01
1.331775434878157860e+00,5.000000000000000000e-01
1.331916792441034003e+00,5.000000000000000000e-01
1.332058011635078421e+00,5.000000000000000000e-01
1.332199092730913303e+00,5.000000000000000000e-01
1.332340035998366812e+00,5.000000000000000000e-01
1.332480841706477737e+00,5.000000000000000000e-01
1.332621510123497499e+00,5.000000000000000000e-01
1.332762041516893481e+00,5.000000000000000000e-01
1.332902436153353021e+00,5.000000000000000000e-01
1.333042694298784969e+00,5.000000000000000000e-01
1.333182816218322797e+00,5.000000000000000000e-01
1.333322802176329702e+00,5.000000000000000000e-01
1.333462652436399054e+00,5.000000000000000000e-01
1.333602367261358390e+00,5.000000000000000000e-01
1.333741946913272747e+00,5.000000000000000000e-01
1.333881391653447324e+00,5.000000000000000000e-01
1.334020701742429926e+00,5.000000000000000000e-01
1.334159877440014963e+00,5.000000000000000000e-01
1.334298919005244999e+00,5.000000000000000000e-01
1.334437826696414309e+00,5.000000000000000000e-01
1.334576600771072652e+00,5.000000000000000000e-01
1.334715241486026827e+00,5.000000000000000000e-01
1.334853749097343778e+00,5.000000000000000000e-01
1.334992123860353930e+00,5.000000000000000000e-01
1.335130366029653182e+00,5.000000000000000000e-01
1.335268475859106685e+00,5.000000000000000000e-01
1.335406453601851728e+00,5.000000000000000000e-01
1.335544299510299071e+00,5.000000000000000000e-01
1.335682013836137161e+00,5.000000000000000000e-01
1.335819596830334133e+00,5.000000000000000000e-01
1.335957048743140918e+00,5.000000000000000000e-01
1.336094369824093686e+00,5.000000000000000000e-01
1.336231560322017398e+00,5.000000000000000000e-01
1.336368620485026693e+00,5.000000000000000000e-01
1.336505550560530997e+00,5.000000000000000000e-01
1.336642350795234746e+00,5.000000000000000000e-01
1.336779021435142267e+00,5.000000000000000000e-01
1.336915562725558448e+00,5.000000000000000000e-01
1.337051974911093177e+00,5.000000000000000000e-01
1.337188258235662897e+00,5.000000000000000000e-01
1.337324412942493268e+00,5.000000000000000000e-01
1.337460439274121837e+00,5.000000000000000000e-01
1.337596337472401142e+00,5.000000000000000000e-01
1.337732107778500712e+00,5.000000000000000000e-01
1.337867750432910174e+00,5.000000000000000000e-01
1.338003265675440590e+00,5.000000000000000000e-01
1.338138653745228890e+00,5.000000000000000000e-01
1.338273914880738769e+00,5.000000000000000000e-01
1.338409049319763788e+00,5.000000000000000000e-01
1.338544057299430490e+00,5.000000000000000000e-01
1.338678939056200168e+00,5.000000000000000000e-01
1.338813694825870648e+00,5.000000000000000000e-01
1.338948324843580728e+00,5.000000000000000000e-01
1.339082829343811287e+00,5.000000000000000000e-01
1.339217208560387284e+00,5.000000000000000000e-01
1.339351462726481978e+00,5.000000000000000000e-01
1.339485592074617148e+00,5.000000000000000000e-01
1.339619596836667537e+00,5.000000000000000000e-01
1.339753477243861957e+00,5.000000000000000000e-01
1.339887233526786403e+00,5.000000000000000000e-01
1.340020865915385384e+00,5.000000000000000000e-01
1.340154374638965917e+00,5.000000000000000000e-01
1.340287759926198419e+00,5.000000000000000000e-01
1.340421022005119811e+00,5.000000000000000000e-01
