# n,accuracy
0.000000000000000000e+00,6.471666693687438965e-01
1.001845018450184455e+01,7.723333239555358887e-01
2.003690036900368909e+01,7.936666607856750488e-01
3.005535055350553364e+01,8.061110973358154297e-01
4.007380073800737819e+01,8.140000104904174805e-01
5.009225092250922273e+01,8.193333148956298828e-01
6.011070110701106728e+01,8.249999880790710449e-01
7.012915129151291183e+01,8.299999833106994629e-01
8.014760147601475637e+01,8.337222337722778320e-01
9.016605166051660092e+01,8.355555534362792969e-01
1.001845018450184455e+02,8.367221951484680176e-01
1.102029520295202900e+02,8.423333168029785156e-01
1.202214022140221346e+02,8.423333168029785156e-01
1.302398523985239649e+02,8.435555696487426758e-01
1.402583025830258237e+02,8.466110825538635254e-01
1.502767527675276824e+02,8.466666936874389648e-01
1.602952029520295127e+02,8.488888740539550781e-01
1.703136531365313431e+02,8.496666550636291504e-01
1.803321033210332018e+02,8.496111035346984863e-01
1.903505535055350606e+02,8.514999747276306152e-01
2.003690036900368909e+02,8.503333330154418945e-01
2.103874538745387213e+02,8.526666760444641113e-01
2.204059040590405800e+02,8.552777767181396484e-01
2.304243542435424388e+02,8.521111011505126953e-01
2.404428044280442691e+02,8.538333177566528320e-01
2.504612546125460995e+02,8.570555448532104492e-01
2.604797047970479298e+02,8.566666841506958008e-01
2.704981549815498170e+02,8.551666736602783203e-01
2.805166051660516473e+02,8.557778000831604004e-01
2.905350553505534776e+02,8.560000061988830566e-01
3.005535055350553648e+02,8.551111221313476562e-01
3.105719557195571952e+02,8.557222485542297363e-01
3.205904059040590255e+02,8.575000166893005371e-01
3.306088560885608558e+02,8.569444417953491211e-01
3.406273062730626862e+02,8.576111197471618652e-01
3.506457564575645733e+02,8.578333258628845215e-01
3.606642066420664037e+02,8.581666946411132812e-01
3.706826568265682340e+02,8.572221994400024414e-01
3.807011070110701212e+02,8.580555319786071777e-01
3.907195571955719515e+02,8.580555319786071777e-01
4.007380073800737819e+02,8.585000038146972656e-01
4.107564575645756122e+02,8.578333258628845215e-01
4.207749077490774425e+02,8.569444417953491211e-01
4.307933579335793297e+02,8.565555810928344727e-01
4.408118081180811600e+02,8.586666584014892578e-01
4.508302583025829904e+02,8.582222461700439453e-01
4.608487084870848776e+02,8.595555424690246582e-01
4.708671586715867079e+02,8.572221994400024414e-01
4.808856088560885382e+02,8.592222332954406738e-01
4.909040590405903686e+02,8.600000143051147461e-01
5.009225092250921989e+02,8.574444651603698730e-01
5.109409594095940861e+02,8.553888797760009766e-01
5.209594095940958596e+02,8.584444522857666016e-01
5.309778597785978036e+02,8.540555834770202637e-01
5.409963099630996339e+02,8.572777509689331055e-01
5.510147601476014643e+02,8.584444522857666016e-01
5.610332103321032946e+02,8.563888669013977051e-01
5.710516605166051249e+02,8.573889136314392090e-01
5.810701107011069553e+02,8.583333492279052734e-01
5.910885608856087856e+02,8.586111068725585938e-01
6.011070110701107296e+02,8.603888750076293945e-01
6.111254612546125600e+02,8.594999909400939941e-01
6.211439114391143903e+02,8.597777485847473145e-01
6.311623616236162206e+02,8.598889112472534180e-01
6.411808118081180510e+02,8.585555553436279297e-01
6.511992619926198813e+02,8.601111173629760742e-01
6.612177121771217116e+02,8.603333234786987305e-01
6.712361623616235420e+02,8.597777485847473145e-01
6.812546125461253723e+02,8.590000271797180176e-01
6.912730627306273163e+02,8.565000295639038086e-01
7.012915129151291467e+02,8.570555448532104492e-01
7.113099630996309770e+02,8.578888773918151855e-01
7.213284132841328073e+02,8.563333153724670410e-01
7.313468634686346377e+02,8.587222099304199219e-01
7.413653136531364680e+02,8.562222123146057129e-01
7.513837638376382984e+02,8.562777638435363770e-01
7.614022140221402424e+02,8.584444522857666016e-01
7.714206642066420727e+02,8.585555553436279297e-01
7.814391143911439030e+02,8.578888773918151855e-01
7.914575645756457334e+02,8.584444522857666016e-01
8.014760147601475637e+02,8.580555319786071777e-01
8.114944649446493941e+02,8.579444289207458496e-01
8.215129151291512244e+02,8.560000061988830566e-01
8.315313653136530547e+02,8.587777614593505859e-01
8.415498154981548851e+02,8.572777509689331055e-01
8.515682656826568291e+02,8.569444417953491211e-01
8.615867158671586594e+02,8.584444522857666016e-01
8.716051660516604898e+02,8.582777976989746094e-01
8.816236162361623201e+02,8.558889031410217285e-01
8.916420664206641504e+02,8.594444394111633301e-01
9.016605166051659808e+02,8.579999804496765137e-01
9.116789667896678111e+02,8.569444417953491211e-01
9.216974169741697551e+02,8.575555682182312012e-01
9.317158671586715855e+02,8.575000166893005371e-01
9.417343173431734158e+02,8.572777509689331055e-01
9.517527675276752461e+02,8.582222461700439453e-01
9.617712177121770765e+02,8.573889136314392090e-01
9.717896678966789068e+02,8.565000295639038086e-01
9.818081180811807371e+02,8.561666607856750488e-01
9.918265682656825675e+02,8.555555343627929688e-01
1.001845018450184398e+03,8.562777638435363770e-01
1.011863468634686342e+03,8.563888669013977051e-01
1.021881918819188172e+03,8.548889160156250000e-01
1.031900369003690003e+03,8.569444417953491211e-01
1.041918819188191719e+03,8.563888669013977051e-01
1.051937269372693663e+03,8.554999828338623047e-01
1.061955719557195607e+03,8.551111221313476562e-01
1.071974169741697324e+03,8.566111326217651367e-01
1.081992619926199268e+03,8.566666841506958008e-01
1.092011070110700985e+03,8.574444651603698730e-01
1.102029520295202929e+03,8.572221994400024414e-01
1.112047970479704645e+03,8.572221994400024414e-01
1.122066420664206589e+03,8.561666607856750488e-01
1.132084870848708533e+03,8.567777872085571289e-01
1.142103321033210250e+03,8.558333516120910645e-01
1.152121771217712194e+03,8.560000061988830566e-01
1.162140221402213911e+03,8.572221994400024414e-01
1.172158671586715855e+03,8.557222485542297363e-01
1.182177121771217571e+03,8.588333129882812500e-01
1.192195571955719515e+03,8.577777743339538574e-01
1.202214022140221459e+03,8.562777638435363770e-01
1.212232472324723176e+03,8.578888773918151855e-01
1.222250922509225120e+03,8.561666607856750488e-01
1.232269372693726837e+03,8.558333516120910645e-01
1.242287822878228781e+03,8.542777895927429199e-01
1.252306273062730497e+03,8.573333621025085449e-01
1.262324723247232441e+03,8.538333177566528320e-01
1.272343173431734158e+03,8.538888692855834961e-01
1.282361623616236102e+03,8.549444675445556641e-01
1.292380073800738046e+03,8.567777872085571289e-01
1.302398523985239763e+03,8.560000061988830566e-01
1.312416974169741707e+03,8.567777872085571289e-01
1.322435424354243423e+03,8.551666736602783203e-01
1.332453874538745367e+03,8.566111326217651367e-01
1.342472324723247084e+03,8.554444313049316406e-01
1.352490774907749028e+03,8.569444417953491211e-01
1.362509225092250745e+03,8.569999933242797852e-01
1.372527675276752689e+03,8.545555472373962402e-01
1.382546125461254633e+03,8.566111326217651367e-01
1.392564575645756349e+03,8.568888902664184570e-01
1.402583025830258293e+03,8.558333516120910645e-01
1.412601476014760010e+03,8.552777767181396484e-01
1.422619926199261954e+03,8.569999933242797852e-01
1.432638376383763671e+03,8.556666374206542969e-01
1.442656826568265615e+03,8.536111116409301758e-01
1.452675276752767559e+03,8.589444160461425781e-01
1.462693726937269275e+03,8.573889136314392090e-01
1.472712177121771219e+03,8.551111221313476562e-01
1.482730627306272936e+03,8.556666374206542969e-01
1.492749077490774880e+03,8.565555810928344727e-01
1.502767527675276597e+03,8.546666502952575684e-01
1.512785977859778541e+03,8.555555343627929688e-01
1.522804428044280485e+03,8.564444184303283691e-01
1.532822878228782201e+03,8.569444417953491211e-01
1.542841328413284145e+03,8.565555810928344727e-01
1.552859778597785862e+03,8.552222251892089844e-01
1.562878228782287806e+03,8.571110963821411133e-01
1.572896678966789523e+03,8.539444208145141602e-01
1.582915129151291467e+03,8.533333539962768555e-01
1.592933579335793183e+03,8.542222380638122559e-01
1.602952029520295127e+03,8.536111116409301758e-01
1.612970479704797071e+03,8.539999723434448242e-01
1.622988929889298788e+03,8.549444675445556641e-01
1.633007380073800732e+03,8.539999723434448242e-01
1.643025830258302449e+03,8.537222146987915039e-01
1.653044280442804393e+03,8.575000166893005371e-01
1.663062730627306109e+03,8.572221994400024414e-01
1.673081180811808053e+03,8.562222123146057129e-01
1.683099630996309770e+03,8.552222251892089844e-01
1.693118081180811714e+03,8.543888926506042480e-01
1.703136531365313658e+03,8.553333282470703125e-01
1.713154981549815375e+03,8.575000166893005371e-01
1.723173431734317319e+03,8.566666841506958008e-01
1.733191881918819035e+03,8.546666502952575684e-01
1.743210332103320980e+03,8.547777533531188965e-01
1.753228782287822696e+03,8.552222251892089844e-01
1.763247232472324640e+03,8.549444675445556641e-01
1.773265682656826584e+03,8.550000190734863281e-01
1.783284132841328301e+03,8.539444208145141602e-01
1.793302583025830245e+03,8.548333048820495605e-01
1.803321033210331962e+03,8.547777533531188965e-01
1.813339483394833906e+03,8.544444441795349121e-01
1.823357933579335622e+03,8.557778000831604004e-01
1.833376383763837566e+03,8.544999957084655762e-01
1.843394833948339510e+03,8.544444441795349121e-01
1.853413284132841227e+03,8.549444675445556641e-01
1.863431734317343171e+03,8.556666374206542969e-01
1.873450184501844888e+03,8.553888797760009766e-01
1.883468634686346832e+03,8.541666865348815918e-01
1.893487084870848548e+03,8.549444675445556641e-01
1.903505535055350492e+03,8.556666374206542969e-01
1.913523985239852209e+03,8.543888926506042480e-01
1.923542435424354153e+03,8.552222251892089844e-01
1.933560885608856097e+03,8.556666374206542969e-01
1.943579335793357814e+03,8.532778024673461914e-01
1.953597785977859758e+03,8.540555834770202637e-01
1.963616236162361474e+03,8.528888821601867676e-01
1.973634686346863418e+03,8.539999723434448242e-01
1.983653136531365135e+03,8.540555834770202637e-01
1.993671586715867079e+03,8.556110858917236328e-01
2.003690036900368796e+03,8.548889160156250000e-01
2.013708487084870740e+03,8.544999957084655762e-01
2.023726937269372684e+03,8.535555601119995117e-01
2.033745387453874400e+03,8.541111350059509277e-01
2.043763837638376344e+03,8.533333539962768555e-01
2.053782287822878061e+03,8.544444441795349121e-01
2.063800738007380005e+03,8.538888692855834961e-01
2.073819188191881949e+03,8.538333177566528320e-01
2.083837638376383438e+03,8.550000190734863281e-01
2.093856088560885382e+03,8.527777791023254395e-01
2.103874538745387326e+03,8.537222146987915039e-01
2.113892988929889270e+03,8.548889160156250000e-01
2.123911439114391214e+03,8.529999852180480957e-01
2.133929889298892704e+03,8.526666760444641113e-01
2.143948339483394648e+03,8.523889183998107910e-01
2.153966789667896592e+03,8.525000214576721191e-01
2.163985239852398536e+03,8.531110882759094238e-01
2.174003690036900480e+03,8.538888692855834961e-01
2.184022140221401969e+03,8.543333411216735840e-01
2.194040590405903913e+03,8.543333411216735840e-01
2.204059040590405857e+03,8.530555367469787598e-01
2.214077490774907801e+03,8.536666631698608398e-01
2.224095940959409290e+03,8.528888821601867676e-01
2.234114391143911234e+03,8.532222509384155273e-01
2.244132841328413178e+03,8.535000085830688477e-01
2.254151291512915122e+03,8.528333306312561035e-01
2.264169741697417066e+03,8.526111245155334473e-01
2.274188191881918556e+03,8.487777709960937500e-01
2.284206642066420500e+03,8.545555472373962402e-01
2.294225092250922444e+03,8.528888821601867676e-01
2.304243542435424388e+03,8.529999852180480957e-01
2.314261992619925877e+03,8.523333072662353516e-01
2.324280442804427821e+03,8.539444208145141602e-01
2.334298892988929765e+03,8.540555834770202637e-01
2.344317343173431709e+03,8.531666398048400879e-01
2.354335793357933653e+03,8.547222018241882324e-01
2.364354243542435142e+03,8.527222275733947754e-01
2.374372693726937086e+03,8.542222380638122559e-01
2.384391143911439030e+03,8.530555367469787598e-01
2.394409594095940975e+03,8.535000085830688477e-01
2.404428044280442919e+03,8.517777919769287109e-01
2.414446494464944408e+03,8.535555601119995117e-01
2.424464944649446352e+03,8.541666865348815918e-01
2.434483394833948296e+03,8.535555601119995117e-01
2.444501845018450240e+03,8.537222146987915039e-01
2.454520295202951729e+03,8.538333177566528320e-01
2.464538745387453673e+03,8.536666631698608398e-01
2.474557195571955617e+03,8.530555367469787598e-01
2.484575645756457561e+03,8.522777557373046875e-01
2.494594095940959505e+03,8.527777791023254395e-01
2.504612546125460995e+03,8.537222146987915039e-01
2.514630996309962939e+03,8.531666398048400879e-01
2.524649446494464883e+03,8.533889055252075195e-01
2.534667896678966827e+03,8.539444208145141602e-01
2.544686346863468316e+03,8.529444336891174316e-01
2.554704797047970260e+03,8.539444208145141602e-01
2.564723247232472204e+03,8.524444699287414551e-01
2.574741697416974148e+03,8.523889183998107910e-01
2.584760147601476092e+03,8.526111245155334473e-01
2.594778597785977581e+03,8.529999852180480957e-01
2.604797047970479525e+03,8.481110930442810059e-01
2.614815498154981469e+03,8.519444465637207031e-01
2.624833948339483413e+03,8.507221937179565430e-01
2.634852398523984903e+03,8.544999957084655762e-01
2.644870848708486847e+03,8.526666760444641113e-01
2.654889298892988791e+03,8.537777662277221680e-01
2.664907749077490735e+03,8.500000238418579102e-01
2.674926199261992679e+03,8.519999980926513672e-01
2.684944649446494168e+03,8.535000085830688477e-01
2.694963099630996112e+03,8.515555262565612793e-01
2.704981549815498056e+03,8.514999747276306152e-01
2.715000000000000000e+03,8.521111011505126953e-01
2.725018450184501489e+03,8.525000214576721191e-01
2.735036900369003433e+03,8.525000214576721191e-01
2.745055350553505377e+03,8.519999980926513672e-01
2.755073800738007321e+03,8.529444336891174316e-01
2.765092250922509265e+03,8.519444465637207031e-01
2.775110701107010755e+03,8.534444570541381836e-01
2.785129151291512699e+03,8.514999747276306152e-01
2.795147601476014643e+03,8.529444336891174316e-01
2.805166051660516587e+03,8.518333435058593750e-01
2.815184501845018531e+03,8.518888950347900391e-01
2.825202952029520020e+03,8.517777919769287109e-01
2.835221402214021964e+03,8.521666526794433594e-01
2.845239852398523908e+03,8.527777791023254395e-01
2.855258302583025852e+03,8.514999747276306152e-01
2.865276752767527341e+03,8.518888950347900391e-01
2.875295202952029285e+03,8.519999980926513672e-01
2.885313653136531229e+03,8.527777791023254395e-01
2.895332103321033173e+03,8.519999980926513672e-01
2.905350553505535117e+03,8.523333072662353516e-01
2.915369003690036607e+03,8.518888950347900391e-01
2.925387453874538551e+03,8.534444570541381836e-01
2.935405904059040495e+03,8.507221937179565430e-01
2.945424354243542439e+03,8.524444699287414551e-01
2.955442804428043928e+03,8.495000004768371582e-01
2.965461254612545872e+03,8.505555391311645508e-01
2.975479704797047816e+03,8.522777557373046875e-01
2.985498154981549760e+03,8.519444465637207031e-01
2.995516605166051704e+03,8.510000109672546387e-01
3.005535055350553193e+03,8.519999980926513672e-01
3.015553505535055137e+03,8.523333072662353516e-01
3.025571955719557081e+03,8.511666655540466309e-01
3.035590405904059025e+03,8.525000214576721191e-01
3.045608856088560970e+03,8.521666526794433594e-01
3.055627306273062459e+03,8.514444231986999512e-01
3.065645756457564403e+03,8.523889183998107910e-01
3.075664206642066347e+03,8.527222275733947754e-01
3.085682656826568291e+03,8.513333201408386230e-01
3.095701107011069780e+03,8.519999980926513672e-01
3.105719557195571724e+03,8.515555262565612793e-01
3.115738007380073668e+03,8.523333072662353516e-01
3.125756457564575612e+03,8.510000109672546387e-01
3.135774907749077556e+03,8.518333435058593750e-01
3.145793357933579045e+03,8.526111245155334473e-01
3.155811808118080990e+03,8.515555262565612793e-01
3.165830258302582934e+03,8.515555262565612793e-01
3.175848708487084878e+03,8.523333072662353516e-01
3.185867158671586367e+03,8.507221937179565430e-01
3.195885608856088311e+03,8.511666655540466309e-01
3.205904059040590255e+03,8.512222170829772949e-01
3.215922509225092199e+03,8.516111373901367188e-01
3.225940959409594143e+03,8.517777919769287109e-01
3.235959409594095632e+03,8.510555624961853027e-01
3.245977859778597576e+03,8.513333201408386230e-01
3.255996309963099520e+03,8.511666655540466309e-01
3.266014760147601464e+03,8.505555391311645508e-01
3.276033210332102954e+03,8.515555262565612793e-01
3.286051660516604898e+03,8.516111373901367188e-01
3.296070110701106842e+03,8.503888845443725586e-01
3.306088560885608786e+03,8.505555391311645508e-01
3.316107011070110730e+03,8.505555391311645508e-01
3.326125461254612219e+03,8.505555391311645508e-01
3.336143911439114163e+03,8.497222065925598145e-01
3.346162361623616107e+03,8.523333072662353516e-01
3.356180811808118051e+03,8.515555262565612793e-01
3.366199261992619540e+03,8.516111373901367188e-01
3.376217712177121484e+03,8.516111373901367188e-01
3.386236162361623428e+03,8.513888716697692871e-01
3.396254612546125372e+03,8.521666526794433594e-01
3.406273062730627316e+03,8.506666421890258789e-01
3.416291512915128806e+03,8.511111140251159668e-01
3.426309963099630750e+03,8.498333096504211426e-01
3.436328413284132694e+03,8.504444360733032227e-01
3.446346863468634638e+03,8.514999747276306152e-01
3.456365313653136582e+03,8.502222299575805664e-01
3.466383763837638071e+03,8.507778048515319824e-01
3.476402214022140015e+03,8.420000076293945312e-01
3.486420664206641959e+03,8.495555520057678223e-01
3.496439114391143903e+03,8.498333096504211426e-01
3.506457564575645392e+03,8.510555624961853027e-01
3.516476014760147336e+03,8.506110906600952148e-01
3.526494464944649280e+03,8.522222042083740234e-01
3.536512915129151224e+03,8.519444465637207031e-01
3.546531365313653168e+03,8.513888716697692871e-01
3.556549815498154658e+03,8.523333072662353516e-01
3.566568265682656602e+03,8.511111140251159668e-01
3.576586715867158546e+03,8.521111011505126953e-01
3.586605166051660490e+03,8.520555496215820312e-01
3.596623616236161979e+03,8.525000214576721191e-01
3.606642066420663923e+03,8.524444699287414551e-01
3.616660516605165867e+03,8.528888821601867676e-01
3.626678966789667811e+03,8.518888950347900391e-01
3.636697416974169755e+03,8.518333435058593750e-01
3.646715867158671244e+03,8.522777557373046875e-01
3.656734317343173188e+03,8.525000214576721191e-01
3.666752767527675132e+03,8.516666889190673828e-01
3.676771217712177076e+03,8.520555496215820312e-01
3.686789667896679020e+03,8.524444699287414551e-01
3.696808118081180510e+03,8.518888950347900391e-01
3.706826568265682454e+03,8.506110906600952148e-01
3.716845018450184398e+03,8.510555624961853027e-01
3.726863468634686342e+03,8.509444594383239746e-01
3.736881918819187831e+03,8.521666526794433594e-01
3.746900369003689775e+03,8.523333072662353516e-01
3.756918819188191719e+03,8.508889079093933105e-01
3.766937269372693663e+03,8.518888950347900391e-01
3.776955719557195607e+03,8.514999747276306152e-01
3.786974169741697096e+03,8.510555624961853027e-01
3.796992619926199040e+03,8.495555520057678223e-01
3.807011070110700985e+03,8.519999980926513672e-01
3.817029520295202929e+03,8.519444465637207031e-01
3.827047970479704418e+03,8.504444360733032227e-01
3.837066420664206362e+03,8.510555624961853027e-01
3.847084870848708306e+03,8.520555496215820312e-01
3.857103321033210250e+03,8.514999747276306152e-01
3.867121771217712194e+03,8.523333072662353516e-01
3.877140221402213683e+03,8.524444699287414551e-01
3.887158671586715627e+03,8.517777919769287109e-01
3.897177121771217571e+03,8.509444594383239746e-01
3.907195571955719515e+03,8.513333201408386230e-01
3.917214022140221005e+03,8.518888950347900391e-01
3.927232472324722949e+03,8.513333201408386230e-01
3.937250922509224893e+03,8.506110906600952148e-01
3.947269372693726837e+03,8.523333072662353516e-01
3.957287822878228781e+03,8.512777686119079590e-01
3.967306273062730270e+03,8.506110906600952148e-01
3.977324723247232214e+03,8.506666421890258789e-01
3.987343173431734158e+03,8.488333225250244141e-01
3.997361623616236102e+03,8.489999771118164062e-01
4.007380073800737591e+03,8.495000004768371582e-01
4.017398523985239535e+03,8.519444465637207031e-01
4.027416974169741479e+03,8.506110906600952148e-01
4.037435424354243423e+03,8.510000109672546387e-01
4.047453874538745367e+03,8.490555286407470703e-01
4.057472324723246857e+03,8.503888845443725586e-01
4.067490774907748801e+03,8.511111140251159668e-01
4.077509225092250745e+03,8.502777814865112305e-01
4.087527675276752689e+03,8.516666889190673828e-01
4.097546125461254633e+03,8.477777838706970215e-01
4.107564575645756122e+03,8.468333482742309570e-01
4.117583025830258521e+03,8.464444279670715332e-01
4.127601476014760010e+03,8.500555753707885742e-01
4.137619926199261499e+03,8.507778048515319824e-01
4.147638376383763898e+03,8.507221937179565430e-01
4.157656826568265387e+03,8.503888845443725586e-01
4.167675276752766877e+03,8.510555624961853027e-01
4.177693726937269275e+03,8.501666784286499023e-01
4.187712177121770765e+03,8.507221937179565430e-01
4.197730627306273163e+03,8.516111373901367188e-01
4.207749077490774653e+03,8.502777814865112305e-01
4.217767527675276142e+03,8.525000214576721191e-01
4.227785977859778541e+03,8.511111140251159668e-01
4.237804428044280030e+03,8.510000109672546387e-01
4.247822878228782429e+03,8.514444231986999512e-01
4.257841328413283918e+03,8.505555391311645508e-01
4.267859778597785407e+03,8.518333435058593750e-01
4.277878228782287806e+03,8.502777814865112305e-01
4.287896678966789295e+03,8.510000109672546387e-01
4.297915129151291694e+03,8.500000238418579102e-01
4.307933579335793183e+03,8.515555262565612793e-01
4.317952029520294673e+03,8.504999876022338867e-01
4.327970479704797071e+03,8.512777686119079590e-01
4.337988929889298561e+03,8.508889079093933105e-01
4.348007380073800960e+03,8.506666421890258789e-01
4.358025830258302449e+03,8.514444231986999512e-01
4.368044280442803938e+03,8.504444360733032227e-01
4.378062730627306337e+03,8.511111140251159668e-01
4.388081180811807826e+03,8.516111373901367188e-01
4.398099630996309315e+03,8.510000109672546387e-01
4.408118081180811714e+03,8.505555391311645508e-01
4.418136531365313203e+03,8.488333225250244141e-01
4.428154981549815602e+03,8.499444723129272461e-01
4.438173431734317091e+03,8.504999876022338867e-01
4.448191881918818581e+03,8.508889079093933105e-01
4.458210332103320980e+03,8.507778048515319824e-01
4.468228782287822469e+03,8.504444360733032227e-01
4.478247232472324868e+03,8.497777581214904785e-01
4.488265682656826357e+03,8.498333096504211426e-01
4.498284132841327846e+03,8.511666655540466309e-01
4.508302583025830245e+03,8.503888845443725586e-01
4.518321033210331734e+03,8.501666784286499023e-01
4.528339483394834133e+03,8.500555753707885742e-01
4.538357933579335622e+03,8.506110906600952148e-01
4.548376383763837111e+03,8.504999876022338867e-01
4.558394833948339510e+03,8.501111268997192383e-01
4.568413284132841000e+03,8.497777581214904785e-01
4.578431734317343398e+03,8.496111035346984863e-01
4.588450184501844888e+03,8.492777943611145020e-01
4.598468634686346377e+03,8.496666550636291504e-01
4.608487084870848776e+03,8.501111268997192383e-01
4.618505535055350265e+03,8.497777581214904785e-01
4.628523985239851754e+03,8.492777943611145020e-01
4.638542435424354153e+03,8.491666913032531738e-01
4.648560885608855642e+03,8.498888611793518066e-01
4.658579335793358041e+03,8.497777581214904785e-01
4.668597785977859530e+03,8.501111268997192383e-01
4.678616236162361020e+03,8.496111035346984863e-01
4.688634686346863418e+03,8.500555753707885742e-01
4.698653136531364908e+03,8.491666913032531738e-01
4.708671586715867306e+03,8.504444360733032227e-01
4.718690036900368796e+03,8.503888845443725586e-01
4.728708487084870285e+03,8.489444255828857422e-01
4.738726937269372684e+03,8.491666913032531738e-01
4.748745387453874173e+03,8.483333587646484375e-01
4.758763837638376572e+03,8.498888611793518066e-01
4.768782287822878061e+03,8.498333096504211426e-01
4.778800738007379550e+03,8.493888974189758301e-01
4.788819188191881949e+03,8.507221937179565430e-01
4.798837638376383438e+03,8.504999876022338867e-01
4.808856088560885837e+03,8.483333587646484375e-01
4.818874538745387326e+03,8.498888611793518066e-01
4.828892988929888816e+03,8.492222428321838379e-01
4.838911439114391214e+03,8.496666550636291504e-01
4.848929889298892704e+03,8.495000004768371582e-01
4.858948339483394193e+03,8.502777814865112305e-01
4.868966789667896592e+03,8.497222065925598145e-01
4.878985239852398081e+03,8.489999771118164062e-01
4.889003690036900480e+03,8.498888611793518066e-01
4.899022140221401969e+03,8.489444255828857422e-01
4.909040590405903458e+03,8.492777943611145020e-01
4.919059040590405857e+03,8.498888611793518066e-01
4.929077490774907346e+03,8.495555520057678223e-01
4.939095940959409745e+03,8.500555753707885742e-01
4.949114391143911234e+03,8.499444723129272461e-01
4.959132841328412724e+03,8.493333458900451660e-01
4.969151291512915122e+03,8.500555753707885742e-01
4.979169741697416612e+03,8.495555520057678223e-01
4.989188191881919010e+03,8.498888611793518066e-01
4.999206642066420500e+03,8.494444489479064941e-01
5.009225092250921989e+03,8.492222428321838379e-01
5.019243542435424388e+03,8.496666550636291504e-01
5.029261992619925877e+03,8.492222428321838379e-01
5.039280442804427366e+03,8.489999771118164062e-01
5.049298892988929765e+03,8.497777581214904785e-01
5.059317343173431254e+03,8.493333458900451660e-01
5.069335793357933653e+03,8.496666550636291504e-01
5.079354243542435142e+03,8.495000004768371582e-01
5.089372693726936632e+03,8.493333458900451660e-01
5.099391143911439030e+03,8.495555520057678223e-01
5.109409594095940520e+03,8.499444723129272461e-01
5.119428044280442919e+03,8.494444489479064941e-01
5.129446494464944408e+03,8.491666913032531738e-01
5.139464944649445897e+03,8.503333330154418945e-01
5.149483394833948296e+03,8.499444723129272461e-01
5.159501845018449785e+03,8.495000004768371582e-01
5.169520295202952184e+03,8.493888974189758301e-01
5.179538745387453673e+03,8.492222428321838379e-01
5.189557195571955162e+03,8.498888611793518066e-01
5.199575645756457561e+03,8.496666550636291504e-01
5.209594095940959050e+03,8.494444489479064941e-01
5.219612546125461449e+03,8.492777943611145020e-01
5.229630996309962939e+03,8.492777943611145020e-01
5.239649446494464428e+03,8.493333458900451660e-01
5.249667896678966827e+03,8.485555648803710938e-01
5.259686346863468316e+03,8.490555286407470703e-01
5.269704797047969805e+03,8.489444255828857422e-01
5.279723247232472204e+03,8.490555286407470703e-01
5.289741697416973693e+03,8.487222194671630859e-01
5.299760147601476092e+03,8.493888974189758301e-01
5.309778597785977581e+03,8.490555286407470703e-01
5.319797047970479071e+03,8.492777943611145020e-01
5.329815498154981469e+03,8.496111035346984863e-01
5.339833948339482959e+03,8.490555286407470703e-01
5.349852398523985357e+03,8.489999771118164062e-01
5.359870848708486847e+03,8.488333225250244141e-01
5.369889298892988336e+03,8.489444255828857422e-01
5.379907749077490735e+03,8.487777709960937500e-01
5.389926199261992224e+03,8.489444255828857422e-01
5.399944649446494623e+03,8.482221961021423340e-01
5.409963099630996112e+03,8.494444489479064941e-01
5.419981549815497601e+03,8.493333458900451660e-01
5.430000000000000000e+03,8.490555286407470703e-01
