# kappa, training_loss
0.000000000000000000e+00,2.506971359252929688e-01
3.460087604470611367e-01,1.901705414056777954e-01
4.393004638594020239e-01,1.741868406534194946e-01
4.954894607646131988e-01,1.620226651430130005e-01
5.358255977705936868e-01,1.602984815835952759e-01
5.673132765061897897e-01,1.554728746414184570e-01
5.931447079502824016e-01,1.608921289443969727e-01
6.150458527094804229e-01,1.538575887680053711e-01
6.340562664852009700e-01,1.466144174337387085e-01
6.508508280855277439e-01,1.459058821201324463e-01
6.658925908297250729e-01,1.457172036170959473e-01
6.795130935362699853e-01,1.422356516122817993e-01
6.919578843395901568e-01,1.373187303543090820e-01
7.034139062765984995e-01,1.380003839731216431e-01
7.140267804180223665e-01,1.344589740037918091e-01
7.239121529930457877e-01,1.369176059961318970e-01
7.331633965453948631e-01,1.316397637128829956e-01
7.418569864253405921e-01,1.349414139986038208e-01
7.500563469525460825e-01,1.356945037841796875e-01
7.578146619146984841e-01,1.371079236268997192e-01
7.651769670196039153e-01,1.274787783622741699e-01
7.721817337819164573e-01,1.235424354672431946e-01
7.788620863205062417e-01,1.244354993104934692e-01
7.852467486537241248e-01,1.235458031296730042e-01
7.913607910931920175e-01,1.226320788264274597e-01
7.972262247908332711e-01,1.212600320577621460e-01
8.028624800644678094e-01,1.183454468846321106e-01
8.082867947419158927e-01,1.184336543083190918e-01
8.135145321017589470e-01,1.194711178541183472e-01
8.185594431925570236e-01,1.173189431428909302e-01
8.234338848135772659e-01,1.150573492050170898e-01
8.281490018569067635e-01,1.216237023472785950e-01
8.327148807821762588e-01,1.149005144834518433e-01
8.371406795401445944e-01,1.165953204035758972e-01
8.414347381531067649e-01,1.162842437624931335e-01
8.456046733082374089e-01,1.128090769052505493e-01
8.496574596596789819e-01,1.135643571615219116e-01
8.535995000193126181e-01,1.106510683894157410e-01
8.574366862100908371e-01,1.097813323140144348e-01
8.611744520339701392e-01,1.100833863019943237e-01
8.648178195496830645e-01,1.096897125244140625e-01
8.683714396494245369e-01,1.129069998860359192e-01
8.718396277570242825e-01,1.086479723453521729e-01
8.752263953349598280e-01,1.094212681055068970e-01
8.785354777771650081e-01,1.045576184988021851e-01
8.817703591740051472e-01,1.069492995738983154e-01
8.849342943610988277e-01,1.094142720103263855e-01
8.880303286018079723e-01,1.035982519388198853e-01
8.910613152017544669e-01,1.024165526032447815e-01
8.940299313107366030e-01,1.023608520627021790e-01
8.969386921313683425e-01,1.054913774132728577e-01
8.997899637234116899e-01,1.001429408788681030e-01
9.025859745671332979e-01,1.046435311436653137e-01
9.053288260272730481e-01,1.010933890938758850e-01
9.080205018407159212e-01,1.013244315981864929e-01
9.106628767351770959e-01,1.000538989901542664e-01
9.132577242726921396e-01,9.867270290851593018e-02
9.158067240001058762e-01,1.016318425536155701e-01
9.183114679787615087e-01,9.909534454345703125e-02
9.207734667569620335e-01,9.768459945917129517e-02
9.231941548413140630e-01,9.991068392992019653e-02
9.255748957165744750e-01,9.650148451328277588e-02
9.279169864579864813e-01,9.862732142210006714e-02
9.302216619751688675e-01,9.703015536069869995e-02
9.324900989223231518e-01,9.746199101209640503e-02
9.347234193057537555e-01,1.012097373604774475e-01
9.369226938163938145e-01,9.693372994661331177e-02
9.390889449121090360e-01,9.613217413425445557e-02
9.412231496719969392e-01,9.475053846836090088e-02
9.433262424426215320e-01,9.543245285749435425e-02
9.453991172941261789e-01,9.937856346368789673e-02
9.474426303023814055e-01,9.704140573740005493e-02
9.494576016717489741e-01,8.919560164213180542e-02
9.514448177116359151e-01,8.881792426109313965e-02
9.534050326787582019e-01,9.421572834253311157e-02
9.553389704959178719e-01,8.942379057407379150e-02
9.572473263570921986e-01,9.594295918941497803e-02
9.591307682277451230e-01,8.944386988878250122e-02
9.609899382484581309e-01,9.179077297449111938e-02
9.628254540492666713e-01,8.902998268604278564e-02
9.646379099814290647e-01,8.915673941373825073e-02
9.664278782727777628e-01,8.601845800876617432e-02
9.681959101122710187e-01,8.907577395439147949e-02
9.699425366688896322e-01,8.908459544181823730e-02
9.716682700495886671e-01,9.181776642799377441e-02
9.733736042006306821e-01,8.510108292102813721e-02
9.750590157562651905e-01,8.540545403957366943e-02
9.767249648384065397e-01,8.531922101974487305e-02
9.783718958106631947e-01,8.483262360095977783e-02
9.800002379898135052e-01,8.462266623973846436e-02
9.816104063175752348e-01,8.613873273134231567e-02
9.832028019952986364e-01,8.579985797405242920e-02
9.847778130840142419e-01,8.427652716636657715e-02
9.863358150720769046e-01,8.719274401664733887e-02
9.878771714124866543e-01,8.918244391679763794e-02
9.894022340318076036e-01,8.168815076351165771e-02
9.909113438124680373e-01,8.517958968877792358e-02
9.924048310500953596e-01,8.268477767705917358e-02
9.938830158874222276e-01,8.170645684003829956e-02
9.953462087261852886e-01,8.508475869894027710e-02
9.967947106183480122e-01,8.184355497360229492e-02
9.982288136378762999e-01,8.306311815977096558e-02
9.996488012342179541e-01,8.202134817838668823e-02
1.001054948568554481e+00,8.267799019813537598e-02
1.002447522833824989e+00,8.029441535472869873e-02
1.003826783559450320e+00,8.058655261993408203e-02
1.005192982901629284e+00,8.232811838388442993e-02
1.006546365920018005e+00,7.985150068998336792e-02
1.007887170841551550e+00,7.748718559741973877e-02
1.009215629312119056e+00,7.756939530372619629e-02
1.010531966636755596e+00,8.128046244382858276e-02
1.011836402008977398e+00,7.833518832921981812e-02
1.013129148729838391e+00,8.197678625583648682e-02
1.014410414417262540e+00,7.635920494794845581e-02
1.015680401206159988e+00,7.699126750230789185e-02
1.016939305939812632e+00,7.897584885358810425e-02
1.018187320352981651e+00,7.787245512008666992e-02
1.019424631247161761e+00,7.519596070051193237e-02
1.020651420658385433e+00,7.278211414813995361e-02
1.021867866017950988e+00,7.732133567333221436e-02
1.023074140306432067e+00,7.600420713424682617e-02
1.024270412201301550e+00,7.017086446285247803e-02
1.025456846218484541e+00,7.530765235424041748e-02
1.026633602848139093e+00,7.354122400283813477e-02
1.027800838684943319e+00,7.730121165513992310e-02
1.028958706553154245e+00,7.785504311323165894e-02
1.030107355626689314e+00,7.342103123664855957e-02
1.031246931544462342e+00,7.524068653583526611e-02
1.032377576521202878e+00,7.188381999731063843e-02
1.033499429453965224e+00,7.648800313472747803e-02
1.034612626024527859e+00,7.003975659608840942e-02
1.035717298797873553e+00,7.296037673950195312e-02
1.036813577316927137e+00,7.005560398101806641e-02
1.037901588193720803e+00,7.238628715276718140e-02
1.038981455197147019e+00,6.920968741178512573e-02
1.040053299337452941e+00,7.384330034255981445e-02
1.041117238947617540e+00,7.224804162979125977e-02
1.042173389761750668e+00,7.185848802328109741e-02
1.043221864990644399e+00,6.496546417474746704e-02
1.044262775394596110e+00,6.915358453989028931e-02
1.045296229353626094e+00,6.784420460462570190e-02
1.046322332935195609e+00,7.146198302507400513e-02
1.047341189959536178e+00,7.440815865993499756e-02
1.048352902062685388e+00,7.106325775384902954e-02
1.049357568757329773e+00,7.060909271240234375e-02
1.050355287491544054e+00,6.968240439891815186e-02
1.051346153705511099e+00,7.146064937114715576e-02
1.052330260886309210e+00,7.019162923097610474e-02
1.053307700620842891e+00,7.391781359910964966e-02
1.054278562646992379e+00,7.211232185363769531e-02
1.055242934903054319e+00,7.000237703323364258e-02
1.056200903575539085e+00,6.789977103471755981e-02
1.057152553145394247e+00,6.776401400566101074e-02
1.058097966432711035e+00,6.929915398359298706e-02
1.059037224639978181e+00,6.662931293249130249e-02
1.059970407393933112e+00,6.792751699686050415e-02
1.060897592786072430e+00,6.490881741046905518e-02
1.061818857411865213e+00,6.402967125177383423e-02
1.062734276408725531e+00,6.470203399658203125e-02
1.063643923492785026e+00,6.607645004987716675e-02
1.064547870994515089e+00,6.572514027357101440e-02
1.065446189893239470e+00,6.712153553962707520e-02
1.066338949850579310e+00,6.527151912450790405e-02
1.067226219242868313e+00,6.353893876075744629e-02
1.068108065192580725e+00,6.752504408359527588e-02
1.068984553598799625e+00,6.777978688478469849e-02
1.069855749166769732e+00,6.716918200254440308e-02
1.070721715436560695e+00,6.366596370935440063e-02
1.071582514810876408e+00,6.523638218641281128e-02
1.072438208582037866e+00,6.221505999565124512e-02
1.073288856958174220e+00,6.382974237203598022e-02
1.074134519088641770e+00,6.473317742347717285e-02
1.074975253088704896e+00,6.686131656169891357e-02
1.075811116063501771e+00,6.624034792184829712e-02
1.076642164131319968e+00,6.235754862427711487e-02
1.077468452446203262e+00,6.125278025865554810e-02
1.078290035219918508e+00,6.116300448775291443e-02
1.079106965743297231e+00,6.340934336185455322e-02
1.079919296406978146e+00,6.363828480243682861e-02
1.080727078721569034e+00,6.339444965124130249e-02
1.081530363337245726e+00,6.311015039682388306e-02
1.082329200062810193e+00,6.642659008502960205e-02
1.083123637884223500e+00,6.591409444808959961e-02
1.083913724982630056e+00,6.286774575710296631e-02
1.084699508751893360e+00,6.002106890082359314e-02
1.085481035815654138e+00,6.121431291103363037e-02
1.086258352043930842e+00,6.112455204129219055e-02
1.087031502569274499e+00,5.830052867531776428e-02
1.087800531802493031e+00,6.219316273927688599e-02
1.088565483447959226e+00,5.828823149204254150e-02
1.089326400518514149e+00,5.912551656365394592e-02
1.090083325349980203e+00,5.889404192566871643e-02
1.090836299615295601e+00,5.887180194258689880e-02
1.091585364338280906e+00,5.689730495214462280e-02
1.092330559907051191e+00,5.945474281907081604e-02
1.093071926087083590e+00,5.947403237223625183e-02
1.093809502033948888e+00,5.998425185680389404e-02
1.094543326305722708e+00,6.022677943110466003e-02
1.095273436875078277e+00,5.894415080547332764e-02
1.095999871141079662e+00,5.914730951189994812e-02
1.096722665940675023e+00,6.076606363058090210e-02
1.097441857559906975e+00,5.883236601948738098e-02
1.098157481744842068e+00,5.948717892169952393e-02
1.098869573712232928e+00,5.740474909543991089e-02
1.099578168159916158e+00,5.873362347483634949e-02
1.100283299276959115e+00,5.642567947506904602e-02
1.100985000753556875e+00,5.613144859671592712e-02
1.101683305790691847e+00,5.754651501774787903e-02
1.102378247109559117e+00,5.992008745670318604e-02
1.103069856960767536e+00,5.596692487597465515e-02
1.103758167133320089e+00,5.610210075974464417e-02
1.104443208963381107e+00,5.581284686923027039e-02
1.105125013342837637e+00,5.689685791730880737e-02
1.105803610727656761e+00,5.696773156523704529e-02
1.106479031146050618e+00,5.193322896957397461e-02
1.107151304206449138e+00,5.386552587151527405e-02
1.107820459105287370e+00,5.430004745721817017e-02
1.108486524634614945e+00,5.428437516093254089e-02
1.109149529189529249e+00,5.562010034918785095e-02
1.109809500775439606e+00,5.362986400723457336e-02
1.110466467015164271e+00,5.501791089773178101e-02
1.111120455155869324e+00,5.554993823170661926e-02
1.111771492075848133e+00,5.215498805046081543e-02
1.112419604291150499e+00,5.408477038145065308e-02
1.113064817962062802e+00,5.490183085203170776e-02
1.113707158899444050e+00,5.520084127783775330e-02
1.114346652570921359e+00,5.631303787231445312e-02
1.114983324106949114e+00,5.234988033771514893e-02
1.115617198306734004e+00,5.218935757875442505e-02
1.116248299644032160e+00,5.452625080943107605e-02
1.116876652272817960e+00,4.926000535488128662e-02
1.117502280032832251e+00,5.371916666626930237e-02
1.118125206455008458e+00,5.293156206607818604e-02
1.118745454766784109e+00,5.330051481723785400e-02
1.119363047897296903e+00,5.182050541043281555e-02
1.119978008482471088e+00,5.057248473167419434e-02
1.120590358869996361e+00,4.807026311755180359e-02
1.121200121124199756e+00,5.429328233003616333e-02
1.121807317030816709e+00,5.117022618651390076e-02
1.122411968101661772e+00,5.163444578647613525e-02
1.123014095579200511e+00,5.360427871346473694e-02
1.123613720441029251e+00,5.240075662732124329e-02
1.124210863404258243e+00,5.015883967280387878e-02
1.124805544929808887e+00,5.186560750007629395e-02
1.125397785226618597e+00,5.038397014141082764e-02
1.125987604255762164e+00,5.316546186804771423e-02
1.126575021734489424e+00,5.110044032335281372e-02
1.127160057140179195e+00,4.830642789602279663e-02
1.127742729714214853e+00,5.103070661425590515e-02
1.128323058465781514e+00,5.076581612229347229e-02
1.128901062175587500e+00,5.155425146222114563e-02
1.129476759399510977e+00,4.793006926774978638e-02
1.130050168472174210e+00,4.961039498448371887e-02
1.130621307510447204e+00,5.182104930281639099e-02
1.131190194416882955e+00,4.720224440097808838e-02
1.131756846883084089e+00,4.955927655100822449e-02
1.132321282393004003e+00,4.683738946914672852e-02
1.132883518226184050e+00,4.969418793916702271e-02
1.133443571460927668e+00,4.528558999300003052e-02
1.134001458977413224e+00,5.099446699023246765e-02
1.134557197460746680e+00,5.063566938042640686e-02
1.135110803403955426e+00,4.775618761777877808e-02
1.135662293110926147e+00,4.675366729497909546e-02
1.136211682699285186e+00,4.933383688330650330e-02
1.136758988103225176e+00,4.945653304457664490e-02
1.137304225076278152e+00,4.598693177103996277e-02
1.137847409194036263e+00,4.587947949767112732e-02
1.138388555856821416e+00,4.732163622975349426e-02
1.138927680292305844e+00,4.880962893366813660e-02
1.139464797558081832e+00,4.967305436730384827e-02
1.139999922544186806e+00,5.254603922367095947e-02
1.140533069975578906e+00,4.885639622807502747e-02
1.141064254414569268e+00,4.901311919093132019e-02
1.141593490263207444e+00,4.506433382630348206e-02
1.142120791765625532e+00,4.653124883770942688e-02
1.142646173010337662e+00,4.706595093011856079e-02
1.143169647932499089e+00,4.882229492068290710e-02
1.143691230316123963e+00,4.741271957755088806e-02
1.144210933796262930e+00,4.498554021120071411e-02
1.144728771861142080e+00,4.475054517388343811e-02
1.145244757854263273e+00,4.732001572847366333e-02
1.145758904976468040e+00,4.441416636109352112e-02
1.146271226287962186e+00,4.336765781044960022e-02
1.146781734710308642e+00,4.544674605131149292e-02
1.147290443028380791e+00,4.648995399475097656e-02
1.147797363892285594e+00,4.411942511796951294e-02
1.148302509819249639e+00,4.568698629736900330e-02
1.148805893195474326e+00,4.678560420870780945e-02
1.149307526277958402e+00,4.504927992820739746e-02
1.149807421196288093e+00,4.206996038556098938e-02
1.150305589954397689e+00,4.401187971234321594e-02
1.150802044432298388e+00,4.405935853719711304e-02
1.151296796387778487e+00,4.410718008875846863e-02
1.151789857458074717e+00,4.535029456019401550e-02
1.152281239161514037e+00,4.537729918956756592e-02
1.152770952899128121e+00,4.445161670446395874e-02
1.153259009956241199e+00,4.159594327211380005e-02
1.153745421504029922e+00,4.452993720769882202e-02
1.154230198601057689e+00,4.324075579643249512e-02
1.154713352194783882e+00,4.222310334444046021e-02
1.155194893123046018e+00,4.475066810846328735e-02
1.155674832115519690e+00,4.140250384807586670e-02
1.156153179795152308e+00,4.164510592818260193e-02
1.156629946679573973e+00,4.388713091611862183e-02
1.157105143182485696e+00,4.668469727039337158e-02
1.157578779615023423e+00,4.459414631128311157e-02
1.158050866187100514e+00,4.312935099005699158e-02
1.158521413008729350e+00,4.242224991321563721e-02
1.158990430091319634e+00,4.308944940567016602e-02
1.159457927348956030e+00,4.024614393711090088e-02
1.159923914599656714e+00,4.304409027099609375e-02
1.160388401566609495e+00,4.420788213610649109e-02
1.160851397879389957e+00,4.227784276008605957e-02
1.161312913075158937e+00,4.408403113484382629e-02
1.161772956599841145e+00,4.124273732304573059e-02
1.162231537809286230e+00,4.390479996800422668e-02
1.162688665970408319e+00,4.082578048110008240e-02
1.163144350262311777e+00,4.082826524972915649e-02
1.163598599777396103e+00,4.021712392568588257e-02
1.164051423522444839e+00,3.768479079008102417e-02
1.164502830419696267e+00,4.276475682854652405e-02
1.164952829307899895e+00,3.835667297244071960e-02
1.165401428943353190e+00,4.192769527435302734e-02
1.165848638000925419e+00,4.264052957296371460e-02
1.166294465075062625e+00,3.968975320458412170e-02
1.166738918680779724e+00,4.127921909093856812e-02
1.167182007254636389e+00,4.372787475585937500e-02
1.167623739155697393e+00,3.892905265092849731e-02
1.168064122666478966e+00,3.884345293045043945e-02
1.168503165993880932e+00,3.927241265773773193e-02
1.168940877270103762e+00,3.985869511961936951e-02
1.169377264553552953e+00,4.124558344483375549e-02
1.169812335829729655e+00,4.154980182647705078e-02
1.170246099012105523e+00,3.901004791259765625e-02
1.170678561942988694e+00,4.091796278953552246e-02
1.171109732394373326e+00,3.995210677385330200e-02
1.171539618068777155e+00,4.095645621418952942e-02
1.171968226600069052e+00,3.895432129502296448e-02
1.172395565554280150e+00,3.902917727828025818e-02
1.172821642430406541e+00,3.722588345408439636e-02
1.173246464661198640e+00,3.946235775947570801e-02
1.173670039613939009e+00,3.878773376345634460e-02
1.174092374591209298e+00,3.685029596090316772e-02
1.174513476831645198e+00,3.593900427222251892e-02
1.174933353510680956e+00,3.937166929244995117e-02
1.175352011741283453e+00,3.818409517407417297e-02
1.175769458574674520e+00,3.854274377226829529e-02
1.176185701001044359e+00,3.797656670212745667e-02
1.176600745950252991e+00,3.742265701293945312e-02
1.177014600292522806e+00,4.008381441235542297e-02
1.177427270839121798e+00,3.686196357011795044e-02
1.177838764343034139e+00,3.709065914154052734e-02
1.178249087499626091e+00,3.706981241703033447e-02
1.178658246947296595e+00,3.612620010972023010e-02
1.179066249268124089e+00,4.104749858379364014e-02
1.179473100988500445e+00,3.426368907094001770e-02
1.179878808579758465e+00,3.708311915397644043e-02
1.180283378458787835e+00,3.660877421498298645e-02
1.180686816988646415e+00,3.670668229460716248e-02
1.181089130479157756e+00,3.746561706066131592e-02
1.181490325187506629e+00,3.826975449919700623e-02
1.181890407318820335e+00,3.731406480073928833e-02
1.182289383026745355e+00,3.568104282021522522e-02
1.182687258414015563e+00,3.723255172371864319e-02
1.183084039533012444e+00,3.532883897423744202e-02
1.183479732386316430e+00,3.715494275093078613e-02
1.183874342927253132e+00,3.529000282287597656e-02
1.184267877060429797e+00,3.917824849486351013e-02
1.184660340642266219e+00,3.750925511121749878e-02
1.185051739481516542e+00,3.619220480322837830e-02
1.185442079339786181e+00,3.664505109190940857e-02
1.185831365932041193e+00,3.620064631104469299e-02
1.186219604927107429e+00,3.382744267582893372e-02
1.186606801948169920e+00,3.534786775708198547e-02
1.186992962573258703e+00,3.544634208083152771e-02
1.187378092335731328e+00,3.712342306971549988e-02
1.187762196724750030e+00,3.710145503282546997e-02
1.188145281185749358e+00,3.298380970954895020e-02
1.188527351120901354e+00,3.439952060580253601e-02
1.188908411889570305e+00,3.577223047614097595e-02
1.189288468808765264e+00,3.596656024456024170e-02
1.189667527153585702e+00,3.395523875951766968e-02
1.190045592157659815e+00,3.629241883754730225e-02
1.190422669013577739e+00,3.459887206554412842e-02
1.190798762873320538e+00,3.548659384250640869e-02
1.191173878848682532e+00,3.575035929679870605e-02
1.191548022011686969e+00,3.300899639725685120e-02
1.191921197394998577e+00,3.583694621920585632e-02
1.192293409992330133e+00,3.568152710795402527e-02
1.192664664758841697e+00,3.678453341126441956e-02
1.193034966611538517e+00,3.432295098900794983e-02
1.193404320429659826e+00,3.259456157684326172e-02
1.193772731055066094e+00,3.339877352118492126e-02
1.194140203292618940e+00,3.454916551709175110e-02
1.194506741910557945e+00,3.598296269774436951e-02
1.194872351640871022e+00,3.544997423887252808e-02
1.195237037179661232e+00,3.449263796210289001e-02
1.195600803187509165e+00,3.621014580130577087e-02
1.195963654289829980e+00,3.238323330879211426e-02
1.196325595077226245e+00,3.516455739736557007e-02
1.196686630105836313e+00,3.480381146073341370e-02
1.197046763897678945e+00,3.496472164988517761e-02
1.197406000940992365e+00,3.149318322539329529e-02
1.197764345690570442e+00,3.332911804318428040e-02
1.198121802568094640e+00,3.505011647939682007e-02
1.198478375962459763e+00,3.515629842877388000e-02
1.198834070230099025e+00,3.281595185399055481e-02
1.199188889695302462e+00,3.331696242094039917e-02
1.199542838650532683e+00,3.378833457827568054e-02
1.199895921356736173e+00,3.364742174744606018e-02
1.200248142043651267e+00,3.444449231028556824e-02
1.200599504910112358e+00,3.214563056826591492e-02
1.200950014124349652e+00,3.134703263640403748e-02
1.201299673824286929e+00,3.605342656373977661e-02
1.201648488117833313e+00,3.350761532783508301e-02
1.201996461083173484e+00,2.923372946679592133e-02
1.202343596769054113e+00,3.077812306582927704e-02
1.202689899195065859e+00,3.110656328499317169e-02
1.203035372351923593e+00,3.255897760391235352e-02
1.203380020201741063e+00,3.350206464529037476e-02
1.203723846678303788e+00,3.182864561676979065e-02
1.204066855687339732e+00,3.343217819929122925e-02
1.204409051106784645e+00,3.186385333538055420e-02
1.204750436787044299e+00,3.148949891328811646e-02
1.205091016551255612e+00,3.053371980786323547e-02
1.205430794195543331e+00,3.090770170092582703e-02
1.205769773489273611e+00,3.122607059776782990e-02
1.206107958175305361e+00,3.094347380101680756e-02
1.206445351970237390e+00,3.039043024182319641e-02
1.206781958564654422e+00,3.046472743153572083e-02
1.207117781623368469e+00,3.279612213373184204e-02
1.207452824785659296e+00,2.887981943786144257e-02
1.207787091665509571e+00,2.977111376821994781e-02
1.208120585851840678e+00,3.154751285910606384e-02
1.208453310908741862e+00,3.035018593072891235e-02
1.208785270375700271e+00,2.955492772161960602e-02
1.209116467767826331e+00,3.151262179017066956e-02
1.209446906576077119e+00,3.280632570385932922e-02
1.209776590267476859e+00,2.830471284687519073e-02
1.210105522285335855e+00,3.137440979480743408e-02
1.210433706049466096e+00,3.132612258195877075e-02
1.210761144956393531e+00,3.001439012587070465e-02
1.211087842379570789e+00,3.020356968045234680e-02
1.211413801669584123e+00,3.199586644768714905e-02
1.211739026154360133e+00,3.057147189974784851e-02
1.212063519139370493e+00,3.036711923778057098e-02
1.212387283907832236e+00,3.179194778203964233e-02
1.212710323720907590e+00,2.859326265752315521e-02
1.213032641817901158e+00,2.716008201241493225e-02
1.213354241416454871e+00,2.705834805965423584e-02
1.213675125712740055e+00,2.926271222531795502e-02
1.213995297881649504e+00,2.802893519401550293e-02
1.214314761076984439e+00,3.011310659348964691e-02
1.214633518431641246e+00,2.817139402031898499e-02
1.214951573057796663e+00,3.172812983393669128e-02
1.215268928047089192e+00,2.930097840726375580e-02
1.215585586470799395e+00,2.853107452392578125e-02
1.215901551380029089e+00,3.167827054858207703e-02
1.216216825805877200e+00,2.893153205513954163e-02
1.216531412759613406e+00,2.745714411139488220e-02
1.216845315232852887e+00,2.938439324498176575e-02
1.217158536197724406e+00,2.839919924736022949e-02
1.217471078607041068e+00,3.226229175925254822e-02
1.217782945394467076e+00,2.943241782486438751e-02
1.218094139474681370e+00,3.042597137391567230e-02
1.218404663743543948e+00,2.774000354111194611e-02
1.218714521078254176e+00,2.896570228040218353e-02
1.219023714337513331e+00,2.871100604534149170e-02
1.219332246361682248e+00,2.811273932456970215e-02
1.219640119972937198e+00,2.661081217229366302e-02
1.219947337975425095e+00,2.700253389775753021e-02
1.220253903155417152e+00,2.948329970240592957e-02
1.220559818281460096e+00,2.940392866730690002e-02
1.220865086104525821e+00,2.730030938982963562e-02
1.221169709358161048e+00,2.684639953076839447e-02
1.221473690758632547e+00,2.595645748078823090e-02
1.221777033005074342e+00,2.649112045764923096e-02
1.222079738779629610e+00,2.644750103354454041e-02
1.222381810747594111e+00,2.771060541272163391e-02
1.222683251557557416e+00,2.628893963992595673e-02
1.222984063841540348e+00,2.805684506893157959e-02
1.223284250215135316e+00,2.635287493467330933e-02
1.223583813277640653e+00,2.818915992975234985e-02
1.223882755612197171e+00,2.595734037458896637e-02
1.224181079785920945e+00,2.812724560499191284e-02
1.224478788350035652e+00,2.608783729374408722e-02
1.224775883840004465e+00,2.744926884770393372e-02
1.225072368775657949e+00,2.665371075272560120e-02
1.225368245661323297e+00,2.602235786616802216e-02
1.225663516985951551e+00,2.514412067830562592e-02
1.225958185223242625e+00,2.574215456843376160e-02
1.226252252831769862e+00,2.701057679951190948e-02
1.226545722255103055e+00,2.769147232174873352e-02
1.226838595921929898e+00,2.824691869318485260e-02
1.227130876246177671e+00,2.581257186830043793e-02
1.227422565627131812e+00,2.317300997674465179e-02
1.227713666449553820e+00,2.584541961550712585e-02
1.228004181083798718e+00,2.761122025549411774e-02
1.228294111885931184e+00,2.658209204673767090e-02
1.228583461197839455e+00,2.744518406689167023e-02
1.228872231347349242e+00,2.660671249032020569e-02
1.229160424648336303e+00,2.679377049207687378e-02
1.229448043400836577e+00,2.625828236341476440e-02
1.229735089891158317e+00,2.537723630666732788e-02
1.230021566391988896e+00,2.637605182826519012e-02
1.230307475162504494e+00,2.613545209169387817e-02
1.230592818448476233e+00,2.607594430446624756e-02
1.230877598482376323e+00,2.338153496384620667e-02
1.231161817483481746e+00,2.605113759636878967e-02
1.231445477657980625e+00,2.567581087350845337e-02
1.231728581199071471e+00,2.259266935288906097e-02
1.232011130287068212e+00,2.476841397583484650e-02
1.232293127089498119e+00,2.488852664828300476e-02
1.232574573761204828e+00,2.558169141411781311e-02
1.232855472444443601e+00,2.592360600829124451e-02
1.233135825268981467e+00,2.393489517271518707e-02
1.233415634352192924e+00,2.487700991332530975e-02
1.233694901799157861e+00,2.650568634271621704e-02
1.233973629702753705e+00,2.596766501665115356e-02
1.234251820143751122e+00,2.656967192888259888e-02
1.234529475190908165e+00,2.298383973538875580e-02
1.234806596901059983e+00,2.548590861260890961e-02
1.235083187319212961e+00,2.524402178823947906e-02
1.235359248478633543e+00,2.389722503721714020e-02
1.235634782400938603e+00,2.270226925611495972e-02
1.235909791096183596e+00,2.463176101446151733e-02
1.236184276562951823e+00,2.441206946969032288e-02
1.236458240788439911e+00,2.474647201597690582e-02
1.236731685748546195e+00,2.364674396812915802e-02
1.237004613407953757e+00,2.428092807531356812e-02
1.237277025720217249e+00,2.171363495290279388e-02
1.237548924627845714e+00,2.387563325464725494e-02
1.237820312062385852e+00,2.602653205394744873e-02
1.238091189944504844e+00,2.555593475699424744e-02
1.238361560184070731e+00,2.500778809189796448e-02
1.238631424680235016e+00,2.396178059279918671e-02
1.238900785321510600e+00,2.453558519482612610e-02
1.239169643985852831e+00,2.312381751835346222e-02
1.239438002540736994e+00,2.259809710085391998e-02
1.239705862843237139e+00,2.404788695275783539e-02
1.239973226740102019e+00,2.358490601181983948e-02
1.240240096067832143e+00,2.419751137495040894e-02
1.240506472652755710e+00,2.453784458339214325e-02
1.240772358311102552e+00,2.216263301670551300e-02
1.241037754849080077e+00,2.449375204741954803e-02
1.241302664062944761e+00,2.245718240737915039e-02
1.241567087739077868e+00,2.350772544741630554e-02
1.241831027654054509e+00,2.419402077794075012e-02
1.242094485574718021e+00,2.192954160273075104e-02
1.242357463258249473e+00,2.385313250124454498e-02
1.242619962452238047e+00,2.171346545219421387e-02
1.242881984894751435e+00,2.706236205995082855e-02
1.243143532314404442e+00,2.487556077539920807e-02
1.243404606430426496e+00,2.448936551809310913e-02
1.243665208952731804e+00,2.425719425082206726e-02
1.243925341581984201e+00,2.336759865283966064e-02
1.244185006009665084e+00,2.406932227313518524e-02
1.244444203918138259e+00,2.542677149176597595e-02
1.244702936980716990e+00,2.287038229405879974e-02
1.244961206861727510e+00,2.309195324778556824e-02
1.245219015216573410e+00,2.088879235088825226e-02
1.245476363691800037e+00,2.335076220333576202e-02
1.245733253925156436e+00,2.389172092080116272e-02
1.245989687545658864e+00,2.170104533433914185e-02
1.246245666173652511e+00,2.131595276296138763e-02
1.246501191420873234e+00,2.344401180744171143e-02
1.246756264890506838e+00,2.356190979480743408e-02
1.247010888177251919e+00,2.282616123557090759e-02
1.247265062867378038e+00,2.023496106266975403e-02
1.247518790538785005e+00,2.133558504283428192e-02
1.247772072761062612e+00,1.920595020055770874e-02
1.248024911095547695e+00,2.198593690991401672e-02
1.248277307095383648e+00,2.143279090523719788e-02
1.248529262305575038e+00,2.262317761778831482e-02
1.248780778263047342e+00,2.094954997301101685e-02
1.249031856496700010e+00,2.110860683023929596e-02
1.249282498527465979e+00,1.923165470361709595e-02
1.249532705868362958e+00,1.943323202431201935e-02
1.249782480024551612e+00,2.199467830359935760e-02
1.250031822493387512e+00,1.976056955754756927e-02
1.250280734764476431e+00,2.124042063951492310e-02
1.250529218319727187e+00,2.124974876642227173e-02
1.250777274633404268e+00,2.071898430585861206e-02
1.251024905172181345e+00,2.228419855237007141e-02
1.251272111395191677e+00,2.268814109265804291e-02
1.251518894754081845e+00,2.054523862898349762e-02
1.251765256693060824e+00,2.384279854595661163e-02
1.252011198648951718e+00,2.404610253870487213e-02
1.252256722051241944e+00,2.175306528806686401e-02
1.252501828322133415e+00,2.143199928104877472e-02
1.252746518876591386e+00,2.070714719593524933e-02
1.252990795122393308e+00,2.008215151727199554e-02
1.253234658460178341e+00,2.281219139695167542e-02
1.253478110283494429e+00,2.175698615610599518e-02
1.253721151978847370e+00,2.054850570857524872e-02
1.253963784925746561e+00,2.064791321754455566e-02
1.254206010496753620e+00,2.142157778143882751e-02
1.254447830057528135e+00,1.974072121083736420e-02
1.254689244966873396e+00,1.982742361724376678e-02
1.254930256576783698e+00,2.224573865532875061e-02
1.255170866232488081e+00,2.153519727289676666e-02
1.255411075272496513e+00,2.137408964335918427e-02
1.255650885028644081e+00,1.998274959623813629e-02
1.255890296826135621e+00,2.333711087703704834e-02
1.256129311983589014e+00,2.098997868597507477e-02
1.256367931813079819e+00,2.119483798742294312e-02
1.256606157620183017e+00,1.931900158524513245e-02
1.256843990704017866e+00,1.990208588540554047e-02
1.257081432357288309e+00,1.826849393546581268e-02
1.257318483866326497e+00,1.866376772522926331e-02
1.257555146511134536e+00,2.030525915324687958e-02
1.257791421565424672e+00,2.037811093032360077e-02
1.258027310296662371e+00,2.190925739705562592e-02
1.258262813966105398e+00,2.007098495960235596e-02
1.258497933828845561e+00,2.026190608739852905e-02
1.258732671133847569e+00,1.933540776371955872e-02
1.258967027123990556e+00,1.981412060558795929e-02
1.259201003036105604e+00,2.062634378671646118e-02
1.259434600101016377e+00,1.968369632959365845e-02
1.259667819543577094e+00,1.811937242746353149e-02
1.259900662582712050e+00,1.829809695482254028e-02
1.260133130431452919e+00,2.138502895832061768e-02
1.260365224296976283e+00,1.900005899369716644e-02
1.260596945380642708e+00,1.991660334169864655e-02
1.260828294878033384e+00,1.823210716247558594e-02
1.261059273978986761e+00,2.010682970285415649e-02
1.261289883867635409e+00,1.775479689240455627e-02
1.261520125722442431e+00,1.823620498180389404e-02
1.261750000716238329e+00,1.965202391147613525e-02
1.261979510016255857e+00,1.868409663438796997e-02
1.262208654784165995e+00,1.978289335966110229e-02
1.262437436176113259e+00,1.791153848171234131e-02
1.262665855342750554e+00,1.878283917903900146e-02
1.262893913429274262e+00,1.828569173812866211e-02
1.263121611575458214e+00,2.043351158499717712e-02
1.263348950915687885e+00,1.980001665651798248e-02
1.263575932578995253e+00,2.111349068582057953e-02
1.263802557689090778e+00,1.797944866120815277e-02
1.264028827364398255e+00,1.961421966552734375e-02
1.264254742718087687e+00,1.967561617493629456e-02
1.264480304858106363e+00,2.021116949617862701e-02
1.264705514887214832e+00,1.697994209825992584e-02
1.264930373903015992e+00,1.644262485206127167e-02
1.265154882997988839e+00,1.779231429100036621e-02
1.265379043259520664e+00,1.775094121694564819e-02
1.265602855769937030e+00,2.164182253181934357e-02
1.265826321606534854e+00,1.728378422558307648e-02
1.266049441841612389e+00,1.641016080975532532e-02
1.266272217542500522e+00,1.922003552317619324e-02
1.266494649771593428e+00,2.032968401908874512e-02
1.266716739586378759e+00,1.717315427958965302e-02
1.266938488039468069e+00,1.906045712530612946e-02
1.267159896178627010e+00,2.037340775132179260e-02
1.267380965046803976e+00,1.992831379175186157e-02
1.267601695682160301e+00,1.733817532658576965e-02
1.267822089118100237e+00,2.057356014847755432e-02
1.268042146383298263e+00,1.816601306200027466e-02
1.268261868501729506e+00,1.865263842046260834e-02
1.268481256492697273e+00,1.730334386229515076e-02
1.268700311370862366e+00,1.883235573768615723e-02
1.268919034146269942e+00,1.668087020516395569e-02
1.269137425824379051e+00,1.886660978198051453e-02
1.269355487406088390e+00,1.784503646194934845e-02
1.269573219887766502e+00,1.667618937790393829e-02
1.269790624261275980e+00,1.752048358321189880e-02
1.270007701514002996e+00,1.665302738547325134e-02
1.270224452628883283e+00,1.678454130887985229e-02
1.270440878584429001e+00,1.767404377460479736e-02
1.270656980354754939e+00,1.866112276911735535e-02
1.270872758909604938e+00,1.634769700467586517e-02
1.271088215214378314e+00,1.917105913162231445e-02
1.271303350230155838e+00,1.764469780027866364e-02
1.271518164913724824e+00,1.568814925849437714e-02
1.271732660217604671e+00,1.838431693613529205e-02
1.271946837090073501e+00,1.725750416517257690e-02
1.272160696475191033e+00,1.781694404780864716e-02
1.272374239312826782e+00,1.579212024807929993e-02
1.272587466538680934e+00,1.750775426626205444e-02
1.272800379084312095e+00,1.694410294294357300e-02
1.273012977877160612e+00,1.739873923361301422e-02
1.273225263840572108e+00,1.674355939030647278e-02
1.273437237893823015e+00,1.580248028039932251e-02
1.273648900952143004e+00,1.676442287862300873e-02
1.273860253926739627e+00,1.657589711248874664e-02
1.274071297724821195e+00,1.710050366818904877e-02
1.274282033249621415e+00,1.631414890289306641e-02
1.274492461400420718e+00,1.649351231753826141e-02
1.274702583072570894e+00,1.590296439826488495e-02
1.274912399157516862e+00,1.613302342593669891e-02
1.275121910542819981e+00,1.842543669044971466e-02
1.275331118112180695e+00,1.729536242783069611e-02
1.275540022745460300e+00,1.601312123239040375e-02
1.275748625318703144e+00,1.633046381175518036e-02
1.275956926704159944e+00,1.535019930452108383e-02
1.276164927770307544e+00,1.604653708636760712e-02
1.276372629381872903e+00,1.866768300533294678e-02
1.276580032399852405e+00,1.391526032239198685e-02
1.276787137681535622e+00,1.470941677689552307e-02
1.276993946080524411e+00,1.733478903770446777e-02
1.277200458446755560e+00,1.704559102654457092e-02
1.277406675626521215e+00,1.723378710448741913e-02
1.277612598462489313e+00,1.603199541568756104e-02
1.277818227793724892e+00,1.694227196276187897e-02
1.278023564455710082e+00,1.559424679726362228e-02
1.278228609280364525e+00,1.509005855768918991e-02
1.278433363096066255e+00,1.630995608866214752e-02
1.278637826727671012e+00,1.560829859226942062e-02
1.278842000996532668e+00,1.659804582595825195e-02
1.279045886720522551e+00,1.702117361128330231e-02
1.279249484714049201e+00,1.543945632874965668e-02
1.279452795788078578e+00,1.409810036420822144e-02
1.279655820750152717e+00,1.712250895798206329e-02
1.279858560404408818e+00,1.588924787938594818e-02
1.280061015551599235e+00,1.653022319078445435e-02
1.280263186989109681e+00,1.637419126927852631e-02
1.280465075510978101e+00,1.635644398629665375e-02
1.280666681907913773e+00,1.711155474185943604e-02
1.280868006967316397e+00,1.574428007006645203e-02
1.281069051473292308e+00,1.668322086334228516e-02
1.281269816206676238e+00,1.461323071271181107e-02
1.281470301945046186e+00,1.535761449486017227e-02
1.281670509462743635e+00,1.614807732403278351e-02
1.281870439530890415e+00,1.550278905779123306e-02
1.282070092917407145e+00,1.583029329776763916e-02
1.282269470387030763e+00,1.559790968894958496e-02
1.282468572701331855e+00,1.443467102944850922e-02
1.282667400618732190e+00,1.932409591972827911e-02
1.282865954894522487e+00,1.438018400222063065e-02
1.283064236280879067e+00,1.512146182358264923e-02
1.283262245526880951e+00,1.587042212486267090e-02
1.283459983378528069e+00,1.564784906804561615e-02
1.283657450578755466e+00,1.555893011391162872e-02
1.283854647867453069e+00,1.502778660506010056e-02
1.284051575981480564e+00,1.392616052180528641e-02
1.284248235654683823e+00,1.560994423925876617e-02
1.284444627617912671e+00,1.404005941003561020e-02
1.284640752599035318e+00,1.491987053304910660e-02
1.284836611322956568e+00,1.408411562442779541e-02
1.285032204511632248e+00,1.499053183943033218e-02
1.285227532884085422e+00,1.471970509737730026e-02
1.285422597156423485e+00,1.313426159322261810e-02
1.285617398041852599e+00,1.475052349269390106e-02
1.285811936250693677e+00,1.537205744534730911e-02
1.286006212490398148e+00,1.485751476138830185e-02
1.286200227465563506e+00,1.504593528807163239e-02
1.286393981877948178e+00,1.385434716939926147e-02
1.286587476426486853e+00,1.349442545324563980e-02
1.286780711807306021e+00,1.442545652389526367e-02
1.286973688713738406e+00,1.424889732152223587e-02
1.287166407836338733e+00,1.639323122799396515e-02
1.287358869862897937e+00,1.590909808874130249e-02
1.287551075478457152e+00,1.441649161279201508e-02
1.287743025365324145e+00,1.448009535670280457e-02
1.287934720203086636e+00,1.220281329005956650e-02
1.288126160668626952e+00,1.301153842359781265e-02
1.288317347436135796e+00,1.342826522886753082e-02
1.288508281177128012e+00,1.414502318948507309e-02
1.288698962560455463e+00,1.494922488927841187e-02
1.288889392252321020e+00,1.509497873485088348e-02
1.289079570916294104e+00,1.298225298523902893e-02
1.289269499213321568e+00,1.397199649363756180e-02
1.289459177801745238e+00,1.418782118707895279e-02
1.289648607337312791e+00,1.479896809905767441e-02
1.289837788473191527e+00,1.495614647865295410e-02
1.290026721859984127e+00,1.455706916749477386e-02
1.290215408145739540e+00,1.279643829911947250e-02
1.290403847975967411e+00,1.408443693071603775e-02
1.290592041993651851e+00,1.420439872890710831e-02
1.290779990839263203e+00,1.244459301233291626e-02
1.290967695150772476e+00,1.324819214642047882e-02
1.291155155563663337e+00,1.425298955291509628e-02
1.291342372710946096e+00,1.485303882509469986e-02
1.291529347223169255e+00,1.372441835701465607e-02
1.291716079728433497e+00,1.488322950899600983e-02
1.291902570852403453e+00,1.413388922810554504e-02
1.292088821218320360e+00,1.293282583355903625e-02
1.292274831447014938e+00,1.439890265464782715e-02
1.292460602156919824e+00,1.405954547226428986e-02
1.292646133964081567e+00,1.450846157968044281e-02
1.292831427482173057e+00,1.415431872010231018e-02
1.293016483322505739e+00,1.373737398535013199e-02
1.293201302094041383e+00,1.345895417034626007e-02
1.293385884403404962e+00,1.396347489207983017e-02
1.293570230854895531e+00,1.313247252255678177e-02
1.293754342050498440e+00,1.212410721927881241e-02
1.293938218589898215e+00,1.398024987429380417e-02
1.294121861070488322e+00,1.309258677065372467e-02
1.294305270087384274e+00,1.189661771059036255e-02
1.294488446233434953e+00,1.414348836988210678e-02
1.294671390099233266e+00,1.262191124260425568e-02
1.294854102273129248e+00,1.164302229881286621e-02
1.295036583341239611e+00,1.387926377356052399e-02
1.295218833887459731e+00,1.316939108073711395e-02
1.295400854493475196e+00,1.288942899554967880e-02
1.295582645738773131e+00,1.511486712843179703e-02
1.295764208200651524e+00,1.230692770332098007e-02
1.295945542454233435e+00,1.235800888389348984e-02
1.296126649072473880e+00,1.312062796205282211e-02
1.296307528626174710e+00,1.300867367535829544e-02
1.296488181683992158e+00,1.433988288044929504e-02
1.296668608812449719e+00,1.214212086051702499e-02
1.296848810575947697e+00,1.306273508816957474e-02
1.297028787536774086e+00,1.195538043975830078e-02
1.297208540255115228e+00,1.226362492889165878e-02
1.297388069289066248e+00,1.227997057139873505e-02
1.297567375194641048e+00,1.275405101478099823e-02
1.297746458525783630e+00,1.355817820876836777e-02
1.297925319834376978e+00,1.157076656818389893e-02
1.298103959670254381e+00,1.329305302351713181e-02
1.298282378581208985e+00,1.428373996168375015e-02
1.298460577113004444e+00,1.360142976045608521e-02
1.298638555809384254e+00,1.290661562234163284e-02
1.298816315212081740e+00,1.427113637328147888e-02
1.298993855860830715e+00,1.277973037213087082e-02
1.299171178293374807e+00,1.303064078092575073e-02
1.299348283045477004e+00,1.313594821840524673e-02
1.299525170650929429e+00,1.287075225263834000e-02
1.299701841641563993e+00,1.289235427975654602e-02
1.299878296547260170e+00,1.289909146726131439e-02
1.300054535895955876e+00,1.235038693994283676e-02
1.300230560213657238e+00,1.372914947569370270e-02
1.300406370024446590e+00,1.095873769372701645e-02
1.300581965850492905e+00,1.292033772915601730e-02
1.300757348212060460e+00,1.247830316424369812e-02
1.300932517627519269e+00,1.405841857194900513e-02
1.301107474613352633e+00,1.402422878891229630e-02
1.301282219684167574e+00,1.202146429568529129e-02
1.301456753352703277e+00,1.375945098698139191e-02
1.301631076129840192e+00,1.432850863784551620e-02
1.301805188524609136e+00,1.153364218771457672e-02
1.301979091044200842e+00,1.123176794499158859e-02
1.302152784193972623e+00,1.234385836869478226e-02
1.302326268477460136e+00,1.270364597439765930e-02
1.302499544396383824e+00,8.912476710975170135e-03
1.302672612450659573e+00,1.139377802610397339e-02
1.302845473138404708e+00,1.406393107026815414e-02
1.303018126955949763e+00,1.223427522927522659e-02
1.303190574397844470e+00,1.225752104073762894e-02
1.303362815956867982e+00,1.280457805842161179e-02
1.303534852124035526e+00,1.407623570412397385e-02
1.303706683388608845e+00,1.275662332773208618e-02
1.303878310238103300e+00,1.302754972130060196e-02
1.304049733158296087e+00,1.200450677424669266e-02
1.304220952633235786e+00,1.300155278295278549e-02
1.304391969145248353e+00,1.398521009832620621e-02
1.304562783174946894e+00,1.145829632878303528e-02
1.304733395201240320e+00,1.115274894982576370e-02
1.304903805701339570e+00,1.311530172824859619e-02
1.305074015150766487e+00,1.160000544041395187e-02
1.305244024023362259e+00,1.172496750950813293e-02
1.305413832791294970e+00,1.177712995558977127e-02
1.305583441925066923e+00,1.186165306717157364e-02
1.305752851893523303e+00,1.067189313471317291e-02
1.305922063163859503e+00,1.201765611767768860e-02
1.306091076201629120e+00,1.404579728841781616e-02
1.306259891470751056e+00,1.205500494688749313e-02
1.306428509433517737e+00,1.258419081568717957e-02
1.306596930550602886e+00,1.125227101147174835e-02
1.306765155281068180e+00,1.050169207155704498e-02
1.306933184082371469e+00,1.222021598368883133e-02
1.307101017410374988e+00,1.093755755573511124e-02
1.307268655719350026e+00,1.102320849895477295e-02
1.307436099461987578e+00,1.233774516731500626e-02
1.307603349089404121e+00,1.123165432363748550e-02
1.307770405051148277e+00,1.233603991568088531e-02
1.307937267795209468e+00,1.166938431560993195e-02
1.308103937768024361e+00,1.204421184957027435e-02
1.308270415414483967e+00,1.291801501065492630e-02
1.308436701177941197e+00,1.118565909564495087e-02
1.308602795500217297e+00,1.209186483174562454e-02
1.308768698821609844e+00,1.072378177195787430e-02
1.308934411580898960e+00,1.175878103822469711e-02
1.309099934215353978e+00,1.167401950806379318e-02
1.309265267160741653e+00,1.100270822644233704e-02
1.309430410851331938e+00,1.185305323451757431e-02
1.309595365719905313e+00,1.081015262752771378e-02
1.309760132197759219e+00,1.223175041377544403e-02
1.309924710714715612e+00,1.101032830774784088e-02
1.310089101699126068e+00,1.181288808584213257e-02
1.310253305577881111e+00,1.164973434060811996e-02
1.310417322776413540e+00,1.048958022147417068e-02
1.310581153718707981e+00,1.177484355866909027e-02
1.310744798827306434e+00,1.157690118998289108e-02
1.310908258523313608e+00,1.119587011635303497e-02
1.311071533226404906e+00,1.167822536081075668e-02
1.311234623354833317e+00,1.166098751127719879e-02
1.311397529325433631e+00,1.097508892416954041e-02
1.311560251553631540e+00,1.119027659296989441e-02
1.311722790453447196e+00,1.039811875671148300e-02
1.311885146437504090e+00,1.057004742324352264e-02
1.312047319917033716e+00,1.164156664162874222e-02
1.312209311301882675e+00,1.089748367667198181e-02
1.312371121000518226e+00,9.945530444383621216e-03
1.312532749420034728e+00,1.289598736912012100e-02
1.312694196966160076e+00,1.039263419806957245e-02
1.312855464043261478e+00,1.030189916491508484e-02
1.313016551054351666e+00,1.057213731110095978e-02
1.313177458401094899e+00,1.109167747199535370e-02
1.313338186483813175e+00,1.066642533987760544e-02
1.313498735701491560e+00,1.055849529802799225e-02
1.313659106451784631e+00,9.137394838035106659e-03
1.313819299131022467e+00,1.023346371948719025e-02
1.313979314134216869e+00,1.012016739696264267e-02
1.314139151855065801e+00,8.663239888846874237e-03
1.314298812685960938e+00,8.724608458578586578e-03
1.314458297017992328e+00,1.087152678519487381e-02
1.314617605240954390e+00,1.164198201149702072e-02
1.314776737743351465e+00,9.766735136508941650e-03
1.314935694912404252e+00,9.159265086054801941e-03
1.315094477134054252e+00,1.025907322764396667e-02
1.315253084792970872e+00,1.052556280046701431e-02
1.315411518272555647e+00,1.006910018622875214e-02
1.315569777954948893e+00,1.044434495270252228e-02
1.315727864221033938e+00,1.117679011076688766e-02
1.315885777450443772e+00,1.123868953436613083e-02
1.316043518021566605e+00,8.878488093614578247e-03
1.316201086311550084e+00,1.100367493927478790e-02
1.316358482696307508e+00,9.758111089468002319e-03
1.316515707550524494e+00,9.106620214879512787e-03
1.316672761247660750e+00,1.035066880285739899e-02
1.316829644159959622e+00,9.057658724486827850e-03
1.316986356658450541e+00,9.466381743550300598e-03
1.317142899112955234e+00,8.755312301218509674e-03
1.317299271892092838e+00,9.249010123312473297e-03
1.317455475363285000e+00,1.114352792501449585e-02
1.317611509892761879e+00,1.083809975534677505e-02
1.317767375845565914e+00,8.415242657065391541e-03
1.317923073585558269e+00,1.013803016394376755e-02
1.318078603475422605e+00,1.091324537992477417e-02
1.318233965876671743e+00,9.157856926321983337e-03
1.318389161149650990e+00,9.937760420143604279e-03
1.318544189653544363e+00,1.231704652309417725e-02
1.318699051746379469e+00,9.673659689724445343e-03
1.318853747785031727e+00,8.553486317396163940e-03
1.319008278125230138e+00,9.797967970371246338e-03
1.319162643121561507e+00,1.052706222981214523e-02
1.319316843127476435e+00,9.014981798827648163e-03
1.319470878495292210e+00,9.591155685484409332e-03
1.319624749576199685e+00,1.201191358268260956e-02
1.319778456720267057e+00,1.113399863243103027e-02
1.319932000276444306e+00,8.728467859327793121e-03
1.320085380592569413e+00,9.173565544188022614e-03
1.320238598015371245e+00,9.424331597983837128e-03
1.320391652890475553e+00,1.038854382932186127e-02
1.320544545562408967e+00,9.141979739069938660e-03
1.320697276374604545e+00,9.638321585953235626e-03
1.320849845669405109e+00,9.993058629333972931e-03
1.321002253788068570e+00,1.047881972044706345e-02
1.321154501070772813e+00,1.005908474326133728e-02
1.321306587856619918e+00,1.005880068987607956e-02
1.321458514483639712e+00,9.473088197410106659e-03
1.321610281288796651e+00,1.025355979800224304e-02
1.321761888607992041e+00,1.081604231148958206e-02
1.321913336776069148e+00,9.796896949410438538e-03
1.322064626126818521e+00,1.027124561369419098e-02
1.322215756992981328e+00,8.981735445559024811e-03
1.322366729706254240e+00,1.108694542199373245e-02
1.322517544597293648e+00,9.974393062293529510e-03
1.322668201995719883e+00,7.820054888725280762e-03
1.322818702230121657e+00,8.733622729778289795e-03
1.322969045628060947e+00,1.080093812197446823e-02
1.323119232516076327e+00,9.982600808143615723e-03
1.323269263219687630e+00,9.241184219717979431e-03
1.323419138063400391e+00,1.055776420980691910e-02
1.323568857370709839e+00,1.003744546324014664e-02
1.323718421464104456e+00,8.813743479549884796e-03
1.323867830665071743e+00,8.083705790340900421e-03
1.324017085294101115e+00,9.189182892441749573e-03
1.324166185670687890e+00,9.609468281269073486e-03
1.324315132113338400e+00,8.976605720818042755e-03
1.324463924939573101e+00,9.829550050199031830e-03
1.324612564465931008e+00,1.009767595678567886e-02
1.324761051007974366e+00,8.705592714250087738e-03
1.324909384880291086e+00,8.275555446743965149e-03
1.325057566396500963e+00,8.634335361421108246e-03
1.325205595869256792e+00,9.336602874100208282e-03
1.325353473610251687e+00,9.743188507854938507e-03
1.325501199930220197e+00,1.098541170358657837e-02
1.325648775138943192e+00,8.392184972763061523e-03
1.325796199545252740e+00,9.145586751401424408e-03
1.325943473457034782e+00,1.008531823754310608e-02
1.326090597181232233e+00,8.739163167774677277e-03
1.326237571023852091e+00,9.293349459767341614e-03
1.326384395289964768e+00,9.683342650532722473e-03
1.326531070283712088e+00,9.261476807296276093e-03
1.326677596308307949e+00,7.805035915225744247e-03
1.326823973666043877e+00,1.028157956898212433e-02
1.326970202658292131e+00,8.924173191189765930e-03
1.327116283585509038e+00,9.676232002675533295e-03
1.327262216747240098e+00,1.003104727715253830e-02
1.327408002442121981e+00,9.058542549610137939e-03
1.327553640967886972e+00,7.805320434272289276e-03
1.327699132621367184e+00,8.193528279662132263e-03
1.327844477698497005e+00,7.349212653934955597e-03
1.327989676494317317e+00,9.453020989894866943e-03
1.328134729302979267e+00,8.853749372065067291e-03
1.328279636417748044e+00,9.524419903755187988e-03
1.328424398131005102e+00,8.884217590093612671e-03
1.328569014734253262e+00,8.595022372901439667e-03
1.328713486518119824e+00,8.579863235354423523e-03
1.328857813772359453e+00,8.590733632445335388e-03
1.329001996785857731e+00,8.559359237551689148e-03
1.329146035846635820e+00,8.655295707285404205e-03
1.329289931241852463e+00,9.348709136247634888e-03
1.329433683257808196e+00,7.881546393036842346e-03
1.329577292179948689e+00,9.394713677465915680e-03
1.329720758292867844e+00,9.145674295723438263e-03
1.329864081880311577e+00,8.232202380895614624e-03
1.330007263225180703e+00,9.354798123240470886e-03
1.330150302609534929e+00,7.720626424998044968e-03
1.330293200314595303e+00,1.020811311900615692e-02
1.330435956620748872e+00,8.814807049930095673e-03
1.330578571807550459e+00,9.612867608666419983e-03
1.330721046153726661e+00,8.067529648542404175e-03
1.330863379937179625e+00,9.677785448729991913e-03
1.331005573434989708e+00,1.077884528785943985e-02
1.331147626923418148e+00,7.826030254364013672e-03
1.331289540677911276e+00,8.828353136777877808e-03
1.331431314973104296e+00,7.605895865708589554e-03
1.331572950082821949e+00,8.358779363334178925e-03
1.331714446280084285e+00,7.562648970633745193e-03
1.331855803837108887e+00,8.853999897837638855e-03
1.331997023025313531e+00,9.068787097930908203e-03
1.332138104115319521e+00,9.259185753762722015e-03
1.332279047376955683e+00,9.014205075800418854e-03
1.332419853079260808e+00,6.957026198506355286e-03
1.332560521490485872e+00,9.048438630998134613e-03
1.332701052878098702e+00,8.029068820178508759e-03
1.332841447508786192e+00,9.104974567890167236e-03
1.332981705648456972e+00,7.623807061463594437e-03
1.333121827562245398e+00,8.742779493331909180e-03
1.333261813514513561e+00,8.442551828920841217e-03
1.333401663768855272e+00,7.945419289171695709e-03
1.333541378588098514e+00,8.157889358699321747e-03
1.333680958234307656e+00,6.686222273856401443e-03
1.333820402968787899e+00,8.984173648059368134e-03
1.333959713052087270e+00,9.115999564528465271e-03
1.334098888743999733e+00,6.913708057254552841e-03
1.334237930303568298e+00,8.270776830613613129e-03
1.334376837989087461e+00,9.052797220647335052e-03
1.334515612058106315e+00,8.654220961034297943e-03
1.334654252767431659e+00,8.152662776410579681e-03
1.334792760373130438e+00,8.321170695126056671e-03
1.334931135130533297e+00,7.570439483970403671e-03
1.335069377294235915e+00,7.196851074695587158e-03
1.335207487118104108e+00,8.489488624036312103e-03
1.335345464855273834e+00,9.235060773789882660e-03
1.335483310758156739e+00,9.059516713023185730e-03
1.335621025078441049e+00,7.260167505592107773e-03
1.335758608067094899e+00,8.215157315135002136e-03
1.335896059974368999e+00,8.430940099060535431e-03
1.336033381049799740e+00,8.560678921639919281e-03
1.336170571542211638e+00,7.405221927911043167e-03
1.336307631699720000e+00,8.405142463743686676e-03
1.336444561769733363e+00,8.340761996805667877e-03
1.336581361998956829e+00,6.857120897620916367e-03
1.336718032633394282e+00,6.712035275995731354e-03
1.336854573918351052e+00,8.478228934109210968e-03
1.336990986098436363e+00,1.009049732238054276e-02
1.337127269417567099e+00,7.656015455722808838e-03
1.337263424118968480e+00,6.771866697818040848e-03
1.337399450445178717e+00,8.199274539947509766e-03
1.337535348638049904e+00,7.736584637314081192e-03
1.337671118938751347e+00,1.025135442614555359e-02
1.337806761587772675e+00,8.083140477538108826e-03
1.337942276824925392e+00,8.938280865550041199e-03
1.338077664889345764e+00,8.004926145076751709e-03
1.338212926019497928e+00,7.530915085226297379e-03
1.338348060453175226e+00,8.539784699678421021e-03
1.338483068427504419e+00,6.854009814560413361e-03
1.338617950178946137e+00,8.517601527273654938e-03
1.338752705943299093e+00,8.223057724535465240e-03
1.338887335955701419e+00,7.127981167286634445e-03
1.339021840450633771e+00,6.850029341876506805e-03
1.339156219661921998e+00,9.183072485029697418e-03
1.339290473822738248e+00,7.201297674328088760e-03
1.339424603165605188e+00,8.600061759352684021e-03
1.339558607922396671e+00,8.416132070124149323e-03
1.339692488324342401e+00,6.754069589078426361e-03
1.339826244602027483e+00,7.245143875479698181e-03
1.339959876985397091e+00,7.847302593290805817e-03
1.340093385703758022e+00,8.393799886107444763e-03
1.340226770985780247e+00,7.642441429197788239e-03
1.340360033059501133e+00,8.227493613958358765e-03
1.340493172152326107e+00,7.831231690943241119e-03
1.340626188491031545e+00,6.274715065956115723e-03
1.340759082301768101e+00,7.278193719685077667e-03
1.340891853810060041e+00,6.373261101543903351e-03
1.341024503240811683e+00,7.863164879381656647e-03
1.341157030818306728e+00,9.314005263149738312e-03
1.341289436766210486e+00,7.434641476720571518e-03
1.341421721307574089e+00,8.468017913401126862e-03
1.341553884664836049e+00,7.547902408987283707e-03
1.341685927059822481e+00,8.237226866185665131e-03
1.341817848713752648e+00,8.368926122784614563e-03
1.341949649847238302e+00,8.690825663506984711e-03
1.342081330680288120e+00,7.451898884028196335e-03
1.342212891432307709e+00,9.083646349608898163e-03
1.342344332322104261e+00,8.118718862533569336e-03
1.342475653567886784e+00,7.135944440960884094e-03
1.342606855387268983e+00,7.566868793219327927e-03
1.342737937997271258e+00,7.145927287638187408e-03
1.342868901614323374e+00,7.074195891618728638e-03
1.342999746454265564e+00,7.406178861856460571e-03
1.343130472732352754e+00,7.984117604792118073e-03
1.343261080663253448e+00,6.543168332427740097e-03
1.343391570461054840e+00,7.651434279978275299e-03
1.343521942339263475e+00,7.847086526453495026e-03
1.343652196510807473e+00,7.610677741467952728e-03
1.343782333188038525e+00,8.471573702991008759e-03
1.343912352582734560e+00,7.150712888687849045e-03
1.344042254906101963e+00,7.413808256387710571e-03
1.344172040368775356e+00,7.933342829346656799e-03
1.344301709180823812e+00,9.132999926805496216e-03
1.344431261551748191e+00,7.994658313691616058e-03
1.344560697690487139e+00,6.886662449687719345e-03
1.344690017805416637e+00,6.946683395653963089e-03
1.344819222104352896e+00,6.435198243707418442e-03
1.344948310794554347e+00,5.502031184732913971e-03
1.345077284082723645e+00,9.996132925152778625e-03
1.345206142175009223e+00,7.477515377104282379e-03
1.345334885277008841e+00,6.283772177994251251e-03
1.345463513593768257e+00,6.918202619999647141e-03
1.345592027329787221e+00,6.657780613750219345e-03
1.345720426689018367e+00,6.081842351704835892e-03
1.345848711874870762e+00,8.155520074069499969e-03
1.345976883090210796e+00,6.255777087062597275e-03
1.346104940537365513e+00,5.791330710053443909e-03
1.346232884418122833e+00,8.630209602415561676e-03
1.346360714933734437e+00,7.430407684296369553e-03
1.346488432284918213e+00,6.916748825460672379e-03
1.346616036671858696e+00,6.489821244031190872e-03
1.346743528294209957e+00,5.787555593997240067e-03
1.346870907351096935e+00,5.529829766601324081e-03
1.346998174041118546e+00,7.885571569204330444e-03
1.347125328562347235e+00,6.994365248829126358e-03
1.347252371112333202e+00,7.741562556475400925e-03
1.347379301888105063e+00,5.591220688074827194e-03
1.347506121086170960e+00,7.109055295586585999e-03
1.347632828902523006e+00,7.724751718342304230e-03
1.347759425532635946e+00,6.367420312017202377e-03
1.347885911171470275e+00,7.763304281979799271e-03
1.348012286013475336e+00,7.066284306347370148e-03
1.348138550252589107e+00,6.566970143467187881e-03
1.348264704082240861e+00,7.429322227835655212e-03
1.348390747695352943e+00,6.458141375333070755e-03
1.348516681284342544e+00,7.479745894670486450e-03
1.348642505041123485e+00,5.767493043094873428e-03
1.348768219157107984e+00,7.820463739335536957e-03
1.348893823823207994e+00,5.039187613874673843e-03
1.349019319229837199e+00,6.462282966822385788e-03
1.349144705566913460e+00,6.351831369102001190e-03
1.349269983023858810e+00,6.714747752994298935e-03
1.349395151789603675e+00,5.888853687793016434e-03
1.349520212052585988e+00,5.724424961954355240e-03
1.349645164000754516e+00,6.800424773246049881e-03
1.349770007821569751e+00,6.854947190731763840e-03
1.349894743702006794e+00,7.454923354089260101e-03
1.350019371828555137e+00,7.701243273913860321e-03
1.350143892387221989e+00,5.805017892271280289e-03
1.350268305563533389e+00,7.236078381538391113e-03
1.350392611542535537e+00,5.546304862946271896e-03
1.350516810508797017e+00,7.252541370689868927e-03
1.350640902646409902e+00,7.486073300242424011e-03
1.350764888138991315e+00,6.496048066765069962e-03
1.350888767169686311e+00,6.560608278959989548e-03
1.351012539921167876e+00,7.640201132744550705e-03
1.351136206575639376e+00,6.846529897302389145e-03
1.351259767314836102e+00,6.915921345353126526e-03
1.351383222320026389e+00,7.739560212939977646e-03
1.351506571772014720e+00,6.184368394315242767e-03
1.351629815851140615e+00,6.980913225561380386e-03
1.351752954737283297e+00,6.008392199873924255e-03
1.351875988609861245e+00,8.232426829636096954e-03
1.351998917647833531e+00,7.316265255212783813e-03
1.352121742029703588e+00,6.290822755545377731e-03
1.352244461933517883e+00,6.706351879984140396e-03
1.352367077536870354e+00,7.703771349042654037e-03
1.352489589016901306e+00,5.809477996081113815e-03
1.352611996550300510e+00,6.526419427245855331e-03
1.352734300313308768e+00,7.303202990442514420e-03
1.352856500481718793e+00,7.533953990787267685e-03
1.352978597230876767e+00,4.878956824541091919e-03
1.353100590735684339e+00,5.592149216681718826e-03
1.353222481170599290e+00,6.998253520578145981e-03
1.353344268709638865e+00,6.757346447557210922e-03
1.353465953526378440e+00,6.299375556409358978e-03
1.353587535793955299e+00,5.817921366542577744e-03
1.353709015685069961e+00,6.224000360816717148e-03
1.353830393371985519e+00,5.201612133532762527e-03
1.353951669026531857e+00,5.958580411970615387e-03
1.354072842820106093e+00,5.630873609334230423e-03
1.354193914923672581e+00,6.867519114166498184e-03
1.354314885507766686e+00,6.163608748465776443e-03
1.354435754742494558e+00,6.150817032903432846e-03
1.354556522797535800e+00,5.229246336966753006e-03
1.354677189842143692e+00,5.980113521218299866e-03
1.354797756045147183e+00,5.350358318537473679e-03
1.354918221574952675e+00,5.954046268016099930e-03
1.355038586599544459e+00,6.762321572750806808e-03
1.355158851286487831e+00,7.708743680268526077e-03
1.355279015802927756e+00,5.779973231256008148e-03
1.355399080315593530e+00,6.938807200640439987e-03
1.355519044990797672e+00,4.998486489057540894e-03
1.355638909994437924e+00,5.912052933126688004e-03
1.355758675491999687e+00,6.393786054104566574e-03
1.355878341648555585e+00,5.420463625341653824e-03
1.355997908628769233e+00,6.054076366126537323e-03
1.356117376596893243e+00,6.387355737388134003e-03
1.356236745716774328e+00,6.503208074718713760e-03
1.356356016151851751e+00,6.637652404606342316e-03
1.356475188065160209e+00,6.795191206037998199e-03
1.356594261619330499e+00,6.146952509880065918e-03
1.356713236976591297e+00,6.230238359421491623e-03
1.356832114298769820e+00,6.002882029861211777e-03
1.356950893747294051e+00,4.852065816521644592e-03
1.357069575483193624e+00,5.292039364576339722e-03
1.357188159667100269e+00,6.025868467986583710e-03
1.357306646459251365e+00,4.270202480256557465e-03
1.357425036019488163e+00,6.210555788129568100e-03
1.357543328507260005e+00,6.781699135899543762e-03
1.357661524081623883e+00,4.764013458043336868e-03
1.357779622901246208e+00,5.477142985910177231e-03
1.357897625124403485e+00,6.269229575991630554e-03
1.358015530908985635e+00,4.224475473165512085e-03
1.358133340412494006e+00,6.110608112066984177e-03
1.358251053792045804e+00,5.590583197772502899e-03
1.358368671204373435e+00,7.031805347651243210e-03
1.358486192805825832e+00,6.215397268533706665e-03
1.358603618752371123e+00,6.726372055709362030e-03
1.358720949199595740e+00,5.964839830994606018e-03
1.358838184302707752e+00,6.516434717923402786e-03
1.358955324216537308e+00,5.961413495242595673e-03
1.359072369095536414e+00,5.330245941877365112e-03
1.359189319093783155e+00,5.740846972912549973e-03
1.359306174364980135e+00,5.920046940445899963e-03
1.359422935062456483e+00,5.153566598892211914e-03
1.359539601339170511e+00,5.691244266927242279e-03
1.359656173347708830e+00,7.914635352790355682e-03
1.359772651240289010e+00,5.050504114478826523e-03
1.359889035168760030e+00,5.745660979300737381e-03
1.360005325284603162e+00,6.329270545393228531e-03
1.360121521738934636e+00,5.294875707477331161e-03
1.360237624682504975e+00,5.685467272996902466e-03
1.360353634265701661e+00,6.167638115584850311e-03
1.360469550638549574e+00,4.490368068218231201e-03
1.360585373950711885e+00,5.223979242146015167e-03
1.360701104351491608e+00,5.784023087471723557e-03
1.360816741989833156e+00,6.113417912274599075e-03
1.360932287014323006e+00,5.285145249217748642e-03
1.361047739573190807e+00,5.815265700221061707e-03
1.361163099814310495e+00,5.092101637274026871e-03
1.361278367885201623e+00,6.047119852155447006e-03
1.361393543933030692e+00,7.577238138765096664e-03
1.361508628104611374e+00,5.333157721906900406e-03
1.361623620546407176e+00,5.672787781804800034e-03
1.361738521404530999e+00,7.781283464282751083e-03
1.361853330824746910e+00,4.527938552200794220e-03
1.361968048952471699e+00,5.727131851017475128e-03
1.362082675932775544e+00,5.002547521144151688e-03
1.362197211910382233e+00,5.480262916535139084e-03
1.362311657029672274e+00,4.497978836297988892e-03
1.362426011434682227e+00,5.393964238464832306e-03
1.362540275269106482e+00,4.864196758717298508e-03
1.362654448676297925e+00,5.586934741586446762e-03
1.362768531799270599e+00,6.270322017371654510e-03
1.362882524780698157e+00,4.883030429482460022e-03
1.362996427762917184e+00,6.181366741657257080e-03
1.363110240887926539e+00,4.947491921484470367e-03
1.363223964297390456e+00,5.359037313610315323e-03
1.363337598132637218e+00,4.843879956752061844e-03
1.363451142534662486e+00,5.720740649849176407e-03
1.363564597644128629e+00,5.651434883475303650e-03
1.363677963601366505e+00,6.051794625818729401e-03
1.363791240546376793e+00,5.295819602906703949e-03
1.363904428618829989e+00,6.419674493372440338e-03
1.364017527958068632e+00,6.469608750194311142e-03
1.364130538703107742e+00,5.047761369496583939e-03
1.364243460992635493e+00,5.727554205805063248e-03
1.364356294965015426e+00,5.626882892102003098e-03
1.364469040758286011e+00,5.050680600106716156e-03
1.364581698510162644e+00,5.231488496065139771e-03
1.364694268358038309e+00,4.222780000418424606e-03
1.364806750438984251e+00,6.006211973726749420e-03
1.364919144889752189e+00,4.952127579599618912e-03
1.365031451846773880e+00,4.707416053861379623e-03
1.365143671446162887e+00,5.424047354608774185e-03
1.365255803823715031e+00,4.537058062851428986e-03
1.365367849114910381e+00,4.179337993264198303e-03
1.365479807454913042e+00,4.707605578005313873e-03
1.365591678978572920e+00,4.669899586588144302e-03
1.365703463820426622e+00,5.272580776363611221e-03
1.365815162114697889e+00,5.664818920195102692e-03
1.365926773995299159e+00,7.001898251473903656e-03
1.366038299595832450e+00,5.603622645139694214e-03
1.366149739049590250e+00,4.515524953603744507e-03
1.366261092489555740e+00,5.650358274579048157e-03
1.366372360048404566e+00,6.151999346911907196e-03
1.366483541858506845e+00,5.662271752953529358e-03
1.366594638051925381e+00,4.398070741444826126e-03
1.366705648760418779e+00,4.701278638094663620e-03
1.366816574115441441e+00,4.947076551616191864e-03
1.366927414248145789e+00,7.128488738089799881e-03
1.367038169289380711e+00,6.340035703033208847e-03
1.367148839369694446e+00,6.248546764254570007e-03
1.367259424619336139e+00,5.537590477615594864e-03
1.367369925168253841e+00,6.192516069859266281e-03
1.367480341146098954e+00,5.461160559207201004e-03
1.367590672682224007e+00,4.357388708740472794e-03
1.367700919905685764e+00,4.591613542288541794e-03
1.367811082945245449e+00,6.883035413920879364e-03
1.367921161929369189e+00,5.070737097412347794e-03
1.368031156986229124e+00,4.821595735847949982e-03
1.368141068243704739e+00,5.540176294744014740e-03
1.368250895829383973e+00,4.019360058009624481e-03
1.368360639870562556e+00,8.088141679763793945e-03
1.368470300494246228e+00,4.354009870439767838e-03
1.368579877827151847e+00,4.675045143812894821e-03
1.368689371995707615e+00,5.384239368140697479e-03
1.368798783126053742e+00,5.498486105352640152e-03
1.368908111344043999e+00,5.071917548775672913e-03
1.369017356775245498e+00,5.830612499266862869e-03
1.369126519544942022e+00,4.169059451669454575e-03
1.369235599778130918e+00,5.012033507227897644e-03
1.369344597599528424e+00,5.251675844192504883e-03
1.369453513133566780e+00,5.129853263497352600e-03
1.369562346504397121e+00,4.547747783362865448e-03
1.369671097835889695e+00,4.611304029822349548e-03
1.369779767251635416e+00,6.519493646919727325e-03
1.369888354874945202e+00,5.428315605968236923e-03
1.369996860828852414e+00,4.889131058007478714e-03
1.370105285236113080e+00,4.810064099729061127e-03
1.370213628219206115e+00,4.367231857031583786e-03
1.370321889900334877e+00,4.640112165361642838e-03
1.370430070401428280e+00,5.098603200167417526e-03
1.370538169844140564e+00,4.762471653521060944e-03
1.370646188349853523e+00,4.495719447731971741e-03
1.370754126039675169e+00,4.381495062261819839e-03
1.370861983034443066e+00,5.572475027292966843e-03
1.370969759454723436e+00,4.399315919727087021e-03
1.371077455420812941e+00,4.894827958196401596e-03
1.371185071052738680e+00,3.611271269619464874e-03
1.371292606470259301e+00,5.647166166454553604e-03
1.371400061792865666e+00,4.451264161616563797e-03
1.371507437139782848e+00,4.791471641510725021e-03
1.371614732629968358e+00,5.381386261433362961e-03
1.371721948382116141e+00,4.870906937867403030e-03
1.371829084514654351e+00,4.390995949506759644e-03
1.371936141145748245e+00,4.094774369150400162e-03
1.372043118393300176e+00,5.033107474446296692e-03
1.372150016374950043e+00,3.938596695661544800e-03
1.372256835208076842e+00,5.761848296970129013e-03
1.372363575009798664e+00,4.188341088593006134e-03
1.372470235896974033e+00,5.295056849718093872e-03
1.372576817986202791e+00,5.473656114190816879e-03
1.372683321393826095e+00,4.459155723452568054e-03
1.372789746235927533e+00,4.872681573033332825e-03
1.372896092628334452e+00,5.120808258652687073e-03
1.373002360686617740e+00,4.545826464891433716e-03
1.373108550526093818e+00,3.774770535528659821e-03
1.373214662261823982e+00,3.951810766011476517e-03
1.373320696008615949e+00,4.746414255350828171e-03
1.373426651881024751e+00,4.144573584198951721e-03
1.373532529993352735e+00,5.079803522676229477e-03
1.373638330459651558e+00,5.060565657913684845e-03
1.373744053393721298e+00,4.888600204139947891e-03
1.373849698909112682e+00,4.730501677840948105e-03
1.373955267119126633e+00,5.384090356528759003e-03
1.374060758136815608e+00,5.724220536649227142e-03
1.374166172074985148e+00,5.393097177147865295e-03
1.374271509046192108e+00,6.382372230291366577e-03
1.374376769162748202e+00,5.885065998882055283e-03
1.374481952536719565e+00,4.456042777746915817e-03
1.374587059279926526e+00,4.310608841478824615e-03
1.374692089503945613e+00,4.900922998785972595e-03
1.374797043320109990e+00,4.458366427570581436e-03
1.374901920839509906e+00,5.423691589385271072e-03
1.375006722172993356e+00,4.550779238343238831e-03
1.375111447431167422e+00,5.323896650224924088e-03
1.375216096724397818e+00,4.294612910598516464e-03
1.375320670162810677e+00,3.586692968383431435e-03
1.375425167856292985e+00,5.347020924091339111e-03
1.375529589914492590e+00,4.716411232948303223e-03
1.375633936446819972e+00,4.954871255904436111e-03
1.375738207562448245e+00,5.185089074075222015e-03
1.375842403370313383e+00,5.076102446764707565e-03
1.375946523979116209e+00,4.028930794447660446e-03
1.376050569497322185e+00,5.127821117639541626e-03
1.376154540033162288e+00,4.473416134715080261e-03
1.376258435694633464e+00,3.719823900610208511e-03
1.376362256589499955e+00,5.505236331373453140e-03
1.376466002825292634e+00,4.600794520229101181e-03
1.376569674509311891e+00,4.143051337450742722e-03
1.376673271748625638e+00,3.903067903593182564e-03
1.376776794650072189e+00,5.118931643664836884e-03
1.376880243320259378e+00,4.870549309998750687e-03
1.376983617865566334e+00,4.829975776374340057e-03
1.377086918392143700e+00,3.385229734703898430e-03
1.377190145005914079e+00,4.378690384328365326e-03
1.377293297812572925e+00,4.730335436761379242e-03
1.377396376917588983e+00,5.155757069587707520e-03
1.377499382426205399e+00,4.656380508095026016e-03
1.377602314443439946e+00,4.189839586615562439e-03
1.377705173074085465e+00,4.656661301851272583e-03
1.377807958422710755e+00,5.714412312954664230e-03
1.377910670593662568e+00,3.865190083160996437e-03
1.378013309691062949e+00,5.275318399071693420e-03
1.378115875818813674e+00,3.605150151997804642e-03
1.378218369080593808e+00,4.678709432482719421e-03
1.378320789579862371e+00,4.328866023570299149e-03
1.378423137419857447e+00,5.503032822161912918e-03
1.378525412703598407e+00,4.562835674732923508e-03
1.378627615533885020e+00,4.425729624927043915e-03
1.378729746013299451e+00,3.868538420647382736e-03
1.378831804244205372e+00,5.095415282994508743e-03
1.378933790328749742e+00,3.700899193063378334e-03
1.379035704368862802e+00,4.643920343369245529e-03
1.379137546466259856e+00,4.563233815133571625e-03
1.379239316722439268e+00,3.775767050683498383e-03
1.379341015238686463e+00,5.001701880246400833e-03
1.379442642116071926e+00,3.918017726391553879e-03
1.379544197455452759e+00,6.284335628151893616e-03
1.379645681357472897e+00,4.068145062774419785e-03
1.379747093922565337e+00,4.073840565979480743e-03
1.379848435250949912e+00,4.540926776826381683e-03
1.379949705442636398e+00,4.759132396429777145e-03
1.380050904597423855e+00,3.962214570492506027e-03
1.380152032814900842e+00,4.157521761953830719e-03
1.380253090194447640e+00,4.378944635391235352e-03
1.380354076835235366e+00,4.052225500345230103e-03
1.380454992836226857e+00,5.478454288095235825e-03
1.380555838296178006e+00,4.380770958960056305e-03
1.380656613313636871e+00,4.715575836598873138e-03
1.380757317986945676e+00,3.992670215666294098e-03
1.380857952414241030e+00,5.377939902245998383e-03
1.380958516693453930e+00,4.635829012840986252e-03
1.381059010922311314e+00,3.175773657858371735e-03
1.381159435198334950e+00,4.482111427932977676e-03
1.381259789618844325e+00,4.564618226140737534e-03
1.381360074280954864e+00,4.440400283783674240e-03
1.381460289281580822e+00,4.809808451682329178e-03
1.381560434717433727e+00,4.405073355883359909e-03
1.381660510685023713e+00,4.116615280508995056e-03
1.381760517280661293e+00,5.066966637969017029e-03
1.381860454600455368e+00,5.945217795670032501e-03
1.381960322740316771e+00,3.897457150742411613e-03
1.382060121795956054e+00,4.577239975333213806e-03
1.382159851862885702e+00,3.745840163901448250e-03
1.382259513036421028e+00,3.975165076553821564e-03
1.382359105411678613e+00,5.366104654967784882e-03
1.382458629083578749e+00,4.206043668091297150e-03
1.382558084146846111e+00,2.759228460490703583e-03
1.382657470696008417e+00,3.704395843669772148e-03
1.382756788825398875e+00,3.777807578444480896e-03
1.382856038629156181e+00,3.850803477689623833e-03
1.382955220201224300e+00,5.061922129243612289e-03
1.383054333635354016e+00,4.975697491317987442e-03
1.383153379025102492e+00,4.361201543360948563e-03
1.383252356463835264e+00,4.553035367280244827e-03
1.383351266044724914e+00,4.781006835401058197e-03
1.383450107860753064e+00,3.681187285110354424e-03
1.383548882004709712e+00,3.489947179332375526e-03
1.383647588569195452e+00,5.015068221837282181e-03
1.383746227646620142e+00,4.505732096731662750e-03
1.383844799329204012e+00,4.409310873597860336e-03
1.383943303708979444e+00,2.834993647411465645e-03
1.384041740877789861e+00,3.570826491340994835e-03
1.384140110927290168e+00,4.209056496620178223e-03
1.384238413948948754e+00,4.403860308229923248e-03
1.384336650034046823e+00,4.893305245786905289e-03
1.384434819273679507e+00,4.006923176348209381e-03
1.384532921758756085e+00,4.769247025251388550e-03
1.384630957579999988e+00,4.535680636763572693e-03
1.384728926827950124e+00,3.277220297604799271e-03
1.384826829592961550e+00,3.765317145735025406e-03
1.384924665965205026e+00,3.621014999225735664e-03
1.385022436034667459e+00,4.443393554538488388e-03
1.385120139891154345e+00,3.733779769390821457e-03
1.385217777624287550e+00,4.433380439877510071e-03
1.385315349323507750e+00,2.982051111757755280e-03
1.385412855078073990e+00,3.606014419347047806e-03
1.385510294977064349e+00,3.580173011869192123e-03
1.385607669109377271e+00,4.019853193312883377e-03
1.385704977563730456e+00,4.753061104565858841e-03
1.385802220428662634e+00,2.938895719125866890e-03
1.385899397792533572e+00,4.810741636902093887e-03
1.385996509743524507e+00,3.526386339217424393e-03
1.386093556369639046e+00,3.498348640277981758e-03
1.386190537758702490e+00,4.720488563179969788e-03
1.386287453998364283e+00,4.757408518344163895e-03
1.386384305176096454e+00,3.707071533426642418e-03
1.386481091379195618e+00,4.862688947468996048e-03
1.386577812694782086e+00,4.762908909469842911e-03
1.386674469209801863e+00,4.445320926606655121e-03
1.386771061011025541e+00,2.902351086959242821e-03
1.386867588185050515e+00,3.833983791992068291e-03
1.386964050818299432e+00,4.083934240043163300e-03
1.387060448997022410e+00,4.883400630205869675e-03
1.387156782807296374e+00,4.137364681810140610e-03
1.387253052335026160e+00,3.651065286248922348e-03
1.387349257665944746e+00,5.277113057672977448e-03
1.387445398885613912e+00,3.596441354602575302e-03
1.387541476079423575e+00,3.380601759999990463e-03
1.387637489332594676e+00,2.865653950721025467e-03
1.387733438730176738e+00,3.329172730445861816e-03
1.387829324357050309e+00,3.202114021405577660e-03
1.387925146297927181e+00,3.536056727170944214e-03
1.388020904637349284e+00,2.980711637064814568e-03
1.388116599459691791e+00,5.181389860808849335e-03
1.388212230849160900e+00,4.244810901582241058e-03
1.388307798889796496e+00,5.035370122641324997e-03
1.388403303665470379e+00,4.244028124958276749e-03
1.388498745259888700e+00,3.990068100392818451e-03
1.388594123756591525e+00,3.490831237286329269e-03
1.388689439238953272e+00,5.442249588668346405e-03
1.388784691790182935e+00,2.906465670093894005e-03
1.388879881493325419e+00,2.821409841999411583e-03
1.388975008431260427e+00,3.489211900159716606e-03
1.389070072686704904e+00,3.925330936908721924e-03
1.389165074342211703e+00,3.294180380180478096e-03
1.389260013480170697e+00,4.731672350317239761e-03
1.389354890182809443e+00,4.527436569333076477e-03
1.389449704532193186e+00,3.644073382019996643e-03
1.389544456610225964e+00,3.276602830737829208e-03
1.389639146498649946e+00,2.883046632632613182e-03
1.389733774279046763e+00,5.030547268688678741e-03
1.389828340032837284e+00,3.872473025694489479e-03
1.389922843841282951e+00,3.735264530405402184e-03
1.390017285785485113e+00,3.404424060136079788e-03
1.390111665946386355e+00,3.471344709396362305e-03
1.390205984404769834e+00,4.196294583380222321e-03
1.390300241241261281e+00,4.305118229240179062e-03
1.390394436536327882e+00,3.938078414648771286e-03
1.390488570370279620e+00,3.176262835040688515e-03
1.390582642823268822e+00,4.097785335034132004e-03
1.390676653975292165e+00,3.387254895642399788e-03
1.390770603906188896e+00,3.630183171480894089e-03
1.390864492695643273e+00,3.127230098471045494e-03
1.390958320423183237e+00,3.897522808983922005e-03
1.391052087168182627e+00,2.270158613100647926e-03
1.391145793009860077e+00,4.445108585059642792e-03
1.391239438027279673e+00,3.238178091123700142e-03
1.391333022299352296e+00,3.740681800991296768e-03
1.391426545904834944e+00,3.496398916468024254e-03
1.391520008922331852e+00,4.104541614651679993e-03
1.391613411430294045e+00,3.501461120322346687e-03
1.391706753507020888e+00,4.091612529009580612e-03
1.391800035230659427e+00,2.760906238108873367e-03
1.391893256679205493e+00,3.591612214222550392e-03
1.391986417930503706e+00,2.709124237298965454e-03
1.392079519062248139e+00,3.099101362749934196e-03
1.392172560151982097e+00,2.427819417789578438e-03
1.392265541277099228e+00,4.305854905396699905e-03
1.392358462514844186e+00,3.376363310962915421e-03
1.392451323942311525e+00,3.833095543086528778e-03
1.392544125636447472e+00,3.814666997641324997e-03
1.392636867674049928e+00,4.668103996664285660e-03
1.392729550131768690e+00,3.273555310443043709e-03
1.392822173086106119e+00,3.367039375007152557e-03
1.392914736613416693e+00,3.365359967574477196e-03
1.393007240789908563e+00,3.991751465946435928e-03
1.393099685691643774e+00,2.538151340559124947e-03
1.393192071394537379e+00,3.370618913322687149e-03
1.393284397974358990e+00,3.039951203390955925e-03
1.393376665506733003e+00,3.465204499661922455e-03
1.393468874067138596e+00,3.124979091808199883e-03
1.393561023730910842e+00,4.377803765237331390e-03
1.393653114573239593e+00,3.231747774407267570e-03
1.393745146669171930e+00,3.203726839274168015e-03
1.393837120093609938e+00,4.289713222533464432e-03
1.393929034921314480e+00,4.249171353876590729e-03
1.394020891226902092e+00,3.912617452442646027e-03
1.394112689084846979e+00,4.020685795694589615e-03
1.394204428569482346e+00,2.069154987111687660e-03
1.394296109754998625e+00,3.194735851138830185e-03
1.394387732715445471e+00,3.634912194684147835e-03
1.394479297524730876e+00,3.273238427937030792e-03
1.394570804256622942e+00,4.886323120445013046e-03
1.394662252984749218e+00,3.210289869457483292e-03
1.394753643782597585e+00,4.162484314292669296e-03
1.394844976723515595e+00,3.715086262673139572e-03
1.394936251880712463e+00,3.755166660994291306e-03
1.395027469327257741e+00,4.236702807247638702e-03
1.395118629136083310e+00,2.687924075871706009e-03
1.395209731379982276e+00,3.778798971325159073e-03
1.395300776131610077e+00,3.211100818589329720e-03
1.395391763463484480e+00,4.259937442839145660e-03
1.395482693447987144e+00,4.846915137022733688e-03
1.395573566157361611e+00,3.680778434500098228e-03
1.395664381663715314e+00,2.260955749079585075e-03
1.395755140039020459e+00,4.426792729645967484e-03
1.395845841355112693e+00,3.403022186830639839e-03
1.395936485683691997e+00,4.030003212392330170e-03
1.396027073096324678e+00,3.709274111315608025e-03
1.396117603664440932e+00,3.496987745165824890e-03
1.396208077459336616e+00,3.366538323462009430e-03
1.396298494552174585e+00,3.436023369431495667e-03
1.396388855013983132e+00,3.862743498757481575e-03
1.396479158915657326e+00,3.683193819597363472e-03
1.396569406327959451e+00,4.309436772018671036e-03
1.396659597321518564e+00,3.947721794247627258e-03
1.396749731966832053e+00,2.659872872754931450e-03
1.396839810334264520e+00,2.558901207521557808e-03
1.396929832494049561e+00,2.424729987978935242e-03
1.397019798516288658e+00,3.088680794462561607e-03
1.397109708470952727e+00,2.834985032677650452e-03
1.397199562427881903e+00,3.045192454010248184e-03
1.397289360456785534e+00,4.181192256510257721e-03
1.397379102627243519e+00,3.278785152360796928e-03
1.397468789008705414e+00,3.629440907388925552e-03
1.397558419670491769e+00,2.484505297616124153e-03
1.397647994681793460e+00,4.039398860186338425e-03
1.397737514111673018e+00,2.434998983517289162e-03
1.397826978029064637e+00,3.106851596385240555e-03
1.397916386502773722e+00,4.149489104747772217e-03
1.398005739601478226e+00,4.437180701643228531e-03
1.398095037393728868e+00,3.155356505885720253e-03
1.398184279947948694e+00,3.400421701371669769e-03
1.398273467332433739e+00,3.648596117272973061e-03
1.398362599615354140e+00,3.297436051070690155e-03
1.398451676864752802e+00,4.725297912955284119e-03
1.398540699148547617e+00,3.964505158364772797e-03
1.398629666534530136e+00,3.780903993174433708e-03
1.398718579090367342e+00,3.285061568021774292e-03
1.398807436883600097e+00,4.174961242824792862e-03
1.398896239981645584e+00,3.575603710487484932e-03
1.398984988451795530e+00,2.739382907748222351e-03
1.399073682361218873e+00,4.066138528287410736e-03
1.399162321776959317e+00,3.400097135454416275e-03
1.399250906765938440e+00,4.414543509483337402e-03
1.399339437394953478e+00,5.174227058887481689e-03
1.399427913730679318e+00,3.320486284792423248e-03
1.399516335839668280e+00,2.216784283518791199e-03
1.399604703788350335e+00,3.792263567447662354e-03
1.399693017643033111e+00,4.332598764449357986e-03
1.399781277469902996e+00,3.041174728423357010e-03
1.399869483335024922e+00,3.155859885737299919e-03
1.399957635304342807e+00,4.419622942805290222e-03
1.400045733443678886e+00,4.199617076665163040e-03
1.400133777818736380e+00,3.505173837766051292e-03
1.400221768495097052e+00,3.049949184060096741e-03
1.400309705538222982e+00,2.778933383524417877e-03
1.400397589013457456e+00,3.675447078421711922e-03
1.400485418986022967e+00,2.922234591096639633e-03
1.400573195521024550e+00,4.335530567914247513e-03
1.400660918683447331e+00,2.409660955891013145e-03
1.400748588538158090e+00,3.215546254068613052e-03
1.400836205149905922e+00,3.079696325585246086e-03
1.400923768583322016e+00,3.541174577549099922e-03
1.401011278902919432e+00,2.954151947051286697e-03
1.401098736173093995e+00,2.473873086273670197e-03
1.401186140458124729e+00,3.572242567315697670e-03
1.401273491822174533e+00,2.879129489883780479e-03
1.401360790329288175e+00,3.152781166136264801e-03
1.401448036043395629e+00,3.688519122079014778e-03
1.401535229028310514e+00,4.114087205380201340e-03
1.401622369347730768e+00,3.736151615157723427e-03
1.401709457065239306e+00,2.713486319407820702e-03
1.401796492244303360e+00,2.998069161549210548e-03
1.401883474948275587e+00,3.590798005461692810e-03
1.401970405240394735e+00,3.508169436827301979e-03
1.402057283183784309e+00,3.133299062028527260e-03
1.402144108841454573e+00,2.423381665721535683e-03
1.402230882276301660e+00,2.284418791532516479e-03
1.402317603551109126e+00,3.770007053390145302e-03
1.402404272728545953e+00,3.130859695374965668e-03
1.402490889871169433e+00,3.220716724172234535e-03
1.402577455041423615e+00,3.730075201019644737e-03
1.402663968301640640e+00,2.999996766448020935e-03
1.402750429714040514e+00,2.890621311962604523e-03
1.402836839340731112e+00,4.110636189579963684e-03
1.402923197243708842e+00,3.996970131993293762e-03
1.403009503484859311e+00,2.974295755848288536e-03
1.403095758125956438e+00,2.676811302080750465e-03
1.403181961228664232e+00,2.664805157110095024e-03
1.403268112854535232e+00,3.167941700667142868e-03
1.403354213065012956e+00,2.111217705532908440e-03
1.403440261921429899e+00,3.174531972035765648e-03
1.403526259485009309e+00,3.699473571032285690e-03
1.403612205816865188e+00,3.140677930787205696e-03
1.403698100978002072e+00,2.690213965252041817e-03
1.403783945029315916e+00,3.768896684050559998e-03
1.403869738031593650e+00,3.405187046155333519e-03
1.403955480045514070e+00,3.532540984451770782e-03
1.404041171131648280e+00,3.174567595124244690e-03
1.404126811350458137e+00,2.555552404373884201e-03
1.404212400762299806e+00,3.694661892950534821e-03
1.404297939427420427e+00,2.064134227111935616e-03
1.404383427405961005e+00,2.862383378669619560e-03
1.404468864757955071e+00,2.804828807711601257e-03
1.404554251543330246e+00,2.585817594081163406e-03
1.404639587821907343e+00,3.915525972843170166e-03
1.404724873653401040e+00,2.597763901576399803e-03
1.404810109097420545e+00,3.037567716091871262e-03
1.404895294213469148e+00,3.359253751114010811e-03
1.404980429060945113e+00,3.380948677659034729e-03
1.405065513699140789e+00,3.949384670704603195e-03
1.405150548187245052e+00,2.375421812757849693e-03
1.405235532584341085e+00,2.920238301157951355e-03
1.405320466949408154e+00,2.298715990036725998e-03
1.405405351341320941e+00,3.904569428414106369e-03
1.405490185818851323e+00,2.926740096881985664e-03
1.405574970440666371e+00,3.694438841193914413e-03
1.405659705265330572e+00,4.513098392635583878e-03
1.405744390351304718e+00,2.515930216759443283e-03
1.405829025756947459e+00,2.551296027377247810e-03
1.405913611540513974e+00,3.208898240700364113e-03
1.405998147760157968e+00,3.879799507558345795e-03
1.406082634473929227e+00,2.145141828805208206e-03
1.406167071739778285e+00,2.295522252097725868e-03
1.406251459615551536e+00,2.791918814182281494e-03
1.406335798158995010e+00,3.124758135527372360e-03
1.406420087427753707e+00,3.436847822740674019e-03
1.406504327479371375e+00,3.060431452468037605e-03
1.406588518371290730e+00,3.827536012977361679e-03
1.406672660160854127e+00,2.799564506858587265e-03
1.406756752905304220e+00,2.856408245861530304e-03
1.406840796661783077e+00,2.254831837490200996e-03
1.406924791487332627e+00,2.551248297095298767e-03
1.407008737438895984e+00,2.414505230262875557e-03
1.407092634573316792e+00,2.554420148953795433e-03
1.407176482947338769e+00,3.589522093534469604e-03
1.407260282617607938e+00,3.622102551162242889e-03
1.407344033640670844e+00,3.897263901308178902e-03
1.407427736072976110e+00,2.468044636771082878e-03
1.407511389970873550e+00,3.009173087775707245e-03
1.407594995390615722e+00,2.717274939641356468e-03
1.407678552388356819e+00,2.863456262275576591e-03
1.407762061020153999e+00,2.969377208501100540e-03
1.407845521341966721e+00,2.533555030822753906e-03
1.407928933409657857e+00,2.218949608504772186e-03
1.408012297278993019e+00,2.795239444822072983e-03
1.408095613005641455e+00,3.012442030012607574e-03
1.408178880645176045e+00,2.225331962108612061e-03
1.408262100253073301e+00,3.217644290998578072e-03
1.408345271884713368e+00,3.671429585665464401e-03
1.408428395595382021e+00,4.395947791635990143e-03
1.408511471440268226e+00,2.182653872296214104e-03
1.408594499474466577e+00,2.979442011564970016e-03
1.408677479752975303e+00,2.929123351350426674e-03
1.408760412330699152e+00,2.802622038871049881e-03
1.408843297262447836e+00,2.692725276574492455e-03
1.408926134602936253e+00,2.181610558182001114e-03
1.409008924406785379e+00,2.680949168279767036e-03
1.409091666728522485e+00,2.749875886365771294e-03
1.409174361622580918e+00,2.786517143249511719e-03
1.409257009143299655e+00,2.173007465898990631e-03
1.409339609344925748e+00,3.092733677476644516e-03
1.409422162281612101e+00,4.149890970438718796e-03
1.409504668007419248e+00,4.099753219634294510e-03
1.409587126576314908e+00,3.304601879790425301e-03
1.409669538042173986e+00,2.762262243777513504e-03
1.409751902458779238e+00,2.634700620546936989e-03
1.409834219879821715e+00,2.455255715176463127e-03
1.409916490358900099e+00,3.810012247413396835e-03
1.409998713949522253e+00,2.670004498213529587e-03
1.410080890705103673e+00,3.601578762754797935e-03
1.410163020678969037e+00,2.667605644091963768e-03
1.410245103924351984e+00,2.616707235574722290e-03
1.410327140494395337e+00,1.826875144615769386e-03
1.410409130442151548e+00,2.386819571256637573e-03
1.410491073820582031e+00,3.452742705121636391e-03
1.410572970682558713e+00,2.083904342725872993e-03
1.410654821080863153e+00,2.924411091953516006e-03
1.410736625068187422e+00,2.854172140359878540e-03
1.410818382697133222e+00,2.888513030484318733e-03
1.410900094020214102e+00,3.499357029795646667e-03
1.410981759089853238e+00,4.066247027367353439e-03
1.411063377958385434e+00,3.996565472334623337e-03
1.411144950678057342e+00,3.546862630173563957e-03
1.411226477301025461e+00,2.323885215446352959e-03
1.411307957879359476e+00,3.152116434648633003e-03
1.411389392465040027e+00,2.664367901161313057e-03
1.411470781109959827e+00,2.561940578743815422e-03
1.411552123865923880e+00,2.054979791864752769e-03
1.411633420784650150e+00,2.645974745973944664e-03
1.411714671917768449e+00,2.100737066939473152e-03
1.411795877316821990e+00,3.672908991575241089e-03
1.411877037033266502e+00,3.453454701229929924e-03
1.411958151118471338e+00,2.547052223235368729e-03
1.412039219623719033e+00,1.756820245645940304e-03
1.412120242600205966e+00,2.915868069976568222e-03
1.412201220099041477e+00,1.832843292504549026e-03
1.412282152171250083e+00,2.900885883718729019e-03
1.412363038867769927e+00,3.772475989535450935e-03
1.412443880239453442e+00,2.397789852693676949e-03
1.412524676337067353e+00,3.683748887851834297e-03
1.412605427211294007e+00,2.508697798475623131e-03
1.412686132912729597e+00,3.189137438312172890e-03
1.412766793491886830e+00,2.614719327539205551e-03
1.412847408999192034e+00,2.604111796244978905e-03
1.412927979484988716e+00,3.115711733698844910e-03
1.413008504999534676e+00,3.377447137609124184e-03
1.413088985593004887e+00,2.638829406350851059e-03
1.413169421315489505e+00,2.361837774515151978e-03
1.413249812216994972e+00,3.438120475038886070e-03
1.413330158347444243e+00,3.187788883224129677e-03
1.413410459756677895e+00,2.598147373646497726e-03
1.413490716494451904e+00,2.680115867406129837e-03
1.413570928610440092e+00,2.317457692697644234e-03
