# n,accuracy
0.000000000000000000e+00,5.494444370269775391e-01
1.001754385964912331e+01,5.967222452163696289e-01
2.003508771929824661e+01,6.061111092567443848e-01
3.005263157894736992e+01,6.146110892295837402e-01
4.007017543859649322e+01,6.179999709129333496e-01
5.008771929824561653e+01,6.221666932106018066e-01
6.010526315789473983e+01,6.247777938842773438e-01
7.012280701754386314e+01,6.274999976158142090e-01
8.014035087719298645e+01,6.316111087799072266e-01
9.015789473684210975e+01,6.332222223281860352e-01
1.001754385964912331e+02,6.367222070693969727e-01
1.101929824561403564e+02,6.387222409248352051e-01
1.202105263157894797e+02,6.403333544731140137e-01
1.302280701754386030e+02,6.428889036178588867e-01
1.402456140350877263e+02,6.466110944747924805e-01
1.502631578947368496e+02,6.473333239555358887e-01
1.602807017543859729e+02,6.496111154556274414e-01
1.702982456140350962e+02,6.502777934074401855e-01
1.803157894736842195e+02,6.521666646003723145e-01
1.903333333333333428e+02,6.527222394943237305e-01
2.003508771929824661e+02,6.554999947547912598e-01
2.103684210526315894e+02,6.549444198608398438e-01
2.203859649122807127e+02,6.578333377838134766e-01
2.304035087719298360e+02,6.562777757644653320e-01
2.404210526315789593e+02,6.581110954284667969e-01
2.504385964912280826e+02,6.578888893127441406e-01
2.604561403508772059e+02,6.595000028610229492e-01
2.704736842105263577e+02,6.599444150924682617e-01
2.804912280701754526e+02,6.610555648803710938e-01
2.905087719298245474e+02,6.622777581214904785e-01
3.005263157894736992e+02,6.624444723129272461e-01
3.105438596491228509e+02,6.624444723129272461e-01
3.205614035087719458e+02,6.636111140251159668e-01
3.305789473684210407e+02,6.612777709960937500e-01
3.405964912280701924e+02,6.633333563804626465e-01
3.506140350877193441e+02,6.634444594383239746e-01
3.606315789473684390e+02,6.638333201408386230e-01
3.706491228070175339e+02,6.627777814865112305e-01
3.806666666666666856e+02,6.642222404479980469e-01
3.906842105263158373e+02,6.643888950347900391e-01
4.007017543859649322e+02,6.642777919769287109e-01
4.107192982456140271e+02,6.643888950347900391e-01
4.207368421052631788e+02,6.649444699287414551e-01
4.307543859649123306e+02,6.642222404479980469e-01
4.407719298245614254e+02,6.657222509384155273e-01
4.507894736842105203e+02,6.653333306312561035e-01
4.608070175438596721e+02,6.660555601119995117e-01
4.708245614035088238e+02,6.667777895927429199e-01
4.808421052631579187e+02,6.658889055252075195e-01
4.908596491228070136e+02,6.661666631698608398e-01
5.008771929824561653e+02,6.666111350059509277e-01
5.108947368421053170e+02,6.657222509384155273e-01
5.209122807017544119e+02,6.667222380638122559e-01
5.309298245614035068e+02,6.685555577278137207e-01
5.409473684210527153e+02,6.687777638435363770e-01
5.509649122807018102e+02,6.677777767181396484e-01
5.609824561403509051e+02,6.678333282470703125e-01
5.710000000000000000e+02,6.677222251892089844e-01
5.810175438596490949e+02,6.678888797760009766e-01
5.910350877192983035e+02,6.704444289207458496e-01
6.010526315789473983e+02,6.685000061988830566e-01
6.110701754385964932e+02,6.704444289207458496e-01
6.210877192982457018e+02,6.688333153724670410e-01
6.311052631578947967e+02,6.704444289207458496e-01
6.411228070175438916e+02,6.687222123146057129e-01
6.511403508771929864e+02,6.687777638435363770e-01
6.611578947368420813e+02,6.694999933242797852e-01
6.711754385964912899e+02,6.702777743339538574e-01
6.811929824561403848e+02,6.704999804496765137e-01
6.912105263157894797e+02,6.708889007568359375e-01
7.012280701754386882e+02,6.716666817665100098e-01
7.112456140350877831e+02,6.706666946411132812e-01
7.212631578947368780e+02,6.719999909400939941e-01
7.312807017543859729e+02,6.700555682182312012e-01
7.412982456140350678e+02,6.695555448532104492e-01
7.513157894736842763e+02,6.700555682182312012e-01
7.613333333333333712e+02,6.697221994400024414e-01
7.713508771929824661e+02,6.698333621025085449e-01
7.813684210526316747e+02,6.724444627761840820e-01
7.913859649122807696e+02,6.700555682182312012e-01
8.014035087719298645e+02,6.721110939979553223e-01
8.114210526315789593e+02,6.723889112472534180e-01
8.214385964912280542e+02,6.731111407279968262e-01
8.314561403508772628e+02,6.728888750076293945e-01
8.414736842105263577e+02,6.723889112472534180e-01
8.514912280701754526e+02,6.727777719497680664e-01
8.615087719298246611e+02,6.723333597183227539e-01
8.715263157894737560e+02,6.719999909400939941e-01
8.815438596491228509e+02,6.724444627761840820e-01
8.915614035087719458e+02,6.716111302375793457e-01
9.015789473684210407e+02,6.724444627761840820e-01
9.115964912280702492e+02,6.737222075462341309e-01
9.216140350877193441e+02,6.738888621330261230e-01
9.316315789473684390e+02,6.736666560173034668e-01
9.416491228070176476e+02,6.732222437858581543e-01
9.516666666666667425e+02,6.743888854980468750e-01
9.616842105263158373e+02,6.732222437858581543e-01
9.717017543859649322e+02,6.732222437858581543e-01
9.817192982456140271e+02,6.717222332954406738e-01
9.917368421052632357e+02,6.749444603919982910e-01
1.001754385964912331e+03,6.757777929306030273e-01
1.011771929824561425e+03,6.742777824401855469e-01
1.021789473684210634e+03,6.737777590751647949e-01
1.031807017543859729e+03,6.753888726234436035e-01
1.041824561403508824e+03,6.753888726234436035e-01
1.051842105263157919e+03,6.760555505752563477e-01
1.061859649122807014e+03,6.748889088630676270e-01
1.071877192982456108e+03,6.735555529594421387e-01
1.081894736842105431e+03,6.763333082199096680e-01
1.091912280701754526e+03,6.754999756813049316e-01
1.101929824561403620e+03,6.752222180366516113e-01
1.111947368421052715e+03,6.753333210945129395e-01
1.121964912280701810e+03,6.758888959884643555e-01
1.131982456140350905e+03,6.750555634498596191e-01
1.142000000000000000e+03,6.749444603919982910e-01
1.152017543859649095e+03,6.747778058052062988e-01
1.162035087719298190e+03,6.740000247955322266e-01
1.172052631578947512e+03,6.767222285270690918e-01
1.182070175438596607e+03,6.761666536331176758e-01
1.192087719298245702e+03,6.768333315849304199e-01
1.202105263157894797e+03,6.755555272102355957e-01
1.212122807017543892e+03,6.762777566909790039e-01
1.222140350877192986e+03,6.754999756813049316e-01
1.232157894736842081e+03,6.777777671813964844e-01
1.242175438596491404e+03,6.776666641235351562e-01
1.252192982456140498e+03,6.760555505752563477e-01
1.262210526315789593e+03,6.741666793823242188e-01
1.272228070175438688e+03,6.742777824401855469e-01
1.282245614035087783e+03,6.758333444595336914e-01
1.292263157894736878e+03,6.747221946716308594e-01
1.302280701754385973e+03,6.759999990463256836e-01
1.312298245614035068e+03,6.770555377006530762e-01
1.322315789473684163e+03,6.786110997200012207e-01
1.332333333333333485e+03,6.766111254692077637e-01
1.342350877192982580e+03,6.768333315849304199e-01
1.352368421052631675e+03,6.761111021041870117e-01
1.362385964912280770e+03,6.745555400848388672e-01
1.372403508771929864e+03,6.759999990463256836e-01
1.382421052631578959e+03,6.762222051620483398e-01
1.392438596491228054e+03,6.751111149787902832e-01
1.402456140350877376e+03,6.767222285270690918e-01
1.412473684210526471e+03,6.759444475173950195e-01
1.422491228070175566e+03,6.763333082199096680e-01
1.432508771929824661e+03,6.762777566909790039e-01
1.442526315789473756e+03,6.752777695655822754e-01
1.452543859649122851e+03,6.752777695655822754e-01
1.462561403508771946e+03,6.763333082199096680e-01
1.472578947368421041e+03,6.738888621330261230e-01
1.482596491228070136e+03,6.752222180366516113e-01
1.492614035087719458e+03,6.745555400848388672e-01
1.502631578947368553e+03,6.758888959884643555e-01
1.512649122807017648e+03,6.761666536331176758e-01
1.522666666666666742e+03,6.744999885559082031e-01
1.532684210526315837e+03,6.742777824401855469e-01
1.542701754385964932e+03,6.756111383438110352e-01
1.552719298245614027e+03,6.753333210945129395e-01
1.562736842105263349e+03,6.768888831138610840e-01
1.572754385964912444e+03,6.728333234786987305e-01
1.582771929824561539e+03,6.736111044883728027e-01
1.592789473684210634e+03,6.756111383438110352e-01
1.602807017543859729e+03,6.731111407279968262e-01
1.612824561403508824e+03,6.725000143051147461e-01
1.622842105263157919e+03,6.738888621330261230e-01
1.632859649122807014e+03,6.741111278533935547e-01
1.642877192982456108e+03,6.736111044883728027e-01
1.652894736842105431e+03,6.738333106040954590e-01
1.662912280701754526e+03,6.745555400848388672e-01
1.672929824561403620e+03,6.735000014305114746e-01
1.682947368421052715e+03,6.746110916137695312e-01
1.692964912280701810e+03,6.741111278533935547e-01
1.702982456140350905e+03,6.747778058052062988e-01
1.713000000000000000e+03,6.726666688919067383e-01
1.723017543859649322e+03,6.748889088630676270e-01
1.733035087719298417e+03,6.738888621330261230e-01
1.743052631578947512e+03,6.729444265365600586e-01
1.753070175438596607e+03,6.746666431427001953e-01
1.763087719298245702e+03,6.727777719497680664e-01
1.773105263157894797e+03,6.692222356796264648e-01
1.783122807017543892e+03,6.742777824401855469e-01
1.793140350877192986e+03,6.730555295944213867e-01
1.803157894736842081e+03,6.725000143051147461e-01
1.813175438596491404e+03,6.719999909400939941e-01
1.823192982456140498e+03,6.733333468437194824e-01
1.833210526315789593e+03,6.708889007568359375e-01
1.843228070175438688e+03,6.713888645172119141e-01
1.853245614035087783e+03,6.716666817665100098e-01
1.863263157894736878e+03,6.698889136314392090e-01
1.873280701754385973e+03,6.719444394111633301e-01
1.883298245614035295e+03,6.723333597183227539e-01
1.893315789473684390e+03,6.721666455268859863e-01
1.903333333333333485e+03,6.723333597183227539e-01
1.913350877192982580e+03,6.733333468437194824e-01
1.923368421052631675e+03,6.715000271797180176e-01
1.933385964912280770e+03,6.724444627761840820e-01
1.943403508771929864e+03,6.731111407279968262e-01
1.953421052631578959e+03,6.719444394111633301e-01
1.963438596491228054e+03,6.732222437858581543e-01
1.973456140350877376e+03,6.718333363533020020e-01
1.983473684210526471e+03,6.718888878822326660e-01
1.993491228070175566e+03,6.740000247955322266e-01
2.003508771929824661e+03,6.742777824401855469e-01
2.013526315789473756e+03,6.722221970558166504e-01
2.023543859649122851e+03,6.721666455268859863e-01
2.033561403508771946e+03,6.736111044883728027e-01
2.043578947368421268e+03,6.728888750076293945e-01
2.053596491228070136e+03,6.728888750076293945e-01
2.063614035087719458e+03,6.738333106040954590e-01
2.073631578947368325e+03,6.729999780654907227e-01
2.083649122807017648e+03,6.738333106040954590e-01
2.093666666666666970e+03,6.711111068725585938e-01
2.103684210526315837e+03,6.729999780654907227e-01
2.113701754385965160e+03,6.730555295944213867e-01
2.123719298245614027e+03,6.724444627761840820e-01
2.133736842105263349e+03,6.727777719497680664e-01
2.143754385964912217e+03,6.727777719497680664e-01
2.153771929824561539e+03,6.721666455268859863e-01
2.163789473684210861e+03,6.727777719497680664e-01
2.173807017543859729e+03,6.711666584014892578e-01
2.183824561403509051e+03,6.717222332954406738e-01
2.193842105263157919e+03,6.704444289207458496e-01
2.203859649122807241e+03,6.710555553436279297e-01
2.213877192982456108e+03,6.698889136314392090e-01
2.223894736842105431e+03,6.726111173629760742e-01
2.233912280701754298e+03,6.706110835075378418e-01
2.243929824561403620e+03,6.707222461700439453e-01
2.253947368421052943e+03,6.711111068725585938e-01
2.263964912280701810e+03,6.718333363533020020e-01
2.273982456140351132e+03,6.715555787086486816e-01
2.284000000000000000e+03,6.729999780654907227e-01
2.294017543859649322e+03,6.707777976989746094e-01
2.304035087719298190e+03,6.693888902664184570e-01
2.314052631578947512e+03,6.679444313049316406e-01
2.324070175438596380e+03,6.721666455268859863e-01
2.334087719298245702e+03,6.704444289207458496e-01
2.344105263157895024e+03,6.706666946411132812e-01
2.354122807017543892e+03,6.705555319786071777e-01
2.364140350877193214e+03,6.710000038146972656e-01
2.374157894736842081e+03,6.727777719497680664e-01
2.384175438596491404e+03,6.713888645172119141e-01
2.394192982456140271e+03,6.701111197471618652e-01
2.404210526315789593e+03,6.678333282470703125e-01
2.414228070175438916e+03,6.701666712760925293e-01
2.424245614035087783e+03,6.716111302375793457e-01
2.434263157894737105e+03,6.717222332954406738e-01
2.444280701754385973e+03,6.704999804496765137e-01
2.454298245614035295e+03,6.713333129882812500e-01
2.464315789473684163e+03,6.689444184303283691e-01
2.474333333333333485e+03,6.686111092567443848e-01
2.484350877192982807e+03,6.682778000831604004e-01
2.494368421052631675e+03,6.683889031410217285e-01
2.504385964912280997e+03,6.688888669013977051e-01
2.514403508771929864e+03,6.683889031410217285e-01
2.524421052631579187e+03,6.705555319786071777e-01
2.534438596491228054e+03,6.712222099304199219e-01
2.544456140350877376e+03,6.701111197471618652e-01
2.554473684210526244e+03,6.707777976989746094e-01
2.564491228070175566e+03,6.717777848243713379e-01
2.574508771929824889e+03,6.717222332954406738e-01
2.584526315789473756e+03,6.701111197471618652e-01
2.594543859649123078e+03,6.682778000831604004e-01
2.604561403508771946e+03,6.706110835075378418e-01
2.614578947368421268e+03,6.690000295639038086e-01
2.624596491228070136e+03,6.685555577278137207e-01
2.634614035087719458e+03,6.693333387374877930e-01
2.644631578947368325e+03,6.679444313049316406e-01
2.654649122807017648e+03,6.681666374206542969e-01
2.664666666666666970e+03,6.674444675445556641e-01
2.674684210526315837e+03,6.678333282470703125e-01
2.684701754385965160e+03,6.696110963821411133e-01
2.694719298245614027e+03,6.687777638435363770e-01
2.704736842105263349e+03,6.689444184303283691e-01
2.714754385964912217e+03,6.673333048820495605e-01
2.724771929824561539e+03,6.652222275733947754e-01
2.734789473684210861e+03,6.651111245155334473e-01
2.744807017543859729e+03,6.693888902664184570e-01
2.754824561403509051e+03,6.679999828338623047e-01
2.764842105263157919e+03,6.681110858917236328e-01
2.774859649122807241e+03,6.674444675445556641e-01
2.784877192982456108e+03,6.679444313049316406e-01
2.794894736842105431e+03,6.668333411216735840e-01
2.804912280701754753e+03,6.662222146987915039e-01
2.814929824561403620e+03,6.697777509689331055e-01
2.824947368421052943e+03,6.696666479110717773e-01
2.834964912280701810e+03,6.677777767181396484e-01
2.844982456140351132e+03,6.685555577278137207e-01
2.855000000000000000e+03,6.680555343627929688e-01
2.865017543859649322e+03,6.676666736602783203e-01
2.875035087719298190e+03,6.658889055252075195e-01
2.885052631578947512e+03,6.673889160156250000e-01
2.895070175438596834e+03,6.651111245155334473e-01
2.905087719298245702e+03,6.666666865348815918e-01
2.915105263157895024e+03,6.645555496215820312e-01
2.925122807017543892e+03,6.690555810928344727e-01
2.935140350877193214e+03,6.675000190734863281e-01
2.945157894736842081e+03,6.658333539962768555e-01
2.955175438596491404e+03,6.635555624961853027e-01
2.965192982456140271e+03,6.631666421890258789e-01
2.975210526315789593e+03,6.655555367469787598e-01
2.985228070175438916e+03,6.649444699287414551e-01
2.995245614035087783e+03,6.672777533531188965e-01
3.005263157894737105e+03,6.652222275733947754e-01
3.015280701754385973e+03,6.646111011505126953e-01
3.025298245614035295e+03,6.651111245155334473e-01
3.035315789473684163e+03,6.644999980926513672e-01
3.045333333333333485e+03,6.681666374206542969e-01
3.055350877192982807e+03,6.673889160156250000e-01
3.065368421052631675e+03,6.664444208145141602e-01
3.075385964912280997e+03,6.651111245155334473e-01
3.085403508771929864e+03,6.637222170829772949e-01
3.095421052631579187e+03,6.640555262565612793e-01
3.105438596491228054e+03,6.672222018241882324e-01
3.115456140350877376e+03,6.654444336891174316e-01
3.125473684210526699e+03,6.657222509384155273e-01
3.135491228070175566e+03,6.666666865348815918e-01
3.145508771929824889e+03,6.654999852180480957e-01
3.155526315789473756e+03,6.650555729866027832e-01
3.165543859649123078e+03,6.640555262565612793e-01
3.175561403508771946e+03,6.648889183998107910e-01
3.185578947368421268e+03,6.641666889190673828e-01
3.195596491228070136e+03,6.641111373901367188e-01
3.205614035087719458e+03,6.668333411216735840e-01
3.215631578947368780e+03,6.654444336891174316e-01
3.225649122807017648e+03,6.623888611793518066e-01
3.235666666666666970e+03,6.632778048515319824e-01
3.245684210526315837e+03,6.633333563804626465e-01
3.255701754385965160e+03,6.650000214576721191e-01
3.265719298245614027e+03,6.672222018241882324e-01
3.275736842105263349e+03,6.662777662277221680e-01
3.285754385964912217e+03,6.647777557373046875e-01
3.295771929824561539e+03,6.637222170829772949e-01
3.305789473684210861e+03,6.616111397743225098e-01
3.315807017543859729e+03,6.628333330154418945e-01
3.325824561403509051e+03,6.646111011505126953e-01
3.335842105263157919e+03,6.656110882759094238e-01
3.345859649122807241e+03,6.647777557373046875e-01
3.355877192982456108e+03,6.649444699287414551e-01
3.365894736842105431e+03,6.642222404479980469e-01
3.375912280701754753e+03,6.658333539962768555e-01
3.385929824561403620e+03,6.643888950347900391e-01
3.395947368421052943e+03,6.644999980926513672e-01
3.405964912280701810e+03,6.626666784286499023e-01
3.415982456140351132e+03,6.634444594383239746e-01
3.426000000000000000e+03,6.623333096504211426e-01
3.436017543859649322e+03,6.643333435058593750e-01
3.446035087719298645e+03,6.648889183998107910e-01
3.456052631578947512e+03,6.641111373901367188e-01
3.466070175438596834e+03,6.611666679382324219e-01
3.476087719298245702e+03,6.597777605056762695e-01
3.486105263157895024e+03,6.628888845443725586e-01
3.496122807017543892e+03,6.645555496215820312e-01
3.506140350877193214e+03,6.644444465637207031e-01
3.516157894736842081e+03,6.636111140251159668e-01
3.526175438596491404e+03,6.619444489479064941e-01
3.536192982456140726e+03,6.613333225250244141e-01
3.546210526315789593e+03,6.633889079093933105e-01
3.556228070175438916e+03,6.625555753707885742e-01
3.566245614035087783e+03,6.653333306312561035e-01
3.576263157894737105e+03,6.625555753707885742e-01
3.586280701754385973e+03,6.604444384574890137e-01
3.596298245614035295e+03,6.628888845443725586e-01
3.606315789473684163e+03,6.625555753707885742e-01
3.616333333333333485e+03,6.617777943611145020e-01
3.626350877192982807e+03,6.665555834770202637e-01
3.636368421052631675e+03,6.647777557373046875e-01
3.646385964912280997e+03,6.616666913032531738e-01
3.656403508771929864e+03,6.611111164093017578e-01
3.666421052631579187e+03,6.617222428321838379e-01
3.676438596491228054e+03,6.612222194671630859e-01
3.686456140350877376e+03,6.630555391311645508e-01
3.696473684210526699e+03,6.636666655540466309e-01
3.706491228070175566e+03,6.633889079093933105e-01
3.716508771929824889e+03,6.653333306312561035e-01
3.726526315789473756e+03,6.639999747276306152e-01
3.736543859649123078e+03,6.634444594383239746e-01
3.746561403508771946e+03,6.608889102935791016e-01
3.756578947368421268e+03,6.589999794960021973e-01
3.766596491228070590e+03,6.626111268997192383e-01
3.776614035087719458e+03,6.611111164093017578e-01
3.786631578947368780e+03,6.620555520057678223e-01
3.796649122807017648e+03,6.661666631698608398e-01
3.806666666666666970e+03,6.610000133514404297e-01
3.816684210526315837e+03,6.581666469573974609e-01
3.826701754385965160e+03,6.620000004768371582e-01
3.836719298245614027e+03,6.603333353996276855e-01
3.846736842105263349e+03,6.613333225250244141e-01
3.856754385964912672e+03,6.591110825538635254e-01
3.866771929824561539e+03,6.602777838706970215e-01
3.876789473684210861e+03,6.641666889190673828e-01
3.886807017543859729e+03,6.615555286407470703e-01
3.896824561403509051e+03,6.644444465637207031e-01
3.906842105263157919e+03,6.607221961021423340e-01
3.916859649122807241e+03,6.599444150924682617e-01
3.926877192982456108e+03,6.622222065925598145e-01
3.936894736842105431e+03,6.610000133514404297e-01
3.946912280701754753e+03,6.627222299575805664e-01
3.956929824561403620e+03,6.645555496215820312e-01
3.966947368421052943e+03,6.604999899864196777e-01
3.976964912280701810e+03,6.608333587646484375e-01
3.986982456140351132e+03,6.583889126777648926e-01
3.997000000000000000e+03,6.587222218513488770e-01
4.007017543859649322e+03,6.617222428321838379e-01
4.017035087719298645e+03,6.627777814865112305e-01
4.027052631578947512e+03,6.617222428321838379e-01
4.037070175438596834e+03,6.613333225250244141e-01
4.047087719298245702e+03,6.586666703224182129e-01
4.057105263157895024e+03,6.604999899864196777e-01
4.067122807017543892e+03,6.602222323417663574e-01
4.077140350877193214e+03,6.600000262260437012e-01
4.087157894736842536e+03,6.600555777549743652e-01
4.097175438596491404e+03,6.591666936874389648e-01
4.107192982456140271e+03,6.594444513320922852e-01
4.117210526315790048e+03,6.632778048515319824e-01
4.127228070175438916e+03,6.623888611793518066e-01
4.137245614035087783e+03,6.583889126777648926e-01
4.147263157894736651e+03,6.581666469573974609e-01
4.157280701754386428e+03,6.600555777549743652e-01
4.167298245614035295e+03,6.617222428321838379e-01
4.177315789473684163e+03,6.598333120346069336e-01
4.187333333333333940e+03,6.619444489479064941e-01
4.197350877192982807e+03,6.607778072357177734e-01
4.207368421052631675e+03,6.620000004768371582e-01
4.217385964912280542e+03,6.617777943611145020e-01
4.227403508771930319e+03,6.617777943611145020e-01
4.237421052631579187e+03,6.603888869285583496e-01
4.247438596491228054e+03,6.607221961021423340e-01
4.257456140350877831e+03,6.592222452163696289e-01
4.267473684210526699e+03,6.600555777549743652e-01
4.277491228070175566e+03,6.628333330154418945e-01
4.287508771929824434e+03,6.628888845443725586e-01
4.297526315789474211e+03,6.635000109672546387e-01
4.307543859649123078e+03,6.605555415153503418e-01
4.317561403508771946e+03,6.573888659477233887e-01
4.327578947368421723e+03,6.610000133514404297e-01
4.337596491228070590e+03,6.587222218513488770e-01
4.347614035087719458e+03,6.596111059188842773e-01
4.357631578947368325e+03,6.613333225250244141e-01
4.367649122807018102e+03,6.579444408416748047e-01
4.377666666666666970e+03,6.614999771118164062e-01
4.387684210526315837e+03,6.619444489479064941e-01
4.397701754385964705e+03,6.585555672645568848e-01
4.407719298245614482e+03,6.607221961021423340e-01
4.417736842105263349e+03,6.577222347259521484e-01
4.427754385964912217e+03,6.562777757644653320e-01
4.437771929824561994e+03,6.611666679382324219e-01
4.447789473684210861e+03,6.588333249092102051e-01
4.457807017543859729e+03,6.613333225250244141e-01
4.467824561403508596e+03,6.585000157356262207e-01
4.477842105263158373e+03,6.631666421890258789e-01
4.487859649122807241e+03,6.592222452163696289e-01
4.497877192982456108e+03,6.593888998031616211e-01
4.507894736842105885e+03,6.622777581214904785e-01
4.517912280701754753e+03,6.603888869285583496e-01
4.527929824561403620e+03,6.592222452163696289e-01
4.537947368421052488e+03,6.608889102935791016e-01
4.547964912280702265e+03,6.593333482742309570e-01
4.557982456140351132e+03,6.627777814865112305e-01
4.568000000000000000e+03,6.608333587646484375e-01
4.578017543859649777e+03,6.586666703224182129e-01
4.588035087719298645e+03,6.581110954284667969e-01
4.598052631578947512e+03,6.603333353996276855e-01
4.608070175438596380e+03,6.606110930442810059e-01
4.618087719298246157e+03,6.611666679382324219e-01
4.628105263157895024e+03,6.577777862548828125e-01
4.638122807017543892e+03,6.612222194671630859e-01
4.648140350877192759e+03,6.618333458900451660e-01
4.658157894736842536e+03,6.597222089767456055e-01
4.668175438596491404e+03,6.592222452163696289e-01
4.678192982456140271e+03,6.611111164093017578e-01
4.688210526315790048e+03,6.578888893127441406e-01
4.698228070175438916e+03,6.602777838706970215e-01
4.708245614035087783e+03,6.600000262260437012e-01
4.718263157894736651e+03,6.583333611488342285e-01
4.728280701754386428e+03,6.588888764381408691e-01
4.738298245614035295e+03,6.604999899864196777e-01
4.748315789473684163e+03,6.578888893127441406e-01
4.758333333333333940e+03,6.599444150924682617e-01
4.768350877192982807e+03,6.636111140251159668e-01
4.778368421052631675e+03,6.597222089767456055e-01
4.788385964912280542e+03,6.585555672645568848e-01
4.798403508771930319e+03,6.611666679382324219e-01
4.808421052631579187e+03,6.627777814865112305e-01
4.818438596491228054e+03,6.560555696487426758e-01
4.828456140350877831e+03,6.606110930442810059e-01
4.838473684210526699e+03,6.620555520057678223e-01
4.848491228070175566e+03,6.579444408416748047e-01
4.858508771929824434e+03,6.607221961021423340e-01
4.868526315789474211e+03,6.585555672645568848e-01
4.878543859649123078e+03,6.610555648803710938e-01
4.888561403508771946e+03,6.599444150924682617e-01
4.898578947368421723e+03,6.601111292839050293e-01
4.908596491228070590e+03,6.637222170829772949e-01
4.918614035087719458e+03,6.576111316680908203e-01
4.928631578947368325e+03,6.593888998031616211e-01
4.938649122807018102e+03,6.594444513320922852e-01
4.948666666666666970e+03,6.606666445732116699e-01
4.958684210526315837e+03,6.610000133514404297e-01
4.968701754385965614e+03,6.582777500152587891e-01
4.978719298245614482e+03,6.607221961021423340e-01
4.988736842105263349e+03,6.591666936874389648e-01
4.998754385964912217e+03,6.600555777549743652e-01
5.008771929824561994e+03,6.572222113609313965e-01
5.018789473684210861e+03,6.589999794960021973e-01
5.028807017543859729e+03,6.592777967453002930e-01
5.038824561403508596e+03,6.604999899864196777e-01
5.048842105263158373e+03,6.591666936874389648e-01
5.058859649122807241e+03,6.597777605056762695e-01
5.068877192982456108e+03,6.582777500152587891e-01
5.078894736842105885e+03,6.581666469573974609e-01
5.088912280701754753e+03,6.603333353996276855e-01
5.098929824561403620e+03,6.566666960716247559e-01
5.108947368421052488e+03,6.566110849380493164e-01
5.118964912280702265e+03,6.585555672645568848e-01
5.128982456140351132e+03,6.580555438995361328e-01
5.139000000000000000e+03,6.546111106872558594e-01
5.149017543859649777e+03,6.603888869285583496e-01
5.159035087719298645e+03,6.565555334091186523e-01
5.169052631578947512e+03,6.577222347259521484e-01
5.179070175438596380e+03,6.584444642066955566e-01
5.189087719298246157e+03,6.591110825538635254e-01
5.199105263157895024e+03,6.593888998031616211e-01
5.209122807017543892e+03,6.566110849380493164e-01
5.219140350877193669e+03,6.610000133514404297e-01
5.229157894736842536e+03,6.579444408416748047e-01
5.239175438596491404e+03,6.566110849380493164e-01
5.249192982456140271e+03,6.592777967453002930e-01
5.259210526315790048e+03,6.562222242355346680e-01
5.269228070175438916e+03,6.556666493415832520e-01
5.279245614035087783e+03,6.588888764381408691e-01
5.289263157894736651e+03,6.585555672645568848e-01
5.299280701754386428e+03,6.585000157356262207e-01
5.309298245614035295e+03,6.564444303512573242e-01
5.319315789473684163e+03,6.591666936874389648e-01
5.329333333333333940e+03,6.545000076293945312e-01
5.339350877192982807e+03,6.581666469573974609e-01
5.349368421052631675e+03,6.559444665908813477e-01
5.359385964912280542e+03,6.557777523994445801e-01
5.369403508771930319e+03,6.599444150924682617e-01
5.379421052631579187e+03,6.579444408416748047e-01
5.389438596491228054e+03,6.583889126777648926e-01
5.399456140350877831e+03,6.566110849380493164e-01
5.409473684210526699e+03,6.562777757644653320e-01
5.419491228070175566e+03,6.601111292839050293e-01
5.429508771929824434e+03,6.600555777549743652e-01
5.439526315789474211e+03,6.584444642066955566e-01
5.449543859649123078e+03,6.553333401679992676e-01
5.459561403508771946e+03,6.588333249092102051e-01
5.469578947368421723e+03,6.602222323417663574e-01
5.479596491228070590e+03,6.579444408416748047e-01
5.489614035087719458e+03,6.573888659477233887e-01
5.499631578947368325e+03,6.582221984863281250e-01
5.509649122807018102e+03,6.581666469573974609e-01
5.519666666666666970e+03,6.589999794960021973e-01
5.529684210526315837e+03,6.585000157356262207e-01
5.539701754385965614e+03,6.583889126777648926e-01
5.549719298245614482e+03,6.533333063125610352e-01
5.559736842105263349e+03,6.570000052452087402e-01
5.569754385964912217e+03,6.570000052452087402e-01
5.579771929824561994e+03,6.576666831970214844e-01
5.589789473684210861e+03,6.573888659477233887e-01
5.599807017543859729e+03,6.575555801391601562e-01
5.609824561403509506e+03,6.597222089767456055e-01
5.619842105263158373e+03,6.558333039283752441e-01
5.629859649122807241e+03,6.559444665908813477e-01
5.639877192982456108e+03,6.571111083030700684e-01
5.649894736842105885e+03,6.569444537162780762e-01
5.659912280701754753e+03,6.571666598320007324e-01
5.669929824561403620e+03,6.594444513320922852e-01
5.679947368421052488e+03,6.558333039283752441e-01
5.689964912280702265e+03,6.571666598320007324e-01
5.699982456140351132e+03,6.584444642066955566e-01
5.710000000000000000e+03,6.608333587646484375e-01
