# n,accuracy
0.000000000000000000e+00,5.383333563804626465e-01
1.001818181818181763e+01,5.502777695655822754e-01
2.003636363636363527e+01,5.620555281639099121e-01
3.005454545454545467e+01,5.712777972221374512e-01
4.007272727272727053e+01,5.737222433090209961e-01
5.009090909090908639e+01,5.760555267333984375e-01
6.010909090909090935e+01,5.801666378974914551e-01
7.012727272727272521e+01,5.848333239555358887e-01
8.014545454545454106e+01,5.832222104072570801e-01
9.016363636363635692e+01,5.889999866485595703e-01
1.001818181818181728e+02,5.863333344459533691e-01
1.101999999999999886e+02,5.915555357933044434e-01
1.202181818181818187e+02,5.916666388511657715e-01
1.302363636363636203e+02,5.957777500152587891e-01
1.402545454545454504e+02,5.958333611488342285e-01
1.502727272727272521e+02,5.995555520057678223e-01
1.602909090909090821e+02,5.989999771118164062e-01
1.703090909090909122e+02,5.982778072357177734e-01
1.803272727272727138e+02,6.011666655540466309e-01
1.903454545454545439e+02,6.028333306312561035e-01
2.003636363636363455e+02,6.052222251892089844e-01
2.103818181818181756e+02,6.051111221313476562e-01
2.203999999999999773e+02,6.063888669013977051e-01
2.304181818181818073e+02,6.052222251892089844e-01
2.404363636363636374e+02,6.063888669013977051e-01
2.504545454545454390e+02,6.065000295639038086e-01
2.604727272727272407e+02,6.088888645172119141e-01
2.704909090909090992e+02,6.088333129882812500e-01
2.805090909090909008e+02,6.080555319786071777e-01
2.905272727272727025e+02,6.085000038146972656e-01
3.005454545454545041e+02,6.094444394111633301e-01
3.105636363636363626e+02,6.105555295944213867e-01
3.205818181818181642e+02,6.097221970558166504e-01
3.305999999999999659e+02,6.130555272102355957e-01
3.406181818181818244e+02,6.116666793823242188e-01
3.506363636363636260e+02,6.100000143051147461e-01
3.606545454545454277e+02,6.087777614593505859e-01
3.706727272727272293e+02,6.109444499015808105e-01
3.806909090909090878e+02,6.128333210945129395e-01
3.907090909090908895e+02,6.096110939979553223e-01
4.007272727272726911e+02,6.129999756813049316e-01
4.107454545454545496e+02,6.144444346427917480e-01
4.207636363636363512e+02,6.133888959884643555e-01
4.307818181818181529e+02,6.157222390174865723e-01
4.407999999999999545e+02,6.138333082199096680e-01
4.508181818181818130e+02,6.160555481910705566e-01
4.608363636363636147e+02,6.124444603919982910e-01
4.708545454545454163e+02,6.158333420753479004e-01
4.808727272727272748e+02,6.174444556236267090e-01
4.908909090909090764e+02,6.144999861717224121e-01
5.009090909090908781e+02,6.154444217681884766e-01
5.109272727272726797e+02,6.144999861717224121e-01
5.209454545454544814e+02,6.157222390174865723e-01
5.309636363636362830e+02,6.132777929306030273e-01
5.409818181818181984e+02,6.148889064788818359e-01
5.510000000000000000e+02,6.154999732971191406e-01
5.610181818181818016e+02,6.177777647972106934e-01
5.710363636363636033e+02,6.163333058357238770e-01
5.810545454545454049e+02,6.175000071525573730e-01
5.910727272727272066e+02,6.147222518920898438e-01
6.010909090909090082e+02,6.162777543067932129e-01
6.111090909090909236e+02,6.157222390174865723e-01
6.211272727272727252e+02,6.158333420753479004e-01
6.311454545454545269e+02,6.139444708824157715e-01
6.411636363636363285e+02,6.167222261428833008e-01
6.511818181818181301e+02,6.151666641235351562e-01
6.611999999999999318e+02,6.158333420753479004e-01
6.712181818181817334e+02,6.155555844306945801e-01
6.812363636363636488e+02,6.181111335754394531e-01
6.912545454545454504e+02,6.158333420753479004e-01
7.012727272727272521e+02,6.168888807296752930e-01
7.112909090909090537e+02,6.165000200271606445e-01
7.213090909090908553e+02,6.166666746139526367e-01
7.313272727272726570e+02,6.151666641235351562e-01
7.413454545454544586e+02,6.151111125946044922e-01
7.513636363636363740e+02,6.163889169692993164e-01
7.613818181818181756e+02,6.160555481910705566e-01
7.713999999999999773e+02,6.171110868453979492e-01
7.814181818181817789e+02,6.160555481910705566e-01
7.914363636363635806e+02,6.182222366333007812e-01
8.014545454545453822e+02,6.166666746139526367e-01
8.114727272727271838e+02,6.168333292007446289e-01
8.214909090909090992e+02,6.177777647972106934e-01
8.315090909090909008e+02,6.186666488647460938e-01
8.415272727272727025e+02,6.183888912200927734e-01
8.515454545454545041e+02,6.186110973358154297e-01
8.615636363636363058e+02,6.200000047683715820e-01
8.715818181818181074e+02,6.178888678550720215e-01
8.815999999999999091e+02,6.158333420753479004e-01
8.916181818181818244e+02,6.173889040946960449e-01
9.016363636363636260e+02,6.177777647972106934e-01
9.116545454545454277e+02,6.165000200271606445e-01
9.216727272727272293e+02,6.166666746139526367e-01
9.316909090909090310e+02,6.182777881622314453e-01
9.417090909090908326e+02,6.162222027778625488e-01
9.517272727272726343e+02,6.184999942779541016e-01
9.617454545454545496e+02,6.176111102104187012e-01
9.717636363636363512e+02,6.176111102104187012e-01
9.817818181818181529e+02,6.150555610656738281e-01
9.917999999999999545e+02,6.155555844306945801e-01
1.001818181818181756e+03,6.169444322586059570e-01
1.011836363636363558e+03,6.164444684982299805e-01
1.021854545454545359e+03,6.154999732971191406e-01
1.031872727272727161e+03,6.163333058357238770e-01
1.041890909090908963e+03,6.153333187103271484e-01
1.051909090909090764e+03,6.172222495079040527e-01
1.061927272727272566e+03,6.170555353164672852e-01
1.071945454545454595e+03,6.179444193840026855e-01
1.081963636363636397e+03,6.176666617393493652e-01
1.091981818181818198e+03,6.187777519226074219e-01
1.102000000000000000e+03,6.163333058357238770e-01
1.112018181818181802e+03,6.126666665077209473e-01
1.122036363636363603e+03,6.140000224113464355e-01
1.132054545454545405e+03,6.168333292007446289e-01
1.142072727272727207e+03,6.173889040946960449e-01
1.152090909090909008e+03,6.164444684982299805e-01
1.162109090909090810e+03,6.150000095367431641e-01
1.172127272727272612e+03,6.154999732971191406e-01
1.182145454545454413e+03,6.157777905464172363e-01
1.192163636363636215e+03,6.168333292007446289e-01
1.202181818181818016e+03,6.162777543067932129e-01
1.212200000000000045e+03,6.159999966621398926e-01
1.222218181818181847e+03,6.175000071525573730e-01
1.232236363636363649e+03,6.168888807296752930e-01
1.242254545454545450e+03,6.177777647972106934e-01
1.252272727272727252e+03,6.128888726234436035e-01
1.262290909090909054e+03,6.151666641235351562e-01
1.272309090909090855e+03,6.173889040946960449e-01
1.282327272727272657e+03,6.164444684982299805e-01
1.292345454545454459e+03,6.171666383743286133e-01
1.302363636363636260e+03,6.153888702392578125e-01
1.312381818181818062e+03,6.157222390174865723e-01
1.322399999999999864e+03,6.143888831138610840e-01
1.332418181818181665e+03,6.140555739402770996e-01
1.342436363636363467e+03,6.148889064788818359e-01
1.352454545454545269e+03,6.157222390174865723e-01
1.362472727272727298e+03,6.127777695655822754e-01
1.372490909090909099e+03,6.143333315849304199e-01
1.382509090909090901e+03,6.128333210945129395e-01
1.392527272727272702e+03,6.140555739402770996e-01
1.402545454545454504e+03,6.141111254692077637e-01
1.412563636363636306e+03,6.166666746139526367e-01
1.422581818181818107e+03,6.157222390174865723e-01
1.432599999999999909e+03,6.138333082199096680e-01
1.442618181818181711e+03,6.142222285270690918e-01
1.452636363636363512e+03,6.157777905464172363e-01
1.462654545454545314e+03,6.126666665077209473e-01
1.472672727272727116e+03,6.131111383438110352e-01
1.482690909090908917e+03,6.146110892295837402e-01
1.492709090909090719e+03,6.157222390174865723e-01
1.502727272727272748e+03,6.145555377006530762e-01
1.512745454545454550e+03,6.141111254692077637e-01
1.522763636363636351e+03,6.141666769981384277e-01
1.532781818181818153e+03,6.134444475173950195e-01
1.542799999999999955e+03,6.164444684982299805e-01
1.552818181818181756e+03,6.166111230850219727e-01
1.562836363636363558e+03,6.145555377006530762e-01
1.572854545454545359e+03,6.155555844306945801e-01
1.582872727272727161e+03,6.159444451332092285e-01
1.592890909090908963e+03,6.166111230850219727e-01
1.602909090909090764e+03,6.159444451332092285e-01
1.612927272727272566e+03,6.143888831138610840e-01
1.622945454545454368e+03,6.152777671813964844e-01
1.632963636363636169e+03,6.155555844306945801e-01
1.642981818181818198e+03,6.144999861717224121e-01
1.653000000000000000e+03,6.153333187103271484e-01
1.663018181818181802e+03,6.172778010368347168e-01
1.673036363636363603e+03,6.148889064788818359e-01
1.683054545454545405e+03,6.163889169692993164e-01
1.693072727272727207e+03,6.154999732971191406e-01
1.703090909090909008e+03,6.168333292007446289e-01
1.713109090909090810e+03,6.172222495079040527e-01
1.723127272727272612e+03,6.154999732971191406e-01
1.733145454545454413e+03,6.156111359596252441e-01
1.743163636363636215e+03,6.144444346427917480e-01
1.753181818181818016e+03,6.140000224113464355e-01
1.763199999999999818e+03,6.161110997200012207e-01
1.773218181818181620e+03,6.152222156524658203e-01
1.783236363636363649e+03,6.166111230850219727e-01
1.793254545454545450e+03,6.151111125946044922e-01
1.803272727272727252e+03,6.171110868453979492e-01
1.813290909090909054e+03,6.149444580078125000e-01
1.823309090909090855e+03,6.128888726234436035e-01
1.833327272727272657e+03,6.155555844306945801e-01
1.843345454545454459e+03,6.153333187103271484e-01
1.853363636363636260e+03,6.145555377006530762e-01
1.863381818181818062e+03,6.150555610656738281e-01
1.873399999999999864e+03,6.153333187103271484e-01
1.883418181818181665e+03,6.128333210945129395e-01
1.893436363636363467e+03,6.156111359596252441e-01
1.903454545454545269e+03,6.134999990463256836e-01
1.913472727272727070e+03,6.162222027778625488e-01
1.923490909090909099e+03,6.156111359596252441e-01
1.933509090909090901e+03,6.151666641235351562e-01
1.943527272727272702e+03,6.151666641235351562e-01
1.953545454545454504e+03,6.156111359596252441e-01
1.963563636363636306e+03,6.159444451332092285e-01
1.973581818181818107e+03,6.132777929306030273e-01
1.983599999999999909e+03,6.129444241523742676e-01
1.993618181818181711e+03,6.144444346427917480e-01
2.003636363636363512e+03,6.135555505752563477e-01
2.013654545454545314e+03,6.168888807296752930e-01
2.023672727272727116e+03,6.140000224113464355e-01
2.033690909090908917e+03,6.156111359596252441e-01
2.043709090909090719e+03,6.131111383438110352e-01
2.053727272727272521e+03,6.150000095367431641e-01
2.063745454545454322e+03,6.154444217681884766e-01
2.073763636363636124e+03,6.153888702392578125e-01
2.083781818181817926e+03,6.146110892295837402e-01
2.093799999999999727e+03,6.133333444595336914e-01
2.103818181818181529e+03,6.141666769981384277e-01
2.113836363636363330e+03,6.138333082199096680e-01
2.123854545454545132e+03,6.157222390174865723e-01
2.133872727272726934e+03,6.129444241523742676e-01
2.143890909090909190e+03,6.141111254692077637e-01
2.153909090909090992e+03,6.137777566909790039e-01
2.163927272727272793e+03,6.152222156524658203e-01
2.173945454545454595e+03,6.134999990463256836e-01
2.183963636363636397e+03,6.148333549499511719e-01
2.193981818181818198e+03,6.138333082199096680e-01
2.204000000000000000e+03,6.144999861717224121e-01
2.214018181818181802e+03,6.147778034210205078e-01
2.224036363636363603e+03,6.148333549499511719e-01
2.234054545454545405e+03,6.150555610656738281e-01
2.244072727272727207e+03,6.127777695655822754e-01
2.254090909090909008e+03,6.115000247955322266e-01
2.264109090909090810e+03,6.116666793823242188e-01
2.274127272727272612e+03,6.138888597488403320e-01
2.284145454545454413e+03,6.139444708824157715e-01
2.294163636363636215e+03,6.123333573341369629e-01
2.304181818181818016e+03,6.136111021041870117e-01
2.314199999999999818e+03,6.124444603919982910e-01
2.324218181818181620e+03,6.122221946716308594e-01
2.334236363636363421e+03,6.143888831138610840e-01
2.344254545454545223e+03,6.115555763244628906e-01
2.354272727272727025e+03,6.115000247955322266e-01
2.364290909090908826e+03,6.150555610656738281e-01
2.374309090909090628e+03,6.149444580078125000e-01
2.384327272727272430e+03,6.140000224113464355e-01
2.394345454545454231e+03,6.133888959884643555e-01
2.404363636363636033e+03,6.126111149787902832e-01
2.414381818181817835e+03,6.149444580078125000e-01
2.424400000000000091e+03,6.133888959884643555e-01
2.434418181818181893e+03,6.131666898727416992e-01
2.444436363636363694e+03,6.118333339691162109e-01
2.454454545454545496e+03,6.136111021041870117e-01
2.464472727272727298e+03,6.115555763244628906e-01
2.474490909090909099e+03,6.107777953147888184e-01
2.484509090909090901e+03,6.119999885559082031e-01
2.494527272727272702e+03,6.121110916137695312e-01
2.504545454545454504e+03,6.119999885559082031e-01
2.514563636363636306e+03,6.148333549499511719e-01
2.524581818181818107e+03,6.146666407585144043e-01
2.534599999999999909e+03,6.121666431427001953e-01
2.544618181818181711e+03,6.102777719497680664e-01
2.554636363636363512e+03,6.128333210945129395e-01
2.564654545454545314e+03,6.124444603919982910e-01
2.574672727272727116e+03,6.128333210945129395e-01
2.584690909090908917e+03,6.148889064788818359e-01
2.594709090909090719e+03,6.144444346427917480e-01
2.604727272727272521e+03,6.108888983726501465e-01
2.614745454545454322e+03,6.129999756813049316e-01
2.624763636363636124e+03,6.098333597183227539e-01
2.634781818181817926e+03,6.107777953147888184e-01
2.644799999999999727e+03,6.121666431427001953e-01
2.654818181818181529e+03,6.125555634498596191e-01
2.664836363636363330e+03,6.153888702392578125e-01
2.674854545454545132e+03,6.160555481910705566e-01
2.684872727272726934e+03,6.140555739402770996e-01
2.694890909090908735e+03,6.118333339691162109e-01
2.704909090909090537e+03,6.097777485847473145e-01
2.714927272727272793e+03,6.128333210945129395e-01
2.724945454545454595e+03,6.124444603919982910e-01
2.734963636363636397e+03,6.151111125946044922e-01
2.744981818181818198e+03,6.126666665077209473e-01
2.755000000000000000e+03,6.117222309112548828e-01
2.765018181818181802e+03,6.121110916137695312e-01
2.775036363636363603e+03,6.129444241523742676e-01
2.785054545454545405e+03,6.131666898727416992e-01
2.795072727272727207e+03,6.125000119209289551e-01
2.805090909090909008e+03,6.134444475173950195e-01
2.815109090909090810e+03,6.117777824401855469e-01
2.825127272727272612e+03,6.132777929306030273e-01
2.835145454545454413e+03,6.124444603919982910e-01
2.845163636363636215e+03,6.112777590751647949e-01
2.855181818181818016e+03,6.100000143051147461e-01
2.865199999999999818e+03,6.104444265365600586e-01
2.875218181818181620e+03,6.101111173629760742e-01
2.885236363636363421e+03,6.130555272102355957e-01
2.895254545454545223e+03,6.126666665077209473e-01
2.905272727272727025e+03,6.122221946716308594e-01
2.915290909090908826e+03,6.117222309112548828e-01
2.925309090909090628e+03,6.115555763244628906e-01
2.935327272727272430e+03,6.095555424690246582e-01
2.945345454545454231e+03,6.108333468437194824e-01
2.955363636363636033e+03,6.113333106040954590e-01
2.965381818181817835e+03,6.099444627761840820e-01
2.975399999999999636e+03,6.100000143051147461e-01
2.985418181818181438e+03,6.121666431427001953e-01
2.995436363636363694e+03,6.104444265365600586e-01
3.005454545454545496e+03,6.102777719497680664e-01
3.015472727272727298e+03,6.118333339691162109e-01
3.025490909090909099e+03,6.125000119209289551e-01
3.035509090909090901e+03,6.097221970558166504e-01
3.045527272727272702e+03,6.103333234786987305e-01
3.055545454545454504e+03,6.118333339691162109e-01
3.065563636363636306e+03,6.101111173629760742e-01
3.075581818181818107e+03,6.098889112472534180e-01
3.085599999999999909e+03,6.117222309112548828e-01
3.095618181818181711e+03,6.141111254692077637e-01
3.105636363636363512e+03,6.143333315849304199e-01
3.115654545454545314e+03,6.123333573341369629e-01
3.125672727272727116e+03,6.113333106040954590e-01
3.135690909090908917e+03,6.112222075462341309e-01
3.145709090909090719e+03,6.103333234786987305e-01
3.155727272727272521e+03,6.111666560173034668e-01
3.165745454545454322e+03,6.103333234786987305e-01
3.175763636363636124e+03,6.124444603919982910e-01
3.185781818181817926e+03,6.116111278533935547e-01
3.195799999999999727e+03,6.116111278533935547e-01
3.205818181818181529e+03,6.112222075462341309e-01
3.215836363636363330e+03,6.121666431427001953e-01
3.225854545454545132e+03,6.102777719497680664e-01
3.235872727272726934e+03,6.118888854980468750e-01
3.245890909090908735e+03,6.119444370269775391e-01
3.255909090909090537e+03,6.094999909400939941e-01
3.265927272727272339e+03,6.100000143051147461e-01
3.275945454545454140e+03,6.119999885559082031e-01
3.285963636363636397e+03,6.105555295944213867e-01
3.295981818181818198e+03,6.109444499015808105e-01
3.306000000000000000e+03,6.117777824401855469e-01
3.316018181818181802e+03,6.120555400848388672e-01
3.326036363636363603e+03,6.125000119209289551e-01
3.336054545454545405e+03,6.120555400848388672e-01
3.346072727272727207e+03,6.111111044883728027e-01
3.356090909090909008e+03,6.100555658340454102e-01
3.366109090909090810e+03,6.086111068725585938e-01
3.376127272727272612e+03,6.121110916137695312e-01
3.386145454545454413e+03,6.110000014305114746e-01
3.396163636363636215e+03,6.111666560173034668e-01
3.406181818181818016e+03,6.111666560173034668e-01
3.416199999999999818e+03,6.096110939979553223e-01
3.426218181818181620e+03,6.088333129882812500e-01
3.436236363636363421e+03,6.108333468437194824e-01
3.446254545454545223e+03,6.117777824401855469e-01
3.456272727272727025e+03,6.112777590751647949e-01
3.466290909090908826e+03,6.122778058052062988e-01
3.476309090909090628e+03,6.112222075462341309e-01
3.486327272727272430e+03,6.092777848243713379e-01
3.496345454545454231e+03,6.098333597183227539e-01
3.506363636363636033e+03,6.113333106040954590e-01
3.516381818181817835e+03,6.113888621330261230e-01
3.526399999999999636e+03,6.114444732666015625e-01
3.536418181818181438e+03,6.107222437858581543e-01
3.546436363636363239e+03,6.124444603919982910e-01
3.556454545454545041e+03,6.111666560173034668e-01
3.566472727272727298e+03,6.119999885559082031e-01
3.576490909090909099e+03,6.127777695655822754e-01
3.586509090909090901e+03,6.121666431427001953e-01
3.596527272727272702e+03,6.106111407279968262e-01
3.606545454545454504e+03,6.105555295944213867e-01
3.616563636363636306e+03,6.115555763244628906e-01
3.626581818181818107e+03,6.110555529594421387e-01
3.636599999999999909e+03,6.112222075462341309e-01
3.646618181818181711e+03,6.096110939979553223e-01
3.656636363636363512e+03,6.090555787086486816e-01
3.666654545454545314e+03,6.102777719497680664e-01
3.676672727272727116e+03,6.122221946716308594e-01
3.686690909090908917e+03,6.115555763244628906e-01
3.696709090909090719e+03,6.097221970558166504e-01
3.706727272727272521e+03,6.114444732666015625e-01
3.716745454545454322e+03,6.110555529594421387e-01
3.726763636363636124e+03,6.117777824401855469e-01
3.736781818181817926e+03,6.108333468437194824e-01
3.746799999999999727e+03,6.095555424690246582e-01
3.756818181818181529e+03,6.099444627761840820e-01
3.766836363636363330e+03,6.096666455268859863e-01
3.776854545454545132e+03,6.107777953147888184e-01
3.786872727272726934e+03,6.113333106040954590e-01
3.796890909090908735e+03,6.091111302375793457e-01
3.806909090909090537e+03,6.104999780654907227e-01
3.816927272727272339e+03,6.103333234786987305e-01
3.826945454545454140e+03,6.112777590751647949e-01
3.836963636363635942e+03,6.092222332954406738e-01
3.846981818181818198e+03,6.087777614593505859e-01
3.857000000000000000e+03,6.114444732666015625e-01
3.867018181818181802e+03,6.100000143051147461e-01
3.877036363636363603e+03,6.116666793823242188e-01
3.887054545454545405e+03,6.114444732666015625e-01
3.897072727272727207e+03,6.085555553436279297e-01
3.907090909090909008e+03,6.096666455268859863e-01
3.917109090909090810e+03,6.097221970558166504e-01
3.927127272727272612e+03,6.082777976989746094e-01
3.937145454545454413e+03,6.129444241523742676e-01
3.947163636363636215e+03,6.096110939979553223e-01
3.957181818181818016e+03,6.088888645172119141e-01
3.967199999999999818e+03,6.101111173629760742e-01
3.977218181818181620e+03,6.090555787086486816e-01
3.987236363636363421e+03,6.098889112472534180e-01
3.997254545454545223e+03,6.076111197471618652e-01
4.007272727272727025e+03,6.087777614593505859e-01
4.017290909090908826e+03,6.107777953147888184e-01
4.027309090909090628e+03,6.088333129882812500e-01
4.037327272727272430e+03,6.094999909400939941e-01
4.047345454545454231e+03,6.100555658340454102e-01
4.057363636363636033e+03,6.106111407279968262e-01
4.067381818181817835e+03,6.117777824401855469e-01
4.077399999999999636e+03,6.097777485847473145e-01
4.087418181818181438e+03,6.096110939979553223e-01
4.097436363636363239e+03,6.088333129882812500e-01
4.107454545454545041e+03,6.091111302375793457e-01
4.117472727272726843e+03,6.110000014305114746e-01
4.127490909090908644e+03,6.116111278533935547e-01
4.137509090909090446e+03,6.111111044883728027e-01
4.147527272727272248e+03,6.118888854980468750e-01
4.157545454545454049e+03,6.102777719497680664e-01
4.167563636363635851e+03,6.106666922569274902e-01
4.177581818181817653e+03,6.082222461700439453e-01
4.187599999999999454e+03,6.090555787086486816e-01
4.197618181818181256e+03,6.097221970558166504e-01
4.207636363636363058e+03,6.102777719497680664e-01
4.217654545454544859e+03,6.113333106040954590e-01
4.227672727272726661e+03,6.096110939979553223e-01
4.237690909090908463e+03,6.106666922569274902e-01
4.247709090909090264e+03,6.115000247955322266e-01
4.257727272727272066e+03,6.087777614593505859e-01
4.267745454545453867e+03,6.093333363533020020e-01
4.277763636363636579e+03,6.094999909400939941e-01
4.287781818181818380e+03,6.096110939979553223e-01
4.297800000000000182e+03,6.128333210945129395e-01
4.307818181818181984e+03,6.110555529594421387e-01
4.317836363636363785e+03,6.093333363533020020e-01
4.327854545454545587e+03,6.101666688919067383e-01
4.337872727272727388e+03,6.095555424690246582e-01
4.347890909090909190e+03,6.085555553436279297e-01
4.357909090909090992e+03,6.099444627761840820e-01
4.367927272727272793e+03,6.112777590751647949e-01
4.377945454545454595e+03,6.111666560173034668e-01
4.387963636363636397e+03,6.107777953147888184e-01
4.397981818181818198e+03,6.123333573341369629e-01
4.408000000000000000e+03,6.118333339691162109e-01
4.418018181818181802e+03,6.118333339691162109e-01
4.428036363636363603e+03,6.107222437858581543e-01
4.438054545454545405e+03,6.115000247955322266e-01
4.448072727272727207e+03,6.084444522857666016e-01
4.458090909090909008e+03,6.108333468437194824e-01
4.468109090909090810e+03,6.108888983726501465e-01
4.478127272727272612e+03,6.122221946716308594e-01
4.488145454545454413e+03,6.087777614593505859e-01
4.498163636363636215e+03,6.106111407279968262e-01
4.508181818181818016e+03,6.098889112472534180e-01
4.518199999999999818e+03,6.093888878822326660e-01
4.528218181818181620e+03,6.115000247955322266e-01
4.538236363636363421e+03,6.118888854980468750e-01
4.548254545454545223e+03,6.112222075462341309e-01
4.558272727272727025e+03,6.074444651603698730e-01
4.568290909090908826e+03,6.078333258628845215e-01
4.578309090909090628e+03,6.079999804496765137e-01
4.588327272727272430e+03,6.092777848243713379e-01
4.598345454545454231e+03,6.103333234786987305e-01
4.608363636363636033e+03,6.119999885559082031e-01
4.618381818181817835e+03,6.122221946716308594e-01
4.628399999999999636e+03,6.123333573341369629e-01
4.638418181818181438e+03,6.101111173629760742e-01
4.648436363636363239e+03,6.095555424690246582e-01
4.658454545454545041e+03,6.094999909400939941e-01
4.668472727272726843e+03,6.113888621330261230e-01
4.678490909090908644e+03,6.102777719497680664e-01
4.688509090909090446e+03,6.110000014305114746e-01
4.698527272727272248e+03,6.112222075462341309e-01
4.708545454545454049e+03,6.099444627761840820e-01
4.718563636363635851e+03,6.091111302375793457e-01
4.728581818181817653e+03,6.093333363533020020e-01
4.738599999999999454e+03,6.087777614593505859e-01
4.748618181818181256e+03,6.110000014305114746e-01
4.758636363636363058e+03,6.113888621330261230e-01
4.768654545454544859e+03,6.111666560173034668e-01
4.778672727272726661e+03,6.123333573341369629e-01
4.788690909090908463e+03,6.092777848243713379e-01
4.798709090909090264e+03,6.103333234786987305e-01
4.808727272727272066e+03,6.106666922569274902e-01
4.818745454545453867e+03,6.106666922569274902e-01
4.828763636363635669e+03,6.111111044883728027e-01
4.838781818181817471e+03,6.078888773918151855e-01
4.848800000000000182e+03,6.081110835075378418e-01
4.858818181818181984e+03,6.117222309112548828e-01
4.868836363636363785e+03,6.108333468437194824e-01
4.878854545454545587e+03,6.095555424690246582e-01
4.888872727272727388e+03,6.073333621025085449e-01
4.898890909090909190e+03,6.091666817665100098e-01
4.908909090909090992e+03,6.097777485847473145e-01
4.918927272727272793e+03,6.095555424690246582e-01
4.928945454545454595e+03,6.106111407279968262e-01
4.938963636363636397e+03,6.097777485847473145e-01
4.948981818181818198e+03,6.106666922569274902e-01
4.959000000000000000e+03,6.126666665077209473e-01
4.969018181818181802e+03,6.127222180366516113e-01
4.979036363636363603e+03,6.111666560173034668e-01
4.989054545454545405e+03,6.103888750076293945e-01
4.999072727272727207e+03,6.097777485847473145e-01
5.009090909090909008e+03,6.090555787086486816e-01
5.019109090909090810e+03,6.072777509689331055e-01
5.029127272727272612e+03,6.113888621330261230e-01
5.039145454545454413e+03,6.122778058052062988e-01
5.049163636363636215e+03,6.116111278533935547e-01
5.059181818181818016e+03,6.126666665077209473e-01
5.069199999999999818e+03,6.106666922569274902e-01
5.079218181818181620e+03,6.098333597183227539e-01
5.089236363636363421e+03,6.110555529594421387e-01
5.099254545454545223e+03,6.092777848243713379e-01
5.109272727272727025e+03,6.087777614593505859e-01
5.119290909090908826e+03,6.096666455268859863e-01
5.129309090909090628e+03,6.087777614593505859e-01
5.139327272727272430e+03,6.103888750076293945e-01
5.149345454545454231e+03,6.081110835075378418e-01
5.159363636363636033e+03,6.098889112472534180e-01
5.169381818181817835e+03,6.088888645172119141e-01
5.179399999999999636e+03,6.112222075462341309e-01
5.189418181818181438e+03,6.100000143051147461e-01
5.199436363636363239e+03,6.108333468437194824e-01
5.209454545454545041e+03,6.100555658340454102e-01
5.219472727272726843e+03,6.100555658340454102e-01
5.229490909090908644e+03,6.090000271797180176e-01
5.239509090909090446e+03,6.099444627761840820e-01
5.249527272727272248e+03,6.102222204208374023e-01
5.259545454545454049e+03,6.100000143051147461e-01
5.269563636363635851e+03,6.082777976989746094e-01
5.279581818181817653e+03,6.096110939979553223e-01
5.289599999999999454e+03,6.079444289207458496e-01
5.299618181818181256e+03,6.084444522857666016e-01
5.309636363636363058e+03,6.084444522857666016e-01
5.319654545454544859e+03,6.108888983726501465e-01
5.329672727272726661e+03,6.097221970558166504e-01
5.339690909090908463e+03,6.106666922569274902e-01
5.349709090909090264e+03,6.120555400848388672e-01
5.359727272727272066e+03,6.122221946716308594e-01
5.369745454545453867e+03,6.112222075462341309e-01
5.379763636363635669e+03,6.126111149787902832e-01
5.389781818181817471e+03,6.107222437858581543e-01
5.399799999999999272e+03,6.115555763244628906e-01
5.409818181818181074e+03,6.117777824401855469e-01
5.419836363636363785e+03,6.117222309112548828e-01
5.429854545454545587e+03,6.100000143051147461e-01
5.439872727272727388e+03,6.087777614593505859e-01
5.449890909090909190e+03,6.105555295944213867e-01
5.459909090909090992e+03,6.072777509689331055e-01
5.469927272727272793e+03,6.121110916137695312e-01
5.479945454545454595e+03,6.109444499015808105e-01
5.489963636363636397e+03,6.118333339691162109e-01
5.499981818181818198e+03,6.104444265365600586e-01
5.510000000000000000e+03,6.087777614593505859e-01
