# n,accuracy
0.000000000000000000e+00,5.000000000000000000e-01
1.000728862973760869e+01,5.584999918937683105e-01
2.001457725947521737e+01,5.015000104904174805e-01
3.002186588921282606e+01,5.000000000000000000e-01
4.002915451895043475e+01,5.000000000000000000e-01
5.003644314868804344e+01,5.000000000000000000e-01
6.004373177842565212e+01,5.000000000000000000e-01
7.005102040816325371e+01,5.000000000000000000e-01
8.005830903790086950e+01,5.000000000000000000e-01
9.006559766763848529e+01,5.000000000000000000e-01
1.000728862973760869e+02,5.000000000000000000e-01
1.100801749271136885e+02,5.000000000000000000e-01
1.200874635568513042e+02,5.000000000000000000e-01
1.300947521865889200e+02,5.000000000000000000e-01
1.401020408163265074e+02,5.000000000000000000e-01
1.501093294460641232e+02,5.000000000000000000e-01
1.601166180758017390e+02,5.000000000000000000e-01
1.701239067055393548e+02,5.000000000000000000e-01
1.801311953352769706e+02,5.000000000000000000e-01
1.901384839650145580e+02,5.000000000000000000e-01
2.001457725947521737e+02,5.000000000000000000e-01
2.101530612244897895e+02,5.000000000000000000e-01
2.201603498542273769e+02,5.000000000000000000e-01
2.301676384839649927e+02,4.995000064373016357e-01
2.401749271137026085e+02,5.000000000000000000e-01
2.501822157434402243e+02,5.059999823570251465e-01
2.601895043731778401e+02,5.019999742507934570e-01
2.701967930029154559e+02,5.034999847412109375e-01
2.802040816326530148e+02,5.095000267028808594e-01
2.902113702623906306e+02,5.199999809265136719e-01
3.002186588921282464e+02,5.149999856948852539e-01
3.102259475218658622e+02,5.404999852180480957e-01
3.202332361516034780e+02,5.444999933242797852e-01
3.302405247813410938e+02,5.550000071525573730e-01
3.402478134110787096e+02,5.419999957084655762e-01
3.502551020408163254e+02,5.855000019073486328e-01
3.602623906705539412e+02,6.054999828338623047e-01
3.702696793002915001e+02,6.029999852180480957e-01
3.802769679300291159e+02,6.134999990463256836e-01
3.902842565597667317e+02,6.255000233650207520e-01
4.002915451895043475e+02,6.389999985694885254e-01
4.102988338192419633e+02,6.414999961853027344e-01
4.203061224489795791e+02,6.420000195503234863e-01
4.303134110787171949e+02,6.470000147819519043e-01
4.403206997084547538e+02,6.499999761581420898e-01
4.503279883381923696e+02,6.560000181198120117e-01
4.603352769679299854e+02,6.520000100135803223e-01
4.703425655976676012e+02,6.535000205039978027e-01
4.803498542274052170e+02,6.524999737739562988e-01
4.903571428571428328e+02,6.549999713897705078e-01
5.003644314868804486e+02,6.595000028610229492e-01
5.103717201166180644e+02,6.589999794960021973e-01
5.203790087463556802e+02,6.439999938011169434e-01
5.303862973760932391e+02,6.554999947547912598e-01
5.403935860058309117e+02,6.620000004768371582e-01
5.504008746355684707e+02,6.620000004768371582e-01
5.604081632653060296e+02,6.570000052452087402e-01
5.704154518950437023e+02,6.625000238418579102e-01
5.804227405247812612e+02,6.604999899864196777e-01
5.904300291545189339e+02,6.535000205039978027e-01
6.004373177842564928e+02,6.604999899864196777e-01
6.104446064139941655e+02,6.620000004768371582e-01
6.204518950437317244e+02,6.589999794960021973e-01
6.304591836734693970e+02,6.620000004768371582e-01
6.404664723032069560e+02,6.610000133514404297e-01
6.504737609329445149e+02,6.644999980926513672e-01
6.604810495626821876e+02,6.625000238418579102e-01
6.704883381924197465e+02,6.620000004768371582e-01
6.804956268221574192e+02,6.625000238418579102e-01
6.905029154518949781e+02,6.610000133514404297e-01
7.005102040816326507e+02,6.644999980926513672e-01
7.105174927113702097e+02,6.644999980926513672e-01
7.205247813411078823e+02,6.664999723434448242e-01
7.305320699708454413e+02,6.629999876022338867e-01
7.405393586005830002e+02,6.679999828338623047e-01
7.505466472303206729e+02,6.675000190734863281e-01
7.605539358600582318e+02,6.719999909400939941e-01
7.705612244897959044e+02,6.710000038146972656e-01
7.805685131195334634e+02,6.729999780654907227e-01
7.905758017492711360e+02,6.775000095367431641e-01
8.005830903790086950e+02,6.754999756813049316e-01
8.105903790087462539e+02,6.840000152587890625e-01
8.205976676384839266e+02,6.834999918937683105e-01
8.306049562682214855e+02,6.614999771118164062e-01
8.406122448979591582e+02,6.315000057220458984e-01
8.506195335276967171e+02,6.855000257492065430e-01
8.606268221574343897e+02,7.034999728202819824e-01
8.706341107871719487e+02,6.949999928474426270e-01
8.806413994169095076e+02,6.984999775886535645e-01
8.906486880466471803e+02,7.005000114440917969e-01
9.006559766763847392e+02,6.970000267028808594e-01
9.106632653061224119e+02,7.095000147819519043e-01
9.206705539358599708e+02,7.129999995231628418e-01
9.306778425655976434e+02,6.930000185966491699e-01
9.406851311953352024e+02,7.014999985694885254e-01
9.506924198250728750e+02,6.915000081062316895e-01
9.606997084548104340e+02,6.875000000000000000e-01
9.707069970845479929e+02,6.750000119209289551e-01
9.807142857142856656e+02,7.009999752044677734e-01
9.907215743440232245e+02,7.170000076293945312e-01
1.000728862973760897e+03,7.189999818801879883e-01
1.010736151603498456e+03,6.919999718666076660e-01
1.020743440233236129e+03,7.124999761581420898e-01
1.030750728862973801e+03,7.250000238418579102e-01
1.040758017492711360e+03,7.034999728202819824e-01
1.050765306122448919e+03,7.179999947547912598e-01
1.060772594752186478e+03,7.264999747276306152e-01
1.070779883381924037e+03,7.260000109672546387e-01
1.080787172011661823e+03,7.114999890327453613e-01
1.090794460641399382e+03,7.034999728202819824e-01
1.100801749271136941e+03,7.245000004768371582e-01
1.110809037900874500e+03,7.325000166893005371e-01
1.120816326530612059e+03,7.195000052452087402e-01
1.130823615160349846e+03,7.049999833106994629e-01
1.140830903790087405e+03,7.319999933242797852e-01
1.150838192419824964e+03,7.214999794960021973e-01
1.160845481049562522e+03,7.080000042915344238e-01
1.170852769679300309e+03,7.279999852180480957e-01
1.180860058309037868e+03,7.319999933242797852e-01
1.190867346938775427e+03,7.285000085830688477e-01
1.200874635568512986e+03,7.225000262260437012e-01
1.210881924198250545e+03,7.160000205039978027e-01
1.220889212827988331e+03,7.264999747276306152e-01
1.230896501457725890e+03,7.340000271797180176e-01
1.240903790087463449e+03,7.174999713897705078e-01
1.250911078717201008e+03,7.225000262260437012e-01
1.260918367346938794e+03,7.214999794960021973e-01
1.270925655976676353e+03,7.365000247955322266e-01
1.280932944606413912e+03,7.235000133514404297e-01
1.290940233236151471e+03,7.329999804496765137e-01
1.300947521865889030e+03,7.365000247955322266e-01
1.310954810495626816e+03,7.204999923706054688e-01
1.320962099125364375e+03,7.185000181198120117e-01
1.330969387755101934e+03,7.204999923706054688e-01
1.340976676384839493e+03,7.350000143051147461e-01
1.350983965014577279e+03,7.310000061988830566e-01
1.360991253644314838e+03,7.229999899864196777e-01
1.370998542274052397e+03,7.365000247955322266e-01
1.381005830903789956e+03,7.220000028610229492e-01
1.391013119533527515e+03,7.335000038146972656e-01
1.401020408163265301e+03,7.195000052452087402e-01
1.411027696793002860e+03,7.300000190734863281e-01
1.421034985422740419e+03,7.350000143051147461e-01
1.431042274052477978e+03,7.375000119209289551e-01
1.441049562682215765e+03,7.319999933242797852e-01
1.451056851311953324e+03,7.300000190734863281e-01
1.461064139941690883e+03,7.384999990463256836e-01
1.471071428571428442e+03,7.404999732971191406e-01
1.481078717201166000e+03,7.340000271797180176e-01
1.491086005830903787e+03,7.394999861717224121e-01
1.501093294460641346e+03,7.269999980926513672e-01
1.511100583090378905e+03,7.375000119209289551e-01
1.521107871720116464e+03,7.354999780654907227e-01
1.531115160349854023e+03,7.300000190734863281e-01
1.541122448979591809e+03,7.384999990463256836e-01
1.551129737609329368e+03,7.455000281333923340e-01
1.561137026239066927e+03,7.319999933242797852e-01
1.571144314868804486e+03,7.350000143051147461e-01
1.581151603498542272e+03,7.310000061988830566e-01
1.591158892128279831e+03,7.425000071525573730e-01
1.601166180758017390e+03,7.450000047683715820e-01
1.611173469387754949e+03,6.990000009536743164e-01
1.621180758017492508e+03,7.350000143051147461e-01
1.631188046647230294e+03,7.490000128746032715e-01
1.641195335276967853e+03,7.110000252723693848e-01
1.651202623906705412e+03,7.300000190734863281e-01
1.661209912536442971e+03,7.264999747276306152e-01
1.671217201166180757e+03,7.459999918937683105e-01
1.681224489795918316e+03,7.285000085830688477e-01
1.691231778425655875e+03,7.369999885559082031e-01
1.701239067055393434e+03,7.444999814033508301e-01
1.711246355685130993e+03,7.340000271797180176e-01
1.721253644314868779e+03,7.379999756813049316e-01
1.731260932944606338e+03,7.425000071525573730e-01
1.741268221574343897e+03,7.340000271797180176e-01
1.751275510204081456e+03,7.369999885559082031e-01
1.761282798833819015e+03,7.400000095367431641e-01
1.771290087463556802e+03,7.379999756813049316e-01
1.781297376093294361e+03,7.344999909400939941e-01
1.791304664723031919e+03,7.360000014305114746e-01
1.801311953352769478e+03,7.344999909400939941e-01
1.811319241982507265e+03,7.425000071525573730e-01
1.821326530612244824e+03,7.475000023841857910e-01
1.831333819241982383e+03,7.415000200271606445e-01
1.841341107871719942e+03,7.344999909400939941e-01
1.851348396501457501e+03,7.475000023841857910e-01
1.861355685131195287e+03,7.379999756813049316e-01
1.871362973760932846e+03,7.279999852180480957e-01
1.881370262390670405e+03,7.384999990463256836e-01
1.891377551020407964e+03,7.455000281333923340e-01
1.901384839650145750e+03,7.315000295639038086e-01
1.911392128279883309e+03,7.415000200271606445e-01
1.921399416909620868e+03,7.419999837875366211e-01
1.931406705539358427e+03,6.919999718666076660e-01
1.941413994169095986e+03,7.419999837875366211e-01
1.951421282798833772e+03,7.189999818801879883e-01
1.961428571428571331e+03,7.440000176429748535e-01
1.971435860058308890e+03,7.335000038146972656e-01
1.981443148688046449e+03,7.384999990463256836e-01
1.991450437317784235e+03,7.360000014305114746e-01
2.001457725947521794e+03,7.534999847412109375e-01
2.011465014577259353e+03,7.444999814033508301e-01
2.021472303206996912e+03,7.440000176429748535e-01
2.031479591836734471e+03,7.475000023841857910e-01
2.041486880466472257e+03,7.384999990463256836e-01
2.051494169096209589e+03,7.484999895095825195e-01
2.061501457725947603e+03,7.129999995231628418e-01
2.071508746355685162e+03,7.350000143051147461e-01
2.081516034985422721e+03,7.170000076293945312e-01
2.091523323615160280e+03,7.530000209808349609e-01
2.101530612244897839e+03,7.365000247955322266e-01
2.111537900874635397e+03,7.524999976158142090e-01
2.121545189504372956e+03,7.365000247955322266e-01
2.131552478134110515e+03,7.340000271797180176e-01
2.141559766763848074e+03,7.409999966621398926e-01
2.151567055393586088e+03,7.530000209808349609e-01
2.161574344023323647e+03,7.354999780654907227e-01
2.171581632653061206e+03,7.480000257492065430e-01
2.181588921282798765e+03,7.459999918937683105e-01
2.191596209912536324e+03,7.484999895095825195e-01
2.201603498542273883e+03,7.444999814033508301e-01
2.211610787172011442e+03,7.360000014305114746e-01
2.221618075801749001e+03,7.509999871253967285e-01
2.231625364431486560e+03,7.515000104904174805e-01
2.241632653061224119e+03,7.245000004768371582e-01
2.251639941690962132e+03,7.419999837875366211e-01
2.261647230320699691e+03,7.369999885559082031e-01
2.271654518950437250e+03,7.400000095367431641e-01
2.281661807580174809e+03,7.434999942779541016e-01
2.291669096209912368e+03,7.200000286102294922e-01
2.301676384839649927e+03,7.434999942779541016e-01
2.311683673469387486e+03,7.475000023841857910e-01
2.321690962099125045e+03,7.394999861717224121e-01
2.331698250728862604e+03,7.394999861717224121e-01
2.341705539358600618e+03,7.360000014305114746e-01
2.351712827988338177e+03,7.394999861717224121e-01
2.361720116618075735e+03,7.304999828338623047e-01
2.371727405247813294e+03,7.494999766349792480e-01
2.381734693877550853e+03,7.509999871253967285e-01
2.391741982507288412e+03,7.340000271797180176e-01
2.401749271137025971e+03,7.455000281333923340e-01
2.411756559766763530e+03,7.394999861717224121e-01
2.421763848396501089e+03,7.419999837875366211e-01
2.431771137026239103e+03,7.304999828338623047e-01
2.441778425655976662e+03,7.434999942779541016e-01
2.451785714285714221e+03,7.450000047683715820e-01
2.461793002915451780e+03,7.459999918937683105e-01
2.471800291545189339e+03,7.530000209808349609e-01
2.481807580174926898e+03,7.519999742507934570e-01
2.491814868804664457e+03,7.344999909400939941e-01
2.501822157434402015e+03,7.360000014305114746e-01
2.511829446064139574e+03,7.534999847412109375e-01
2.521836734693877588e+03,7.500000000000000000e-01
2.531844023323615147e+03,7.480000257492065430e-01
2.541851311953352706e+03,7.379999756813049316e-01
2.551858600583090265e+03,7.540000081062316895e-01
2.561865889212827824e+03,7.404999732971191406e-01
2.571873177842565383e+03,7.409999966621398926e-01
2.581880466472302942e+03,7.559999823570251465e-01
2.591887755102040501e+03,7.534999847412109375e-01
2.601895043731778060e+03,7.440000176429748535e-01
2.611902332361516073e+03,7.469999790191650391e-01
2.621909620991253632e+03,7.555000185966491699e-01
2.631916909620991191e+03,7.450000047683715820e-01
2.641924198250728750e+03,7.509999871253967285e-01
2.651931486880466309e+03,7.404999732971191406e-01
2.661938775510203868e+03,7.440000176429748535e-01
2.671946064139941427e+03,7.480000257492065430e-01
2.681953352769678986e+03,7.490000128746032715e-01
2.691960641399416545e+03,7.459999918937683105e-01
2.701967930029154559e+03,7.509999871253967285e-01
2.711975218658892118e+03,7.455000281333923340e-01
2.721982507288629677e+03,7.455000281333923340e-01
2.731989795918367236e+03,7.509999871253967285e-01
2.741997084548104795e+03,7.444999814033508301e-01
2.752004373177842353e+03,7.455000281333923340e-01
2.762011661807579912e+03,7.559999823570251465e-01
2.772018950437317471e+03,7.440000176429748535e-01
2.782026239067055030e+03,7.400000095367431641e-01
2.792033527696793044e+03,7.465000152587890625e-01
2.802040816326530603e+03,7.455000281333923340e-01
2.812048104956268162e+03,7.509999871253967285e-01
2.822055393586005721e+03,7.375000119209289551e-01
2.832062682215743280e+03,7.490000128746032715e-01
2.842069970845480839e+03,7.409999966621398926e-01
2.852077259475218398e+03,7.444999814033508301e-01
2.862084548104955957e+03,7.509999871253967285e-01
2.872091836734693516e+03,7.530000209808349609e-01
2.882099125364431529e+03,7.440000176429748535e-01
2.892106413994169088e+03,7.444999814033508301e-01
2.902113702623906647e+03,7.379999756813049316e-01
2.912120991253644206e+03,7.570000290870666504e-01
2.922128279883381765e+03,7.444999814033508301e-01
2.932135568513119324e+03,7.444999814033508301e-01
2.942142857142856883e+03,7.459999918937683105e-01
2.952150145772594442e+03,7.425000071525573730e-01
2.962157434402332001e+03,7.605000138282775879e-01
2.972164723032069560e+03,7.505000233650207520e-01
2.982172011661807574e+03,7.490000128746032715e-01
2.992179300291545132e+03,7.500000000000000000e-01
3.002186588921282691e+03,7.390000224113464355e-01
3.012193877551020250e+03,7.515000104904174805e-01
3.022201166180757809e+03,7.434999942779541016e-01
3.032208454810495368e+03,7.440000176429748535e-01
3.042215743440232927e+03,7.609999775886535645e-01
3.052223032069970486e+03,7.480000257492065430e-01
3.062230320699708045e+03,7.465000152587890625e-01
3.072237609329446059e+03,7.450000047683715820e-01
3.082244897959183618e+03,7.365000247955322266e-01
3.092252186588921177e+03,7.419999837875366211e-01
3.102259475218658736e+03,7.524999976158142090e-01
3.112266763848396295e+03,7.544999718666076660e-01
3.122274052478133854e+03,7.515000104904174805e-01
3.132281341107871413e+03,7.409999966621398926e-01
3.142288629737608971e+03,7.475000023841857910e-01
3.152295918367346530e+03,7.500000000000000000e-01
3.162303206997084544e+03,7.524999976158142090e-01
3.172310495626822103e+03,7.515000104904174805e-01
3.182317784256559662e+03,7.565000057220458984e-01
3.192325072886297221e+03,7.549999952316284180e-01
3.202332361516034780e+03,7.390000224113464355e-01
3.212339650145772339e+03,7.524999976158142090e-01
3.222346938775509898e+03,7.519999742507934570e-01
3.232354227405247457e+03,7.484999895095825195e-01
3.242361516034985016e+03,7.584999799728393555e-01
3.252368804664723029e+03,7.519999742507934570e-01
3.262376093294460588e+03,7.375000119209289551e-01
3.272383381924198147e+03,7.455000281333923340e-01
3.282390670553935706e+03,7.450000047683715820e-01
3.292397959183673265e+03,7.519999742507934570e-01
3.302405247813410824e+03,7.469999790191650391e-01
3.312412536443148383e+03,7.559999823570251465e-01
3.322419825072885942e+03,7.465000152587890625e-01
3.332427113702623501e+03,7.459999918937683105e-01
3.342434402332361515e+03,7.484999895095825195e-01
3.352441690962099074e+03,7.509999871253967285e-01
3.362448979591836633e+03,7.505000233650207520e-01
3.372456268221574192e+03,7.509999871253967285e-01
3.382463556851311751e+03,7.440000176429748535e-01
3.392470845481049309e+03,7.524999976158142090e-01
3.402478134110786868e+03,7.584999799728393555e-01
3.412485422740524427e+03,7.534999847412109375e-01
3.422492711370261986e+03,7.505000233650207520e-01
3.432500000000000000e+03,7.494999766349792480e-01
3.442507288629737559e+03,7.565000057220458984e-01
3.452514577259475118e+03,7.494999766349792480e-01
3.462521865889212677e+03,7.524999976158142090e-01
3.472529154518950236e+03,7.580000162124633789e-01
3.482536443148687795e+03,7.379999756813049316e-01
3.492543731778425354e+03,7.605000138282775879e-01
3.502551020408162913e+03,7.484999895095825195e-01
3.512558309037900472e+03,7.475000023841857910e-01
3.522565597667638031e+03,7.505000233650207520e-01
3.532572886297376044e+03,7.365000247955322266e-01
3.542580174927113603e+03,7.469999790191650391e-01
3.552587463556851162e+03,7.475000023841857910e-01
3.562594752186588721e+03,7.590000033378601074e-01
3.572602040816326280e+03,7.509999871253967285e-01
3.582609329446063839e+03,7.574999928474426270e-01
3.592616618075801398e+03,7.394999861717224121e-01
3.602623906705538957e+03,7.515000104904174805e-01
3.612631195335276516e+03,7.425000071525573730e-01
3.622638483965014530e+03,7.555000185966491699e-01
3.632645772594752088e+03,7.509999871253967285e-01
3.642653061224489647e+03,7.375000119209289551e-01
3.652660349854227206e+03,7.519999742507934570e-01
3.662667638483964765e+03,7.434999942779541016e-01
3.672674927113702324e+03,7.429999709129333496e-01
3.682682215743439883e+03,7.519999742507934570e-01
3.692689504373177442e+03,7.544999718666076660e-01
3.702696793002915001e+03,7.304999828338623047e-01
3.712704081632653015e+03,7.515000104904174805e-01
3.722711370262390574e+03,7.544999718666076660e-01
3.732718658892128133e+03,7.444999814033508301e-01
3.742725947521865692e+03,7.379999756813049316e-01
3.752733236151603251e+03,7.580000162124633789e-01
3.762740524781340810e+03,7.500000000000000000e-01
3.772747813411078369e+03,7.500000000000000000e-01
3.782755102040815927e+03,7.509999871253967285e-01
3.792762390670553486e+03,7.609999775886535645e-01
3.802769679300291500e+03,7.494999766349792480e-01
3.812776967930029059e+03,7.465000152587890625e-01
3.822784256559766618e+03,7.494999766349792480e-01
3.832791545189504177e+03,7.480000257492065430e-01
3.842798833819241736e+03,7.480000257492065430e-01
3.852806122448979295e+03,7.584999799728393555e-01
3.862813411078716854e+03,7.624999880790710449e-01
3.872820699708454413e+03,7.515000104904174805e-01
3.882827988338191972e+03,7.505000233650207520e-01
3.892835276967929985e+03,7.534999847412109375e-01
3.902842565597667544e+03,7.519999742507934570e-01
3.912849854227405103e+03,7.549999952316284180e-01
3.922857142857142662e+03,7.494999766349792480e-01
3.932864431486880221e+03,7.639999985694885254e-01
3.942871720116617780e+03,7.484999895095825195e-01
3.952879008746355339e+03,7.570000290870666504e-01
3.962886297376092898e+03,7.484999895095825195e-01
3.972893586005830457e+03,7.509999871253967285e-01
3.982900874635568471e+03,7.505000233650207520e-01
3.992908163265306030e+03,7.515000104904174805e-01
4.002915451895043589e+03,7.500000000000000000e-01
4.012922740524781148e+03,7.379999756813049316e-01
4.022930029154518706e+03,7.620000243186950684e-01
4.032937317784256265e+03,7.375000119209289551e-01
4.042944606413993824e+03,7.494999766349792480e-01
4.052951895043731383e+03,7.534999847412109375e-01
4.062959183673468942e+03,7.515000104904174805e-01
4.072966472303206956e+03,7.639999985694885254e-01
4.082973760932944515e+03,7.400000095367431641e-01
4.092981049562682074e+03,7.530000209808349609e-01
4.102988338192419178e+03,7.519999742507934570e-01
4.112995626822156737e+03,7.544999718666076660e-01
4.123002915451895205e+03,7.544999718666076660e-01
4.133010204081632764e+03,7.605000138282775879e-01
4.143017492711370323e+03,7.519999742507934570e-01
4.153024781341107882e+03,7.534999847412109375e-01
4.163032069970845441e+03,7.509999871253967285e-01
4.173039358600583000e+03,7.609999775886535645e-01
4.183046647230320559e+03,7.465000152587890625e-01
4.193053935860058118e+03,7.365000247955322266e-01
4.203061224489795677e+03,7.505000233650207520e-01
4.213068513119533236e+03,7.394999861717224121e-01
4.223075801749270795e+03,7.659999728202819824e-01
4.233083090379008354e+03,7.524999976158142090e-01
4.243090379008745913e+03,7.500000000000000000e-01
4.253097667638483472e+03,7.624999880790710449e-01
4.263104956268221031e+03,7.365000247955322266e-01
4.273112244897958590e+03,7.505000233650207520e-01
4.283119533527696149e+03,7.580000162124633789e-01
4.293126822157433708e+03,7.475000023841857910e-01
4.303134110787172176e+03,7.540000081062316895e-01
4.313141399416909735e+03,7.580000162124633789e-01
4.323148688046647294e+03,7.469999790191650391e-01
4.333155976676384853e+03,7.609999775886535645e-01
4.343163265306122412e+03,7.599999904632568359e-01
4.353170553935859971e+03,7.204999923706054688e-01
4.363177842565597530e+03,7.584999799728393555e-01
4.373185131195335089e+03,7.574999928474426270e-01
4.383192419825072648e+03,7.369999885559082031e-01
4.393199708454810207e+03,7.544999718666076660e-01
4.403206997084547766e+03,7.524999976158142090e-01
4.413214285714285325e+03,7.609999775886535645e-01
4.423221574344022883e+03,7.655000090599060059e-01
4.433228862973760442e+03,7.335000038146972656e-01
4.443236151603498001e+03,7.509999871253967285e-01
4.453243440233235560e+03,7.595000267028808594e-01
4.463250728862973119e+03,7.480000257492065430e-01
4.473258017492710678e+03,7.570000290870666504e-01
4.483265306122448237e+03,7.574999928474426270e-01
4.493272594752186706e+03,7.555000185966491699e-01
4.503279883381924265e+03,7.590000033378601074e-01
4.513287172011661823e+03,7.490000128746032715e-01
4.523294460641399382e+03,7.559999823570251465e-01
4.533301749271136941e+03,7.595000267028808594e-01
4.543309037900874500e+03,7.574999928474426270e-01
4.553316326530612059e+03,7.574999928474426270e-01
4.563323615160349618e+03,7.580000162124633789e-01
4.573330903790087177e+03,7.509999871253967285e-01
4.583338192419824736e+03,7.549999952316284180e-01
4.593345481049562295e+03,7.509999871253967285e-01
4.603352769679299854e+03,7.540000081062316895e-01
4.613360058309037413e+03,7.559999823570251465e-01
4.623367346938774972e+03,7.590000033378601074e-01
4.633374635568512531e+03,7.524999976158142090e-01
4.643381924198250090e+03,7.549999952316284180e-01
4.653389212827987649e+03,7.570000290870666504e-01
4.663396501457725208e+03,7.620000243186950684e-01
4.673403790087463676e+03,7.229999899864196777e-01
4.683411078717201235e+03,7.570000290870666504e-01
4.693418367346938794e+03,7.595000267028808594e-01
4.703425655976676353e+03,7.584999799728393555e-01
4.713432944606413912e+03,7.595000267028808594e-01
4.723440233236151471e+03,7.329999804496765137e-01
4.733447521865889030e+03,7.534999847412109375e-01
4.743454810495626589e+03,7.394999861717224121e-01
4.753462099125364148e+03,7.559999823570251465e-01
4.763469387755101707e+03,7.565000057220458984e-01
4.773476676384839266e+03,7.580000162124633789e-01
4.783483965014576825e+03,7.580000162124633789e-01
4.793491253644314384e+03,7.409999966621398926e-01
4.803498542274051943e+03,7.505000233650207520e-01
4.813505830903789501e+03,7.335000038146972656e-01
4.823513119533527060e+03,7.605000138282775879e-01
4.833520408163264619e+03,7.634999752044677734e-01
4.843527696793002178e+03,7.465000152587890625e-01
4.853534985422740647e+03,7.549999952316284180e-01
4.863542274052478206e+03,7.524999976158142090e-01
4.873549562682215765e+03,7.365000247955322266e-01
4.883556851311953324e+03,7.645000219345092773e-01
4.893564139941690883e+03,7.540000081062316895e-01
4.903571428571428442e+03,7.544999718666076660e-01
4.913578717201166000e+03,7.584999799728393555e-01
4.923586005830903559e+03,7.574999928474426270e-01
4.933593294460641118e+03,7.570000290870666504e-01
4.943600583090378677e+03,7.605000138282775879e-01
4.953607871720116236e+03,7.580000162124633789e-01
4.963615160349853795e+03,7.555000185966491699e-01
4.973622448979591354e+03,7.570000290870666504e-01
4.983629737609328913e+03,7.649999856948852539e-01
4.993637026239066472e+03,7.484999895095825195e-01
5.003644314868804031e+03,7.664999961853027344e-01
5.013651603498541590e+03,7.540000081062316895e-01
5.023658892128279149e+03,7.609999775886535645e-01
5.033666180758017617e+03,7.415000200271606445e-01
5.043673469387755176e+03,7.659999728202819824e-01
5.053680758017492735e+03,7.565000057220458984e-01
5.063688046647230294e+03,7.574999928474426270e-01
5.073695335276967853e+03,7.404999732971191406e-01
5.083702623906705412e+03,7.655000090599060059e-01
5.093709912536442971e+03,7.465000152587890625e-01
5.103717201166180530e+03,7.615000009536743164e-01
5.113724489795918089e+03,7.639999985694885254e-01
5.123731778425655648e+03,7.369999885559082031e-01
5.133739067055393207e+03,7.645000219345092773e-01
5.143746355685130766e+03,7.620000243186950684e-01
5.153753644314868325e+03,7.565000057220458984e-01
5.163760932944605884e+03,7.409999966621398926e-01
5.173768221574343443e+03,7.574999928474426270e-01
5.183775510204081002e+03,7.505000233650207520e-01
5.193782798833818561e+03,7.544999718666076660e-01
5.203790087463556119e+03,7.664999961853027344e-01
5.213797376093293678e+03,7.574999928474426270e-01
5.223804664723032147e+03,7.544999718666076660e-01
5.233811953352769706e+03,7.555000185966491699e-01
5.243819241982507265e+03,7.590000033378601074e-01
5.253826530612244824e+03,7.559999823570251465e-01
5.263833819241982383e+03,7.574999928474426270e-01
5.273841107871719942e+03,7.500000000000000000e-01
5.283848396501457501e+03,7.620000243186950684e-01
5.293855685131195060e+03,7.590000033378601074e-01
5.303862973760932618e+03,7.639999985694885254e-01
5.313870262390670177e+03,7.559999823570251465e-01
5.323877551020407736e+03,7.659999728202819824e-01
5.333884839650145295e+03,7.419999837875366211e-01
5.343892128279882854e+03,7.544999718666076660e-01
5.353899416909620413e+03,7.584999799728393555e-01
5.363906705539357972e+03,7.639999985694885254e-01
5.373913994169095531e+03,7.639999985694885254e-01
5.383921282798833090e+03,7.639999985694885254e-01
5.393928571428570649e+03,7.620000243186950684e-01
5.403935860058309117e+03,7.444999814033508301e-01
5.413943148688046676e+03,7.639999985694885254e-01
5.423950437317784235e+03,7.354999780654907227e-01
5.433957725947521794e+03,7.624999880790710449e-01
5.443965014577259353e+03,7.484999895095825195e-01
5.453972303206996912e+03,7.480000257492065430e-01
5.463979591836734471e+03,7.555000185966491699e-01
5.473986880466472030e+03,7.584999799728393555e-01
5.483994169096209589e+03,7.624999880790710449e-01
5.494001457725947148e+03,7.580000162124633789e-01
5.504008746355684707e+03,7.645000219345092773e-01
5.514016034985422266e+03,7.664999961853027344e-01
5.524023323615159825e+03,7.480000257492065430e-01
5.534030612244897384e+03,7.574999928474426270e-01
5.544037900874634943e+03,7.490000128746032715e-01
5.554045189504372502e+03,7.570000290870666504e-01
5.564052478134110061e+03,7.540000081062316895e-01
5.574059766763847620e+03,7.475000023841857910e-01
5.584067055393586088e+03,7.670000195503234863e-01
5.594074344023323647e+03,7.645000219345092773e-01
5.604081632653061206e+03,7.555000185966491699e-01
5.614088921282798765e+03,7.620000243186950684e-01
5.624096209912536324e+03,7.609999775886535645e-01
5.634103498542273883e+03,7.630000114440917969e-01
5.644110787172011442e+03,7.540000081062316895e-01
5.654118075801749001e+03,7.540000081062316895e-01
5.664125364431486560e+03,7.639999985694885254e-01
5.674132653061224119e+03,7.509999871253967285e-01
5.684139941690961678e+03,7.655000090599060059e-01
5.694147230320699236e+03,7.415000200271606445e-01
5.704154518950436795e+03,7.609999775886535645e-01
5.714161807580174354e+03,7.624999880790710449e-01
5.724169096209911913e+03,7.260000109672546387e-01
5.734176384839649472e+03,7.630000114440917969e-01
5.744183673469387031e+03,7.559999823570251465e-01
5.754190962099124590e+03,7.645000219345092773e-01
5.764198250728863059e+03,7.584999799728393555e-01
5.774205539358600618e+03,7.664999961853027344e-01
5.784212827988338177e+03,7.649999856948852539e-01
5.794220116618075735e+03,7.609999775886535645e-01
5.804227405247813294e+03,7.524999976158142090e-01
5.814234693877550853e+03,7.565000057220458984e-01
5.824241982507288412e+03,7.624999880790710449e-01
5.834249271137025971e+03,7.599999904632568359e-01
5.844256559766763530e+03,7.500000000000000000e-01
5.854263848396501089e+03,7.459999918937683105e-01
5.864271137026238648e+03,7.684999704360961914e-01
5.874278425655976207e+03,7.500000000000000000e-01
5.884285714285713766e+03,7.630000114440917969e-01
5.894293002915451325e+03,7.595000267028808594e-01
5.904300291545188884e+03,7.469999790191650391e-01
5.914307580174926443e+03,7.534999847412109375e-01
5.924314868804664002e+03,7.419999837875366211e-01
5.934322157434401561e+03,7.384999990463256836e-01
5.944329446064139120e+03,7.674999833106994629e-01
5.954336734693877588e+03,7.645000219345092773e-01
5.964344023323615147e+03,7.365000247955322266e-01
5.974351311953352706e+03,7.670000195503234863e-01
5.984358600583090265e+03,7.655000090599060059e-01
5.994365889212827824e+03,7.530000209808349609e-01
6.004373177842565383e+03,7.540000081062316895e-01
6.014380466472302942e+03,7.490000128746032715e-01
6.024387755102040501e+03,7.549999952316284180e-01
6.034395043731778060e+03,7.475000023841857910e-01
6.044402332361515619e+03,7.624999880790710449e-01
6.054409620991253178e+03,7.645000219345092773e-01
6.064416909620990737e+03,7.480000257492065430e-01
6.074424198250728296e+03,7.645000219345092773e-01
6.084431486880465854e+03,7.329999804496765137e-01
6.094438775510203413e+03,7.544999718666076660e-01
6.104446064139940972e+03,7.620000243186950684e-01
6.114453352769678531e+03,7.434999942779541016e-01
6.124460641399416090e+03,7.630000114440917969e-01
6.134467930029154559e+03,7.705000042915344238e-01
6.144475218658892118e+03,7.605000138282775879e-01
6.154482507288629677e+03,7.645000219345092773e-01
6.164489795918367236e+03,7.570000290870666504e-01
6.174497084548104795e+03,7.699999809265136719e-01
6.184504373177842353e+03,7.505000233650207520e-01
6.194511661807579912e+03,7.565000057220458984e-01
6.204518950437317471e+03,7.519999742507934570e-01
6.214526239067055030e+03,7.279999852180480957e-01
6.224533527696792589e+03,7.465000152587890625e-01
6.234540816326530148e+03,7.609999775886535645e-01
6.244548104956267707e+03,7.609999775886535645e-01
6.254555393586005266e+03,7.655000090599060059e-01
6.264562682215742825e+03,7.459999918937683105e-01
6.274569970845480384e+03,7.570000290870666504e-01
6.284577259475217943e+03,7.645000219345092773e-01
6.294584548104955502e+03,7.480000257492065430e-01
6.304591836734693061e+03,7.649999856948852539e-01
6.314599125364431529e+03,7.400000095367431641e-01
6.324606413994169088e+03,7.645000219345092773e-01
6.334613702623906647e+03,7.490000128746032715e-01
6.344620991253644206e+03,7.659999728202819824e-01
6.354628279883381765e+03,7.605000138282775879e-01
6.364635568513119324e+03,7.599999904632568359e-01
6.374642857142856883e+03,7.534999847412109375e-01
6.384650145772594442e+03,7.329999804496765137e-01
6.394657434402332001e+03,7.664999961853027344e-01
6.404664723032069560e+03,7.549999952316284180e-01
6.414672011661807119e+03,7.580000162124633789e-01
6.424679300291544678e+03,7.494999766349792480e-01
6.434686588921282237e+03,7.375000119209289551e-01
6.444693877551019796e+03,7.649999856948852539e-01
6.454701166180757355e+03,7.509999871253967285e-01
6.464708454810494914e+03,7.680000066757202148e-01
6.474715743440232472e+03,7.590000033378601074e-01
6.484723032069970031e+03,7.319999933242797852e-01
6.494730320699707590e+03,7.670000195503234863e-01
6.504737609329446059e+03,7.630000114440917969e-01
6.514744897959183618e+03,7.595000267028808594e-01
6.524752186588921177e+03,7.689999938011169434e-01
6.534759475218658736e+03,7.649999856948852539e-01
6.544766763848396295e+03,7.645000219345092773e-01
6.554774052478133854e+03,7.630000114440917969e-01
6.564781341107871413e+03,7.634999752044677734e-01
6.574788629737608971e+03,7.670000195503234863e-01
6.584795918367346530e+03,7.590000033378601074e-01
6.594803206997084089e+03,7.649999856948852539e-01
6.604810495626821648e+03,7.505000233650207520e-01
6.614817784256559207e+03,7.615000009536743164e-01
6.624825072886296766e+03,7.620000243186950684e-01
6.634832361516034325e+03,7.605000138282775879e-01
6.644839650145771884e+03,7.724999785423278809e-01
6.654846938775509443e+03,7.595000267028808594e-01
6.664854227405247002e+03,7.699999809265136719e-01
6.674861516034984561e+03,7.645000219345092773e-01
6.684868804664723029e+03,7.630000114440917969e-01
6.694876093294460588e+03,7.710000276565551758e-01
6.704883381924198147e+03,7.505000233650207520e-01
6.714890670553935706e+03,7.695000171661376953e-01
6.724897959183673265e+03,7.670000195503234863e-01
6.734905247813410824e+03,7.639999985694885254e-01
6.744912536443148383e+03,7.689999938011169434e-01
6.754919825072885942e+03,7.580000162124633789e-01
6.764927113702623501e+03,7.695000171661376953e-01
6.774934402332361060e+03,7.670000195503234863e-01
6.784941690962098619e+03,7.699999809265136719e-01
6.794948979591836178e+03,7.605000138282775879e-01
6.804956268221573737e+03,7.620000243186950684e-01
6.814963556851311296e+03,7.724999785423278809e-01
6.824970845481048855e+03,7.494999766349792480e-01
6.834978134110786414e+03,7.720000147819519043e-01
6.844985422740523973e+03,7.615000009536743164e-01
6.854992711370261532e+03,7.354999780654907227e-01
6.865000000000000000e+03,7.639999985694885254e-01
6.875007288629737559e+03,7.294999957084655762e-01
6.885014577259475118e+03,7.649999856948852539e-01
6.895021865889212677e+03,7.699999809265136719e-01
6.905029154518950236e+03,7.605000138282775879e-01
6.915036443148687795e+03,7.599999904632568359e-01
6.925043731778425354e+03,7.509999871253967285e-01
6.935051020408162913e+03,7.659999728202819824e-01
6.945058309037900472e+03,7.739999890327453613e-01
6.955065597667638031e+03,7.519999742507934570e-01
6.965072886297375589e+03,7.634999752044677734e-01
6.975080174927113148e+03,7.634999752044677734e-01
6.985087463556850707e+03,7.730000019073486328e-01
6.995094752186588266e+03,7.735000252723693848e-01
7.005102040816325825e+03,7.515000104904174805e-01
7.015109329446063384e+03,7.699999809265136719e-01
7.025116618075800943e+03,7.730000019073486328e-01
7.035123906705538502e+03,7.670000195503234863e-01
7.045131195335276061e+03,7.595000267028808594e-01
7.055138483965014530e+03,7.549999952316284180e-01
7.065145772594752088e+03,7.605000138282775879e-01
7.075153061224489647e+03,7.714999914169311523e-01
7.085160349854227206e+03,7.570000290870666504e-01
7.095167638483964765e+03,7.714999914169311523e-01
7.105174927113702324e+03,7.530000209808349609e-01
7.115182215743439883e+03,7.724999785423278809e-01
7.125189504373177442e+03,7.530000209808349609e-01
7.135196793002915001e+03,7.574999928474426270e-01
7.145204081632652560e+03,7.730000019073486328e-01
7.155211370262390119e+03,7.519999742507934570e-01
7.165218658892127678e+03,7.764999866485595703e-01
7.175225947521865237e+03,7.620000243186950684e-01
7.185233236151602796e+03,7.720000147819519043e-01
7.195240524781340355e+03,7.664999961853027344e-01
7.205247813411077914e+03,7.695000171661376953e-01
7.215255102040815473e+03,7.745000123977661133e-01
7.225262390670553032e+03,7.570000290870666504e-01
7.235269679300291500e+03,7.710000276565551758e-01
7.245276967930029059e+03,7.664999961853027344e-01
7.255284256559766618e+03,7.544999718666076660e-01
7.265291545189504177e+03,7.630000114440917969e-01
7.275298833819241736e+03,7.724999785423278809e-01
7.285306122448979295e+03,7.630000114440917969e-01
7.295313411078716854e+03,7.649999856948852539e-01
7.305320699708454413e+03,7.730000019073486328e-01
7.315327988338191972e+03,7.664999961853027344e-01
7.325335276967929531e+03,7.674999833106994629e-01
7.335342565597667090e+03,7.745000123977661133e-01
7.345349854227404649e+03,7.754999995231628418e-01
7.355357142857142208e+03,7.565000057220458984e-01
7.365364431486879766e+03,7.745000123977661133e-01
7.375371720116617325e+03,7.684999704360961914e-01
7.385379008746354884e+03,7.375000119209289551e-01
7.395386297376092443e+03,7.724999785423278809e-01
7.405393586005830002e+03,7.315000295639038086e-01
7.415400874635568471e+03,7.584999799728393555e-01
7.425408163265306030e+03,7.465000152587890625e-01
7.435415451895043589e+03,7.534999847412109375e-01
7.445422740524781148e+03,7.599999904632568359e-01
7.455430029154518706e+03,7.570000290870666504e-01
7.465437317784256265e+03,7.705000042915344238e-01
7.475444606413993824e+03,7.655000090599060059e-01
7.485451895043731383e+03,7.524999976158142090e-01
7.495459183673468942e+03,7.705000042915344238e-01
7.505466472303206501e+03,7.440000176429748535e-01
7.515473760932944060e+03,7.689999938011169434e-01
7.525481049562681619e+03,7.634999752044677734e-01
7.535488338192419178e+03,7.540000081062316895e-01
7.545495626822156737e+03,7.379999756813049316e-01
7.555502915451894296e+03,7.519999742507934570e-01
7.565510204081631855e+03,7.490000128746032715e-01
7.575517492711369414e+03,7.684999704360961914e-01
7.585524781341106973e+03,7.354999780654907227e-01
7.595532069970845441e+03,7.494999766349792480e-01
7.605539358600583000e+03,7.639999985694885254e-01
7.615546647230320559e+03,7.590000033378601074e-01
7.625553935860058118e+03,7.590000033378601074e-01
7.635561224489795677e+03,7.659999728202819824e-01
7.645568513119533236e+03,7.450000047683715820e-01
7.655575801749270795e+03,7.710000276565551758e-01
7.665583090379008354e+03,7.580000162124633789e-01
7.675590379008745913e+03,7.634999752044677734e-01
7.685597667638483472e+03,7.724999785423278809e-01
7.695604956268221031e+03,7.484999895095825195e-01
7.705612244897958590e+03,7.450000047683715820e-01
7.715619533527696149e+03,7.609999775886535645e-01
7.725626822157433708e+03,7.599999904632568359e-01
7.735634110787171267e+03,7.335000038146972656e-01
7.745641399416908826e+03,7.624999880790710449e-01
7.755648688046646384e+03,7.624999880790710449e-01
7.765655976676383943e+03,7.699999809265136719e-01
7.775663265306121502e+03,7.490000128746032715e-01
7.785670553935859971e+03,7.480000257492065430e-01
7.795677842565597530e+03,7.714999914169311523e-01
7.805685131195335089e+03,7.505000233650207520e-01
7.815692419825072648e+03,7.404999732971191406e-01
7.825699708454810207e+03,7.639999985694885254e-01
7.835706997084547766e+03,7.695000171661376953e-01
7.845714285714285325e+03,7.315000295639038086e-01
7.855721574344022883e+03,7.609999775886535645e-01
7.865728862973760442e+03,7.315000295639038086e-01
7.875736151603498001e+03,7.515000104904174805e-01
7.885743440233235560e+03,7.450000047683715820e-01
7.895750728862973119e+03,7.710000276565551758e-01
7.905758017492710678e+03,7.689999938011169434e-01
7.915765306122448237e+03,7.705000042915344238e-01
7.925772594752185796e+03,7.599999904632568359e-01
7.935779883381923355e+03,7.565000057220458984e-01
7.945787172011660914e+03,7.580000162124633789e-01
7.955794460641398473e+03,7.655000090599060059e-01
7.965801749271136941e+03,7.720000147819519043e-01
7.975809037900874500e+03,7.655000090599060059e-01
7.985816326530612059e+03,7.774999737739562988e-01
7.995823615160349618e+03,7.639999985694885254e-01
8.005830903790087177e+03,7.789999842643737793e-01
8.015838192419824736e+03,7.774999737739562988e-01
8.025845481049562295e+03,7.624999880790710449e-01
8.035852769679299854e+03,7.760000228881835938e-01
8.045860058309037413e+03,7.754999995231628418e-01
8.055867346938774972e+03,7.659999728202819824e-01
8.065874635568512531e+03,7.735000252723693848e-01
8.075881924198250090e+03,7.770000100135803223e-01
8.085889212827987649e+03,7.670000195503234863e-01
8.095896501457725208e+03,7.670000195503234863e-01
8.105903790087462767e+03,7.684999704360961914e-01
8.115911078717200326e+03,7.620000243186950684e-01
8.125918367346937885e+03,7.754999995231628418e-01
8.135925655976675444e+03,7.684999704360961914e-01
8.145932944606413912e+03,7.680000066757202148e-01
8.155940233236151471e+03,7.674999833106994629e-01
8.165947521865889030e+03,7.555000185966491699e-01
8.175954810495626589e+03,7.674999833106994629e-01
8.185962099125364148e+03,7.605000138282775879e-01
8.195969387755101707e+03,7.760000228881835938e-01
8.205976676384838356e+03,7.639999985694885254e-01
8.215983965014576825e+03,7.630000114440917969e-01
8.225991253644313474e+03,7.655000090599060059e-01
8.235998542274051943e+03,7.795000076293945312e-01
8.246005830903790411e+03,7.634999752044677734e-01
8.256013119533527060e+03,7.774999737739562988e-01
8.266020408163265529e+03,7.394999861717224121e-01
8.276027696793002178e+03,7.515000104904174805e-01
8.286034985422740647e+03,7.574999928474426270e-01
8.296042274052477296e+03,7.434999942779541016e-01
8.306049562682215765e+03,7.315000295639038086e-01
8.316056851311952414e+03,7.534999847412109375e-01
8.326064139941690883e+03,7.639999985694885254e-01
8.336071428571427532e+03,7.595000267028808594e-01
8.346078717201166000e+03,7.459999918937683105e-01
8.356086005830902650e+03,7.609999775886535645e-01
8.366093294460641118e+03,7.599999904632568359e-01
8.376100583090377768e+03,7.455000281333923340e-01
8.386107871720116236e+03,7.455000281333923340e-01
8.396115160349852886e+03,7.624999880790710449e-01
8.406122448979591354e+03,7.570000290870666504e-01
8.416129737609328004e+03,7.229999899864196777e-01
8.426137026239066472e+03,7.615000009536743164e-01
8.436144314868804940e+03,7.490000128746032715e-01
8.446151603498541590e+03,7.304999828338623047e-01
8.456158892128280058e+03,7.570000290870666504e-01
8.466166180758016708e+03,7.549999952316284180e-01
8.476173469387755176e+03,7.570000290870666504e-01
8.486180758017491826e+03,7.544999718666076660e-01
8.496188046647230294e+03,7.455000281333923340e-01
8.506195335276966944e+03,7.599999904632568359e-01
8.516202623906705412e+03,7.730000019073486328e-01
8.526209912536442062e+03,7.469999790191650391e-01
8.536217201166180530e+03,7.469999790191650391e-01
8.546224489795917179e+03,7.350000143051147461e-01
8.556231778425655648e+03,7.559999823570251465e-01
8.566239067055392297e+03,7.415000200271606445e-01
8.576246355685130766e+03,7.599999904632568359e-01
8.586253644314867415e+03,7.465000152587890625e-01
8.596260932944605884e+03,7.620000243186950684e-01
8.606268221574344352e+03,7.549999952316284180e-01
8.616275510204081002e+03,7.544999718666076660e-01
8.626282798833819470e+03,7.684999704360961914e-01
8.636290087463556119e+03,7.649999856948852539e-01
8.646297376093294588e+03,7.624999880790710449e-01
8.656304664723031237e+03,7.630000114440917969e-01
8.666311953352769706e+03,7.645000219345092773e-01
8.676319241982506355e+03,7.559999823570251465e-01
8.686326530612244824e+03,7.394999861717224121e-01
8.696333819241981473e+03,7.664999961853027344e-01
8.706341107871719942e+03,7.524999976158142090e-01
8.716348396501456591e+03,7.549999952316284180e-01
8.726355685131195060e+03,7.739999890327453613e-01
8.736362973760931709e+03,7.375000119209289551e-01
8.746370262390670177e+03,7.749999761581420898e-01
8.756377551020406827e+03,7.459999918937683105e-01
8.766384839650145295e+03,7.574999928474426270e-01
8.776392128279881945e+03,7.505000233650207520e-01
8.786399416909620413e+03,7.695000171661376953e-01
8.796406705539358882e+03,7.639999985694885254e-01
8.806413994169095531e+03,7.354999780654907227e-01
8.816421282798834000e+03,7.584999799728393555e-01
8.826428571428570649e+03,7.434999942779541016e-01
8.836435860058309117e+03,7.565000057220458984e-01
8.846443148688045767e+03,7.620000243186950684e-01
8.856450437317784235e+03,7.469999790191650391e-01
8.866457725947520885e+03,7.475000023841857910e-01
8.876465014577259353e+03,7.595000267028808594e-01
8.886472303206996003e+03,7.450000047683715820e-01
8.896479591836734471e+03,7.505000233650207520e-01
8.906486880466471121e+03,7.620000243186950684e-01
8.916494169096209589e+03,7.595000267028808594e-01
8.926501457725946238e+03,7.664999961853027344e-01
8.936508746355684707e+03,7.615000009536743164e-01
8.946516034985421356e+03,7.434999942779541016e-01
8.956523323615159825e+03,7.400000095367431641e-01
8.966530612244896474e+03,7.475000023841857910e-01
8.976537900874634943e+03,7.710000276565551758e-01
8.986545189504373411e+03,7.294999957084655762e-01
8.996552478134110061e+03,7.555000185966491699e-01
9.006559766763848529e+03,7.505000233650207520e-01
9.016567055393585179e+03,7.630000114440917969e-01
9.026574344023323647e+03,7.450000047683715820e-01
9.036581632653060296e+03,7.630000114440917969e-01
9.046588921282798765e+03,7.534999847412109375e-01
9.056596209912535414e+03,7.595000267028808594e-01
9.066603498542273883e+03,7.429999709129333496e-01
9.076610787172010532e+03,7.534999847412109375e-01
9.086618075801749001e+03,7.434999942779541016e-01
9.096625364431485650e+03,7.620000243186950684e-01
9.106632653061224119e+03,7.325000166893005371e-01
9.116639941690960768e+03,7.630000114440917969e-01
9.126647230320699236e+03,7.329999804496765137e-01
9.136654518950435886e+03,7.695000171661376953e-01
9.146661807580174354e+03,7.609999775886535645e-01
9.156669096209912823e+03,7.509999871253967285e-01
9.166676384839649472e+03,7.475000023841857910e-01
9.176683673469387941e+03,7.739999890327453613e-01
9.186690962099124590e+03,7.285000085830688477e-01
9.196698250728863059e+03,7.440000176429748535e-01
9.206705539358599708e+03,7.630000114440917969e-01
9.216712827988338177e+03,7.480000257492065430e-01
9.226720116618074826e+03,7.584999799728393555e-01
9.236727405247813294e+03,7.369999885559082031e-01
9.246734693877549944e+03,7.799999713897705078e-01
9.256741982507288412e+03,7.649999856948852539e-01
9.266749271137025062e+03,7.724999785423278809e-01
9.276756559766763530e+03,7.810000181198120117e-01
9.286763848396500180e+03,7.639999985694885254e-01
9.296771137026238648e+03,7.779999971389770508e-01
9.306778425655975298e+03,7.655000090599060059e-01
9.316785714285713766e+03,7.689999938011169434e-01
9.326793002915450415e+03,7.670000195503234863e-01
9.336800291545188884e+03,7.739999890327453613e-01
9.346807580174927352e+03,7.789999842643737793e-01
9.356814868804664002e+03,7.590000033378601074e-01
9.366822157434402470e+03,7.645000219345092773e-01
9.376829446064139120e+03,7.724999785423278809e-01
9.386836734693877588e+03,7.779999971389770508e-01
9.396844023323614238e+03,7.720000147819519043e-01
9.406851311953352706e+03,7.735000252723693848e-01
9.416858600583089355e+03,7.659999728202819824e-01
9.426865889212827824e+03,7.714999914169311523e-01
9.436873177842564473e+03,7.689999938011169434e-01
9.446880466472302942e+03,7.695000171661376953e-01
9.456887755102039591e+03,7.714999914169311523e-01
9.466895043731778060e+03,7.795000076293945312e-01
9.476902332361514709e+03,7.670000195503234863e-01
9.486909620991253178e+03,7.655000090599060059e-01
9.496916909620989827e+03,7.684999704360961914e-01
9.506924198250728296e+03,7.795000076293945312e-01
9.516931486880466764e+03,7.584999799728393555e-01
9.526938775510203413e+03,7.705000042915344238e-01
9.536946064139941882e+03,7.684999704360961914e-01
9.546953352769678531e+03,7.720000147819519043e-01
9.556960641399417000e+03,7.754999995231628418e-01
9.566967930029153649e+03,7.785000205039978027e-01
9.576975218658892118e+03,7.789999842643737793e-01
9.586982507288628767e+03,7.695000171661376953e-01
9.596989795918367236e+03,7.779999971389770508e-01
9.606997084548103885e+03,7.789999842643737793e-01
9.617004373177842353e+03,7.394999861717224121e-01
9.627011661807579003e+03,7.515000104904174805e-01
9.637018950437317471e+03,7.770000100135803223e-01
9.647026239067054121e+03,7.465000152587890625e-01
9.657033527696792589e+03,7.789999842643737793e-01
9.667040816326529239e+03,7.214999794960021973e-01
9.677048104956267707e+03,7.519999742507934570e-01
9.687055393586004357e+03,7.584999799728393555e-01
9.697062682215742825e+03,7.384999990463256836e-01
9.707069970845481294e+03,7.524999976158142090e-01
9.717077259475217943e+03,7.574999928474426270e-01
9.727084548104956411e+03,7.494999766349792480e-01
9.737091836734693061e+03,7.509999871253967285e-01
9.747099125364431529e+03,7.795000076293945312e-01
9.757106413994168179e+03,7.480000257492065430e-01
9.767113702623906647e+03,7.770000100135803223e-01
9.777120991253643297e+03,7.664999961853027344e-01
9.787128279883381765e+03,7.655000090599060059e-01
9.797135568513118415e+03,7.714999914169311523e-01
9.807142857142856883e+03,7.724999785423278809e-01
9.817150145772593532e+03,7.789999842643737793e-01
9.827157434402332001e+03,7.705000042915344238e-01
9.837164723032068650e+03,7.684999704360961914e-01
9.847172011661807119e+03,7.779999971389770508e-01
9.857179300291543768e+03,7.659999728202819824e-01
9.867186588921282237e+03,7.789999842643737793e-01
9.877193877551018886e+03,7.684999704360961914e-01
9.887201166180757355e+03,7.680000066757202148e-01
9.897208454810495823e+03,7.829999923706054688e-01
9.907215743440232472e+03,7.515000104904174805e-01
9.917223032069970941e+03,7.664999961853027344e-01
9.927230320699707590e+03,7.720000147819519043e-01
9.937237609329446059e+03,7.714999914169311523e-01
9.947244897959182708e+03,7.760000228881835938e-01
9.957252186588921177e+03,7.785000205039978027e-01
9.967259475218657826e+03,7.664999961853027344e-01
9.977266763848396295e+03,7.829999923706054688e-01
9.987274052478132944e+03,7.684999704360961914e-01
9.997281341107871413e+03,7.670000195503234863e-01
1.000728862973760806e+04,7.835000157356262207e-01
1.001729591836734653e+04,7.724999785423278809e-01
1.002730320699708318e+04,7.664999961853027344e-01
1.003731049562682165e+04,7.714999914169311523e-01
1.004731778425655830e+04,7.770000100135803223e-01
1.005732507288629677e+04,7.739999890327453613e-01
1.006733236151603523e+04,7.659999728202819824e-01
1.007733965014577188e+04,7.789999842643737793e-01
1.008734693877551035e+04,7.730000019073486328e-01
1.009735422740524700e+04,7.705000042915344238e-01
1.010736151603498547e+04,7.864999771118164062e-01
1.011736880466472212e+04,7.774999737739562988e-01
1.012737609329446059e+04,7.680000066757202148e-01
1.013738338192419724e+04,7.659999728202819824e-01
1.014739067055393571e+04,7.799999713897705078e-01
1.015739795918367236e+04,7.789999842643737793e-01
1.016740524781341082e+04,7.674999833106994629e-01
1.017741253644314747e+04,7.810000181198120117e-01
1.018741982507288594e+04,7.720000147819519043e-01
1.019742711370262259e+04,7.735000252723693848e-01
1.020743440233236106e+04,7.749999761581420898e-01
1.021744169096209771e+04,7.724999785423278809e-01
1.022744897959183618e+04,7.789999842643737793e-01
1.023745626822157283e+04,7.835000157356262207e-01
1.024746355685131130e+04,7.720000147819519043e-01
1.025747084548104976e+04,7.684999704360961914e-01
1.026747813411078641e+04,7.814999818801879883e-01
1.027748542274052488e+04,7.655000090599060059e-01
1.028749271137026153e+04,7.814999818801879883e-01
1.029750000000000000e+04,7.730000019073486328e-01
1.030750728862973665e+04,7.795000076293945312e-01
1.031751457725947512e+04,7.770000100135803223e-01
1.032752186588921177e+04,7.745000123977661133e-01
1.033752915451895024e+04,7.555000185966491699e-01
1.034753644314868689e+04,7.760000228881835938e-01
1.035754373177842535e+04,7.770000100135803223e-01
1.036755102040816200e+04,7.695000171661376953e-01
1.037755830903790047e+04,7.674999833106994629e-01
1.038756559766763712e+04,7.774999737739562988e-01
1.039757288629737559e+04,7.714999914169311523e-01
1.040758017492711224e+04,7.739999890327453613e-01
1.041758746355685071e+04,7.754999995231628418e-01
1.042759475218658736e+04,7.559999823570251465e-01
1.043760204081632583e+04,7.825000286102294922e-01
1.044760932944606429e+04,7.705000042915344238e-01
1.045761661807580094e+04,7.810000181198120117e-01
1.046762390670553941e+04,7.724999785423278809e-01
1.047763119533527606e+04,7.850000262260437012e-01
1.048763848396501453e+04,7.860000133514404297e-01
1.049764577259475118e+04,7.615000009536743164e-01
1.050765306122448965e+04,7.829999923706054688e-01
1.051766034985422630e+04,7.825000286102294922e-01
1.052766763848396477e+04,7.689999938011169434e-01
1.053767492711370141e+04,7.670000195503234863e-01
1.054768221574343988e+04,7.799999713897705078e-01
1.055768950437317653e+04,7.689999938011169434e-01
1.056769679300291500e+04,7.705000042915344238e-01
1.057770408163265165e+04,7.799999713897705078e-01
1.058771137026239012e+04,7.670000195503234863e-01
1.059771865889212677e+04,7.820000052452087402e-01
1.060772594752186524e+04,7.425000071525573730e-01
1.061773323615160371e+04,7.705000042915344238e-01
1.062774052478134035e+04,7.570000290870666504e-01
1.063774781341107882e+04,7.350000143051147461e-01
1.064775510204081547e+04,7.735000252723693848e-01
1.065776239067055394e+04,7.360000014305114746e-01
1.066776967930029059e+04,7.465000152587890625e-01
1.067777696793002906e+04,7.659999728202819824e-01
1.068778425655976571e+04,7.469999790191650391e-01
1.069779154518950418e+04,7.789999842643737793e-01
1.070779883381924083e+04,7.764999866485595703e-01
1.071780612244897929e+04,7.450000047683715820e-01
1.072781341107871594e+04,7.624999880790710449e-01
1.073782069970845441e+04,7.484999895095825195e-01
1.074782798833819106e+04,7.384999990463256836e-01
1.075783527696792953e+04,7.580000162124633789e-01
1.076784256559766618e+04,7.530000209808349609e-01
1.077784985422740465e+04,7.509999871253967285e-01
1.078785714285714130e+04,7.340000271797180176e-01
1.079786443148687977e+04,7.774999737739562988e-01
1.080787172011661823e+04,7.609999775886535645e-01
1.081787900874635488e+04,7.419999837875366211e-01
1.082788629737609335e+04,7.574999928474426270e-01
1.083789358600583000e+04,7.350000143051147461e-01
1.084790087463556847e+04,7.639999985694885254e-01
1.085790816326530512e+04,7.714999914169311523e-01
1.086791545189504359e+04,7.544999718666076660e-01
1.087792274052478024e+04,7.505000233650207520e-01
1.088793002915451871e+04,7.459999918937683105e-01
1.089793731778425536e+04,7.565000057220458984e-01
1.090794460641399382e+04,7.434999942779541016e-01
1.091795189504373047e+04,7.329999804496765137e-01
1.092795918367346894e+04,7.429999709129333496e-01
1.093796647230320559e+04,7.519999742507934570e-01
1.094797376093294406e+04,7.419999837875366211e-01
1.095798104956268071e+04,7.565000057220458984e-01
1.096798833819241918e+04,7.590000033378601074e-01
1.097799562682215583e+04,7.450000047683715820e-01
1.098800291545189430e+04,7.754999995231628418e-01
1.099801020408163276e+04,7.450000047683715820e-01
1.100801749271136941e+04,7.574999928474426270e-01
1.101802478134110788e+04,7.580000162124633789e-01
1.102803206997084453e+04,7.419999837875366211e-01
1.103803935860058300e+04,7.440000176429748535e-01
1.104804664723031965e+04,7.609999775886535645e-01
1.105805393586005812e+04,7.524999976158142090e-01
1.106806122448979477e+04,7.634999752044677734e-01
1.107806851311953324e+04,7.450000047683715820e-01
1.108807580174926989e+04,7.595000267028808594e-01
1.109808309037900835e+04,7.559999823570251465e-01
1.110809037900874500e+04,7.490000128746032715e-01
1.111809766763848347e+04,7.595000267028808594e-01
1.112810495626822012e+04,7.300000190734863281e-01
1.113811224489795859e+04,7.515000104904174805e-01
1.114811953352769524e+04,7.459999918937683105e-01
1.115812682215743371e+04,7.620000243186950684e-01
1.116813411078717218e+04,7.680000066757202148e-01
1.117814139941690883e+04,7.264999747276306152e-01
1.118814868804664729e+04,7.570000290870666504e-01
1.119815597667638394e+04,7.570000290870666504e-01
1.120816326530612241e+04,7.429999709129333496e-01
1.121817055393585906e+04,7.269999980926513672e-01
1.122817784256559753e+04,7.515000104904174805e-01
1.123818513119533418e+04,7.519999742507934570e-01
1.124819241982507265e+04,7.444999814033508301e-01
1.125819970845480930e+04,7.505000233650207520e-01
1.126820699708454777e+04,7.839999794960021973e-01
1.127821428571428442e+04,7.634999752044677734e-01
1.128822157434402288e+04,7.684999704360961914e-01
1.129822886297375953e+04,7.779999971389770508e-01
1.130823615160349800e+04,7.770000100135803223e-01
1.131824344023323465e+04,7.745000123977661133e-01
1.132825072886297312e+04,7.799999713897705078e-01
1.133825801749270977e+04,7.630000114440917969e-01
1.134826530612244824e+04,7.720000147819519043e-01
1.135827259475218671e+04,7.839999794960021973e-01
1.136827988338192336e+04,7.804999947547912598e-01
1.137828717201166182e+04,7.720000147819519043e-01
1.138829446064139847e+04,7.839999794960021973e-01
1.139830174927113694e+04,7.714999914169311523e-01
1.140830903790087359e+04,7.860000133514404297e-01
1.141831632653061206e+04,7.699999809265136719e-01
1.142832361516034871e+04,7.664999961853027344e-01
1.143833090379008718e+04,7.864999771118164062e-01
1.144833819241982383e+04,7.655000090599060059e-01
1.145834548104956230e+04,7.839999794960021973e-01
1.146835276967929894e+04,7.710000276565551758e-01
1.147836005830903741e+04,7.820000052452087402e-01
1.148836734693877406e+04,7.850000262260437012e-01
1.149837463556851253e+04,7.850000262260437012e-01
1.150838192419824918e+04,7.689999938011169434e-01
1.151838921282798765e+04,7.860000133514404297e-01
1.152839650145772612e+04,7.825000286102294922e-01
1.153840379008746277e+04,7.754999995231628418e-01
1.154841107871720124e+04,7.764999866485595703e-01
1.155841836734693788e+04,7.770000100135803223e-01
1.156842565597667635e+04,7.875000238418579102e-01
1.157843294460641300e+04,7.754999995231628418e-01
1.158844023323615147e+04,7.599999904632568359e-01
1.159844752186588812e+04,7.864999771118164062e-01
1.160845481049562659e+04,7.735000252723693848e-01
1.161846209912536324e+04,7.845000028610229492e-01
1.162846938775510171e+04,7.699999809265136719e-01
1.163847667638483836e+04,7.825000286102294922e-01
1.164848396501457682e+04,7.875000238418579102e-01
1.165849125364431347e+04,7.745000123977661133e-01
1.166849854227405194e+04,7.850000262260437012e-01
1.167850583090378859e+04,7.799999713897705078e-01
1.168851311953352706e+04,7.699999809265136719e-01
1.169852040816326371e+04,7.730000019073486328e-01
1.170852769679300218e+04,7.739999890327453613e-01
1.171853498542274065e+04,7.764999866485595703e-01
1.172854227405247730e+04,7.770000100135803223e-01
1.173854956268221576e+04,7.739999890327453613e-01
1.174855685131195241e+04,7.829999923706054688e-01
1.175856413994169088e+04,7.749999761581420898e-01
1.176857142857142753e+04,7.749999761581420898e-01
1.177857871720116600e+04,7.814999818801879883e-01
1.178858600583090265e+04,7.825000286102294922e-01
1.179859329446064112e+04,7.639999985694885254e-01
1.180860058309037777e+04,7.739999890327453613e-01
1.181860787172011624e+04,7.710000276565551758e-01
1.182861516034985289e+04,7.684999704360961914e-01
1.183862244897959135e+04,7.850000262260437012e-01
1.184862973760932800e+04,7.645000219345092773e-01
1.185863702623906647e+04,7.745000123977661133e-01
1.186864431486880312e+04,7.745000123977661133e-01
1.187865160349854159e+04,7.820000052452087402e-01
1.188865889212827824e+04,7.739999890327453613e-01
1.189866618075801671e+04,7.870000004768371582e-01
1.190867346938775518e+04,7.820000052452087402e-01
1.191868075801749183e+04,7.664999961853027344e-01
1.192868804664723029e+04,7.835000157356262207e-01
1.193869533527696694e+04,7.624999880790710449e-01
1.194870262390670541e+04,7.760000228881835938e-01
1.195870991253644206e+04,7.814999818801879883e-01
1.196871720116618053e+04,7.820000052452087402e-01
1.197872448979591718e+04,7.735000252723693848e-01
1.198873177842565565e+04,7.779999971389770508e-01
1.199873906705539230e+04,7.870000004768371582e-01
1.200874635568513077e+04,7.795000076293945312e-01
1.201875364431486742e+04,7.839999794960021973e-01
1.202876093294460588e+04,7.674999833106994629e-01
1.203876822157434253e+04,7.860000133514404297e-01
1.204877551020408100e+04,7.490000128746032715e-01
1.205878279883381765e+04,7.394999861717224121e-01
1.206879008746355612e+04,7.609999775886535645e-01
1.207879737609329459e+04,7.524999976158142090e-01
1.208880466472303124e+04,7.530000209808349609e-01
1.209881195335276971e+04,7.444999814033508301e-01
1.210881924198250636e+04,7.559999823570251465e-01
1.211882653061224482e+04,7.409999966621398926e-01
1.212883381924198147e+04,7.814999818801879883e-01
1.213884110787171994e+04,7.810000181198120117e-01
1.214884839650145659e+04,7.754999995231628418e-01
1.215885568513119506e+04,7.864999771118164062e-01
1.216886297376093171e+04,7.705000042915344238e-01
1.217887026239067018e+04,7.804999947547912598e-01
1.218887755102040683e+04,7.879999876022338867e-01
1.219888483965014530e+04,7.609999775886535645e-01
1.220889212827988194e+04,7.825000286102294922e-01
1.221889941690962041e+04,7.459999918937683105e-01
1.222890670553935706e+04,7.524999976158142090e-01
1.223891399416909553e+04,7.609999775886535645e-01
1.224892128279883218e+04,7.555000185966491699e-01
1.225892857142857065e+04,7.434999942779541016e-01
1.226893586005830912e+04,7.515000104904174805e-01
1.227894314868804577e+04,7.325000166893005371e-01
1.228895043731778424e+04,7.714999914169311523e-01
1.229895772594752088e+04,7.509999871253967285e-01
1.230896501457725935e+04,7.590000033378601074e-01
1.231897230320699600e+04,7.500000000000000000e-01
1.232897959183673447e+04,7.570000290870666504e-01
1.233898688046647112e+04,7.549999952316284180e-01
1.234899416909620959e+04,7.630000114440917969e-01
1.235900145772594624e+04,7.534999847412109375e-01
1.236900874635568471e+04,7.565000057220458984e-01
1.237901603498542136e+04,7.540000081062316895e-01
1.238902332361515982e+04,7.695000171661376953e-01
1.239903061224489647e+04,7.329999804496765137e-01
1.240903790087463494e+04,7.749999761581420898e-01
1.241904518950437159e+04,7.264999747276306152e-01
1.242905247813411006e+04,7.540000081062316895e-01
1.243905976676384671e+04,7.484999895095825195e-01
1.244906705539358518e+04,7.720000147819519043e-01
1.245907434402332365e+04,7.344999909400939941e-01
1.246908163265306030e+04,7.639999985694885254e-01
1.247908892128279876e+04,7.590000033378601074e-01
1.248909620991253541e+04,7.544999718666076660e-01
1.249910349854227388e+04,7.335000038146972656e-01
1.250911078717201053e+04,7.415000200271606445e-01
1.251911807580174900e+04,7.630000114440917969e-01
1.252912536443148565e+04,7.469999790191650391e-01
1.253913265306122412e+04,7.670000195503234863e-01
1.254913994169096077e+04,7.549999952316284180e-01
1.255914723032069924e+04,7.524999976158142090e-01
1.256915451895043589e+04,7.490000128746032715e-01
1.257916180758017435e+04,7.590000033378601074e-01
1.258916909620991100e+04,7.515000104904174805e-01
1.259917638483964947e+04,7.394999861717224121e-01
1.260918367346938612e+04,7.509999871253967285e-01
1.261919096209912459e+04,7.540000081062316895e-01
1.262919825072886306e+04,7.524999976158142090e-01
1.263920553935859971e+04,7.540000081062316895e-01
1.264921282798833818e+04,7.490000128746032715e-01
1.265922011661807483e+04,7.509999871253967285e-01
1.266922740524781329e+04,7.655000090599060059e-01
1.267923469387754994e+04,7.544999718666076660e-01
1.268924198250728841e+04,7.540000081062316895e-01
1.269924927113702506e+04,7.465000152587890625e-01
1.270925655976676353e+04,7.634999752044677734e-01
1.271926384839650018e+04,7.390000224113464355e-01
1.272927113702623865e+04,7.664999961853027344e-01
1.273927842565597530e+04,7.350000143051147461e-01
1.274928571428571377e+04,7.509999871253967285e-01
1.275929300291545042e+04,7.634999752044677734e-01
1.276930029154518888e+04,7.419999837875366211e-01
1.277930758017492553e+04,7.605000138282775879e-01
1.278931486880466400e+04,7.469999790191650391e-01
1.279932215743440065e+04,7.524999976158142090e-01
1.280932944606413912e+04,7.574999928474426270e-01
1.281933673469387759e+04,7.540000081062316895e-01
1.282934402332361424e+04,7.519999742507934570e-01
1.283935131195335271e+04,7.365000247955322266e-01
1.284935860058308936e+04,7.565000057220458984e-01
1.285936588921282782e+04,7.344999909400939941e-01
1.286937317784256447e+04,7.469999790191650391e-01
1.287938046647230294e+04,7.350000143051147461e-01
1.288938775510203959e+04,7.779999971389770508e-01
1.289939504373177806e+04,7.530000209808349609e-01
1.290940233236151471e+04,7.540000081062316895e-01
1.291940962099125318e+04,7.565000057220458984e-01
1.292941690962098983e+04,7.500000000000000000e-01
1.293942419825072830e+04,7.695000171661376953e-01
1.294943148688046494e+04,7.434999942779541016e-01
1.295943877551020341e+04,7.580000162124633789e-01
1.296944606413994006e+04,7.810000181198120117e-01
1.297945335276967853e+04,7.239999771118164062e-01
1.298946064139941518e+04,7.505000233650207520e-01
1.299946793002915365e+04,7.524999976158142090e-01
1.300947521865889212e+04,7.584999799728393555e-01
1.301948250728862877e+04,7.570000290870666504e-01
1.302948979591836724e+04,7.394999861717224121e-01
1.303949708454810389e+04,7.434999942779541016e-01
1.304950437317784235e+04,7.615000009536743164e-01
1.305951166180757900e+04,7.425000071525573730e-01
1.306951895043731747e+04,7.630000114440917969e-01
1.307952623906705412e+04,7.375000119209289551e-01
1.308953352769679259e+04,7.434999942779541016e-01
1.309954081632652924e+04,7.515000104904174805e-01
1.310954810495626771e+04,7.639999985694885254e-01
1.311955539358600436e+04,7.764999866485595703e-01
1.312956268221574283e+04,7.409999966621398926e-01
1.313956997084547947e+04,7.655000090599060059e-01
1.314957725947521794e+04,7.519999742507934570e-01
1.315958454810495459e+04,7.480000257492065430e-01
1.316959183673469306e+04,7.559999823570251465e-01
1.317959912536443153e+04,7.829999923706054688e-01
1.318960641399416818e+04,7.494999766349792480e-01
1.319961370262390665e+04,7.494999766349792480e-01
1.320962099125364330e+04,7.630000114440917969e-01
1.321962827988338177e+04,7.335000038146972656e-01
1.322963556851311841e+04,7.664999961853027344e-01
1.323964285714285688e+04,7.434999942779541016e-01
1.324965014577259353e+04,7.444999814033508301e-01
1.325965743440233200e+04,7.490000128746032715e-01
1.326966472303206865e+04,7.540000081062316895e-01
1.327967201166180712e+04,7.509999871253967285e-01
1.328967930029154377e+04,7.459999918937683105e-01
1.329968658892128224e+04,7.505000233650207520e-01
1.330969387755101889e+04,7.505000233650207520e-01
1.331970116618075735e+04,7.609999775886535645e-01
1.332970845481049400e+04,7.360000014305114746e-01
1.333971574344023247e+04,7.434999942779541016e-01
1.334972303206996912e+04,7.469999790191650391e-01
1.335973032069970759e+04,7.584999799728393555e-01
1.336973760932944606e+04,7.480000257492065430e-01
1.337974489795918271e+04,7.609999775886535645e-01
1.338975218658892118e+04,7.490000128746032715e-01
1.339975947521865783e+04,7.534999847412109375e-01
1.340976676384839629e+04,7.574999928474426270e-01
1.341977405247813294e+04,7.404999732971191406e-01
1.342978134110787141e+04,7.509999871253967285e-01
1.343978862973760806e+04,7.534999847412109375e-01
1.344979591836734653e+04,7.609999775886535645e-01
1.345980320699708318e+04,7.540000081062316895e-01
1.346981049562682165e+04,7.490000128746032715e-01
1.347981778425655830e+04,7.429999709129333496e-01
1.348982507288629677e+04,7.624999880790710449e-01
1.349983236151603342e+04,7.534999847412109375e-01
1.350983965014577188e+04,7.494999766349792480e-01
1.351984693877550853e+04,7.555000185966491699e-01
1.352985422740524700e+04,7.490000128746032715e-01
1.353986151603498365e+04,7.505000233650207520e-01
1.354986880466472212e+04,7.530000209808349609e-01
1.355987609329446059e+04,7.515000104904174805e-01
1.356988338192419724e+04,7.810000181198120117e-01
1.357989067055393571e+04,7.549999952316284180e-01
1.358989795918367236e+04,7.555000185966491699e-01
1.359990524781341082e+04,7.730000019073486328e-01
1.360991253644314747e+04,7.434999942779541016e-01
1.361991982507288594e+04,7.315000295639038086e-01
1.362992711370262259e+04,7.500000000000000000e-01
1.363993440233236106e+04,7.505000233650207520e-01
1.364994169096209771e+04,7.804999947547912598e-01
1.365994897959183618e+04,7.250000238418579102e-01
1.366995626822157283e+04,7.680000066757202148e-01
1.367996355685131130e+04,7.384999990463256836e-01
1.368997084548104795e+04,7.695000171661376953e-01
1.369997813411078641e+04,7.494999766349792480e-01
1.370998542274052306e+04,7.599999904632568359e-01
1.371999271137026153e+04,7.565000057220458984e-01
1.373000000000000000e+04,7.649999856948852539e-01
