# n, training_loss
0.000000000000000000e+00,4.542427062988281250e-01
1.001689189189189122e+01,1.608462184667587280e-01
2.003378378378378244e+01,1.397392600774765015e-01
3.005067567567567366e+01,1.274576336145401001e-01
4.006756756756756488e+01,1.191174015402793884e-01
5.008445945945945255e+01,1.122020706534385681e-01
6.010135135135134732e+01,1.062313094735145569e-01
7.011824324324324209e+01,1.006827950477600098e-01
8.013513513513512976e+01,9.557207673788070679e-02
9.015202702702701743e+01,9.075625985860824585e-02
1.001689189189189051e+02,8.662071079015731812e-02
1.101858108108108070e+02,8.253695070743560791e-02
1.202027027027026946e+02,7.914241403341293335e-02
1.302195945945945823e+02,7.663396000862121582e-02
1.402364864864864842e+02,7.331485301256179810e-02
1.502533783783783576e+02,7.063280791044235229e-02
1.602702702702702595e+02,6.777487695217132568e-02
1.702871621621621614e+02,6.527287513017654419e-02
1.803040540540540349e+02,6.359974294900894165e-02
1.903209459459459367e+02,6.120311096310615540e-02
2.003378378378378102e+02,5.926351621747016907e-02
2.103547297297297121e+02,5.692861229181289673e-02
2.203716216216216139e+02,5.500903353095054626e-02
2.303885135135134874e+02,5.327538400888442993e-02
2.404054054054053893e+02,5.195635184645652771e-02
2.504222972972972912e+02,4.990372806787490845e-02
2.604391891891891646e+02,4.850648716092109680e-02
2.704560810810810381e+02,4.677280038595199585e-02
2.804729729729729684e+02,4.547242447733879089e-02
2.904898648648648418e+02,4.380338266491889954e-02
3.005067567567567153e+02,4.269010201096534729e-02
3.105236486486486456e+02,4.208171367645263672e-02
3.205405405405405190e+02,4.016732051968574524e-02
3.305574324324323925e+02,3.891935944557189941e-02
3.405743243243243228e+02,3.787741437554359436e-02
3.505912162162161962e+02,3.682735562324523926e-02
3.606081081081080697e+02,3.575063496828079224e-02
3.706250000000000000e+02,3.472932800650596619e-02
3.806418918918918735e+02,3.373994678258895874e-02
3.906587837837837469e+02,3.278624638915061951e-02
4.006756756756756204e+02,3.235080465674400330e-02
4.106925675675675507e+02,3.088797815144062042e-02
4.207094594594594241e+02,3.010667674243450165e-02
4.307263513513512976e+02,2.938397414982318878e-02
4.407432432432432279e+02,2.834676392376422882e-02
4.507601351351351013e+02,2.779610455036163330e-02
4.607770270270269748e+02,2.706395275890827179e-02
4.707939189189189051e+02,2.632694691419601440e-02
4.808108108108107785e+02,2.528296783566474915e-02
4.908277027027026520e+02,2.475760690867900848e-02
5.008445945945945823e+02,2.391978353261947632e-02
5.108614864864864558e+02,2.321846038103103638e-02
5.208783783783783292e+02,2.317054569721221924e-02
5.308952702702702027e+02,2.197591215372085571e-02
5.409121621621620761e+02,2.133391052484512329e-02
5.509290540540540633e+02,2.073786221444606781e-02
5.609459459459459367e+02,2.017964795231819153e-02
5.709628378378378102e+02,1.965115591883659363e-02
5.809797297297296836e+02,1.906774006783962250e-02
5.909966216216215571e+02,1.853290572762489319e-02
6.010135135135134306e+02,1.813307218253612518e-02
6.110304054054054177e+02,1.761800423264503479e-02
6.210472972972972912e+02,1.710300333797931671e-02
6.310641891891891646e+02,1.659507490694522858e-02
6.410810810810810381e+02,1.614310964941978455e-02
6.510979729729729115e+02,1.574591360986232758e-02
6.611148648648647850e+02,1.522187143564224243e-02
6.711317567567566584e+02,1.479236409068107605e-02
6.811486486486486456e+02,1.445568539202213287e-02
6.911655405405405190e+02,1.401481404900550842e-02
7.011824324324323925e+02,1.364577282220125198e-02
7.111993243243242659e+02,1.324322167783975601e-02
7.212162162162161394e+02,1.289797294884920120e-02
7.312331081081080129e+02,1.255149394273757935e-02
7.412500000000000000e+02,1.220337487757205963e-02
7.512668918918918735e+02,1.188403554260730743e-02
7.612837837837837469e+02,1.159708388149738312e-02
7.713006756756756204e+02,1.126902550458908081e-02
7.813175675675674938e+02,1.098649203777313232e-02
7.913344594594593673e+02,1.069041900336742401e-02
8.013513513513512407e+02,1.041288860142230988e-02
8.113682432432432279e+02,1.014564931392669678e-02
8.213851351351351013e+02,9.880159050226211548e-03
8.314020270270269748e+02,9.621636942028999329e-03
8.414189189189188482e+02,9.370943531394004822e-03
8.514358108108107217e+02,9.126013144850730896e-03
8.614527027027025952e+02,8.888252079486846924e-03
8.714695945945945823e+02,8.661834523081779480e-03
8.814864864864864558e+02,8.441139012575149536e-03
8.915033783783783292e+02,8.227773942053318024e-03
9.015202702702702027e+02,8.021427318453788757e-03
9.115371621621620761e+02,7.821294479072093964e-03
9.215540540540539496e+02,7.627097889780998230e-03
9.315709459459459367e+02,7.437310647219419479e-03
9.415878378378378102e+02,7.252087350934743881e-03
9.516047297297296836e+02,7.069959305226802826e-03
9.616216216216215571e+02,6.892472505569458008e-03
9.716385135135134306e+02,6.720589473843574524e-03
9.816554054054053040e+02,6.555035244673490524e-03
9.916722972972971775e+02,6.394196301698684692e-03
1.001689189189189165e+03,6.238295231014490128e-03
1.011706081081081038e+03,6.086872424930334091e-03
1.021722972972972912e+03,5.939601920545101166e-03
1.031739864864864785e+03,5.798011086881160736e-03
1.041756756756756658e+03,5.659614223986864090e-03
1.051773648648648532e+03,5.524735897779464722e-03
1.061790540540540405e+03,5.393105559051036835e-03
1.071807432432432279e+03,5.265244748443365097e-03
1.081824324324324152e+03,5.140450317412614822e-03
1.091841216216216253e+03,5.018741358071565628e-03
1.101858108108108127e+03,4.900061525404453278e-03
1.111875000000000000e+03,4.784021526575088501e-03
1.121891891891891873e+03,4.670584108680486679e-03
1.131908783783783747e+03,4.558270331472158432e-03
1.141925675675675620e+03,4.448396153748035431e-03
1.151942567567567494e+03,4.339231178164482117e-03
1.161959459459459367e+03,4.231991712003946304e-03
1.171976351351351241e+03,4.127452149987220764e-03
1.181993243243243114e+03,4.025889560580253601e-03
1.192010135135134988e+03,3.927790559828281403e-03
1.202027027027026861e+03,3.832143265753984451e-03
1.212043918918918735e+03,3.741170512512326241e-03
1.222060810810810835e+03,3.654490923509001732e-03
1.232077702702702709e+03,3.571177599951624870e-03
1.242094594594594582e+03,3.490505972877144814e-03
1.252111486486486456e+03,3.412839723750948906e-03
1.262128378378378329e+03,3.338583977892994881e-03
1.272145270270270203e+03,3.267506370320916176e-03
1.282162162162162076e+03,3.199221100658178329e-03
1.292179054054053950e+03,3.133406862616539001e-03
1.302195945945945823e+03,3.070323960855603218e-03
1.312212837837837696e+03,3.009771928191184998e-03
1.322229729729729570e+03,2.951291855424642563e-03
1.332246621621621443e+03,2.894968260079622269e-03
1.342263513513513317e+03,2.841001376509666443e-03
1.352280405405405418e+03,2.788847777992486954e-03
1.362297297297297291e+03,2.738654147833585739e-03
1.372314189189189165e+03,2.690285909920930862e-03
1.382331081081081038e+03,2.643552375957369804e-03
1.392347972972972912e+03,2.598190680146217346e-03
1.402364864864864785e+03,2.551612909883260727e-03
1.412381756756756658e+03,2.490445272997021675e-03
1.422398648648648532e+03,2.409040462225675583e-03
1.432415540540540405e+03,2.360660815611481667e-03
1.442432432432432279e+03,2.318887971341609955e-03
1.452449324324324152e+03,2.281015738844871521e-03
1.462466216216216026e+03,2.245403127744793892e-03
1.472483108108107899e+03,2.211529063060879707e-03
1.482500000000000000e+03,2.178881317377090454e-03
1.492516891891891873e+03,2.147574909031391144e-03
1.502533783783783747e+03,2.117443829774856567e-03
1.512550675675675620e+03,2.087927656248211861e-03
1.522567567567567494e+03,2.058960730209946632e-03
1.532584459459459367e+03,2.031797077506780624e-03
1.542601351351351241e+03,2.005325630307197571e-03
1.552618243243243114e+03,1.979681430384516716e-03
1.562635135135134988e+03,1.954826992005109787e-03
1.572652027027026861e+03,1.930960570462048054e-03
1.582668918918918735e+03,1.907987985759973526e-03
1.592685810810810608e+03,1.885861740447580814e-03
1.602702702702702481e+03,1.864358084276318550e-03
1.612719594594594582e+03,1.843749196268618107e-03
1.622736486486486456e+03,1.823903759941458702e-03
1.632753378378378329e+03,1.804557745344936848e-03
1.642770270270270203e+03,1.785984379239380360e-03
1.652787162162162076e+03,1.767846406437456608e-03
1.662804054054053950e+03,1.750495866872370243e-03
1.672820945945945823e+03,1.733505399897694588e-03
1.682837837837837696e+03,1.717195031233131886e-03
1.692854729729729570e+03,1.701295375823974609e-03
1.702871621621621443e+03,1.685886760242283344e-03
1.712888513513513317e+03,1.670769415795803070e-03
1.722905405405405190e+03,1.655953121371567249e-03
1.732922297297297291e+03,1.641398062929511070e-03
1.742939189189189165e+03,1.627251738682389259e-03
1.752956081081081038e+03,1.613729866221547127e-03
1.762972972972972912e+03,1.600572490133345127e-03
1.772989864864864785e+03,1.587684731930494308e-03
1.783006756756756658e+03,1.575076254084706306e-03
1.793023648648648532e+03,1.562695833854377270e-03
1.803040540540540405e+03,1.550543005578219891e-03
1.813057432432432279e+03,1.538428128696978092e-03
1.823074324324324152e+03,1.526655512861907482e-03
1.833091216216216026e+03,1.515372190624475479e-03
1.843108108108107899e+03,1.504354644566774368e-03
1.853124999999999773e+03,1.493618125095963478e-03
1.863141891891891873e+03,1.483300118707120419e-03
1.873158783783783747e+03,1.473156036809086800e-03
1.883175675675675620e+03,1.463295891880989075e-03
1.893192567567567494e+03,1.453689066693186760e-03
1.903209459459459367e+03,1.444264198653399944e-03
1.913226351351351241e+03,1.435031881555914879e-03
1.923243243243243114e+03,1.425889553502202034e-03
1.933260135135134988e+03,1.416901592165231705e-03
1.943277027027026861e+03,1.407851930707693100e-03
1.953293918918918735e+03,1.398793654516339302e-03
1.963310810810810608e+03,1.389720477163791656e-03
1.973327702702702481e+03,1.380464178510010242e-03
1.983344594594594355e+03,1.370909274555742741e-03
1.993361486486486456e+03,1.360952737741172314e-03
2.003378378378378329e+03,1.350211794488132000e-03
2.013395270270270203e+03,1.338687492534518242e-03
2.023412162162162076e+03,1.326425117440521717e-03
2.033429054054053950e+03,1.313799759373068810e-03
2.043445945945945823e+03,1.301690004765987396e-03
2.053462837837837924e+03,1.290374086238443851e-03
2.063479729729729570e+03,1.279894262552261353e-03
2.073496621621621671e+03,1.270108739845454693e-03
2.083513513513513317e+03,1.260944292880594730e-03
2.093530405405405418e+03,1.252259942702949047e-03
2.103547297297297064e+03,1.243969309143722057e-03
2.113564189189189165e+03,1.236103009432554245e-03
2.123581081081080811e+03,1.228543114848434925e-03
2.133597972972972912e+03,1.221229904331266880e-03
2.143614864864864558e+03,1.214250572957098484e-03
2.153631756756756658e+03,1.207450637593865395e-03
2.163648648648648305e+03,1.200941274873912334e-03
2.173665540540540405e+03,1.194708049297332764e-03
2.183682432432432506e+03,1.188728492707014084e-03
2.193699324324324152e+03,1.182997715659439564e-03
2.203716216216216253e+03,1.177502097561955452e-03
2.213733108108107899e+03,1.172200660221278667e-03
2.223750000000000000e+03,1.166974077932536602e-03
2.233766891891891646e+03,1.161922351457178593e-03
2.243783783783783747e+03,1.157041755504906178e-03
2.253800675675675393e+03,1.152233337052166462e-03
2.263817567567567494e+03,1.147574628703296185e-03
2.273834459459459140e+03,1.143029192462563515e-03
2.283851351351351241e+03,1.138599705882370472e-03
2.293868243243242887e+03,1.134265679866075516e-03
2.303885135135134988e+03,1.130088930949568748e-03
2.313902027027027088e+03,1.125954906456172466e-03
2.323918918918918735e+03,1.121913897804915905e-03
2.333935810810810835e+03,1.117894891649484634e-03
2.343952702702702481e+03,1.113976119086146355e-03
2.353969594594594582e+03,1.110133947804570198e-03
2.363986486486486228e+03,1.106331241317093372e-03
2.374003378378378329e+03,1.102492911741137505e-03
2.384020270270269975e+03,1.098500448279082775e-03
2.394037162162162076e+03,1.094325911253690720e-03
2.404054054054053722e+03,1.089667668566107750e-03
2.414070945945945823e+03,1.082128263078629971e-03
2.424087837837837469e+03,1.025445293635129929e-03
2.434104729729729570e+03,1.002570847049355507e-03
2.444121621621621671e+03,9.874521056190133095e-04
2.454138513513513317e+03,9.754779748618602753e-04
2.464155405405405418e+03,9.556351578794419765e-04
2.474172297297297064e+03,9.319465607404708862e-04
2.484189189189189165e+03,9.184167720377445221e-04
2.494206081081080811e+03,9.085642523132264614e-04
2.504222972972972912e+03,9.007516782730817795e-04
2.514239864864864558e+03,8.941369014792144299e-04
2.524256756756756658e+03,8.883720147423446178e-04
2.534273648648648305e+03,8.831838495098054409e-04
2.544290540540540405e+03,8.784757228568196297e-04
2.554307432432432051e+03,8.741269703023135662e-04
2.564324324324324152e+03,8.700775215402245522e-04
2.574341216216216253e+03,8.662362815812230110e-04
2.584358108108107899e+03,8.626336930319666862e-04
2.594375000000000000e+03,8.592708618380129337e-04
2.604391891891891646e+03,8.560064015910029411e-04
2.614408783783783747e+03,8.528999169357120991e-04
2.624425675675675393e+03,8.499374962411820889e-04
2.634442567567567494e+03,8.471215842291712761e-04
2.644459459459459140e+03,8.443876868113875389e-04
2.654476351351351241e+03,8.417664212174713612e-04
2.664493243243242887e+03,8.392476011067628860e-04
2.674510135135134988e+03,8.367527043446898460e-04
2.684527027027026634e+03,8.343189256265759468e-04
2.694543918918918735e+03,8.319553453475236893e-04
2.704560810810810835e+03,8.297092281281948090e-04
2.714577702702702481e+03,8.275415166281163692e-04
2.724594594594594582e+03,8.253999403677880764e-04
2.734611486486486228e+03,8.233476546593010426e-04
2.744628378378378329e+03,8.213335531763732433e-04
2.754645270270269975e+03,8.193653775379061699e-04
2.764662162162162076e+03,8.174367831088602543e-04
2.774679054054053722e+03,8.155863615684211254e-04
2.784695945945945823e+03,8.137683616951107979e-04
2.794712837837837469e+03,8.120001875795423985e-04
2.804729729729729570e+03,8.102684514597058296e-04
2.814746621621621216e+03,8.085918379947543144e-04
2.824763513513513317e+03,8.069293107837438583e-04
2.834780405405405418e+03,8.053359924815595150e-04
2.844797297297297064e+03,8.037598454393446445e-04
2.854814189189189165e+03,8.022249094210565090e-04
2.864831081081080811e+03,8.007222786545753479e-04
2.874847972972972912e+03,7.992461323738098145e-04
2.884864864864864558e+03,7.977795321494340897e-04
2.894881756756756658e+03,7.963167736306786537e-04
2.904898648648648305e+03,7.948269485495984554e-04
2.914915540540540405e+03,7.934196037240326405e-04
2.924932432432432051e+03,7.920645875856280327e-04
2.934949324324324152e+03,7.907326798886060715e-04
2.944966216216215798e+03,7.894444861449301243e-04
2.954983108108107899e+03,7.881870260462164879e-04
2.965000000000000000e+03,7.869585533626377583e-04
2.975016891891891646e+03,7.857530144974589348e-04
2.985033783783783747e+03,7.845609216019511223e-04
2.995050675675675393e+03,7.834084099158644676e-04
3.005067567567567494e+03,7.822730694897472858e-04
3.015084459459459140e+03,7.811610121279954910e-04
3.025101351351351241e+03,7.800628663972020149e-04
3.035118243243242887e+03,7.789863157086074352e-04
3.045135135135134988e+03,7.779285660944879055e-04
3.055152027027026634e+03,7.768784998916089535e-04
3.065168918918918735e+03,7.758127758279442787e-04
3.075185810810810381e+03,7.747689378447830677e-04
3.085202702702702481e+03,7.737486739642918110e-04
3.095219594594594582e+03,7.727359770797193050e-04
3.105236486486486228e+03,7.717562257312238216e-04
3.115253378378378329e+03,7.707832846790552139e-04
3.125270270270269975e+03,7.698271074332296848e-04
3.135287162162162076e+03,7.688674377277493477e-04
3.145304054054053722e+03,7.678946712985634804e-04
3.155320945945945823e+03,7.669294136576354504e-04
3.165337837837837469e+03,7.660186965949833393e-04
3.175354729729729570e+03,7.651388878002762794e-04
3.185371621621621216e+03,7.642718264833092690e-04
3.195388513513513317e+03,7.634457433596253395e-04
3.205405405405404963e+03,7.626205915585160255e-04
3.215422297297297064e+03,7.618217496201395988e-04
3.225439189189189165e+03,7.610355969518423080e-04
3.235456081081080811e+03,7.602596888318657875e-04
3.245472972972972912e+03,7.594943745061755180e-04
3.255489864864864558e+03,7.587508298456668854e-04
3.265506756756756658e+03,7.580246310681104660e-04
3.275523648648648305e+03,7.573086186312139034e-04
3.285540540540540405e+03,7.566056447103619576e-04
3.295557432432432051e+03,7.559129735454916954e-04
3.305574324324324152e+03,7.552329916507005692e-04
3.315591216216215798e+03,7.545696571469306946e-04
3.325608108108107899e+03,7.539124926552176476e-04
3.335625000000000000e+03,7.532719173468649387e-04
3.345641891891891646e+03,7.526374538429081440e-04
3.355658783783783747e+03,7.520122453570365906e-04
3.365675675675675393e+03,7.513918098993599415e-04
3.375692567567567494e+03,7.507880218327045441e-04
3.385709459459459140e+03,7.501924992538988590e-04
3.395726351351351241e+03,7.496034959331154823e-04
3.405743243243242887e+03,7.490140851587057114e-04
3.415760135135134988e+03,7.484318339265882969e-04
3.425777027027026634e+03,7.478640181943774223e-04
3.435793918918918735e+03,7.473001023754477501e-04
3.445810810810810381e+03,7.467452087439596653e-04
3.455827702702702481e+03,7.462000939995050430e-04
3.465844594594594582e+03,7.456676103174686432e-04
3.475861486486486228e+03,7.451358833350241184e-04
3.485878378378378329e+03,7.446132367476820946e-04
3.495895270270269975e+03,7.441065390594303608e-04
3.505912162162162076e+03,7.435997249558568001e-04
3.515929054054053722e+03,7.430966943502426147e-04
3.525945945945945823e+03,7.426063530147075653e-04
3.535962837837837469e+03,7.421250920742750168e-04
3.545979729729729570e+03,7.416523876599967480e-04
3.555996621621621216e+03,7.411845144815742970e-04
3.566013513513513317e+03,7.407283992506563663e-04
3.576030405405404963e+03,7.402776391245424747e-04
3.586047297297297064e+03,7.398294983431696892e-04
3.596064189189189165e+03,7.393874111585319042e-04
3.606081081081080811e+03,7.389514939859509468e-04
3.616097972972972912e+03,7.385219214484095573e-04
3.626114864864864558e+03,7.380968891084194183e-04
3.636131756756756658e+03,7.376760477200150490e-04
3.646148648648648305e+03,7.372621330432593822e-04
3.656165540540540405e+03,7.368593942373991013e-04
3.666182432432432051e+03,7.364548509940505028e-04
3.676199324324324152e+03,7.360583986155688763e-04
3.686216216216215798e+03,7.356646819971501827e-04
3.696233108108107899e+03,7.352767861448228359e-04
3.706249999999999545e+03,7.348916260525584221e-04
3.716266891891891646e+03,7.345067569985985756e-04
3.726283783783783747e+03,7.341263117268681526e-04
3.736300675675675393e+03,7.337449933402240276e-04
3.746317567567567494e+03,7.333630928769707680e-04
3.756334459459459140e+03,7.329779327847063541e-04
3.766351351351351241e+03,7.325892802327871323e-04
3.776368243243242887e+03,7.321992889046669006e-04
3.786385135135134988e+03,7.318046409636735916e-04
3.796402027027026634e+03,7.314018439501523972e-04
3.806418918918918735e+03,7.309916545636951923e-04
3.816435810810810381e+03,7.305520121008157730e-04
3.826452702702702481e+03,7.300195284187793732e-04
3.836469594594594128e+03,7.291581714525818825e-04
3.846486486486486228e+03,7.229928742162883282e-04
3.856503378378378329e+03,6.588760297745466232e-04
3.866520270270269975e+03,6.480860756710171700e-04
3.876537162162162076e+03,6.435331306420266628e-04
3.886554054054053722e+03,6.401868886314332485e-04
3.896570945945945823e+03,6.382116698659956455e-04
3.906587837837837469e+03,6.369591574184596539e-04
3.916604729729729570e+03,6.359354592859745026e-04
3.926621621621621216e+03,6.350558251142501831e-04
3.936638513513513317e+03,6.342780543491244316e-04
3.946655405405404963e+03,6.335595389828085899e-04
3.956672297297297064e+03,6.329020252451300621e-04
3.966689189189188710e+03,6.322890985757112503e-04
3.976706081081080811e+03,6.317088846117258072e-04
3.986722972972972912e+03,6.311562610790133476e-04
3.996739864864864558e+03,6.306325667537748814e-04
4.006756756756756658e+03,6.301273242570459843e-04
4.016773648648648305e+03,6.296411156654357910e-04
4.026790540540540405e+03,6.291695171967148781e-04
4.036807432432432051e+03,6.287172436714172363e-04
4.046824324324324152e+03,6.282862741500139236e-04
4.056841216216215798e+03,6.278667133301496506e-04
4.066858108108107899e+03,6.274628685787320137e-04
4.076874999999999545e+03,6.270750309340655804e-04
4.086891891891891646e+03,6.267004064284265041e-04
4.096908783783783292e+03,6.263314280658960342e-04
4.106925675675675848e+03,6.259789224714040756e-04
4.116942567567567494e+03,6.256335764192044735e-04
4.126959459459459140e+03,6.252947496250271797e-04
4.136976351351350786e+03,6.249681464396417141e-04
4.146993243243243342e+03,6.246496923267841339e-04
4.157010135135134988e+03,6.243347306735813618e-04
4.167027027027026634e+03,6.240246584638953209e-04
4.177043918918918280e+03,6.237225607037544250e-04
4.187060810810810835e+03,6.234231987036764622e-04
4.197077702702702481e+03,6.231358856894075871e-04
4.207094594594594128e+03,6.228535203263163567e-04
4.217111486486485774e+03,6.225673714652657509e-04
4.227128378378378329e+03,6.222954834811389446e-04
4.237145270270269975e+03,6.220309878699481487e-04
4.247162162162161621e+03,6.217687623575329781e-04
4.257179054054054177e+03,6.215056637302041054e-04
4.267195945945945823e+03,6.212468142621219158e-04
4.277212837837837469e+03,6.209976272657513618e-04
4.287229729729729115e+03,6.207455298863351345e-04
4.297246621621621671e+03,6.204951205290853977e-04
4.307263513513513317e+03,6.202333024702966213e-04
4.317280405405404963e+03,6.199920317158102989e-04
4.327297297297296609e+03,6.197495968081057072e-04
4.337314189189189165e+03,6.195068126544356346e-04
4.347331081081080811e+03,6.192791624926030636e-04
4.357347972972972457e+03,6.190620479173958302e-04
4.367364864864865012e+03,6.188473780639469624e-04
4.377381756756756658e+03,6.186370155774056911e-04
4.387398648648648305e+03,6.184328813105821609e-04
4.397415540540539951e+03,6.182289798744022846e-04
4.407432432432432506e+03,6.180292111821472645e-04
4.417449324324324152e+03,6.178329931572079659e-04
4.427466216216215798e+03,6.176418391987681389e-04
4.437483108108107444e+03,6.174533627927303314e-04
4.447500000000000000e+03,6.172676803544163704e-04
4.457516891891891646e+03,6.170846172608435154e-04
4.467533783783783292e+03,6.169023108668625355e-04
4.477550675675674938e+03,6.167241372168064117e-04
4.487567567567567494e+03,6.165466038510203362e-04
4.497584459459459140e+03,6.163713405840098858e-04
4.507601351351350786e+03,6.161977653391659260e-04
4.517618243243243342e+03,6.160211632959544659e-04
4.527635135135134988e+03,6.158412434160709381e-04
4.537652027027026634e+03,6.156552117317914963e-04
4.547668918918918280e+03,6.154719158075749874e-04
4.557685810810810835e+03,6.152922869659960270e-04
4.567702702702702481e+03,6.151173147372901440e-04
4.577719594594594128e+03,6.149561959318816662e-04
4.587736486486485774e+03,6.147989770397543907e-04
4.597753378378378329e+03,6.146445521153509617e-04
4.607770270270269975e+03,6.144937942735850811e-04
4.617787162162161621e+03,6.143460632301867008e-04
4.627804054054054177e+03,6.142006022855639458e-04
4.637820945945945823e+03,6.140594487078487873e-04
4.647837837837837469e+03,6.139184115454554558e-04
4.657854729729729115e+03,6.137802265584468842e-04
4.667871621621621671e+03,6.136430311016738415e-04
4.677888513513513317e+03,6.135073490440845490e-04
4.687905405405404963e+03,6.133769056759774685e-04
4.697922297297296609e+03,6.132457638159394264e-04
4.707939189189189165e+03,6.131161935627460480e-04
4.717956081081080811e+03,6.129895336925983429e-04
4.727972972972972457e+03,6.128647364675998688e-04
4.737989864864864103e+03,6.127399392426013947e-04
4.748006756756756658e+03,6.126180524006485939e-04
4.758023648648648305e+03,6.124966312199831009e-04
4.768040540540539951e+03,6.123767816461622715e-04
4.778057432432432506e+03,6.122595514170825481e-04
4.788074324324324152e+03,6.121442420408129692e-04
4.798091216216215798e+03,6.120318430475890636e-04
4.808108108108107444e+03,6.119175232015550137e-04
4.818125000000000000e+03,6.118068704381585121e-04
4.828141891891891646e+03,6.116964505054056644e-04
4.838158783783783292e+03,6.115873111411929131e-04
4.848175675675674938e+03,6.114785792306065559e-04
4.858192567567567494e+03,6.113731069490313530e-04
4.868209459459459140e+03,6.112682749517261982e-04
4.878226351351350786e+03,6.111650145612657070e-04
4.888243243243243342e+03,6.110636750236153603e-04
4.898260135135134988e+03,6.109630339778959751e-04
4.908277027027026634e+03,6.108626257628202438e-04
4.918293918918918280e+03,6.107643712311983109e-04
4.928310810810810835e+03,6.106669898144900799e-04
4.938327702702702481e+03,6.105705397203564644e-04
4.948344594594594128e+03,6.104744388721883297e-04
4.958361486486485774e+03,6.103790365159511566e-04
4.968378378378378329e+03,6.102848565205931664e-04
4.978395270270269975e+03,6.101912586018443108e-04
4.988412162162161621e+03,6.100985920056700706e-04
4.998429054054053267e+03,6.100076716393232346e-04
5.008445945945945823e+03,6.099171005189418793e-04
5.018462837837837469e+03,6.098300218582153320e-04
5.028479729729729115e+03,6.097418954595923424e-04
5.038496621621621671e+03,6.096555734984576702e-04
5.048513513513513317e+03,6.095693679526448250e-04
5.058530405405404963e+03,6.094850250519812107e-04
5.068547297297296609e+03,6.094008567743003368e-04
5.078564189189189165e+03,6.093189003877341747e-04
5.088581081081080811e+03,6.092367693781852722e-04
5.098597972972972457e+03,6.091558025218546391e-04
5.108614864864864103e+03,6.090761744417250156e-04
5.118631756756756658e+03,6.089974776841700077e-04
5.128648648648648305e+03,6.089207599870860577e-04
5.138665540540539951e+03,6.088430527597665787e-04
5.148682432432432506e+03,6.087666843086481094e-04
5.158699324324324152e+03,6.086913053877651691e-04
5.168716216216215798e+03,6.086165085434913635e-04
5.178733108108107444e+03,6.085422937758266926e-04
5.188750000000000000e+03,6.084698252379894257e-04
5.198766891891891646e+03,6.083981133997440338e-04
5.208783783783783292e+03,6.083257612772285938e-04
5.218800675675674938e+03,6.082528270781040192e-04
5.228817567567567494e+03,6.081802421249449253e-04
5.238834459459459140e+03,6.081095780245959759e-04
5.248851351351350786e+03,6.080389721319079399e-04
5.258868243243243342e+03,6.079699378460645676e-04
5.268885135135134988e+03,6.079010781832039356e-04
5.278902027027026634e+03,6.078323931433260441e-04
5.288918918918918280e+03,6.077642319723963737e-04
5.298935810810810835e+03,6.076965364627540112e-04
5.308952702702702481e+03,6.076288991607725620e-04
5.318969594594594128e+03,6.075625424273312092e-04
5.328986486486485774e+03,6.074978155083954334e-04
5.339003378378378329e+03,6.074337870813906193e-04
5.349020270270269975e+03,6.073705735616385937e-04
5.359037162162161621e+03,6.073078257031738758e-04
5.369054054054053267e+03,6.072466494515538216e-04
5.379070945945945823e+03,6.071865209378302097e-04
5.389087837837837469e+03,6.071252864785492420e-04
5.399104729729729115e+03,6.070650415495038033e-04
5.409121621621621671e+03,6.070056115277111530e-04
5.419138513513513317e+03,6.069471128284931183e-04
5.429155405405404963e+03,6.068888469599187374e-04
5.439172297297296609e+03,6.068318034522235394e-04
5.449189189189189165e+03,6.067747017368674278e-04
5.459206081081080811e+03,6.067179492674767971e-04
5.469222972972972457e+03,6.066617788746953011e-04
5.479239864864864103e+03,6.066060159355401993e-04
5.489256756756756658e+03,6.065507186576724052e-04
5.499273648648648305e+03,6.064952467568218708e-04
5.509290540540539951e+03,6.064405897632241249e-04
5.519307432432432506e+03,6.063861656002700329e-04
5.529324324324324152e+03,6.063322070986032486e-04
5.539341216216215798e+03,6.062795873731374741e-04
5.549358108108107444e+03,6.062269094400107861e-04
5.559375000000000000e+03,6.061758613213896751e-04
5.569391891891891646e+03,6.061252206563949585e-04
5.579408783783783292e+03,6.060750456526875496e-04
5.589425675675674938e+03,6.060252198949456215e-04
5.599442567567567494e+03,6.059761508367955685e-04
5.609459459459459140e+03,6.059281877242028713e-04
5.619476351351350786e+03,6.058812141418457031e-04
5.629493243243242432e+03,6.058336002752184868e-04
5.639510135135134988e+03,6.057869759388267994e-04
5.649527027027026634e+03,6.057408172637224197e-04
5.659543918918918280e+03,6.056937272660434246e-04
5.669560810810810835e+03,6.056474521756172180e-04
5.679577702702702481e+03,6.056020502001047134e-04
5.689594594594594128e+03,6.055568810552358627e-04
5.699611486486485774e+03,6.055120611563324928e-04
5.709628378378378329e+03,6.054684054106473923e-04
5.719645270270269975e+03,6.054247496649622917e-04
5.729662162162161621e+03,6.053815595805644989e-04
5.739679054054053267e+03,6.053384277038276196e-04
5.749695945945945823e+03,6.052965763956308365e-04
5.759712837837837469e+03,6.052548415027558804e-04
5.769729729729729115e+03,6.052134558558464050e-04
5.779746621621621671e+03,6.051724194549024105e-04
5.789763513513513317e+03,6.051313248462975025e-04
5.799780405405404963e+03,6.050909287296235561e-04
5.809797297297296609e+03,6.050507072359323502e-04
5.819814189189189165e+03,6.050111842341721058e-04
5.829831081081080811e+03,6.049724179320037365e-04
5.839847972972972457e+03,6.049338262528181076e-04
5.849864864864864103e+03,6.048951763659715652e-04
5.859881756756756658e+03,6.048573995940387249e-04
5.869898648648648305e+03,6.048199720680713654e-04
5.879915540540539951e+03,6.047827773727476597e-04
5.889932432432431597e+03,6.047459901310503483e-04
5.899949324324324152e+03,6.047092028893530369e-04
5.909966216216215798e+03,6.046692724339663982e-04
5.919983108108107444e+03,6.046299822628498077e-04
5.930000000000000000e+03,6.045915652066469193e-04
