# n,accuracy
0.000000000000000000e+00,5.005000233650207520e-01
1.000771010023130358e+01,7.269999980926513672e-01
2.001542020046260717e+01,6.539999842643737793e-01
3.002313030069391075e+01,6.784999966621398926e-01
4.003084040092521434e+01,7.384999990463256836e-01
5.003855050115652148e+01,7.260000109672546387e-01
6.004626060138782151e+01,7.475000023841857910e-01
7.005397070161912154e+01,7.455000281333923340e-01
8.006168080185042868e+01,7.764999866485595703e-01
9.006939090208173582e+01,7.835000157356262207e-01
1.000771010023130430e+02,7.994999885559082031e-01
1.100848111025443359e+02,8.130000233650207520e-01
1.200925212027756430e+02,8.119999766349792480e-01
1.301002313030069502e+02,8.155000209808349609e-01
1.401079414032382431e+02,8.195000290870666504e-01
1.501156515034695644e+02,8.054999709129333496e-01
1.601233616037008574e+02,8.174999952316284180e-01
1.701310717039321503e+02,8.115000128746032715e-01
1.801387818041634716e+02,8.205000162124633789e-01
1.901464919043947646e+02,8.264999985694885254e-01
2.001542020046260859e+02,8.355000019073486328e-01
2.101619121048573788e+02,8.355000019073486328e-01
2.201696222050886718e+02,8.190000057220458984e-01
2.301773323053199931e+02,8.364999890327453613e-01
2.401850424055512860e+02,8.439999818801879883e-01
2.501927525057825790e+02,8.445000052452087402e-01
2.602004626060139003e+02,8.414999842643737793e-01
2.702081727062451932e+02,8.385000228881835938e-01
2.802158828064764862e+02,8.500000238418579102e-01
2.902235929067077791e+02,8.424999713897705078e-01
3.002313030069391289e+02,8.479999899864196777e-01
3.102390131071704218e+02,8.550000190734863281e-01
3.202467232074017147e+02,8.504999876022338867e-01
3.302544333076330076e+02,8.495000004768371582e-01
3.402621434078643006e+02,8.575000166893005371e-01
3.502698535080956503e+02,8.485000133514404297e-01
3.602775636083269433e+02,8.529999852180480957e-01
3.702852737085582362e+02,8.535000085830688477e-01
3.802929838087895291e+02,8.529999852180480957e-01
3.903006939090208220e+02,8.519999980926513672e-01
4.003084040092521718e+02,8.550000190734863281e-01
4.103161141094834647e+02,8.569999933242797852e-01
4.203238242097147577e+02,8.539999723434448242e-01
4.303315343099460506e+02,8.610000014305114746e-01
4.403392444101773435e+02,8.569999933242797852e-01
4.503469545104086365e+02,8.504999876022338867e-01
4.603546646106399862e+02,8.615000247955322266e-01
4.703623747108712791e+02,8.625000119209289551e-01
4.803700848111025721e+02,8.585000038146972656e-01
4.903777949113338650e+02,8.634999990463256836e-01
5.003855050115651579e+02,8.554999828338623047e-01
5.103932151117965077e+02,8.625000119209289551e-01
5.204009252120278006e+02,8.525000214576721191e-01
5.304086353122590936e+02,8.640000224113464355e-01
5.404163454124903865e+02,8.594999909400939941e-01
5.504240555127216794e+02,8.565000295639038086e-01
5.604317656129529723e+02,8.679999709129333496e-01
5.704394757131842653e+02,8.600000143051147461e-01
5.804471858134155582e+02,8.634999990463256836e-01
5.904548959136469648e+02,8.594999909400939941e-01
6.004626060138782577e+02,8.659999966621398926e-01
6.104703161141095507e+02,8.654999732971191406e-01
6.204780262143408436e+02,8.629999756813049316e-01
6.304857363145721365e+02,8.625000119209289551e-01
6.404934464148034294e+02,8.629999756813049316e-01
6.505011565150347224e+02,8.230000138282775879e-01
6.605088666152660153e+02,8.659999966621398926e-01
6.705165767154973082e+02,8.590000271797180176e-01
6.805242868157286011e+02,8.654999732971191406e-01
6.905319969159598941e+02,8.604999780654907227e-01
7.005397070161913007e+02,8.665000200271606445e-01
7.105474171164225936e+02,8.644999861717224121e-01
7.205551272166538865e+02,8.659999966621398926e-01
7.305628373168851795e+02,8.644999861717224121e-01
7.405705474171164724e+02,8.604999780654907227e-01
7.505782575173477653e+02,8.650000095367431641e-01
7.605859676175790582e+02,8.665000200271606445e-01
7.705936777178103512e+02,8.640000224113464355e-01
7.806013878180416441e+02,8.634999990463256836e-01
7.906090979182729370e+02,8.650000095367431641e-01
8.006168080185043436e+02,8.694999814033508301e-01
8.106245181187356366e+02,8.690000176429748535e-01
8.206322282189669295e+02,8.634999990463256836e-01
8.306399383191982224e+02,8.684999942779541016e-01
8.406476484194295153e+02,8.694999814033508301e-01
8.506553585196608083e+02,8.650000095367431641e-01
8.606630686198921012e+02,8.684999942779541016e-01
8.706707787201233941e+02,8.690000176429748535e-01
8.806784888203546870e+02,8.700000047683715820e-01
8.906861989205859800e+02,8.700000047683715820e-01
9.006939090208172729e+02,8.669999837875366211e-01
9.107016191210486795e+02,8.684999942779541016e-01
9.207093292212799724e+02,8.690000176429748535e-01
9.307170393215112654e+02,8.705000281333923340e-01
9.407247494217425583e+02,8.705000281333923340e-01
9.507324595219738512e+02,8.700000047683715820e-01
9.607401696222051442e+02,8.700000047683715820e-01
9.707478797224364371e+02,8.690000176429748535e-01
9.807555898226677300e+02,8.679999709129333496e-01
9.907632999228990229e+02,8.719999790191650391e-01
1.000771010023130316e+03,8.719999790191650391e-01
1.010778720123361609e+03,8.705000281333923340e-01
1.020786430223593015e+03,8.730000257492065430e-01
1.030794140323824195e+03,8.725000023841857910e-01
1.040801850424055601e+03,8.610000014305114746e-01
1.050809560524286780e+03,8.734999895095825195e-01
1.060817270624518187e+03,8.665000200271606445e-01
1.070824980724749594e+03,8.750000000000000000e-01
1.080832690824980773e+03,8.730000257492065430e-01
1.090840400925212180e+03,8.665000200271606445e-01
1.100848111025443359e+03,8.744999766349792480e-01
1.110855821125674765e+03,8.755000233650207520e-01
1.120863531225905945e+03,8.744999766349792480e-01
1.130871241326137351e+03,8.759999871253967285e-01
1.140878951426368531e+03,8.744999766349792480e-01
1.150886661526599937e+03,8.709999918937683105e-01
1.160894371626831116e+03,8.694999814033508301e-01
1.170902081727062523e+03,8.755000233650207520e-01
1.180909791827293930e+03,8.579999804496765137e-01
1.190917501927525109e+03,8.579999804496765137e-01
1.200925212027756515e+03,8.510000109672546387e-01
1.210932922127987695e+03,8.659999966621398926e-01
1.220940632228219101e+03,8.479999899864196777e-01
1.230948342328450281e+03,8.569999933242797852e-01
1.240956052428681687e+03,8.414999842643737793e-01
1.250963762528912866e+03,8.665000200271606445e-01
1.260971472629144273e+03,8.725000023841857910e-01
1.270979182729375452e+03,8.709999918937683105e-01
1.280986892829606859e+03,8.289999961853027344e-01
1.290994602929838265e+03,8.585000038146972656e-01
1.301002313030069445e+03,8.554999828338623047e-01
1.311010023130300851e+03,8.679999709129333496e-01
1.321017733230532031e+03,8.769999742507934570e-01
1.331025443330763437e+03,8.765000104904174805e-01
1.341033153430994616e+03,8.799999952316284180e-01
1.351040863531226023e+03,8.790000081062316895e-01
1.361048573631457202e+03,8.719999790191650391e-01
1.371056283731688609e+03,8.809999823570251465e-01
1.381063993831919788e+03,8.769999742507934570e-01
1.391071703932151195e+03,8.675000071525573730e-01
1.401079414032382601e+03,8.755000233650207520e-01
1.411087124132613781e+03,8.759999871253967285e-01
1.421094834232845187e+03,8.659999966621398926e-01
1.431102544333076366e+03,8.705000281333923340e-01
1.441110254433307773e+03,8.769999742507934570e-01
1.451117964533538952e+03,8.694999814033508301e-01
1.461125674633770359e+03,8.744999766349792480e-01
1.471133384734001538e+03,8.625000119209289551e-01
1.481141094834232945e+03,8.454999923706054688e-01
1.491148804934464124e+03,8.675000071525573730e-01
1.501156515034695531e+03,8.679999709129333496e-01
1.511164225134926937e+03,8.245000243186950684e-01
1.521171935235158116e+03,8.634999990463256836e-01
1.531179645335389523e+03,8.554999828338623047e-01
1.541187355435620702e+03,8.320000171661376953e-01
1.551195065535852109e+03,8.654999732971191406e-01
1.561202775636083288e+03,8.579999804496765137e-01
1.571210485736314695e+03,8.675000071525573730e-01
1.581218195836545874e+03,8.684999942779541016e-01
1.591225905936777281e+03,8.445000052452087402e-01
1.601233616037008687e+03,8.694999814033508301e-01
1.611241326137239867e+03,8.690000176429748535e-01
1.621249036237471273e+03,8.694999814033508301e-01
1.631256746337702452e+03,8.355000019073486328e-01
1.641264456437933859e+03,8.700000047683715820e-01
1.651272166538165038e+03,8.619999885559082031e-01
1.661279876638396445e+03,8.719999790191650391e-01
1.671287586738627624e+03,8.730000257492065430e-01
1.681295296838859031e+03,8.324999809265136719e-01
1.691303006939090210e+03,8.454999923706054688e-01
1.701310717039321617e+03,8.514999747276306152e-01
1.711318427139553023e+03,8.709999918937683105e-01
1.721326137239784202e+03,8.774999976158142090e-01
1.731333847340015609e+03,8.794999718666076660e-01
1.741341557440246788e+03,8.759999871253967285e-01
1.751349267540478195e+03,8.399999737739562988e-01
1.761356977640709374e+03,8.715000152587890625e-01
1.771364687740940781e+03,8.715000152587890625e-01
1.781372397841171960e+03,8.519999980926513672e-01
1.791380107941403367e+03,8.634999990463256836e-01
1.801387818041634546e+03,8.705000281333923340e-01
1.811395528141865952e+03,8.519999980926513672e-01
1.821403238242097359e+03,8.755000233650207520e-01
1.831410948342328538e+03,8.330000042915344238e-01
1.841418658442559945e+03,8.364999890327453613e-01
1.851426368542791124e+03,8.744999766349792480e-01
1.861434078643022531e+03,8.774999976158142090e-01
1.871441788743253710e+03,8.715000152587890625e-01
1.881449498843485117e+03,8.665000200271606445e-01
1.891457208943716296e+03,8.709999918937683105e-01
1.901464919043947702e+03,8.755000233650207520e-01
1.911472629144178882e+03,8.759999871253967285e-01
1.921480339244410288e+03,8.755000233650207520e-01
1.931488049344641695e+03,8.615000247955322266e-01
1.941495759444872874e+03,8.700000047683715820e-01
1.951503469545104281e+03,8.824999928474426270e-01
1.961511179645335460e+03,8.805000185966491699e-01
1.971518889745566867e+03,8.830000162124633789e-01
1.981526599845798046e+03,8.799999952316284180e-01
1.991534309946029452e+03,8.765000104904174805e-01
2.001542020046260632e+03,8.759999871253967285e-01
2.011549730146492038e+03,8.820000290870666504e-01
2.021557440246723218e+03,8.830000162124633789e-01
2.031565150346954624e+03,8.830000162124633789e-01
2.041572860447186031e+03,8.780000209808349609e-01
2.051580570547417210e+03,8.339999914169311523e-01
2.061588280647648389e+03,8.485000133514404297e-01
2.071595990747880023e+03,8.740000128746032715e-01
2.081603700848111203e+03,8.769999742507934570e-01
2.091611410948342382e+03,8.744999766349792480e-01
2.101619121048573561e+03,8.634999990463256836e-01
2.111626831148805195e+03,8.539999723434448242e-01
2.121634541249036374e+03,8.700000047683715820e-01
2.131642251349267553e+03,8.700000047683715820e-01
2.141649961449499187e+03,8.849999904632568359e-01
2.151657671549730367e+03,8.830000162124633789e-01
2.161665381649961546e+03,8.805000185966491699e-01
2.171673091750192725e+03,8.809999823570251465e-01
2.181680801850424359e+03,8.794999718666076660e-01
2.191688511950655538e+03,8.360000252723693848e-01
2.201696222050886718e+03,8.765000104904174805e-01
2.211703932151117897e+03,8.585000038146972656e-01
2.221711642251349531e+03,8.740000128746032715e-01
2.231719352351580710e+03,8.774999976158142090e-01
2.241727062451811889e+03,8.794999718666076660e-01
2.251734772552043523e+03,8.820000290870666504e-01
2.261742482652274703e+03,8.834999799728393555e-01
2.271750192752505882e+03,8.824999928474426270e-01
2.281757902852737061e+03,8.840000033378601074e-01
2.291765612952968695e+03,8.824999928474426270e-01
2.301773323053199874e+03,8.780000209808349609e-01
2.311781033153431054e+03,8.805000185966491699e-01
2.321788743253662233e+03,8.834999799728393555e-01
2.331796453353893867e+03,8.834999799728393555e-01
2.341804163454125046e+03,8.845000267028808594e-01
2.351811873554356225e+03,8.865000009536743164e-01
2.361819583654587859e+03,8.830000162124633789e-01
2.371827293754819038e+03,8.809999823570251465e-01
2.381835003855050218e+03,8.815000057220458984e-01
2.391842713955281397e+03,8.794999718666076660e-01
2.401850424055513031e+03,8.824999928474426270e-01
2.411858134155744210e+03,8.774999976158142090e-01
2.421865844255975389e+03,8.834999799728393555e-01
2.431873554356206569e+03,8.830000162124633789e-01
2.441881264456438203e+03,8.510000109672546387e-01
2.451888974556669382e+03,8.525000214576721191e-01
2.461896684656900561e+03,8.774999976158142090e-01
2.471904394757132195e+03,8.495000004768371582e-01
2.481912104857363374e+03,8.744999766349792480e-01
2.491919814957594554e+03,8.830000162124633789e-01
2.501927525057825733e+03,8.834999799728393555e-01
2.511935235158057367e+03,8.830000162124633789e-01
2.521942945258288546e+03,8.834999799728393555e-01
2.531950655358519725e+03,8.834999799728393555e-01
2.541958365458750905e+03,8.840000033378601074e-01
2.551966075558982538e+03,8.855000138282775879e-01
2.561973785659213718e+03,8.750000000000000000e-01
2.571981495759444897e+03,8.780000209808349609e-01
2.581989205859676531e+03,8.855000138282775879e-01
2.591996915959907710e+03,8.849999904632568359e-01
2.602004626060138889e+03,8.845000267028808594e-01
2.612012336160370069e+03,8.840000033378601074e-01
2.622020046260601703e+03,8.874999880790710449e-01
2.632027756360832882e+03,8.830000162124633789e-01
2.642035466461064061e+03,8.824999928474426270e-01
2.652043176561295240e+03,8.865000009536743164e-01
2.662050886661526874e+03,8.820000290870666504e-01
2.672058596761758054e+03,8.849999904632568359e-01
2.682066306861989233e+03,8.859999775886535645e-01
2.692074016962220867e+03,8.859999775886535645e-01
2.702081727062452046e+03,8.870000243186950684e-01
2.712089437162683225e+03,8.865000009536743164e-01
2.722097147262914405e+03,8.849999904632568359e-01
2.732104857363146039e+03,8.849999904632568359e-01
2.742112567463377218e+03,8.815000057220458984e-01
2.752120277563608397e+03,8.859999775886535645e-01
2.762127987663839576e+03,8.815000057220458984e-01
2.772135697764071210e+03,8.840000033378601074e-01
2.782143407864302389e+03,8.849999904632568359e-01
2.792151117964533569e+03,8.820000290870666504e-01
2.802158828064765203e+03,8.780000209808349609e-01
2.812166538164996382e+03,8.809999823570251465e-01
2.822174248265227561e+03,8.809999823570251465e-01
2.832181958365458740e+03,8.845000267028808594e-01
2.842189668465690374e+03,8.809999823570251465e-01
2.852197378565921554e+03,8.604999780654907227e-01
2.862205088666152733e+03,8.799999952316284180e-01
2.872212798766383912e+03,8.644999861717224121e-01
2.882220508866615546e+03,8.769999742507934570e-01
2.892228218966846725e+03,8.769999742507934570e-01
2.902235929067077905e+03,8.569999933242797852e-01
2.912243639167309539e+03,8.799999952316284180e-01
2.922251349267540718e+03,8.709999918937683105e-01
2.932259059367771897e+03,8.725000023841857910e-01
2.942266769468003076e+03,8.769999742507934570e-01
2.952274479568234710e+03,8.634999990463256836e-01
2.962282189668465890e+03,8.799999952316284180e-01
2.972289899768697069e+03,8.759999871253967285e-01
2.982297609868928248e+03,8.669999837875366211e-01
2.992305319969159882e+03,8.774999976158142090e-01
3.002313030069391061e+03,8.784999847412109375e-01
3.012320740169622241e+03,8.470000028610229492e-01
3.022328450269853874e+03,8.659999966621398926e-01
3.032336160370085054e+03,8.834999799728393555e-01
3.042343870470316233e+03,8.794999718666076660e-01
3.052351580570547412e+03,8.665000200271606445e-01
3.062359290670779046e+03,8.665000200271606445e-01
3.072367000771010225e+03,8.765000104904174805e-01
3.082374710871241405e+03,8.784999847412109375e-01
3.092382420971472584e+03,8.780000209808349609e-01
3.102390131071704218e+03,8.759999871253967285e-01
3.112397841171935397e+03,8.755000233650207520e-01
3.122405551272166576e+03,8.799999952316284180e-01
3.132413261372398210e+03,8.544999957084655762e-01
3.142420971472629390e+03,8.805000185966491699e-01
3.152428681572860569e+03,8.324999809265136719e-01
3.162436391673091748e+03,8.790000081062316895e-01
3.172444101773323382e+03,8.719999790191650391e-01
3.182451811873554561e+03,8.640000224113464355e-01
3.192459521973785741e+03,8.765000104904174805e-01
3.202467232074017375e+03,8.765000104904174805e-01
3.212474942174248554e+03,8.759999871253967285e-01
3.222482652274479733e+03,8.830000162124633789e-01
3.232490362374710912e+03,8.834999799728393555e-01
3.242498072474942546e+03,8.834999799728393555e-01
3.252505782575173725e+03,8.849999904632568359e-01
3.262513492675404905e+03,8.840000033378601074e-01
3.272521202775636084e+03,8.884999752044677734e-01
3.282528912875867718e+03,8.865000009536743164e-01
3.292536622976098897e+03,8.884999752044677734e-01
3.302544333076330076e+03,8.880000114440917969e-01
3.312552043176561710e+03,8.865000009536743164e-01
3.322559753276792890e+03,8.859999775886535645e-01
3.332567463377024069e+03,8.855000138282775879e-01
3.342575173477255248e+03,8.794999718666076660e-01
3.352582883577486882e+03,8.679999709129333496e-01
3.362590593677718061e+03,8.790000081062316895e-01
3.372598303777949241e+03,8.679999709129333496e-01
3.382606013878180420e+03,8.600000143051147461e-01
3.392613723978412054e+03,8.665000200271606445e-01
3.402621434078643233e+03,8.640000224113464355e-01
3.412629144178874412e+03,8.665000200271606445e-01
3.422636854279106046e+03,8.805000185966491699e-01
3.432644564379337226e+03,8.849999904632568359e-01
3.442652274479568405e+03,8.849999904632568359e-01
3.452659984579799584e+03,8.895000219345092773e-01
3.462667694680031218e+03,8.859999775886535645e-01
3.472675404780262397e+03,8.859999775886535645e-01
3.482683114880493576e+03,8.865000009536743164e-01
3.492690824980724756e+03,8.840000033378601074e-01
3.502698535080956390e+03,8.700000047683715820e-01
3.512706245181187569e+03,8.634999990463256836e-01
3.522713955281418748e+03,8.845000267028808594e-01
3.532721665381650382e+03,8.874999880790710449e-01
3.542729375481881561e+03,8.855000138282775879e-01
3.552737085582112741e+03,8.849999904632568359e-01
3.562744795682343920e+03,8.859999775886535645e-01
3.572752505782575554e+03,8.780000209808349609e-01
3.582760215882806733e+03,8.734999895095825195e-01
3.592767925983037912e+03,8.740000128746032715e-01
3.602775636083269092e+03,8.679999709129333496e-01
3.612783346183500726e+03,8.784999847412109375e-01
3.622791056283731905e+03,8.730000257492065430e-01
3.632798766383963084e+03,8.849999904632568359e-01
3.642806476484194718e+03,8.824999928474426270e-01
3.652814186584425897e+03,8.865000009536743164e-01
3.662821896684657077e+03,8.855000138282775879e-01
3.672829606784888256e+03,8.865000009536743164e-01
3.682837316885119890e+03,8.849999904632568359e-01
3.692845026985351069e+03,8.849999904632568359e-01
3.702852737085582248e+03,8.654999732971191406e-01
3.712860447185813427e+03,8.840000033378601074e-01
3.722868157286045061e+03,8.849999904632568359e-01
3.732875867386276241e+03,8.865000009536743164e-01
3.742883577486507420e+03,8.880000114440917969e-01
3.752891287586739054e+03,8.880000114440917969e-01
3.762898997686970233e+03,8.855000138282775879e-01
3.772906707787201412e+03,8.759999871253967285e-01
3.782914417887432592e+03,8.820000290870666504e-01
3.792922127987664226e+03,8.849999904632568359e-01
3.802929838087895405e+03,8.475000262260437012e-01
3.812937548188126584e+03,8.840000033378601074e-01
3.822945258288357763e+03,8.809999823570251465e-01
3.832952968388589397e+03,8.849999904632568359e-01
3.842960678488820577e+03,8.874999880790710449e-01
3.852968388589051756e+03,8.880000114440917969e-01
3.862976098689283390e+03,8.859999775886535645e-01
3.872983808789514569e+03,8.834999799728393555e-01
3.882991518889745748e+03,8.780000209808349609e-01
3.892999228989976928e+03,8.715000152587890625e-01
3.903006939090208562e+03,8.634999990463256836e-01
3.913014649190439741e+03,8.824999928474426270e-01
3.923022359290670920e+03,8.840000033378601074e-01
3.933030069390902099e+03,8.385000228881835938e-01
3.943037779491133733e+03,8.845000267028808594e-01
3.953045489591364912e+03,8.379999995231628418e-01
3.963053199691596092e+03,8.790000081062316895e-01
3.973060909791827726e+03,8.830000162124633789e-01
3.983068619892058905e+03,8.830000162124633789e-01
3.993076329992290084e+03,8.790000081062316895e-01
4.003084040092521263e+03,8.565000295639038086e-01
4.013091750192752897e+03,8.769999742507934570e-01
4.023099460292984077e+03,8.585000038146972656e-01
4.033107170393215256e+03,8.824999928474426270e-01
4.043114880493446435e+03,8.820000290870666504e-01
4.053122590593678069e+03,8.740000128746032715e-01
4.063130300693909248e+03,8.364999890327453613e-01
4.073138010794140428e+03,8.694999814033508301e-01
4.083145720894372062e+03,8.815000057220458984e-01
4.093153430994603241e+03,8.799999952316284180e-01
4.103161141094834420e+03,8.684999942779541016e-01
4.113168851195066054e+03,8.865000009536743164e-01
4.123176561295296779e+03,8.865000009536743164e-01
4.133184271395528413e+03,8.849999904632568359e-01
4.143191981495760047e+03,8.874999880790710449e-01
4.153199691595990771e+03,8.845000267028808594e-01
4.163207401696222405e+03,8.870000243186950684e-01
4.173215111796454039e+03,8.924999833106994629e-01
4.183222821896684763e+03,8.880000114440917969e-01
4.193230531996916397e+03,8.874999880790710449e-01
4.203238242097147122e+03,8.840000033378601074e-01
4.213245952197378756e+03,8.865000009536743164e-01
4.223253662297610390e+03,8.849999904632568359e-01
4.233261372397841114e+03,8.870000243186950684e-01
4.243269082498072748e+03,8.884999752044677734e-01
4.253276792598304382e+03,8.870000243186950684e-01
4.263284502698535107e+03,8.429999947547912598e-01
4.273292212798766741e+03,8.805000185966491699e-01
4.283299922898998375e+03,8.780000209808349609e-01
4.293307632999229099e+03,8.780000209808349609e-01
4.303315343099460733e+03,8.679999709129333496e-01
4.313323053199691458e+03,8.809999823570251465e-01
4.323330763299923092e+03,8.740000128746032715e-01
4.333338473400154726e+03,8.744999766349792480e-01
4.343346183500385450e+03,8.849999904632568359e-01
4.353353893600617084e+03,8.865000009536743164e-01
4.363361603700848718e+03,8.874999880790710449e-01
4.373369313801079443e+03,8.884999752044677734e-01
4.383377023901311077e+03,8.880000114440917969e-01
4.393384734001542711e+03,8.884999752044677734e-01
4.403392444101773435e+03,8.859999775886535645e-01
4.413400154202005069e+03,8.880000114440917969e-01
4.423407864302235794e+03,8.884999752044677734e-01
4.433415574402467428e+03,8.880000114440917969e-01
4.443423284502699062e+03,8.880000114440917969e-01
4.453430994602929786e+03,8.840000033378601074e-01
4.463438704703161420e+03,8.495000004768371582e-01
4.473446414803393054e+03,8.799999952316284180e-01
4.483454124903623779e+03,8.790000081062316895e-01
4.493461835003855413e+03,8.834999799728393555e-01
4.503469545104087047e+03,8.845000267028808594e-01
4.513477255204317771e+03,8.794999718666076660e-01
4.523484965304549405e+03,8.625000119209289551e-01
4.533492675404780130e+03,8.654999732971191406e-01
4.543500385505011764e+03,8.855000138282775879e-01
4.553508095605243398e+03,8.734999895095825195e-01
4.563515805705474122e+03,8.744999766349792480e-01
4.573523515805705756e+03,8.794999718666076660e-01
4.583531225905937390e+03,8.755000233650207520e-01
4.593538936006168115e+03,8.874999880790710449e-01
4.603546646106399749e+03,8.870000243186950684e-01
4.613554356206631383e+03,8.895000219345092773e-01
4.623562066306862107e+03,8.849999904632568359e-01
4.633569776407093741e+03,8.874999880790710449e-01
4.643577486507324465e+03,8.905000090599060059e-01
4.653585196607556099e+03,8.884999752044677734e-01
4.663592906707787733e+03,8.830000162124633789e-01
4.673600616808018458e+03,8.895000219345092773e-01
4.683608326908250092e+03,8.909999728202819824e-01
4.693616037008481726e+03,8.899999856948852539e-01
4.703623747108712450e+03,8.880000114440917969e-01
4.713631457208944084e+03,8.859999775886535645e-01
4.723639167309175718e+03,8.784999847412109375e-01
4.733646877409406443e+03,8.855000138282775879e-01
4.743654587509638077e+03,8.909999728202819824e-01
4.753662297609868801e+03,8.855000138282775879e-01
4.763670007710100435e+03,8.715000152587890625e-01
4.773677717810332069e+03,8.784999847412109375e-01
4.783685427910562794e+03,8.805000185966491699e-01
4.793693138010794428e+03,8.654999732971191406e-01
4.803700848111026062e+03,8.684999942779541016e-01
4.813708558211256786e+03,8.845000267028808594e-01
4.823716268311488420e+03,8.905000090599060059e-01
4.833723978411720054e+03,8.880000114440917969e-01
4.843731688511950779e+03,8.859999775886535645e-01
4.853739398612182413e+03,8.884999752044677734e-01
4.863747108712413137e+03,8.874999880790710449e-01
4.873754818812644771e+03,8.899999856948852539e-01
4.883762528912876405e+03,8.870000243186950684e-01
4.893770239013107130e+03,8.840000033378601074e-01
4.903777949113338764e+03,8.870000243186950684e-01
4.913785659213570398e+03,8.855000138282775879e-01
4.923793369313801122e+03,8.899999856948852539e-01
4.933801079414032756e+03,8.849999904632568359e-01
4.943808789514264390e+03,8.845000267028808594e-01
4.953816499614495115e+03,8.870000243186950684e-01
4.963824209714726749e+03,8.895000219345092773e-01
4.973831919814957473e+03,8.784999847412109375e-01
4.983839629915189107e+03,8.880000114440917969e-01
4.993847340015420741e+03,8.905000090599060059e-01
5.003855050115651466e+03,8.884999752044677734e-01
5.013862760215883100e+03,8.909999728202819824e-01
5.023870470316114734e+03,8.895000219345092773e-01
5.033878180416345458e+03,8.899999856948852539e-01
5.043885890516577092e+03,8.834999799728393555e-01
5.053893600616808726e+03,8.899999856948852539e-01
5.063901310717039451e+03,8.849999904632568359e-01
5.073909020817271085e+03,8.840000033378601074e-01
5.083916730917501809e+03,8.895000219345092773e-01
5.093924441017733443e+03,8.895000219345092773e-01
5.103932151117965077e+03,8.899999856948852539e-01
5.113939861218195801e+03,8.905000090599060059e-01
5.123947571318427435e+03,8.889999985694885254e-01
5.133955281418659069e+03,8.899999856948852539e-01
5.143962991518889794e+03,8.899999856948852539e-01
5.153970701619121428e+03,8.920000195503234863e-01
5.163978411719353062e+03,8.859999775886535645e-01
5.173986121819583786e+03,8.794999718666076660e-01
5.183993831919815420e+03,8.460000157356262207e-01
5.194001542020046145e+03,8.809999823570251465e-01
5.204009252120277779e+03,8.730000257492065430e-01
5.214016962220509413e+03,8.799999952316284180e-01
5.224024672320740137e+03,8.855000138282775879e-01
5.234032382420971771e+03,8.600000143051147461e-01
5.244040092521203405e+03,8.815000057220458984e-01
5.254047802621434130e+03,8.855000138282775879e-01
5.264055512721665764e+03,8.870000243186950684e-01
5.274063222821897398e+03,8.884999752044677734e-01
5.284070932922128122e+03,8.884999752044677734e-01
5.294078643022359756e+03,8.849999904632568359e-01
5.304086353122590481e+03,8.845000267028808594e-01
5.314094063222822115e+03,8.450000286102294922e-01
5.324101773323053749e+03,8.824999928474426270e-01
5.334109483423284473e+03,8.755000233650207520e-01
5.344117193523516107e+03,8.849999904632568359e-01
5.354124903623747741e+03,8.889999985694885254e-01
5.364132613723978466e+03,8.865000009536743164e-01
5.374140323824210100e+03,8.899999856948852539e-01
5.384148033924441734e+03,8.865000009536743164e-01
5.394155744024672458e+03,8.874999880790710449e-01
5.404163454124904092e+03,8.865000009536743164e-01
5.414171164225134817e+03,8.780000209808349609e-01
5.424178874325366451e+03,8.730000257492065430e-01
5.434186584425598085e+03,8.809999823570251465e-01
5.444194294525828809e+03,8.855000138282775879e-01
5.454202004626060443e+03,8.884999752044677734e-01
5.464209714726292077e+03,8.899999856948852539e-01
5.474217424826522802e+03,8.909999728202819824e-01
5.484225134926754436e+03,8.909999728202819824e-01
5.494232845026986070e+03,8.880000114440917969e-01
5.504240555127216794e+03,8.884999752044677734e-01
5.514248265227448428e+03,8.889999985694885254e-01
5.524255975327679153e+03,8.874999880790710449e-01
5.534263685427910787e+03,8.874999880790710449e-01
5.544271395528142421e+03,8.870000243186950684e-01
5.554279105628373145e+03,8.874999880790710449e-01
5.564286815728604779e+03,8.880000114440917969e-01
5.574294525828836413e+03,8.889999985694885254e-01
5.584302235929067137e+03,8.895000219345092773e-01
5.594309946029298771e+03,8.824999928474426270e-01
5.604317656129530405e+03,8.715000152587890625e-01
5.614325366229761130e+03,8.874999880790710449e-01
5.624333076329992764e+03,8.855000138282775879e-01
5.634340786430223488e+03,8.794999718666076660e-01
5.644348496530455122e+03,8.855000138282775879e-01
5.654356206630686756e+03,8.884999752044677734e-01
5.664363916730917481e+03,8.870000243186950684e-01
5.674371626831149115e+03,8.899999856948852539e-01
5.684379336931380749e+03,8.870000243186950684e-01
5.694387047031611473e+03,8.909999728202819824e-01
5.704394757131843107e+03,8.889999985694885254e-01
5.714402467232074741e+03,8.889999985694885254e-01
5.724410177332305466e+03,8.880000114440917969e-01
5.734417887432537100e+03,8.774999976158142090e-01
5.744425597532767824e+03,8.870000243186950684e-01
5.754433307632999458e+03,8.889999985694885254e-01
5.764441017733231092e+03,8.889999985694885254e-01
5.774448727833461817e+03,8.865000009536743164e-01
5.784456437933693451e+03,8.884999752044677734e-01
5.794464148033925085e+03,8.870000243186950684e-01
5.804471858134155809e+03,8.880000114440917969e-01
5.814479568234387443e+03,8.880000114440917969e-01
5.824487278334619077e+03,8.889999985694885254e-01
5.834494988434849802e+03,8.899999856948852539e-01
5.844502698535081436e+03,8.834999799728393555e-01
5.854510408635312160e+03,8.874999880790710449e-01
5.864518118735543794e+03,8.619999885559082031e-01
5.874525828835775428e+03,8.619999885559082031e-01
5.884533538936006153e+03,8.880000114440917969e-01
5.894541249036237787e+03,8.840000033378601074e-01
5.904548959136469421e+03,8.794999718666076660e-01
5.914556669236700145e+03,8.730000257492065430e-01
5.924564379336931779e+03,8.805000185966491699e-01
5.934572089437163413e+03,8.755000233650207520e-01
5.944579799537394138e+03,8.880000114440917969e-01
5.954587509637625772e+03,8.914999961853027344e-01
5.964595219737856496e+03,8.855000138282775879e-01
5.974602929838088130e+03,8.859999775886535645e-01
5.984610639938319764e+03,8.889999985694885254e-01
5.994618350038550489e+03,8.870000243186950684e-01
6.004626060138782123e+03,8.870000243186950684e-01
6.014633770239013757e+03,8.769999742507934570e-01
6.024641480339244481e+03,8.845000267028808594e-01
6.034649190439476115e+03,8.899999856948852539e-01
6.044656900539707749e+03,8.874999880790710449e-01
6.054664610639938473e+03,8.849999904632568359e-01
6.064672320740170107e+03,8.914999961853027344e-01
6.074680030840400832e+03,8.889999985694885254e-01
6.084687740940632466e+03,8.859999775886535645e-01
6.094695451040864100e+03,8.899999856948852539e-01
6.104703161141094824e+03,8.909999728202819824e-01
6.114710871241326458e+03,8.870000243186950684e-01
6.124718581341558092e+03,8.820000290870666504e-01
6.134726291441788817e+03,8.845000267028808594e-01
6.144734001542020451e+03,8.880000114440917969e-01
6.154741711642252085e+03,8.899999856948852539e-01
6.164749421742482809e+03,8.889999985694885254e-01
6.174757131842714443e+03,8.709999918937683105e-01
6.184764841942945168e+03,8.784999847412109375e-01
6.194772552043176802e+03,8.784999847412109375e-01
6.204780262143408436e+03,8.705000281333923340e-01
6.214787972243639160e+03,8.650000095367431641e-01
6.224795682343870794e+03,8.884999752044677734e-01
6.234803392444102428e+03,8.884999752044677734e-01
6.244811102544333153e+03,8.880000114440917969e-01
6.254818812644564787e+03,8.874999880790710449e-01
6.264826522744796421e+03,8.855000138282775879e-01
6.274834232845027145e+03,8.634999990463256836e-01
6.284841942945258779e+03,8.824999928474426270e-01
6.294849653045489504e+03,8.774999976158142090e-01
6.304857363145721138e+03,8.805000185966491699e-01
6.314865073245952772e+03,8.385000228881835938e-01
6.324872783346183496e+03,8.799999952316284180e-01
6.334880493446415130e+03,8.805000185966491699e-01
6.344888203546646764e+03,8.920000195503234863e-01
6.354895913646877489e+03,8.895000219345092773e-01
6.364903623747109123e+03,8.889999985694885254e-01
6.374911333847340757e+03,8.909999728202819824e-01
6.384919043947571481e+03,8.865000009536743164e-01
6.394926754047803115e+03,8.790000081062316895e-01
6.404934464148034749e+03,8.600000143051147461e-01
6.414942174248265474e+03,8.504999876022338867e-01
6.424949884348497108e+03,8.849999904632568359e-01
6.434957594448727832e+03,8.840000033378601074e-01
6.444965304548959466e+03,8.874999880790710449e-01
6.454973014649191100e+03,8.870000243186950684e-01
6.464980724749421825e+03,8.849999904632568359e-01
6.474988434849653459e+03,8.870000243186950684e-01
6.484996144949885093e+03,8.909999728202819824e-01
6.495003855050115817e+03,8.849999904632568359e-01
6.505011565150347451e+03,8.874999880790710449e-01
6.515019275250579085e+03,8.870000243186950684e-01
6.525026985350809809e+03,8.889999985694885254e-01
6.535034695451041443e+03,8.845000267028808594e-01
6.545042405551272168e+03,8.870000243186950684e-01
6.555050115651503802e+03,8.889999985694885254e-01
6.565057825751735436e+03,8.880000114440917969e-01
6.575065535851966160e+03,8.884999752044677734e-01
6.585073245952197794e+03,8.815000057220458984e-01
6.595080956052429428e+03,8.644999861717224121e-01
6.605088666152660153e+03,8.820000290870666504e-01
6.615096376252891787e+03,8.654999732971191406e-01
6.625104086353123421e+03,8.865000009536743164e-01
6.635111796453354145e+03,8.884999752044677734e-01
6.645119506553585779e+03,8.870000243186950684e-01
6.655127216653816504e+03,8.870000243186950684e-01
6.665134926754048138e+03,8.849999904632568359e-01
6.675142636854279772e+03,8.840000033378601074e-01
6.685150346954510496e+03,8.554999828338623047e-01
6.695158057054742130e+03,8.404999971389770508e-01
6.705165767154973764e+03,8.874999880790710449e-01
6.715173477255204489e+03,8.774999976158142090e-01
6.725181187355436123e+03,8.790000081062316895e-01
6.735188897455667757e+03,8.705000281333923340e-01
6.745196607555898481e+03,8.874999880790710449e-01
6.755204317656130115e+03,8.880000114440917969e-01
6.765212027756360840e+03,8.874999880790710449e-01
6.775219737856592474e+03,8.270000219345092773e-01
6.785227447956824108e+03,8.794999718666076660e-01
6.795235158057054832e+03,8.694999814033508301e-01
6.805242868157286466e+03,8.755000233650207520e-01
6.815250578257518100e+03,8.744999766349792480e-01
6.825258288357748825e+03,8.884999752044677734e-01
6.835265998457980459e+03,8.834999799728393555e-01
6.845273708558212093e+03,8.884999752044677734e-01
6.855281418658442817e+03,8.889999985694885254e-01
6.865289128758674451e+03,8.899999856948852539e-01
6.875296838858905176e+03,8.914999961853027344e-01
6.885304548959136810e+03,8.874999880790710449e-01
6.895312259059368444e+03,8.820000290870666504e-01
6.905319969159599168e+03,8.905000090599060059e-01
6.915327679259830802e+03,8.880000114440917969e-01
6.925335389360062436e+03,8.895000219345092773e-01
6.935343099460293161e+03,8.805000185966491699e-01
6.945350809560524795e+03,8.849999904632568359e-01
6.955358519660756428e+03,8.834999799728393555e-01
6.965366229760987153e+03,8.650000095367431641e-01
6.975373939861218787e+03,8.709999918937683105e-01
6.985381649961449511e+03,8.590000271797180176e-01
6.995389360061681145e+03,8.774999976158142090e-01
7.005397070161912779e+03,8.859999775886535645e-01
7.015404780262143504e+03,8.895000219345092773e-01
7.025412490362375138e+03,8.914999961853027344e-01
7.035420200462606772e+03,8.870000243186950684e-01
7.045427910562837496e+03,8.830000162124633789e-01
7.055435620663069130e+03,8.769999742507934570e-01
7.065443330763300764e+03,8.755000233650207520e-01
7.075451040863531489e+03,8.700000047683715820e-01
7.085458750963763123e+03,8.755000233650207520e-01
7.095466461063993847e+03,8.870000243186950684e-01
7.105474171164225481e+03,8.880000114440917969e-01
7.115481881264457115e+03,8.679999709129333496e-01
7.125489591364687840e+03,8.784999847412109375e-01
7.135497301464919474e+03,8.805000185966491699e-01
7.145505011565151108e+03,8.895000219345092773e-01
7.155512721665381832e+03,8.889999985694885254e-01
7.165520431765613466e+03,8.815000057220458984e-01
7.175528141865845100e+03,8.765000104904174805e-01
7.185535851966075825e+03,8.694999814033508301e-01
7.195543562066307459e+03,8.845000267028808594e-01
7.205551272166538183e+03,8.895000219345092773e-01
7.215558982266769817e+03,8.874999880790710449e-01
7.225566692367001451e+03,8.884999752044677734e-01
7.235574402467232176e+03,8.895000219345092773e-01
7.245582112567463810e+03,8.905000090599060059e-01
7.255589822667695444e+03,8.884999752044677734e-01
7.265597532767926168e+03,8.654999732971191406e-01
7.275605242868157802e+03,8.790000081062316895e-01
7.285612952968389436e+03,8.780000209808349609e-01
7.295620663068620161e+03,8.700000047683715820e-01
7.305628373168851795e+03,8.669999837875366211e-01
7.315636083269082519e+03,8.784999847412109375e-01
7.325643793369314153e+03,8.874999880790710449e-01
7.335651503469545787e+03,8.859999775886535645e-01
7.345659213569776512e+03,8.889999985694885254e-01
7.355666923670008146e+03,8.889999985694885254e-01
7.365674633770239780e+03,8.840000033378601074e-01
7.375682343870470504e+03,8.575000166893005371e-01
7.385690053970702138e+03,8.799999952316284180e-01
7.395697764070933772e+03,8.715000152587890625e-01
7.405705474171164497e+03,8.905000090599060059e-01
7.415713184271396130e+03,8.884999752044677734e-01
7.425720894371626855e+03,8.870000243186950684e-01
7.435728604471858489e+03,8.865000009536743164e-01
7.445736314572090123e+03,8.865000009536743164e-01
7.455744024672320847e+03,8.895000219345092773e-01
7.465751734772552481e+03,8.855000138282775879e-01
7.475759444872784115e+03,8.809999823570251465e-01
7.485767154973014840e+03,8.769999742507934570e-01
7.495774865073246474e+03,8.370000123977661133e-01
7.505782575173478108e+03,8.780000209808349609e-01
7.515790285273708832e+03,8.780000209808349609e-01
7.525797995373940466e+03,8.855000138282775879e-01
7.535805705474171191e+03,8.840000033378601074e-01
7.545813415574402825e+03,8.234999775886535645e-01
7.555821125674634459e+03,8.784999847412109375e-01
7.565828835774865183e+03,8.774999976158142090e-01
7.575836545875096817e+03,8.730000257492065430e-01
7.585844255975328451e+03,8.759999871253967285e-01
7.595851966075559176e+03,8.830000162124633789e-01
7.605859676175790810e+03,8.895000219345092773e-01
7.615867386276022444e+03,8.874999880790710449e-01
7.625875096376253168e+03,8.805000185966491699e-01
7.635882806476484802e+03,8.840000033378601074e-01
7.645890516576715527e+03,8.870000243186950684e-01
7.655898226676947161e+03,8.899999856948852539e-01
7.665905936777178795e+03,8.899999856948852539e-01
7.675913646877409519e+03,8.905000090599060059e-01
7.685921356977641153e+03,8.830000162124633789e-01
7.695929067077872787e+03,8.889999985694885254e-01
7.705936777178103512e+03,8.840000033378601074e-01
7.715944487278335146e+03,8.870000243186950684e-01
7.725952197378566780e+03,8.834999799728393555e-01
7.735959907478797504e+03,8.870000243186950684e-01
7.745967617579029138e+03,8.784999847412109375e-01
7.755975327679259863e+03,8.895000219345092773e-01
7.765983037779491497e+03,8.840000033378601074e-01
7.775990747879723131e+03,8.880000114440917969e-01
7.785998457979953855e+03,8.899999856948852539e-01
7.796006168080185489e+03,8.824999928474426270e-01
7.806013878180417123e+03,8.899999856948852539e-01
7.816021588280647848e+03,8.684999942779541016e-01
7.826029298380879482e+03,8.784999847412109375e-01
7.836037008481111116e+03,8.765000104904174805e-01
7.846044718581341840e+03,8.805000185966491699e-01
7.856052428681573474e+03,8.575000166893005371e-01
7.866060138781804199e+03,8.799999952316284180e-01
7.876067848882035833e+03,8.794999718666076660e-01
7.886075558982267466e+03,8.495000004768371582e-01
7.896083269082498191e+03,8.880000114440917969e-01
7.906090979182729825e+03,8.889999985694885254e-01
7.916098689282961459e+03,8.824999928474426270e-01
7.926106399383192183e+03,8.914999961853027344e-01
7.936114109483423817e+03,8.889999985694885254e-01
7.946121819583655451e+03,8.769999742507934570e-01
7.956129529683886176e+03,8.849999904632568359e-01
7.966137239784117810e+03,8.349999785423278809e-01
7.976144949884348534e+03,8.859999775886535645e-01
7.986152659984580168e+03,8.820000290870666504e-01
7.996160370084811802e+03,8.750000000000000000e-01
8.006168080185042527e+03,8.865000009536743164e-01
8.016175790285274161e+03,8.840000033378601074e-01
8.026183500385505795e+03,8.694999814033508301e-01
8.036191210485736519e+03,8.840000033378601074e-01
8.046198920585968153e+03,8.895000219345092773e-01
8.056206630686199787e+03,8.870000243186950684e-01
8.066214340786430512e+03,8.865000009536743164e-01
8.076222050886662146e+03,8.870000243186950684e-01
8.086229760986892870e+03,8.880000114440917969e-01
8.096237471087124504e+03,8.895000219345092773e-01
8.106245181187356138e+03,8.774999976158142090e-01
8.116252891287586863e+03,8.895000219345092773e-01
8.126260601387818497e+03,8.834999799728393555e-01
8.136268311488050131e+03,8.799999952316284180e-01
8.146276021588280855e+03,8.790000081062316895e-01
8.156283731688512489e+03,8.889999985694885254e-01
8.166291441788744123e+03,8.830000162124633789e-01
8.176299151888974848e+03,8.889999985694885254e-01
8.186306861989206482e+03,8.815000057220458984e-01
8.196314572089437206e+03,8.535000085830688477e-01
8.206322282189668840e+03,8.815000057220458984e-01
8.216329992289900474e+03,8.769999742507934570e-01
8.226337702390132108e+03,8.784999847412109375e-01
8.236345412490363742e+03,8.834999799728393555e-01
8.246353122590593557e+03,8.820000290870666504e-01
8.256360832690825191e+03,8.895000219345092773e-01
8.266368542791056825e+03,8.840000033378601074e-01
8.276376252891288459e+03,8.870000243186950684e-01
8.286383962991520093e+03,8.905000090599060059e-01
8.296391673091749908e+03,8.859999775886535645e-01
8.306399383191981542e+03,8.529999852180480957e-01
8.316407093292213176e+03,8.769999742507934570e-01
8.326414803392444810e+03,8.794999718666076660e-01
8.336422513492676444e+03,8.865000009536743164e-01
8.346430223592908078e+03,8.880000114440917969e-01
8.356437933693137893e+03,8.870000243186950684e-01
8.366445643793369527e+03,8.755000233650207520e-01
8.376453353893601161e+03,8.824999928474426270e-01
8.386461063993832795e+03,8.715000152587890625e-01
8.396468774094064429e+03,8.889999985694885254e-01
8.406476484194294244e+03,8.755000233650207520e-01
8.416484194294525878e+03,8.799999952316284180e-01
8.426491904394757512e+03,8.755000233650207520e-01
8.436499614494989146e+03,8.845000267028808594e-01
8.446507324595220780e+03,8.725000023841857910e-01
8.456515034695452414e+03,8.719999790191650391e-01
8.466522744795682229e+03,8.665000200271606445e-01
8.476530454895913863e+03,8.830000162124633789e-01
8.486538164996145497e+03,8.855000138282775879e-01
8.496545875096377131e+03,8.834999799728393555e-01
8.506553585196608765e+03,8.805000185966491699e-01
8.516561295296838580e+03,8.224999904632568359e-01
8.526569005397070214e+03,8.820000290870666504e-01
8.536576715497301848e+03,8.759999871253967285e-01
8.546584425597533482e+03,8.834999799728393555e-01
8.556592135697765116e+03,8.899999856948852539e-01
8.566599845797996750e+03,8.824999928474426270e-01
8.576607555898226565e+03,8.755000233650207520e-01
8.586615265998458199e+03,8.880000114440917969e-01
8.596622976098689833e+03,8.824999928474426270e-01
8.606630686198921467e+03,8.820000290870666504e-01
8.616638396299153101e+03,8.629999756813049316e-01
8.626646106399382916e+03,8.410000205039978027e-01
8.636653816499614550e+03,8.750000000000000000e-01
8.646661526599846184e+03,8.820000290870666504e-01
8.656669236700077818e+03,8.784999847412109375e-01
8.666676946800309452e+03,8.824999928474426270e-01
8.676684656900541086e+03,8.750000000000000000e-01
8.686692367000770901e+03,8.774999976158142090e-01
8.696700077101002535e+03,8.705000281333923340e-01
8.706707787201234169e+03,8.734999895095825195e-01
8.716715497301465803e+03,8.774999976158142090e-01
8.726723207401697437e+03,8.740000128746032715e-01
8.736730917501927252e+03,8.794999718666076660e-01
8.746738627602158886e+03,8.815000057220458984e-01
8.756746337702390520e+03,8.865000009536743164e-01
8.766754047802622154e+03,8.874999880790710449e-01
8.776761757902853788e+03,8.865000009536743164e-01
8.786769468003085422e+03,8.840000033378601074e-01
8.796777178103315237e+03,8.765000104904174805e-01
8.806784888203546870e+03,8.794999718666076660e-01
8.816792598303778504e+03,8.899999856948852539e-01
8.826800308404010138e+03,8.794999718666076660e-01
8.836808018504241772e+03,8.874999880790710449e-01
8.846815728604471587e+03,8.874999880790710449e-01
8.856823438704703221e+03,8.895000219345092773e-01
8.866831148804934855e+03,8.830000162124633789e-01
8.876838858905166489e+03,8.834999799728393555e-01
8.886846569005398123e+03,8.794999718666076660e-01
8.896854279105629757e+03,8.659999966621398926e-01
8.906861989205859572e+03,8.794999718666076660e-01
8.916869699306091206e+03,8.809999823570251465e-01
8.926877409406322840e+03,8.855000138282775879e-01
8.936885119506554474e+03,8.884999752044677734e-01
8.946892829606786108e+03,8.845000267028808594e-01
8.956900539707015923e+03,8.830000162124633789e-01
8.966908249807247557e+03,8.820000290870666504e-01
8.976915959907479191e+03,8.834999799728393555e-01
8.986923670007710825e+03,8.874999880790710449e-01
8.996931380107942459e+03,8.855000138282775879e-01
9.006939090208174093e+03,8.429999947547912598e-01
9.016946800308403908e+03,8.750000000000000000e-01
9.026954510408635542e+03,8.845000267028808594e-01
9.036962220508867176e+03,8.849999904632568359e-01
9.046969930609098810e+03,8.889999985694885254e-01
9.056977640709330444e+03,8.880000114440917969e-01
9.066985350809560259e+03,8.889999985694885254e-01
9.076993060909791893e+03,8.889999985694885254e-01
9.087000771010023527e+03,8.889999985694885254e-01
9.097008481110255161e+03,8.884999752044677734e-01
9.107016191210486795e+03,8.809999823570251465e-01
9.117023901310718429e+03,8.815000057220458984e-01
9.127031611410948244e+03,8.830000162124633789e-01
9.137039321511179878e+03,8.824999928474426270e-01
9.147047031611411512e+03,8.784999847412109375e-01
9.157054741711643146e+03,8.874999880790710449e-01
9.167062451811874780e+03,8.799999952316284180e-01
9.177070161912104595e+03,8.824999928474426270e-01
9.187077872012336229e+03,8.880000114440917969e-01
9.197085582112567863e+03,8.884999752044677734e-01
9.207093292212799497e+03,8.865000009536743164e-01
9.217101002313031131e+03,8.840000033378601074e-01
9.227108712413262765e+03,8.750000000000000000e-01
9.237116422513492580e+03,8.815000057220458984e-01
9.247124132613724214e+03,8.865000009536743164e-01
9.257131842713955848e+03,8.884999752044677734e-01
9.267139552814187482e+03,8.780000209808349609e-01
9.277147262914419116e+03,8.759999871253967285e-01
9.287154973014648931e+03,8.874999880790710449e-01
9.297162683114880565e+03,8.809999823570251465e-01
9.307170393215112199e+03,8.784999847412109375e-01
9.317178103315343833e+03,8.830000162124633789e-01
9.327185813415575467e+03,8.730000257492065430e-01
9.337193523515807101e+03,8.880000114440917969e-01
9.347201233616036916e+03,8.859999775886535645e-01
9.357208943716268550e+03,8.784999847412109375e-01
9.367216653816500184e+03,8.694999814033508301e-01
9.377224363916731818e+03,8.840000033378601074e-01
9.387232074016963452e+03,8.845000267028808594e-01
9.397239784117193267e+03,8.855000138282775879e-01
9.407247494217424901e+03,8.855000138282775879e-01
9.417255204317656535e+03,8.700000047683715820e-01
9.427262914417888169e+03,8.780000209808349609e-01
9.437270624518119803e+03,8.719999790191650391e-01
9.447278334618351437e+03,8.750000000000000000e-01
9.457286044718581252e+03,8.830000162124633789e-01
9.467293754818812886e+03,8.855000138282775879e-01
9.477301464919044520e+03,8.805000185966491699e-01
9.487309175019276154e+03,8.845000267028808594e-01
9.497316885119507788e+03,8.669999837875366211e-01
9.507324595219737603e+03,8.690000176429748535e-01
9.517332305319969237e+03,8.700000047683715820e-01
9.527340015420200871e+03,8.845000267028808594e-01
9.537347725520432505e+03,8.560000061988830566e-01
9.547355435620664139e+03,8.830000162124633789e-01
9.557363145720895773e+03,8.880000114440917969e-01
9.567370855821125588e+03,8.820000290870666504e-01
9.577378565921357222e+03,8.725000023841857910e-01
9.587386276021588856e+03,8.709999918937683105e-01
9.597393986121820490e+03,8.675000071525573730e-01
9.607401696222052124e+03,8.780000209808349609e-01
9.617409406322281939e+03,8.830000162124633789e-01
9.627417116422513573e+03,8.870000243186950684e-01
9.637424826522745207e+03,8.830000162124633789e-01
9.647432536622976841e+03,8.880000114440917969e-01
9.657440246723208475e+03,8.815000057220458984e-01
9.667447956823440109e+03,8.744999766349792480e-01
9.677455666923669924e+03,8.519999980926513672e-01
9.687463377023901558e+03,8.820000290870666504e-01
9.697471087124133192e+03,8.815000057220458984e-01
9.707478797224364826e+03,8.709999918937683105e-01
9.717486507324596460e+03,8.715000152587890625e-01
9.727494217424826275e+03,8.805000185966491699e-01
9.737501927525057908e+03,8.755000233650207520e-01
9.747509637625289542e+03,8.884999752044677734e-01
9.757517347725521176e+03,8.880000114440917969e-01
9.767525057825752810e+03,8.884999752044677734e-01
9.777532767925984444e+03,8.794999718666076660e-01
9.787540478026214259e+03,8.794999718666076660e-01
9.797548188126445893e+03,8.734999895095825195e-01
9.807555898226677527e+03,8.815000057220458984e-01
9.817563608326909161e+03,8.725000023841857910e-01
9.827571318427140795e+03,8.830000162124633789e-01
9.837579028527370610e+03,8.799999952316284180e-01
9.847586738627602244e+03,8.725000023841857910e-01
9.857594448727833878e+03,8.820000290870666504e-01
9.867602158828065512e+03,8.794999718666076660e-01
9.877609868928297146e+03,8.820000290870666504e-01
9.887617579028528780e+03,8.874999880790710449e-01
9.897625289128758595e+03,8.874999880790710449e-01
9.907632999228990229e+03,8.834999799728393555e-01
9.917640709329221863e+03,8.845000267028808594e-01
9.927648419429453497e+03,8.845000267028808594e-01
9.937656129529685131e+03,8.840000033378601074e-01
9.947663839629914946e+03,8.705000281333923340e-01
9.957671549730146580e+03,8.895000219345092773e-01
9.967679259830378214e+03,8.865000009536743164e-01
9.977686969930609848e+03,8.859999775886535645e-01
9.987694680030841482e+03,8.809999823570251465e-01
9.997702390131073116e+03,8.849999904632568359e-01
1.000771010023130293e+04,8.799999952316284180e-01
1.001771781033153457e+04,8.730000257492065430e-01
1.002772552043176620e+04,8.784999847412109375e-01
1.003773323053199783e+04,8.709999918937683105e-01
1.004774094063222947e+04,8.715000152587890625e-01
1.005774865073245928e+04,8.845000267028808594e-01
1.006775636083269092e+04,8.849999904632568359e-01
1.007776407093292255e+04,8.794999718666076660e-01
1.008777178103315418e+04,8.784999847412109375e-01
1.009777949113338582e+04,8.809999823570251465e-01
1.010778720123361745e+04,8.734999895095825195e-01
1.011779491133384727e+04,8.790000081062316895e-01
1.012780262143407890e+04,8.840000033378601074e-01
1.013781033153431054e+04,8.715000152587890625e-01
1.014781804163454217e+04,8.750000000000000000e-01
1.015782575173477380e+04,8.799999952316284180e-01
1.016783346183500362e+04,8.809999823570251465e-01
1.017784117193523525e+04,8.740000128746032715e-01
1.018784888203546689e+04,8.679999709129333496e-01
1.019785659213569852e+04,8.790000081062316895e-01
1.020786430223593015e+04,8.859999775886535645e-01
1.021787201233616179e+04,8.794999718666076660e-01
1.022787972243639160e+04,8.849999904632568359e-01
1.023788743253662324e+04,8.830000162124633789e-01
1.024789514263685487e+04,8.840000033378601074e-01
1.025790285273708650e+04,8.865000009536743164e-01
1.026791056283731814e+04,8.759999871253967285e-01
1.027791827293754795e+04,8.859999775886535645e-01
1.028792598303777959e+04,8.820000290870666504e-01
1.029793369313801122e+04,8.780000209808349609e-01
1.030794140323824286e+04,8.849999904632568359e-01
1.031794911333847449e+04,8.715000152587890625e-01
1.032795682343870612e+04,8.765000104904174805e-01
1.033796453353893594e+04,8.849999904632568359e-01
1.034797224363916757e+04,8.840000033378601074e-01
1.035797995373939921e+04,8.870000243186950684e-01
1.036798766383963084e+04,8.799999952316284180e-01
1.037799537393986247e+04,5.000000000000000000e-01
1.038800308404009229e+04,5.000000000000000000e-01
1.039801079414032392e+04,5.000000000000000000e-01
1.040801850424055556e+04,5.000000000000000000e-01
1.041802621434078719e+04,5.000000000000000000e-01
1.042803392444101883e+04,5.000000000000000000e-01
1.043804163454125046e+04,5.000000000000000000e-01
1.044804934464148027e+04,5.000000000000000000e-01
1.045805705474171191e+04,5.000000000000000000e-01
1.046806476484194354e+04,5.000000000000000000e-01
1.047807247494217518e+04,5.000000000000000000e-01
1.048808018504240681e+04,5.000000000000000000e-01
1.049808789514263663e+04,5.000000000000000000e-01
1.050809560524286826e+04,5.000000000000000000e-01
1.051810331534309989e+04,5.000000000000000000e-01
1.052811102544333153e+04,5.000000000000000000e-01
1.053811873554356316e+04,5.000000000000000000e-01
1.054812644564379480e+04,5.000000000000000000e-01
1.055813415574402461e+04,5.000000000000000000e-01
1.056814186584425624e+04,5.000000000000000000e-01
1.057814957594448788e+04,5.000000000000000000e-01
1.058815728604471951e+04,5.000000000000000000e-01
1.059816499614495115e+04,5.000000000000000000e-01
1.060817270624518096e+04,5.000000000000000000e-01
1.061818041634541260e+04,5.000000000000000000e-01
1.062818812644564423e+04,5.000000000000000000e-01
1.063819583654587586e+04,5.000000000000000000e-01
1.064820354664610750e+04,5.000000000000000000e-01
1.065821125674633913e+04,5.000000000000000000e-01
1.066821896684656895e+04,5.000000000000000000e-01
1.067822667694680058e+04,5.000000000000000000e-01
1.068823438704703221e+04,5.000000000000000000e-01
1.069824209714726385e+04,5.000000000000000000e-01
1.070824980724749548e+04,5.000000000000000000e-01
1.071825751734772530e+04,5.000000000000000000e-01
1.072826522744795693e+04,5.000000000000000000e-01
1.073827293754818857e+04,5.000000000000000000e-01
1.074828064764842020e+04,5.000000000000000000e-01
1.075828835774865183e+04,5.000000000000000000e-01
1.076829606784888347e+04,5.000000000000000000e-01
1.077830377794911328e+04,5.000000000000000000e-01
1.078831148804934492e+04,5.000000000000000000e-01
1.079831919814957655e+04,5.000000000000000000e-01
1.080832690824980818e+04,5.000000000000000000e-01
1.081833461835003982e+04,5.000000000000000000e-01
1.082834232845026963e+04,5.000000000000000000e-01
1.083835003855050127e+04,5.000000000000000000e-01
1.084835774865073290e+04,5.000000000000000000e-01
1.085836545875096454e+04,5.000000000000000000e-01
1.086837316885119617e+04,5.000000000000000000e-01
1.087838087895142780e+04,5.000000000000000000e-01
1.088838858905165762e+04,5.000000000000000000e-01
1.089839629915188925e+04,5.000000000000000000e-01
1.090840400925212089e+04,5.000000000000000000e-01
1.091841171935235252e+04,5.000000000000000000e-01
1.092841942945258415e+04,5.000000000000000000e-01
1.093842713955281397e+04,5.000000000000000000e-01
1.094843484965304560e+04,5.000000000000000000e-01
1.095844255975327724e+04,5.000000000000000000e-01
1.096845026985350887e+04,5.000000000000000000e-01
1.097845797995374051e+04,5.000000000000000000e-01
1.098846569005397214e+04,5.000000000000000000e-01
1.099847340015420195e+04,5.000000000000000000e-01
1.100848111025443359e+04,5.000000000000000000e-01
1.101848882035466522e+04,5.000000000000000000e-01
1.102849653045489686e+04,5.000000000000000000e-01
1.103850424055512849e+04,5.000000000000000000e-01
1.104851195065535831e+04,5.000000000000000000e-01
1.105851966075558994e+04,5.000000000000000000e-01
1.106852737085582157e+04,5.000000000000000000e-01
1.107853508095605321e+04,5.000000000000000000e-01
1.108854279105628484e+04,5.000000000000000000e-01
1.109855050115651648e+04,5.000000000000000000e-01
1.110855821125674629e+04,5.000000000000000000e-01
1.111856592135697792e+04,5.000000000000000000e-01
1.112857363145720956e+04,5.000000000000000000e-01
1.113858134155744119e+04,5.000000000000000000e-01
1.114858905165767283e+04,5.000000000000000000e-01
1.115859676175790264e+04,5.000000000000000000e-01
1.116860447185813427e+04,5.000000000000000000e-01
1.117861218195836591e+04,5.000000000000000000e-01
1.118861989205859754e+04,5.000000000000000000e-01
1.119862760215882918e+04,5.000000000000000000e-01
1.120863531225906081e+04,5.000000000000000000e-01
1.121864302235929063e+04,5.000000000000000000e-01
1.122865073245952226e+04,5.000000000000000000e-01
1.123865844255975389e+04,5.000000000000000000e-01
1.124866615265998553e+04,5.000000000000000000e-01
1.125867386276021716e+04,5.000000000000000000e-01
1.126868157286044698e+04,5.000000000000000000e-01
1.127868928296067861e+04,5.000000000000000000e-01
1.128869699306091024e+04,5.000000000000000000e-01
1.129870470316114188e+04,5.000000000000000000e-01
1.130871241326137351e+04,5.000000000000000000e-01
1.131872012336160515e+04,5.000000000000000000e-01
1.132872783346183496e+04,5.000000000000000000e-01
1.133873554356206660e+04,5.000000000000000000e-01
1.134874325366229823e+04,5.000000000000000000e-01
1.135875096376252986e+04,5.000000000000000000e-01
1.136875867386276150e+04,5.000000000000000000e-01
1.137876638396299131e+04,5.000000000000000000e-01
1.138877409406322295e+04,5.000000000000000000e-01
1.139878180416345458e+04,5.000000000000000000e-01
1.140878951426368621e+04,5.000000000000000000e-01
1.141879722436391785e+04,5.000000000000000000e-01
1.142880493446414948e+04,5.000000000000000000e-01
1.143881264456437930e+04,5.000000000000000000e-01
1.144882035466461093e+04,5.000000000000000000e-01
1.145882806476484257e+04,5.000000000000000000e-01
1.146883577486507420e+04,5.000000000000000000e-01
1.147884348496530583e+04,5.000000000000000000e-01
1.148885119506553565e+04,5.000000000000000000e-01
1.149885890516576728e+04,5.000000000000000000e-01
1.150886661526599892e+04,5.000000000000000000e-01
1.151887432536623055e+04,5.000000000000000000e-01
1.152888203546646218e+04,5.000000000000000000e-01
1.153888974556669382e+04,5.000000000000000000e-01
1.154889745566692363e+04,5.000000000000000000e-01
1.155890516576715527e+04,5.000000000000000000e-01
1.156891287586738690e+04,5.000000000000000000e-01
1.157892058596761854e+04,5.000000000000000000e-01
1.158892829606785017e+04,5.000000000000000000e-01
1.159893600616807998e+04,5.000000000000000000e-01
1.160894371626831162e+04,5.000000000000000000e-01
1.161895142636854325e+04,5.000000000000000000e-01
1.162895913646877489e+04,5.000000000000000000e-01
1.163896684656900652e+04,5.000000000000000000e-01
1.164897455666923815e+04,5.000000000000000000e-01
1.165898226676946797e+04,5.000000000000000000e-01
1.166898997686969960e+04,5.000000000000000000e-01
1.167899768696993124e+04,5.000000000000000000e-01
1.168900539707016287e+04,5.000000000000000000e-01
1.169901310717039451e+04,5.000000000000000000e-01
1.170902081727062432e+04,5.000000000000000000e-01
1.171902852737085595e+04,5.000000000000000000e-01
1.172903623747108759e+04,5.000000000000000000e-01
1.173904394757131922e+04,5.000000000000000000e-01
1.174905165767155086e+04,5.000000000000000000e-01
1.175905936777178249e+04,5.000000000000000000e-01
1.176906707787201231e+04,5.000000000000000000e-01
1.177907478797224394e+04,5.000000000000000000e-01
1.178908249807247557e+04,5.000000000000000000e-01
1.179909020817270721e+04,5.000000000000000000e-01
1.180909791827293884e+04,5.000000000000000000e-01
1.181910562837316866e+04,5.000000000000000000e-01
1.182911333847340029e+04,5.000000000000000000e-01
1.183912104857363192e+04,5.000000000000000000e-01
1.184912875867386356e+04,5.000000000000000000e-01
1.185913646877409519e+04,5.000000000000000000e-01
1.186914417887432683e+04,5.000000000000000000e-01
1.187915188897455664e+04,5.000000000000000000e-01
1.188915959907478828e+04,5.000000000000000000e-01
1.189916730917501991e+04,5.000000000000000000e-01
1.190917501927525154e+04,5.000000000000000000e-01
1.191918272937548318e+04,5.000000000000000000e-01
1.192919043947571299e+04,5.000000000000000000e-01
1.193919814957594463e+04,5.000000000000000000e-01
1.194920585967617626e+04,5.000000000000000000e-01
1.195921356977640789e+04,5.000000000000000000e-01
1.196922127987663953e+04,5.000000000000000000e-01
1.197922898997687116e+04,5.000000000000000000e-01
1.198923670007710098e+04,5.000000000000000000e-01
1.199924441017733261e+04,5.000000000000000000e-01
1.200925212027756425e+04,5.000000000000000000e-01
1.201925983037779588e+04,5.000000000000000000e-01
1.202926754047802751e+04,5.000000000000000000e-01
1.203927525057825733e+04,5.000000000000000000e-01
1.204928296067848896e+04,5.000000000000000000e-01
1.205929067077872060e+04,5.000000000000000000e-01
1.206929838087895223e+04,5.000000000000000000e-01
1.207930609097918386e+04,5.000000000000000000e-01
1.208931380107941550e+04,5.000000000000000000e-01
1.209932151117964531e+04,5.000000000000000000e-01
1.210932922127987695e+04,5.000000000000000000e-01
1.211933693138010858e+04,5.000000000000000000e-01
1.212934464148034021e+04,5.000000000000000000e-01
1.213935235158057185e+04,5.000000000000000000e-01
1.214936006168080166e+04,5.000000000000000000e-01
1.215936777178103330e+04,5.000000000000000000e-01
1.216937548188126493e+04,5.000000000000000000e-01
1.217938319198149657e+04,5.000000000000000000e-01
1.218939090208172820e+04,5.000000000000000000e-01
1.219939861218195983e+04,5.000000000000000000e-01
1.220940632228218965e+04,5.000000000000000000e-01
1.221941403238242128e+04,5.000000000000000000e-01
1.222942174248265292e+04,5.000000000000000000e-01
1.223942945258288455e+04,5.000000000000000000e-01
1.224943716268311618e+04,5.000000000000000000e-01
1.225944487278334600e+04,5.000000000000000000e-01
1.226945258288357763e+04,5.000000000000000000e-01
1.227946029298380927e+04,5.000000000000000000e-01
1.228946800308404090e+04,5.000000000000000000e-01
1.229947571318427254e+04,5.000000000000000000e-01
1.230948342328450417e+04,5.000000000000000000e-01
1.231949113338473398e+04,5.000000000000000000e-01
1.232949884348496562e+04,5.000000000000000000e-01
1.233950655358519725e+04,5.000000000000000000e-01
1.234951426368542889e+04,5.000000000000000000e-01
1.235952197378566052e+04,5.000000000000000000e-01
1.236952968388589034e+04,5.000000000000000000e-01
1.237953739398612197e+04,5.000000000000000000e-01
1.238954510408635360e+04,5.000000000000000000e-01
1.239955281418658524e+04,5.000000000000000000e-01
1.240956052428681687e+04,5.000000000000000000e-01
1.241956823438704851e+04,5.000000000000000000e-01
1.242957594448727832e+04,5.000000000000000000e-01
1.243958365458750995e+04,5.000000000000000000e-01
1.244959136468774159e+04,5.000000000000000000e-01
1.245959907478797322e+04,5.000000000000000000e-01
1.246960678488820486e+04,5.000000000000000000e-01
1.247961449498843467e+04,5.000000000000000000e-01
1.248962220508866631e+04,5.000000000000000000e-01
1.249962991518889794e+04,5.000000000000000000e-01
1.250963762528912957e+04,5.000000000000000000e-01
1.251964533538936121e+04,5.000000000000000000e-01
1.252965304548959284e+04,5.000000000000000000e-01
1.253966075558982266e+04,5.000000000000000000e-01
1.254966846569005429e+04,5.000000000000000000e-01
1.255967617579028592e+04,5.000000000000000000e-01
1.256968388589051756e+04,5.000000000000000000e-01
1.257969159599074919e+04,5.000000000000000000e-01
1.258969930609097901e+04,5.000000000000000000e-01
1.259970701619121064e+04,5.000000000000000000e-01
1.260971472629144228e+04,5.000000000000000000e-01
1.261972243639167391e+04,5.000000000000000000e-01
1.262973014649190554e+04,5.000000000000000000e-01
1.263973785659213718e+04,5.000000000000000000e-01
1.264974556669236699e+04,5.000000000000000000e-01
1.265975327679259863e+04,5.000000000000000000e-01
1.266976098689283026e+04,5.000000000000000000e-01
1.267976869699306189e+04,5.000000000000000000e-01
1.268977640709329353e+04,5.000000000000000000e-01
1.269978411719352334e+04,5.000000000000000000e-01
1.270979182729375498e+04,5.000000000000000000e-01
1.271979953739398661e+04,5.000000000000000000e-01
1.272980724749421825e+04,5.000000000000000000e-01
1.273981495759444988e+04,5.000000000000000000e-01
1.274982266769468151e+04,5.000000000000000000e-01
1.275983037779491133e+04,5.000000000000000000e-01
1.276983808789514296e+04,5.000000000000000000e-01
1.277984579799537460e+04,5.000000000000000000e-01
1.278985350809560623e+04,5.000000000000000000e-01
1.279986121819583786e+04,5.000000000000000000e-01
1.280986892829606950e+04,5.000000000000000000e-01
1.281987663839629931e+04,5.000000000000000000e-01
1.282988434849653095e+04,5.000000000000000000e-01
1.283989205859676258e+04,5.000000000000000000e-01
1.284989976869699422e+04,5.000000000000000000e-01
1.285990747879722585e+04,5.000000000000000000e-01
1.286991518889745566e+04,5.000000000000000000e-01
1.287992289899768730e+04,5.000000000000000000e-01
1.288993060909791893e+04,5.000000000000000000e-01
1.289993831919815057e+04,5.000000000000000000e-01
1.290994602929838220e+04,5.000000000000000000e-01
1.291995373939861383e+04,5.000000000000000000e-01
1.292996144949884365e+04,5.000000000000000000e-01
1.293996915959907528e+04,5.000000000000000000e-01
1.294997686969930692e+04,5.000000000000000000e-01
1.295998457979953855e+04,5.000000000000000000e-01
1.296999228989977019e+04,5.000000000000000000e-01
1.298000000000000000e+04,5.000000000000000000e-01
