# n, training_loss
0.000000000000000000e+00,3.954269886016845703e-01
1.002463054187192171e+01,4.969998896121978760e-01
2.004926108374384341e+01,4.920000135898590088e-01
3.007389162561576512e+01,5.145000219345092773e-01
4.009852216748768683e+01,5.145000815391540527e-01
5.012315270935960854e+01,5.074970722198486328e-01
6.014778325123153024e+01,4.819945394992828369e-01
7.017241379310345906e+01,4.784982502460479736e-01
8.019704433497537366e+01,4.865002930164337158e-01
9.022167487684728826e+01,4.980115890502929688e-01
1.002463054187192171e+02,5.064968466758728027e-01
1.102709359605911459e+02,4.996388852596282959e-01
1.202955665024630605e+02,5.014853477478027344e-01
1.303201970443349751e+02,5.084992647171020508e-01
1.403448275862069181e+02,4.970025122165679932e-01
1.503694581280788327e+02,5.015482902526855469e-01
1.603940886699507473e+02,5.039727687835693359e-01
1.704187192118226619e+02,4.939200580120086670e-01
1.804433497536945765e+02,4.875179529190063477e-01
1.904679802955665195e+02,4.915675520896911621e-01
2.004926108374384341e+02,2.983819544315338135e-01
2.105172413793103487e+02,2.316409349441528320e-01
2.205418719211822918e+02,2.214125543832778931e-01
2.305665024630542064e+02,2.090433388948440552e-01
2.405911330049261210e+02,1.864672899246215820e-01
2.506157635467980356e+02,1.760047525167465210e-01
2.606403940886699502e+02,1.634963154792785645e-01
2.706650246305418932e+02,1.509758979082107544e-01
2.806896551724138362e+02,1.491176337003707886e-01
2.907142857142857224e+02,1.275167912244796753e-01
3.007389162561576654e+02,1.545656323432922363e-01
3.107635467980295516e+02,1.122435480356216431e-01
3.207881773399014946e+02,1.062431856989860535e-01
3.308128078817734377e+02,1.060593277215957642e-01
3.408374384236453238e+02,1.188499331474304199e-01
3.508620689655172669e+02,1.285341829061508179e-01
3.608866995073891530e+02,8.062539249658584595e-02
3.709113300492610961e+02,9.320823848247528076e-02
3.809359605911330391e+02,9.153309464454650879e-02
3.909605911330049253e+02,9.029483050107955933e-02
4.009852216748768683e+02,8.245010673999786377e-02
4.110098522167488113e+02,6.348485499620437622e-02
4.210344827586206975e+02,7.238682359457015991e-02
4.310591133004926405e+02,7.404877245426177979e-02
4.410837438423645835e+02,9.500023722648620605e-02
4.511083743842364697e+02,6.350997090339660645e-02
4.611330049261084127e+02,9.061794728040695190e-02
4.711576354679802989e+02,5.651395022869110107e-02
4.811822660098522420e+02,5.227919295430183411e-02
4.912068965517241850e+02,5.120070651173591614e-02
5.012315270935960712e+02,4.355917125940322876e-02
5.112561576354680142e+02,4.831897839903831482e-02
5.212807881773399004e+02,4.630917310714721680e-02
5.313054187192118434e+02,5.566664785146713257e-02
5.413300492610837864e+02,3.868948295712471008e-02
5.513546798029557294e+02,3.606856986880302429e-02
5.613793103448276725e+02,3.574725985527038574e-02
5.714039408866995018e+02,3.147596120834350586e-02
5.814285714285714448e+02,3.967530652880668640e-02
5.914532019704433878e+02,3.703307732939720154e-02
6.014778325123153309e+02,3.276300802826881409e-02
6.115024630541872739e+02,4.390972107648849487e-02
6.215270935960591032e+02,3.344089537858963013e-02
6.315517241379310462e+02,3.167170286178588867e-02
6.415763546798029893e+02,3.736897557973861694e-02
6.516009852216749323e+02,3.082036040723323822e-02
6.616256157635468753e+02,2.747165597975254059e-02
6.716502463054187047e+02,2.540368773043155670e-02
6.816748768472906477e+02,2.971146441996097565e-02
6.916995073891625907e+02,2.502279728651046753e-02
7.017241379310345337e+02,2.919610217213630676e-02
7.117487684729064767e+02,2.372310869395732880e-02
7.217733990147783061e+02,3.594025596976280212e-02
7.317980295566502491e+02,2.167027629911899567e-02
7.418226600985221921e+02,2.124146744608879089e-02
7.518472906403941352e+02,2.700414322316646576e-02
7.618719211822660782e+02,2.104838192462921143e-02
7.718965517241380212e+02,1.930180378258228302e-02
7.819211822660098505e+02,1.620837487280368805e-02
7.919458128078817936e+02,1.639512553811073303e-02
8.019704433497537366e+02,1.941972039639949799e-02
8.119950738916256796e+02,2.055077068507671356e-02
8.220197044334976226e+02,1.722180470824241638e-02
8.320443349753694520e+02,2.254583872854709625e-02
8.420689655172413950e+02,1.392361987382173538e-02
8.520935960591133380e+02,1.733077131211757660e-02
8.621182266009852810e+02,2.045739255845546722e-02
8.721428571428572241e+02,1.685626618564128876e-02
8.821674876847291671e+02,1.527747511863708496e-02
8.921921182266009964e+02,1.813710108399391174e-02
9.022167487684729394e+02,1.513278391212224960e-02
9.122413793103448825e+02,1.724422350525856018e-02
9.222660098522168255e+02,1.565090566873550415e-02
9.322906403940887685e+02,1.302287075668573380e-02
9.423152709359605979e+02,1.646152511239051819e-02
9.523399014778325409e+02,1.305119413882493973e-02
9.623645320197044839e+02,1.152362767606973648e-02
9.723891625615764269e+02,1.576602831482887268e-02
9.824137931034483699e+02,1.376622170209884644e-02
9.924384236453201993e+02,1.449297368526458740e-02
1.002463054187192142e+03,1.464561279863119125e-02
1.012487684729064085e+03,1.128302514553070068e-02
1.022512315270936028e+03,1.272529456764459610e-02
1.032536945812807971e+03,1.335583720356225967e-02
1.042561576354679801e+03,1.148868817836046219e-02
1.052586206896551857e+03,1.177664194256067276e-02
1.062610837438423687e+03,1.382416300475597382e-02
1.072635467980295516e+03,1.391285564750432968e-02
1.082660098522167573e+03,1.458893064409494400e-02
1.092684729064039402e+03,9.270618669688701630e-03
1.102709359605911459e+03,8.824975229799747467e-03
1.112733990147783288e+03,1.128804124891757965e-02
1.122758620689655345e+03,1.138003543019294739e-02
1.132783251231527174e+03,1.041779480874538422e-02
1.142807881773399004e+03,1.192538440227508545e-02
1.152832512315271060e+03,8.687302470207214355e-03
1.162857142857142890e+03,1.192795392125844955e-02
1.172881773399014946e+03,1.026336289942264557e-02
1.182906403940886776e+03,1.039076317101716995e-02
1.192931034482758605e+03,8.152836002409458160e-03
1.202955665024630662e+03,1.053856685757637024e-02
1.212980295566502491e+03,8.232751861214637756e-03
1.223004926108374548e+03,7.226881571114063263e-03
1.233029556650246377e+03,9.529413655400276184e-03
1.243054187192118206e+03,1.161560602486133575e-02
1.253078817733990263e+03,7.164156064391136169e-03
1.263103448275862092e+03,7.567264605313539505e-03
1.273128078817734149e+03,1.121989637613296509e-02
1.283152709359605979e+03,7.460112217813730240e-03
1.293177339901477808e+03,8.001147769391536713e-03
1.303201970443349865e+03,5.833335220813751221e-03
1.313226600985221694e+03,9.243548847734928131e-03
1.323251231527093751e+03,9.361154399812221527e-03
1.333275862068965580e+03,7.211355958133935928e-03
1.343300492610837409e+03,6.719873286783695221e-03
1.353325123152709466e+03,6.587673909962177277e-03
1.363349753694581295e+03,5.831247195601463318e-03
1.373374384236453352e+03,5.734767764806747437e-03
1.383399014778325181e+03,6.272408645600080490e-03
1.393423645320197011e+03,7.704919204115867615e-03
1.403448275862069067e+03,5.883492063730955124e-03
1.413472906403940897e+03,4.577278625220060349e-03
1.423497536945812953e+03,7.919564843177795410e-03
1.433522167487684783e+03,5.768392235040664673e-03
1.443546798029556612e+03,7.114735897630453110e-03
1.453571428571428669e+03,7.703679613769054413e-03
1.463596059113300498e+03,6.287166383117437363e-03
1.473620689655172555e+03,5.119419656693935394e-03
1.483645320197044384e+03,3.671809332445263863e-03
1.493669950738916441e+03,4.652266390621662140e-03
1.503694581280788270e+03,5.972735583782196045e-03
1.513719211822660100e+03,6.257073488086462021e-03
1.523743842364532156e+03,3.180610947310924530e-03
1.533768472906403986e+03,6.614891812205314636e-03
1.543793103448276042e+03,4.656462464481592178e-03
1.553817733990147872e+03,3.024589503183960915e-03
1.563842364532019701e+03,4.149775486439466476e-03
1.573866995073891758e+03,5.126576405018568039e-03
1.583891625615763587e+03,5.867592059075832367e-03
1.593916256157635644e+03,5.195751320570707321e-03
1.603940886699507473e+03,3.915029577910900116e-03
1.613965517241379303e+03,2.563419286161661148e-03
1.623990147783251359e+03,4.163874313235282898e-03
1.634014778325123189e+03,3.269266337156295776e-03
1.644039408866995245e+03,5.748251918703317642e-03
1.654064039408867075e+03,4.757333546876907349e-03
1.664088669950738904e+03,3.385194810107350349e-03
1.674113300492610961e+03,5.177064798772335052e-03
1.684137931034482790e+03,4.309132695198059082e-03
1.694162561576354847e+03,3.544847946614027023e-03
1.704187192118226676e+03,4.320233128964900970e-03
1.714211822660098505e+03,3.307956038042902946e-03
1.724236453201970562e+03,7.056140806525945663e-03
1.734261083743842391e+03,3.969051409512758255e-03
1.744285714285714448e+03,4.137463867664337158e-03
1.754310344827586277e+03,4.658027086406946182e-03
1.764334975369458334e+03,3.394706873223185539e-03
1.774359605911330164e+03,4.448401741683483124e-03
1.784384236453201993e+03,2.955171046778559685e-03
1.794408866995074050e+03,2.031968208029866219e-03
1.804433497536945879e+03,4.608993418514728546e-03
1.814458128078817936e+03,4.286566749215126038e-03
1.824482758620689765e+03,2.885026391595602036e-03
1.834507389162561594e+03,4.126614425331354141e-03
1.844532019704433651e+03,2.798620145767927170e-03
1.854556650246305480e+03,3.993145655840635300e-03
1.864581280788177537e+03,4.598116036504507065e-03
1.874605911330049366e+03,3.661247668787837029e-03
1.884630541871921196e+03,4.208543803542852402e-03
1.894655172413793252e+03,4.501990042626857758e-03
1.904679802955665082e+03,3.192103002220392227e-03
1.914704433497537138e+03,2.769632730633020401e-03
1.924729064039408968e+03,3.182346932590007782e-03
1.934753694581280797e+03,2.119039651006460190e-03
1.944778325123152854e+03,2.764439210295677185e-03
1.954802955665024683e+03,2.948887180536985397e-03
1.964827586206896740e+03,3.709048731252551079e-03
1.974852216748768569e+03,2.719123847782611847e-03
1.984876847290640399e+03,2.497830428183078766e-03
1.994901477832512455e+03,3.680082270875573158e-03
2.004926108374384285e+03,2.099766628816723824e-03
2.014950738916256341e+03,1.709658186882734299e-03
2.024975369458128171e+03,3.603423247113823891e-03
2.035000000000000000e+03,2.901024883612990379e-03
2.045024630541872057e+03,1.985013019293546677e-03
2.055049261083744113e+03,3.941146191209554672e-03
2.065073891625615943e+03,3.866383805871009827e-03
2.075098522167487772e+03,2.255595754832029343e-03
2.085123152709359601e+03,2.368278102949261665e-03
2.095147783251231431e+03,2.898087026551365852e-03
2.105172413793103715e+03,2.356224926188588142e-03
2.115197044334975544e+03,3.019816940650343895e-03
2.125221674876847374e+03,2.878427272662520409e-03
2.135246305418719203e+03,2.138997893780469894e-03
2.145270935960591032e+03,3.254633164033293724e-03
2.155295566502463316e+03,4.403137601912021637e-03
2.165320197044335146e+03,3.327611833810806274e-03
2.175344827586206975e+03,8.043979178182780743e-04
2.185369458128078804e+03,2.750184154137969017e-03
2.195394088669950634e+03,2.290666569024324417e-03
2.205418719211822918e+03,1.317916088737547398e-03
2.215443349753694747e+03,1.306855469010770321e-03
2.225467980295566576e+03,2.740144962444901466e-03
2.235492610837438406e+03,2.736522816121578217e-03
2.245517241379310690e+03,2.302433829754590988e-03
2.255541871921182519e+03,4.215656314045190811e-03
2.265566502463054348e+03,2.148524858057498932e-03
2.275591133004926178e+03,1.160020590759813786e-03
2.285615763546798007e+03,2.708280691877007484e-03
2.295640394088670291e+03,2.519563306123018265e-03
2.305665024630542121e+03,1.191919203847646713e-03
2.315689655172413950e+03,2.599921077489852905e-03
2.325714285714285779e+03,4.645684268325567245e-03
2.335738916256157609e+03,3.166825044900178909e-03
2.345763546798029893e+03,3.072673222050070763e-03
2.355788177339901722e+03,2.659068675711750984e-03
2.365812807881773551e+03,2.139636548236012459e-03
2.375837438423645381e+03,3.590221516788005829e-03
2.385862068965517210e+03,2.084229607135057449e-03
2.395886699507389494e+03,1.027003512717783451e-03
2.405911330049261323e+03,1.055125263519585133e-03
2.415935960591133153e+03,2.555163344368338585e-03
2.425960591133004982e+03,1.072379178367555141e-03
2.435985221674876811e+03,2.565197180956602097e-03
2.446009852216749096e+03,5.254228017292916775e-04
2.456034482758620925e+03,1.062200870364904404e-03
2.466059113300492754e+03,2.075714757665991783e-03
2.476083743842364584e+03,2.980526536703109741e-03
2.486108374384236413e+03,4.006969276815652847e-03
2.496133004926108697e+03,2.044268650934100151e-03
2.506157635467980526e+03,1.419553067535161972e-03
2.516182266009852356e+03,1.517909695394337177e-03
2.526206896551724185e+03,1.504188869148492813e-03
2.536231527093596014e+03,3.456163918599486351e-03
2.546256157635468298e+03,1.992982812225818634e-03
2.556280788177340128e+03,2.046567853540182114e-03
2.566305418719211957e+03,2.492141211405396461e-03
2.576330049261083786e+03,4.904743283987045288e-03
2.586354679802955616e+03,2.486045472323894501e-03
2.596379310344827900e+03,2.445579273626208305e-03
2.606403940886699729e+03,1.986822113394737244e-03
2.616428571428571558e+03,8.313625585287809372e-04
2.626453201970443388e+03,2.412871690467000008e-03
2.636477832512315217e+03,2.452379092574119568e-03
2.646502463054187501e+03,1.969780540093779564e-03
2.656527093596059331e+03,1.973994774743914604e-03
2.666551724137931160e+03,2.357381861656904221e-03
2.676576354679802989e+03,9.950740495696663857e-04
2.686600985221674819e+03,2.390806097537279129e-03
2.696625615763547103e+03,2.398510463535785675e-03
2.706650246305418932e+03,1.432189019396901131e-03
2.716674876847290761e+03,1.874110661447048187e-03
2.726699507389162591e+03,1.944655086845159531e-03
2.736724137931034420e+03,1.271247165277600288e-03
2.746748768472906704e+03,3.567046369425952435e-04
2.756773399014778533e+03,4.285175818949937820e-04
2.766798029556650363e+03,2.390085021033883095e-03
2.776822660098522192e+03,1.875371090136468410e-03
2.786847290640394021e+03,2.402535406872630119e-03
2.796871921182266306e+03,9.123790077865123749e-04
2.806896551724138135e+03,9.070217492990195751e-04
2.816921182266009964e+03,8.464169222861528397e-04
2.826945812807881794e+03,8.601841982454061508e-04
2.836970443349753623e+03,2.768689068034291267e-03
2.846995073891625907e+03,7.917479961179196835e-04
2.857019704433497736e+03,2.326220041140913963e-03
2.867044334975369566e+03,3.423437592573463917e-04
2.877068965517241395e+03,1.821224344894289970e-03
2.887093596059113224e+03,2.274169819429516792e-03
2.897118226600985508e+03,2.293979283422231674e-03
2.907142857142857338e+03,7.998633664101362228e-04
2.917167487684729167e+03,7.998830405995249748e-04
2.927192118226600996e+03,2.754685934633016586e-03
2.937216748768473281e+03,1.816373784095048904e-03
2.947241379310345110e+03,8.093922515399754047e-04
2.957266009852216939e+03,3.362051676958799362e-03
2.967290640394088769e+03,1.336368499323725700e-03
2.977315270935960598e+03,8.028681040741503239e-04
2.987339901477832882e+03,1.307579223066568375e-03
2.997364532019704711e+03,1.277293660677969456e-03
3.007389162561576541e+03,2.843315713107585907e-03
3.017413793103448370e+03,1.285383244976401329e-03
3.027438423645320199e+03,7.654609507881104946e-04
3.037463054187192483e+03,2.252195263281464577e-03
3.047487684729064313e+03,2.451235486660152674e-04
3.057512315270936142e+03,7.665910525247454643e-04
3.067536945812807971e+03,2.390635345363989472e-04
3.077561576354679801e+03,7.687158649787306786e-04
3.087586206896552085e+03,1.258333912119269371e-03
3.097610837438423914e+03,2.291699405759572983e-03
3.107635467980295743e+03,2.231854945421218872e-03
3.117660098522167573e+03,7.467333343811333179e-04
3.127684729064039402e+03,2.256620675325393677e-03
3.137709359605911686e+03,2.902669366449117661e-03
3.147733990147783516e+03,2.722283126786351204e-03
3.157758620689655345e+03,1.722551533021032810e-03
3.167783251231527174e+03,3.214069874957203865e-03
3.177807881773399004e+03,1.247263746336102486e-03
3.187832512315271288e+03,7.259777630679309368e-04
3.197857142857143117e+03,7.440265035256743431e-04
3.207881773399014946e+03,1.211505616083741188e-03
3.217906403940886776e+03,1.207752735354006290e-03
3.227931034482758605e+03,2.168035367503762245e-03
3.237955665024630889e+03,6.942895706743001938e-04
3.247980295566502718e+03,1.719025894999504089e-03
3.258004926108374548e+03,1.210747635923326015e-03
3.268029556650246377e+03,1.187053043395280838e-03
3.278054187192118206e+03,1.686569419689476490e-03
3.288078817733990491e+03,2.666972810402512550e-03
3.298103448275862320e+03,6.929261726327240467e-04
3.308128078817734149e+03,1.688368385657668114e-03
3.318152709359605979e+03,7.078690687194466591e-04
3.328177339901477808e+03,6.887729396112263203e-04
3.338201970443350092e+03,2.192796440795063972e-03
3.348226600985221921e+03,6.742299883626401424e-04
3.358251231527093751e+03,2.168310340493917465e-03
3.368275862068965580e+03,1.710896904114633799e-04
3.378300492610837409e+03,1.678362954407930374e-03
3.388325123152709693e+03,6.573462742380797863e-04
3.398349753694581523e+03,6.774872308596968651e-04
3.408374384236453352e+03,4.160051234066486359e-03
3.418399014778325181e+03,6.860237335786223412e-04
3.428423645320197011e+03,1.170351635664701462e-03
3.438448275862069295e+03,1.654210616834461689e-03
3.448472906403941124e+03,1.656498876400291920e-03
3.458497536945812953e+03,1.140022301115095615e-03
3.468522167487684783e+03,2.658608835190534592e-03
3.478546798029556612e+03,1.155915088020265102e-03
3.488571428571428896e+03,1.657846732996404171e-03
3.498596059113300726e+03,2.163036260753870010e-03
3.508620689655172555e+03,6.425507017411291599e-04
3.518645320197044384e+03,6.493257824331521988e-04
3.528669950738916668e+03,2.118505071848630905e-03
3.538694581280788498e+03,1.149066723883152008e-03
3.548719211822660327e+03,2.639597281813621521e-03
3.558743842364532156e+03,1.131715369410812855e-03
3.568768472906403986e+03,1.642731134779751301e-03
3.578793103448276270e+03,2.145703416317701340e-03
3.588817733990148099e+03,1.159957144409418106e-03
3.598842364532019928e+03,6.321309483610093594e-04
3.608866995073891758e+03,1.633862499147653580e-03
3.618891625615763587e+03,2.156188013032078743e-03
3.628916256157635871e+03,1.158398576080799103e-03
3.638940886699507701e+03,6.535833817906677723e-04
3.648965517241379530e+03,1.640416739974170923e-04
3.658990147783251359e+03,1.614167122170329094e-04
3.669014778325123189e+03,6.345389992929995060e-04
3.679039408866995473e+03,1.235953532159328461e-04
3.689064039408867302e+03,1.638692803680896759e-03
3.699088669950739131e+03,1.384872302878648043e-04
3.709113300492610961e+03,1.258465199498459697e-04
3.719137931034482790e+03,1.127187744714319706e-03
3.729162561576355074e+03,2.126358216628432274e-03
3.739187192118226903e+03,3.131531644612550735e-03
3.749211822660098733e+03,6.326012080535292625e-04
3.759236453201970562e+03,1.616861089132726192e-03
3.769261083743842391e+03,6.089364178478717804e-04
3.779285714285714675e+03,1.117144711315631866e-03
3.789310344827586505e+03,1.161711770691908896e-04
3.799334975369458334e+03,1.604793360456824303e-03
3.809359605911330164e+03,2.598028862848877907e-03
3.819384236453201993e+03,1.113092876039445400e-03
3.829408866995074277e+03,6.081961910240352154e-04
3.839433497536946106e+03,1.612756983377039433e-03
3.849458128078817936e+03,1.107097137719392776e-03
3.859482758620689765e+03,2.614607335999608040e-03
3.869507389162561594e+03,1.611058251000940800e-03
3.879532019704433878e+03,6.106769433245062828e-04
3.889556650246305708e+03,1.104283845052123070e-03
3.899581280788177537e+03,1.117843552492558956e-03
3.909605911330049366e+03,6.540329195559024811e-04
3.919630541871921196e+03,2.125335624441504478e-03
3.929655172413793480e+03,6.136427400633692741e-04
3.939679802955665309e+03,6.116838194429874420e-04
3.949704433497537138e+03,5.932582425884902477e-04
3.959729064039408968e+03,2.607723698019981384e-03
3.969753694581280797e+03,2.121145138517022133e-03
3.979778325123153081e+03,1.627345802262425423e-03
3.989802955665024911e+03,2.105785300955176353e-03
3.999827586206896740e+03,6.021059816703200340e-04
4.009852216748768569e+03,1.609345898032188416e-03
4.019876847290640399e+03,2.089978661388158798e-03
4.029901477832512683e+03,5.899039097130298615e-04
4.039926108374384512e+03,5.852272734045982361e-04
4.049950738916256341e+03,1.104204566217958927e-03
4.059975369458128171e+03,1.084060641005635262e-03
4.070000000000000000e+03,1.593934255652129650e-03
