# kappa, training_loss
0.000000000000000000e+00,2.503717243671417236e-01
2.988021611038642056e-01,2.498079836368560791e-01
3.793366938317683235e-01,2.500166296958923340e-01
4.278405794394681827e-01,2.500129640102386475e-01
4.626593841505112215e-01,2.502273917198181152e-01
4.898398602786962486e-01,2.498840689659118652e-01
5.121377052398484730e-01,2.498989254236221313e-01
5.310428432080573913e-01,2.500629127025604248e-01
5.474526546164103502e-01,2.498641759157180786e-01
5.619497138883891019e-01,2.499394714832305908e-01
5.749337394779016064e-01,2.500232160091400146e-01
5.866909221933942487e-01,2.499197274446487427e-01
5.974332232513867025e-01,2.500279545783996582e-01
6.073220145090895139e-01,2.499734461307525635e-01
6.164829978158753443e-01,2.500715255737304688e-01
6.250160001730087345e-01,2.500135898590087891e-01
6.330016215663907264e-01,2.500132322311401367e-01
6.405058760763613357e-01,2.500414848327636719e-01
6.475835119639283821e-01,2.500021755695343018e-01
6.542804377449170650e-01,2.499971985816955566e-01
6.606355284294510577e-01,2.499420493841171265e-01
6.666819927568621296e-01,2.499715834856033325e-01
6.724484235518199959e-01,2.499500364065170288e-01
6.779596154413636278e-01,2.499398440122604370e-01
6.832372091504300693e-01,2.499094158411026001e-01
6.883002047209313412e-01,2.499084472656250000e-01
6.931653744068424494e-01,2.498855292797088623e-01
6.978475978960929638e-01,2.498366087675094604e-01
7.023601367594468625e-01,2.497878968715667725e-01
7.067148608862459103e-01,2.495476603507995605e-01
7.109224366467186140e-01,2.494459748268127441e-01
7.149924842906979494e-01,2.491551786661148071e-01
7.189337104277575552e-01,2.488074451684951782e-01
7.227540201778169804e-01,2.482231408357620239e-01
7.264606126245756190e-01,2.478955090045928955e-01
7.300600624688023954e-01,2.472253292798995972e-01
7.335583902085347496e-01,2.466417849063873291e-01
7.369611227279231347e-01,2.459382265806198120e-01
7.402733458259538324e-01,2.451880723237991333e-01
7.434997499384550235e-01,2.439099848270416260e-01
7.466446700851309126e-01,2.424563467502593994e-01
7.497121208953948512e-01,2.422378510236740112e-01
7.527058274230541413e-01,2.409453541040420532e-01
7.556292523431733521e-01,2.386149466037750244e-01
7.584856200291471007e-01,2.354027330875396729e-01
7.612779379298191262e-01,2.329450100660324097e-01
7.640090156020141743e-01,2.291057854890823364e-01
7.666814817004463656e-01,2.258539646863937378e-01
7.692977991825522555e-01,2.227124869823455811e-01
7.718602789486846971e-01,2.252752631902694702e-01
7.743710921069884012e-01,2.208840847015380859e-01
7.768322810260773759e-01,2.237314730882644653e-01
7.792457693165026900e-01,2.186656296253204346e-01
7.816133708632263533e-01,2.230690866708755493e-01
7.839367980153588711e-01,2.241447269916534424e-01
7.862176690257858258e-01,2.244309931993484497e-01
7.884575148216473872e-01,2.198234051465988159e-01
7.906577851766202203e-01,2.199569940567016602e-01
7.928198543473249371e-01,2.186051160097122192e-01
7.949450262287360847e-01,2.149795591831207275e-01
7.970345390770271488e-01,2.160194218158721924e-01
7.990895698426853100e-01,2.163203954696655273e-01
8.011112381518629144e-01,2.153157591819763184e-01
8.031006099696867961e-01,2.215085476636886597e-01
8.050587009755330037e-01,2.132696211338043213e-01
8.069864796770249704e-01,2.186666429042816162e-01
8.088848702866542340e-01,2.134038954973220825e-01
8.107547553824138165e-01,2.186278849840164185e-01
8.125969783716149308e-01,2.181986272335052490e-01
8.144123457751059059e-01,2.155460119247436523e-01
8.162016293473770556e-01,2.138919383287429810e-01
8.179655680464997802e-01,2.149698883295059204e-01
8.197048698664863853e-01,2.172911167144775391e-01
8.214202135434416352e-01,2.170923352241516113e-01
8.231122501457954765e-01,2.175623923540115356e-01
8.247816045579423605e-01,2.175465524196624756e-01
8.264288768657466200e-01,2.162271738052368164e-01
8.280546436516018627e-01,2.147411257028579712e-01
8.296594592060391182e-01,2.043219357728958130e-01
8.312438566622535330e-01,2.122270613908767700e-01
8.328083490593612970e-01,2.098915874958038330e-01
8.343534303396914487e-01,2.190716564655303955e-01
8.358795762849657862e-01,2.138616591691970825e-01
8.373872453958032258e-01,2.117760330438613892e-01
8.388768797186190174e-01,2.139427363872528076e-01
8.403489056236500554e-01,2.112697660923004150e-01
8.418037345375294356e-01,2.050918191671371460e-01
8.432417636335636235e-01,2.109245061874389648e-01
8.446633764826068091e-01,2.120696753263473511e-01
8.460689436672007568e-01,2.091625928878784180e-01
8.474588233614428479e-01,2.112761288881301880e-01
8.488333618788495016e-01,2.068886011838912964e-01
8.501928941903125203e-01,2.076068073511123657e-01
8.515377444140865837e-01,2.059770375490188599e-01
8.528682262796006830e-01,2.007992267608642578e-01
8.541846435667536097e-01,2.057120054960250854e-01
8.554872905222320467e-01,2.106611579656600952e-01
8.567764522542796746e-01,2.088479995727539062e-01
8.580524051072405678e-01,2.065151929855346680e-01
8.593154170171090067e-01,2.028962522745132446e-01
8.605657478492291235e-01,2.078138887882232666e-01
8.618036497192096412e-01,2.071133404970169067e-01
8.630293672980443587e-01,2.083885669708251953e-01
8.642431381023633064e-01,2.062671631574630737e-01
8.654451927706736658e-01,2.056856900453567505e-01
8.666357553263965841e-01,2.095626145601272583e-01
8.678150434284485071e-01,2.101446390151977539e-01
8.689832686100686931e-01,2.060429453849792480e-01
8.701406365065479376e-01,2.056368440389633179e-01
8.712873470724729064e-01,2.031394243240356445e-01
8.724235947890581766e-01,2.025883197784423828e-01
8.735495688621058852e-01,2.019398212432861328e-01
8.746654534110950285e-01,2.038461863994598389e-01
8.757714276498745898e-01,1.976072490215301514e-01
8.768676660594020289e-01,2.030576765537261963e-01
8.779543385529470223e-01,1.974415481090545654e-01
8.790316106341471425e-01,2.025579363107681274e-01
8.800996435482871805e-01,2.028712779283523560e-01
8.811585944271455029e-01,1.986301690340042114e-01
8.822086164277339604e-01,1.966288685798645020e-01
8.832498588652372140e-01,1.960488557815551758e-01
8.842824673404409141e-01,1.993751972913742065e-01
8.853065838619186279e-01,2.009684890508651733e-01
8.863223469632371954e-01,2.013658136129379272e-01
8.873298918154194359e-01,1.980066448450088501e-01
8.883293503348940190e-01,2.000208497047424316e-01
8.893208512871479954e-01,1.985516697168350220e-01
8.903045203862851587e-01,2.019097805023193359e-01
8.912804803906838602e-01,1.958140432834625244e-01
8.922488511949342449e-01,2.000085860490798950e-01
8.932097499182293232e-01,1.956529617309570312e-01
8.941632909893720838e-01,2.020857632160186768e-01
8.951095862285521898e-01,1.944596916437149048e-01
8.960487449260386983e-01,1.969500184059143066e-01
8.969808739179286894e-01,1.967831403017044067e-01
8.979060776590811477e-01,1.956352740526199341e-01
8.988244582933614391e-01,1.998127847909927368e-01
8.997361157213153993e-01,1.924302130937576294e-01
9.006411476653827242e-01,1.935485452413558960e-01
9.015396497327594627e-01,1.946668475866317749e-01
9.024317154760077564e-01,1.990503221750259399e-01
9.033174364515104138e-01,1.942109167575836182e-01
9.041969022758616914e-01,1.961525082588195801e-01
9.050702006802801014e-01,1.940929442644119263e-01
9.059374175631271786e-01,1.964036524295806885e-01
9.067986370406103669e-01,1.981590390205383301e-01
9.076539414957434104e-01,1.994127184152603149e-01
9.085034116256388570e-01,1.962625086307525635e-01
9.093471264871965110e-01,1.941348165273666382e-01
9.101851635412558927e-01,1.951023638248443604e-01
9.110175986952722127e-01,1.915632486343383789e-01
9.118445063445761445e-01,1.918014883995056152e-01
9.126659594122715768e-01,1.916571706533432007e-01
9.134820293878278541e-01,1.916600018739700317e-01
9.142927863644139119e-01,1.938554942607879639e-01
9.150982990750259338e-01,1.901250332593917847e-01
9.158986349274542693e-01,1.932725310325622559e-01
9.166938600381328017e-01,1.951733231544494629e-01
9.174840392649158405e-01,2.007369250059127808e-01
9.182692362388205076e-01,1.954527795314788818e-01
9.190495133947746975e-01,1.928687542676925659e-01
9.198249320014090236e-01,1.926100254058837891e-01
9.205955521899256144e-01,1.891557425260543823e-01
9.213614329820790649e-01,1.924436390399932861e-01
9.221226323173038475e-01,1.892787963151931763e-01
9.228792070790156066e-01,1.858792603015899658e-01
9.236312131201195319e-01,1.936247050762176514e-01
9.243787052877536770e-01,1.839978992938995361e-01
9.251217374472918697e-01,1.837538331747055054e-01
9.258603625056376352e-01,1.930139511823654175e-01
9.265946324338291129e-01,1.886427849531173706e-01
9.273245982889827266e-01,1.899124830961227417e-01
9.280503102355966982e-01,1.862304210662841797e-01
9.287718175662381670e-01,1.821567118167877197e-01
9.294891687216340070e-01,1.931415498256683350e-01
9.302024113101858838e-01,1.881440281867980957e-01
9.309115921269307536e-01,1.896077692508697510e-01
9.316167571719632390e-01,1.859835833311080933e-01
9.323179516683407497e-01,1.918024420738220215e-01
9.330152200794856743e-01,1.912475228309631348e-01
9.337086061261048453e-01,1.891497075557708740e-01
9.343981528026393812e-01,1.930302530527114868e-01
9.350839023932616678e-01,1.925394088029861450e-01
9.357658964874350227e-01,1.843686252832412720e-01
9.364441759950486999e-01,1.802056878805160522e-01
9.371187811611439988e-01,1.867608129978179932e-01
9.377897515802426920e-01,1.869671940803527832e-01
9.384571262102919809e-01,1.876560747623443604e-01
9.391209433862375278e-01,1.861822158098220825e-01
9.397812408332372192e-01,1.807935088872909546e-01
9.404380556795254309e-01,1.847734451293945312e-01
9.410914244689411179e-01,1.895942836999893188e-01
9.417413831731278329e-01,1.847596913576126099e-01
9.423879672034173316e-01,1.888155490159988403e-01
9.430312114224073117e-01,1.815568357706069946e-01
9.436711501552393910e-01,1.863383501768112183e-01
9.443078172005915372e-01,1.846344321966171265e-01
9.449412458413883886e-01,1.861139237880706787e-01
9.455714688552424585e-01,1.848494410514831543e-01
9.461985185246316599e-01,1.901952922344207764e-01
9.468224266468217021e-01,1.897950470447540283e-01
9.474432245435414623e-01,1.852301508188247681e-01
9.480609430704186602e-01,1.796959489583969116e-01
9.486756126261819411e-01,1.818722933530807495e-01
9.492872631616375845e-01,1.834516525268554688e-01
9.498959241884264992e-01,1.817896962165832520e-01
9.505016247875687219e-01,1.856977045536041260e-01
9.511043936178005254e-01,1.859510689973831177e-01
9.517042589237109107e-01,1.844025105237960815e-01
9.523012485436832542e-01,1.849068552255630493e-01
9.528953899176476616e-01,1.816281080245971680e-01
9.534867100946485818e-01,1.876646727323532104e-01
9.540752357402342287e-01,1.879934668540954590e-01
9.546609931436721430e-01,1.905655264854431152e-01
9.552440082249953335e-01,1.829197406768798828e-01
9.558243065418851048e-01,1.797553449869155884e-01
9.564019132963934577e-01,1.803664416074752808e-01
9.569768533415106138e-01,1.886852681636810303e-01
9.575491511875822148e-01,1.929261386394500732e-01
9.581188310085779758e-01,1.821511089801788330e-01
9.586859166482205596e-01,1.789409071207046509e-01
9.592504316259717889e-01,1.800437420606613159e-01
9.598123991428876289e-01,1.825588494539260864e-01
9.603718420873386119e-01,1.812372207641601562e-01
9.609287830406038067e-01,1.781791001558303833e-01
9.614832442823405545e-01,1.832864731550216675e-01
9.620352477959315252e-01,1.813908070325851440e-01
9.625848152737155328e-01,1.773614883422851562e-01
9.631319681221018891e-01,1.756917387247085571e-01
9.636767274665740679e-01,1.839147955179214478e-01
9.642191141565835677e-01,1.874915063381195068e-01
9.647591487703385260e-01,1.810544133186340332e-01
9.652968516194877502e-01,1.788199245929718018e-01
9.658322427537054944e-01,1.762270480394363403e-01
9.663653419651765386e-01,1.817051172256469727e-01
9.668961687929873428e-01,1.761215776205062866e-01
9.674247425274226098e-01,1.718721240758895874e-01
9.679510822141716986e-01,1.855347305536270142e-01
9.684752066584468855e-01,1.829970926046371460e-01
9.689971344290138067e-01,1.830258667469024658e-01
9.695168838621399665e-01,1.758553087711334229e-01
9.700344730654597569e-01,1.851243376731872559e-01
9.705499199217592077e-01,1.826952844858169556e-01
9.710632420926842423e-01,1.843055933713912964e-01
9.715744570223711074e-01,1.809082180261611938e-01
9.720835819410038603e-01,1.832976341247558594e-01
9.725906338682989150e-01,1.792103648185729980e-01
9.730956296169187558e-01,1.850013583898544312e-01
9.735985857958171508e-01,1.824118047952651978e-01
9.740995188135166405e-01,1.872529238462448120e-01
9.745984448813210799e-01,1.771636903285980225e-01
9.750953800164630092e-01,1.823877245187759399e-01
9.755903400451894081e-01,1.818915009498596191e-01
9.760833406057859429e-01,1.853163689374923706e-01
9.765743971515418176e-01,1.794011294841766357e-01
9.770635249536558931e-01,1.745975762605667114e-01
9.775507391040868521e-01,1.784208863973617554e-01
9.780360545183469645e-01,1.728399693965911865e-01
9.785194859382418953e-01,1.820762157440185547e-01
9.790010479345576666e-01,1.802594661712646484e-01
9.794807549096959942e-01,1.778559833765029907e-01
9.799586211002588865e-01,1.733553707599639893e-01
9.804346605795831726e-01,1.747306138277053833e-01
9.809088872602284015e-01,1.767878234386444092e-01
9.813813148964156685e-01,1.788024902343750000e-01
9.818519570864220336e-01,1.781811565160751343e-01
9.823208272749286429e-01,1.726026684045791626e-01
9.827879387553252188e-01,1.777865141630172729e-01
9.832533046719716952e-01,1.790964901447296143e-01
9.837169380224175530e-01,1.792557090520858765e-01
9.841788516595803005e-01,1.776899099349975586e-01
9.846390582938826519e-01,1.786109805107116699e-01
9.850975704953520706e-01,1.749165356159210205e-01
9.855544006956804548e-01,1.770240962505340576e-01
9.860095611902461865e-01,1.833664923906326294e-01
9.864630641401006539e-01,1.687961816787719727e-01
9.869149215739171366e-01,1.749128997325897217e-01
9.873651453899054964e-01,1.776730865240097046e-01
9.878137473576918959e-01,1.726930290460586548e-01
9.882607391201653213e-01,1.775661706924438477e-01
9.887061321952901327e-01,1.728110611438751221e-01
9.891499379778873058e-01,1.713211536407470703e-01
9.895921677413838102e-01,1.748337149620056152e-01
9.900328326395302359e-01,1.746745854616165161e-01
9.904719437080892197e-01,1.725334972143173218e-01
9.909095118664937862e-01,1.768938153982162476e-01
9.913455479194763775e-01,1.747666448354721069e-01
9.917800625586697949e-01,1.753664314746856689e-01
9.922130663641803849e-01,1.767106503248214722e-01
9.926445698061335809e-01,1.738767772912979126e-01
9.930745832461931322e-01,1.765469461679458618e-01
9.935031169390540207e-01,1.682909131050109863e-01
9.939301810339093990e-01,1.701045781373977661e-01
9.943557855758938802e-01,1.753080636262893677e-01
9.947799405075001822e-01,1.730675995349884033e-01
9.952026556699732351e-01,1.801182925701141357e-01
9.956239408046801964e-01,1.701598316431045532e-01
9.960438055544577063e-01,1.720995008945465088e-01
9.964622594649356069e-01,1.712385714054107666e-01
9.968793119858397889e-01,1.755765825510025024e-01
9.972949724722720566e-01,1.791708171367645264e-01
9.977092501859695650e-01,1.744449138641357422e-01
9.981221542965432736e-01,1.699879318475723267e-01
9.985336938826953057e-01,1.748977601528167725e-01
9.989438779334169904e-01,1.822357177734375000e-01
9.993527153491666981e-01,1.732369661331176758e-01
9.997602149430294682e-01,1.696342974901199341e-01
1.000166385441855210e+00,1.716282963752746582e-01
1.000571235487381916e+00,1.732290238142013550e-01
1.000974773637338222e+00,1.722898334264755249e-01
1.001377008366528099e+00,1.721037328243255615e-01
1.001777948067900104e+00,1.650995612144470215e-01
1.002177601053596767e+00,1.744069755077362061e-01
1.002575975555989540e+00,1.720703989267349243e-01
1.002973079728696204e+00,1.736787408590316772e-01
1.003368921647581846e+00,1.758180409669876099e-01
1.003763509311744073e+00,1.752539724111557007e-01
1.004156850644484233e+00,1.677220612764358521e-01
1.004548953494260433e+00,1.688436567783355713e-01
1.004939825635627892e+00,1.719039380550384521e-01
1.005329474770163989e+00,1.697617769241333008e-01
1.005717908527378857e+00,1.699018478393554688e-01
1.006105134465611561e+00,1.719852983951568604e-01
1.006491160072912061e+00,1.680617481470108032e-01
1.006875992767910954e+00,1.760265678167343140e-01
1.007259639900674797e+00,1.717850565910339355e-01
1.007642108753547205e+00,1.751511096954345703e-01
1.008023406541980416e+00,1.703636646270751953e-01
1.008403540415350408e+00,1.789228916168212891e-01
1.008782517457761152e+00,1.651651114225387573e-01
1.009160344688838196e+00,1.695340275764465332e-01
1.009537029064506930e+00,1.672155410051345825e-01
1.009912577477762641e+00,1.662114411592483521e-01
1.010286996759426348e+00,1.679723709821701050e-01
1.010660293678891319e+00,1.698156446218490601e-01
1.011032474944855375e+00,1.682389527559280396e-01
1.011403547206046749e+00,1.723085194826126099e-01
1.011773517051935523e+00,1.704200357198715210e-01
1.012142391013434839e+00,1.682600528001785278e-01
1.012510175563595238e+00,1.671370416879653931e-01
1.012876877118283447e+00,1.752371937036514282e-01
1.013242502036855619e+00,1.677763462066650391e-01
1.013607056622818581e+00,1.734343469142913818e-01
1.013970547124481980e+00,1.682319641113281250e-01
1.014332979735600215e+00,1.666912287473678589e-01
1.014694360596006817e+00,1.680141985416412354e-01
1.015054695792237949e+00,1.687860637903213501e-01
1.015413991358147250e+00,1.726002842187881470e-01
1.015772253275512682e+00,1.696265935897827148e-01
1.016129487474632942e+00,1.676558405160903931e-01
1.016485699834918544e+00,1.752683222293853760e-01
1.016840896185470244e+00,1.670600175857543945e-01
1.017195082305652809e+00,1.711596697568893433e-01
1.017548263925657892e+00,1.692073494195938110e-01
1.017900446727061814e+00,1.594465672969818115e-01
1.018251636343373345e+00,1.597075015306472778e-01
1.018601838360573719e+00,1.674507707357406616e-01
1.018951058317650871e+00,1.728180050849914551e-01
1.019299301707124572e+00,1.655952781438827515e-01
1.019646573975564241e+00,1.585548222064971924e-01
1.019992880524101198e+00,1.663150489330291748e-01
1.020338226708931595e+00,1.647701710462570190e-01
1.020682617841814688e+00,1.657610237598419189e-01
1.021026059190561330e+00,1.637636423110961914e-01
1.021368555979519366e+00,1.661317646503448486e-01
1.021710113390049024e+00,1.683389693498611450e-01
1.022050736560994100e+00,1.640017181634902954e-01
1.022390430589144916e+00,1.585902273654937744e-01
1.022729200529697735e+00,1.636998206377029419e-01
1.023067051396703508e+00,1.689534485340118408e-01
1.023403988163515521e+00,1.672596931457519531e-01
1.023740015763227929e+00,1.627682447433471680e-01
1.024075139089108299e+00,1.656316816806793213e-01
1.024409362995025496e+00,1.654680818319320679e-01
1.024742692295872892e+00,1.670591384172439575e-01
1.025075131767982928e+00,1.678142994642257690e-01
1.025406686149538116e+00,1.644146442413330078e-01
1.025737360140976717e+00,1.637622714042663574e-01
1.026067158405392421e+00,1.649762690067291260e-01
1.026396085568928029e+00,1.629529446363449097e-01
1.026724146221166478e+00,1.599703282117843628e-01
1.027051344915514086e+00,1.626295596361160278e-01
1.027377686169579363e+00,1.582670807838439941e-01
1.027703174465547820e+00,1.571603417396545410e-01
1.028027814250551675e+00,1.673374027013778687e-01
1.028351609937033784e+00,1.680156141519546509e-01
1.028674565903107796e+00,1.579828113317489624e-01
1.028996686492913204e+00,1.656319648027420044e-01
1.029317976016966396e+00,1.618069410324096680e-01
1.029638438752505714e+00,1.605389416217803955e-01
1.029958078943834288e+00,1.607906371355056763e-01
1.030276900802656881e+00,1.619217991828918457e-01
1.030594908508412733e+00,1.614836305379867554e-01
1.030912106208603962e+00,1.722087115049362183e-01
1.031228498019121309e+00,1.625963300466537476e-01
1.031544088024562988e+00,1.631610095500946045e-01
1.031858880278552659e+00,1.597804278135299683e-01
1.032172878804050731e+00,1.623743027448654175e-01
1.032486087593663004e+00,1.580033004283905029e-01
1.032798510609946208e+00,1.583884060382843018e-01
1.033110151785707087e+00,1.577902436256408691e-01
1.033421015024301060e+00,1.633918285369873047e-01
1.033731104199925088e+00,1.575848907232284546e-01
1.034040423157907007e+00,1.604702323675155640e-01
1.034348975714991292e+00,1.597455292940139771e-01
1.034656765659623279e+00,1.611471176147460938e-01
1.034963796752226495e+00,1.581841707229614258e-01
1.035270072725479107e+00,1.601631343364715576e-01
1.035575597284586369e+00,1.632596403360366821e-01
1.035880374107548851e+00,1.603303253650665283e-01
1.036184406845429340e+00,1.608014553785324097e-01
1.036487699122613737e+00,1.608521193265914917e-01
1.036790254537071521e+00,1.654839366674423218e-01
1.037092076660611095e+00,1.618944704532623291e-01
1.037393169039133367e+00,1.538259387016296387e-01
1.037693535192881544e+00,1.633661836385726929e-01
1.037993178616687384e+00,1.670528203248977661e-01
1.038292102780216331e+00,1.566217243671417236e-01
1.038590311128207766e+00,1.654823869466781616e-01
1.038887807080713488e+00,1.605396568775177002e-01
1.039184594033333298e+00,1.614771932363510132e-01
1.039480675357446593e+00,1.586470603942871094e-01
1.039776054400443517e+00,1.618344485759735107e-01
1.040070734485950998e+00,1.579113155603408813e-01
1.040364718914057462e+00,1.630878746509552002e-01
1.040658010961534652e+00,1.614901423454284668e-01
1.040950613882056563e+00,1.616893559694290161e-01
1.041242530906416608e+00,1.568341851234436035e-01
1.041533765242740550e+00,1.617660373449325562e-01
1.041824320076699228e+00,1.562130451202392578e-01
1.042114198571717498e+00,1.567235589027404785e-01
1.042403403869179179e+00,1.578408926725387573e-01
1.042691939088634001e+00,1.554706245660781860e-01
1.042979807327997666e+00,1.575886756181716919e-01
1.043267011663751687e+00,1.528768390417098999e-01
1.043553555151141232e+00,1.609293222427368164e-01
1.043839440824369413e+00,1.595975011587142944e-01
1.044124671696790907e+00,1.587128490209579468e-01
1.044409250761101804e+00,1.608914881944656372e-01
1.044693180989528125e+00,1.547547727823257446e-01
1.044976465334012561e+00,1.641135960817337036e-01
1.045259106726398324e+00,1.549133062362670898e-01
1.045541108078610559e+00,1.576186418533325195e-01
1.045822472282837978e+00,1.589031666517257690e-01
1.046103202211708716e+00,1.622063219547271729e-01
1.046383300718468190e+00,1.587806046009063721e-01
1.046662770637151851e+00,1.582486033439636230e-01
1.046941614782758156e+00,1.518674194812774658e-01
1.047219835951417766e+00,1.577207893133163452e-01
1.047497436920562519e+00,1.648584008216857910e-01
1.047774420449091526e+00,1.610744595527648926e-01
1.048050789277535921e+00,1.573780030012130737e-01
1.048326546128220738e+00,1.577316522598266602e-01
1.048601693705426552e+00,1.653931736946105957e-01
1.048876234695549137e+00,1.616372317075729370e-01
1.049150171767255335e+00,1.562084108591079712e-01
1.049423507571639602e+00,1.597894579172134399e-01
1.049696244742378548e+00,1.558211594820022583e-01
1.049968385895881706e+00,1.523087918758392334e-01
1.050239933631443412e+00,1.608538776636123657e-01
1.050510890531391128e+00,1.595767885446548462e-01
1.050781259161233105e+00,1.534369736909866333e-01
1.051051042069803820e+00,1.529553234577178955e-01
1.051320241789408083e+00,1.598220169544219971e-01
1.051588860835964701e+00,1.603605747222900391e-01
1.051856901709145697e+00,1.510567665100097656e-01
1.052124366892517759e+00,1.553338915109634399e-01
1.052391258853679235e+00,1.520421355962753296e-01
1.052657580044396246e+00,1.632921397686004639e-01
1.052923332900739917e+00,1.588061749935150146e-01
1.053188519843217819e+00,1.548357754945755005e-01
1.053453143276907422e+00,1.591602861881256104e-01
1.053717205591585993e+00,1.627746522426605225e-01
1.053980709161862039e+00,1.523784995079040527e-01
1.054243656347301439e+00,1.550847589969635010e-01
1.054506049492554887e+00,1.636353880167007446e-01
1.054767890927483354e+00,1.581097394227981567e-01
1.055029182967283097e+00,1.566367149353027344e-01
1.055289927912606895e+00,1.620902717113494873e-01
1.055550128049686176e+00,1.570012569427490234e-01
1.055809785650452026e+00,1.511800140142440796e-01
1.056068902972653323e+00,1.595302671194076538e-01
1.056327482259975303e+00,1.576758474111557007e-01
1.056585525742155252e+00,1.565193831920623779e-01
1.056843035635098405e+00,1.556665450334548950e-01
1.057100014140992306e+00,1.544999182224273682e-01
1.057356463448418937e+00,1.535955965518951416e-01
1.057612385732467741e+00,1.545185744762420654e-01
1.057867783154845753e+00,1.570636630058288574e-01
1.058122657863986626e+00,1.542277038097381592e-01
1.058377011995159434e+00,1.575269401073455811e-01
1.058630847670577024e+00,1.541017591953277588e-01
1.058884166999500609e+00,1.577668935060501099e-01
1.059136972078346339e+00,1.493460536003112793e-01
1.059389264990787893e+00,1.499333977699279785e-01
1.059641047807860836e+00,1.551344841718673706e-01
1.059892322588064539e+00,1.566213965415954590e-01
1.060143091377462321e+00,1.616889834403991699e-01
1.060393356209782034e+00,1.561465263366699219e-01
1.060643119106514654e+00,1.455647945404052734e-01
1.060892382077013085e+00,1.498132050037384033e-01
1.061141147118587869e+00,1.587579697370529175e-01
1.061389416216604209e+00,1.558129489421844482e-01
1.061637191344576792e+00,1.589596867561340332e-01
1.061884474464263706e+00,1.439170688390731812e-01
1.062131267525759704e+00,1.535324752330780029e-01
1.062377572467588793e+00,1.532272398471832275e-01
1.062623391216795055e+00,1.504103392362594604e-01
1.062868725689033678e+00,1.511492133140563965e-01
1.063113577788660002e+00,1.500946879386901855e-01
1.063357949408818559e+00,1.548058986663818359e-01
1.063601842431531219e+00,1.511594355106353760e-01
1.063845258727782905e+00,1.540911793708801270e-01
1.064088200157609077e+00,1.507986783981323242e-01
1.064330668570180549e+00,1.526644229888916016e-01
1.064572665803888096e+00,1.511882841587066650e-01
1.064814193686424826e+00,1.501955837011337280e-01
1.065055254034870780e+00,1.562947481870651245e-01
1.065295848655774646e+00,1.547628790140151978e-01
1.065535979345233919e+00,1.531136333942413330e-01
1.065775647888976163e+00,1.499698609113693237e-01
1.066014856062438287e+00,1.526461839675903320e-01
1.066253605630846035e+00,1.567737609148025513e-01
1.066491898349292144e+00,1.489487588405609131e-01
1.066729735962812509e+00,1.572588831186294556e-01
1.066967120206464559e+00,1.478512585163116455e-01
1.067204052805401870e+00,1.548766046762466431e-01
1.067440535474950325e+00,1.572731882333755493e-01
1.067676569920681828e+00,1.560473591089248657e-01
1.067912157838489140e+00,1.509907394647598267e-01
1.068147300914657816e+00,1.510328501462936401e-01
1.068382000825939482e+00,1.476272642612457275e-01
1.068616259239622890e+00,1.552800536155700684e-01
1.068850077813605859e+00,1.499932408332824707e-01
1.069083458196464775e+00,1.483397036790847778e-01
1.069316402027524759e+00,1.489178091287612915e-01
1.069548910936929387e+00,1.539175063371658325e-01
1.069780986545707746e+00,1.541507244110107422e-01
1.070012630465843273e+00,1.578483283519744873e-01
1.070243844300340141e+00,1.456584483385086060e-01
1.070474629643291653e+00,1.510074734687805176e-01
1.070704988079943076e+00,1.553627252578735352e-01
