# kappa, accuracy
0.000000000000000000e+00,5.000000000000000000e-01
3.461198112112424674e-01,7.014999985694885254e-01
4.394167981063393236e-01,5.529999732971191406e-01
4.956076696942631199e-01,6.449999809265136719e-01
5.359447668829975253e-01,7.024999856948852539e-01
5.674330292522765662e-01,7.285000085830688477e-01
5.932648529718509423e-01,7.005000114440917969e-01
6.151662795049583909e-01,6.974999904632568359e-01
6.341769054799910599e-01,7.070000171661376953e-01
6.509716326419452415e-01,7.250000238418579102e-01
6.660135281629897541e-01,7.404999732971191406e-01
6.796341397224268110e-01,7.210000157356262207e-01
6.920790213862881846e-01,7.365000247955322266e-01
7.035351203119015739e-01,7.609999775886535645e-01
7.141480605214896027e-01,7.664999961853027344e-01
7.240334904138735483e-01,7.335000038146972656e-01
7.332847841633732822e-01,7.584999799728393555e-01
7.419784183694260182e-01,7.584999799728393555e-01
7.501778183248012377e-01,7.670000195503234863e-01
7.579361685864994813e-01,8.025000095367431641e-01
7.652985054785418351e-01,8.034999966621398926e-01
7.723033010149793487e-01,7.300000190734863281e-01
7.789836797236899812e-01,8.155000209808349609e-01
7.853683659612085144e-01,7.634999752044677734e-01
7.914824303212097956e-01,7.530000209808349609e-01
7.973478841927221783e-01,8.274999856948852539e-01
8.029841580943318791e-01,8.029999732971191406e-01
8.084084900249920436e-01,7.735000252723693848e-01
8.136362434100564700e-01,8.075000047683715820e-01
8.186811694246828308e-01,7.994999885559082031e-01
8.235556249779115712e-01,7.904999852180480957e-01
8.282707550574849309e-01,8.180000185966491699e-01
8.328366462067692266e-01,7.465000152587890625e-01
8.372624564501388589e-01,7.975000143051147461e-01
8.415565258748700650e-01,7.850000262260437012e-01
8.457264712257128725e-01,7.814999818801879883e-01
8.497792672080058951e-01,8.220000267028808594e-01
8.537213166793062857e-01,8.155000209808349609e-01
8.575585115034471961e-01,8.115000128746032715e-01
8.612962855190841038e-01,8.284999728202819824e-01
8.649396608179871215e-01,8.025000095367431641e-01
8.684932883221737621e-01,7.975000143051147461e-01
8.719614834824628291e-01,8.525000214576721191e-01
8.753482577858160418e-01,8.414999842643737793e-01
8.786573466484307593e-01,8.495000004768371582e-01
8.818922341809608545e-01,8.504999876022338867e-01
8.850561752375535329e-01,8.535000085830688477e-01
8.881522150985257102e-01,8.450000286102294922e-01
8.911832070850438381e-01,8.554999828338623047e-01
8.941518283611850082e-01,8.539999723434448242e-01
8.970605941427015617e-01,8.489999771118164062e-01
8.999118705014653719e-01,8.514999747276306152e-01
9.027078859289240365e-01,8.519999980926513672e-01
9.054507418001547236e-01,8.514999747276306152e-01
9.081424218616168664e-01,8.529999852180480957e-01
9.107848008499036530e-01,8.550000190734863281e-01
9.133796523352967212e-01,8.500000238418579102e-01
9.159286558723088723e-01,8.535000085830688477e-01
9.184334035294231535e-01,8.554999828338623047e-01
9.208954058615997917e-01,8.565000295639038086e-01
9.233160973816589845e-01,8.364999890327453613e-01
9.256968415801645200e-01,8.144999742507934570e-01
9.280389355377928196e-01,8.119999766349792480e-01
9.303436141692510430e-01,8.105000257492065430e-01
9.326120541335115588e-01,8.130000233650207520e-01
9.348453774413569839e-01,8.500000238418579102e-01
9.370446547879269783e-01,8.180000185966491699e-01
9.392109086350437508e-01,8.460000157356262207e-01
9.413451160655281758e-01,8.109999895095825195e-01
9.434482114294528987e-01,8.159999847412109375e-01
9.455210888002688607e-01,8.355000019073486328e-01
9.475646042569685346e-01,8.069999814033508301e-01
9.495795780068625458e-01,8.370000123977661133e-01
9.515667963621449177e-01,8.169999718666076660e-01
9.535270135821690696e-01,8.270000219345092773e-01
9.554609535922329311e-01,8.255000114440917969e-01
9.573693115886794391e-01,8.585000038146972656e-01
9.592527555392145189e-01,8.554999828338623047e-01
9.611119275865477318e-01,8.550000190734863281e-01
9.629474453627344666e-01,8.554999828338623047e-01
9.647599032209520642e-01,8.560000061988830566e-01
9.665498733908577389e-01,8.610000014305114746e-01
9.683179070631453556e-01,8.594999909400939941e-01
9.700645354084475036e-01,8.554999828338623047e-01
9.717902705352932102e-01,8.579999804496765137e-01
9.734956063914440572e-01,8.550000190734863281e-01
9.751810196125799690e-01,8.165000081062316895e-01
9.768469703219789801e-01,8.305000066757202148e-01
9.784939028845522913e-01,8.485000133514404297e-01
9.801222466183220350e-01,8.355000019073486328e-01
9.817324164661941355e-01,8.604999780654907227e-01
9.833248136306556031e-01,8.569999933242797852e-01
9.848998261738238780e-01,8.594999909400939941e-01
9.864578295850943146e-01,8.565000295639038086e-01
9.879991873184629236e-01,8.575000166893005371e-01
9.895242513014481656e-01,8.560000061988830566e-01
9.910333624173924827e-01,8.600000143051147461e-01
9.925268509628007996e-01,8.544999957084655762e-01
9.940050370812462122e-01,8.125000000000000000e-01
9.954682311752727220e-01,8.450000286102294922e-01
9.969167342976187340e-01,8.155000209808349609e-01
9.983508385229944437e-01,8.450000286102294922e-01
9.997708273015621927e-01,8.205000162124633789e-01
1.001176975795191604e+00,8.314999938011169434e-01
1.002569551197482145e+00,8.575000166893005371e-01
1.003948813038490595e+00,8.590000271797180176e-01
1.005315013475027497e+00,8.245000243186950684e-01
1.006668397567338058e+00,8.519999980926513672e-01
1.008009203542924226e+00,8.174999952316284180e-01
1.009337663048221589e+00,8.249999880790710449e-01
1.010654001388792134e+00,8.454999923706054688e-01
1.011958437758659013e+00,8.554999828338623047e-01
1.013251185459365988e+00,8.169999718666076660e-01
1.014532452109309091e+00,8.529999852180480957e-01
1.015802439843853655e+00,8.500000238418579102e-01
1.017061345506722114e+00,8.604999780654907227e-01
1.018309360833099309e+00,8.615000247955322266e-01
1.019546672624890737e+00,8.604999780654907227e-01
1.020773462918524777e+00,8.590000271797180176e-01
1.021989909145682995e+00,8.634999990463256836e-01
1.023196184287308519e+00,8.579999804496765137e-01
1.024392457021232827e+00,8.579999804496765137e-01
1.025578891863726749e+00,8.590000271797180176e-01
1.026755649305283402e+00,8.604999780654907227e-01
1.027922885940904862e+00,8.594999909400939941e-01
1.029080754595162572e+00,8.594999909400939941e-01
1.030229404442277286e+00,8.634999990463256836e-01
1.031368981121457029e+00,8.560000061988830566e-01
1.032499626847716678e+00,8.044999837875366211e-01
1.033621480518386537e+00,8.600000143051147461e-01
1.034734677815513093e+00,8.600000143051147461e-01
1.035839351304338463e+00,8.634999990463256836e-01
1.036935630528039498e+00,8.619999885559082031e-01
1.038023642098892418e+00,8.590000271797180176e-01
1.039103509786026391e+00,8.644999861717224121e-01
1.040175354599918611e+00,8.615000247955322266e-01
1.041239294873770982e+00,8.610000014305114746e-01
1.042295446341910292e+00,8.610000014305114746e-01
1.043343922215338448e+00,8.424999713897705078e-01
1.044384833254557332e+00,8.504999876022338867e-01
1.045418287839785965e+00,8.184999823570251465e-01
1.046444392038678117e+00,8.504999876022338867e-01
1.047463249671652719e+00,8.184999823570251465e-01
1.048474962374929431e+00,8.464999794960021973e-01
1.049479629661372204e+00,8.500000238418579102e-01
1.050477348979227621e+00,8.489999771118164062e-01
1.051468215768845971e+00,8.420000076293945312e-01
1.052452323517468979e+00,8.519999980926513672e-01
1.053429763812159470e+00,8.615000247955322266e-01
1.054400626390952000e+00,8.585000038146972656e-01
1.055364999192293096e+00,8.644999861717224121e-01
1.056322968402839679e+00,8.615000247955322266e-01
1.057274618503681207e+00,8.644999861717224121e-01
1.058220032315048353e+00,8.629999756813049316e-01
1.059159291039564188e+00,8.650000095367431641e-01
1.060092474304098031e+00,8.634999990463256836e-01
1.061019660200274384e+00,8.615000247955322266e-01
1.061940925323687557e+00,8.629999756813049316e-01
1.062856344811873299e+00,8.619999885559082031e-01
1.063765992381082048e+00,8.640000224113464355e-01
1.064669940361900435e+00,8.600000143051147461e-01
1.065568259733765677e+00,8.629999756813049316e-01
1.066461020158408379e+00,8.600000143051147461e-01
1.067348290012270606e+00,8.644999861717224121e-01
1.068230136417930076e+00,8.324999809265136719e-01
1.069106625274573119e+00,8.475000262260437012e-01
1.069977821287543707e+00,8.525000214576721191e-01
1.070843787997009189e+00,8.535000085830688477e-01
1.071704587805768050e+00,8.345000147819519043e-01
1.072560282006234544e+00,8.404999971389770508e-01
1.073410930806627972e+00,8.560000061988830566e-01
1.074256593356393674e+00,8.240000009536743164e-01
1.075097327770882183e+00,8.525000214576721191e-01
1.075933191155316271e+00,8.519999980926513672e-01
1.076764239628065667e+00,8.500000238418579102e-01
1.077590528343255194e+00,8.429999947547912598e-01
1.078412111512730309e+00,8.560000061988830566e-01
1.079229042427399365e+00,8.615000247955322266e-01
1.080041373477976796e+00,8.659999966621398926e-01
1.080849156175143655e+00,8.640000224113464355e-01
1.081652441169147716e+00,8.669999837875366211e-01
1.082451278268861561e+00,8.569999933242797852e-01
1.083245716460314867e+00,8.084999918937683105e-01
1.084035803924719765e+00,8.575000166893005371e-01
1.084821588056005037e+00,8.650000095367431641e-01
1.085603115477876246e+00,8.615000247955322266e-01
1.086380432060414902e+00,8.659999966621398926e-01
1.087153582936233542e+00,8.579999804496765137e-01
1.087922612516200482e+00,8.554999828338623047e-01
1.088687564504747796e+00,8.510000109672546387e-01
1.089448481914774502e+00,8.299999833106994629e-01
1.090205407082159406e+00,8.619999885559082031e-01
1.090958381679896227e+00,8.544999957084655762e-01
1.091707446731859932e+00,8.489999771118164062e-01
1.092452642626219106e+00,8.230000138282775879e-01
1.093194009128502397e+00,8.560000061988830566e-01
1.093931585394332329e+00,8.460000157356262207e-01
1.094665409981833815e+00,8.374999761581420898e-01
1.095395520863730043e+00,8.485000133514404297e-01
1.096121955439131934e+00,8.579999804496765137e-01
1.096844750545035829e+00,8.539999723434448242e-01
1.097563942467529863e+00,8.284999728202819824e-01
1.098279566952725661e+00,8.650000095367431641e-01
1.098991659217420480e+00,8.625000119209289551e-01
1.099700253959494667e+00,8.654999732971191406e-01
1.100405385368057543e+00,8.634999990463256836e-01
1.101107087133346596e+00,8.659999966621398926e-01
1.101805392456384647e+00,8.669999837875366211e-01
1.102500334058407416e+00,8.665000200271606445e-01
1.103191944190063056e+00,8.610000014305114746e-01
1.103880254640393188e+00,8.665000200271606445e-01
1.104565296745599889e+00,8.684999942779541016e-01
1.105247101397607734e+00,8.604999780654907227e-01
1.105925699052420219e+00,8.604999780654907227e-01
1.106601119738285455e+00,8.669999837875366211e-01
1.107273393063668010e+00,8.615000247955322266e-01
1.107942548225038015e+00,8.640000224113464355e-01
1.108608614014478855e+00,8.650000095367431641e-01
1.109271618827121220e+00,8.675000071525573730e-01
1.109931590668406853e+00,8.679999709129333496e-01
1.110588557161186429e+00,8.675000071525573730e-01
1.111242545552657335e+00,8.619999885559082031e-01
1.111893582721143803e+00,8.654999732971191406e-01
1.112541695182726054e+00,8.654999732971191406e-01
1.113186909097720223e+00,8.659999966621398926e-01
1.113829250277014848e+00,8.659999966621398926e-01
1.114468744188265692e+00,8.634999990463256836e-01
1.115105415961955337e+00,8.675000071525573730e-01
1.115739290397318006e+00,8.694999814033508301e-01
1.116370391968137588e+00,8.634999990463256836e-01
1.116998744828415324e+00,8.654999732971191406e-01
1.117624372817917600e+00,8.675000071525573730e-01
1.118247299467604705e+00,8.629999756813049316e-01
1.118867548004939261e+00,8.594999909400939941e-01
1.119485141359083613e+00,8.665000200271606445e-01
1.120100102165987099e+00,8.654999732971191406e-01
1.120712452773363399e+00,8.665000200271606445e-01
1.121322215245563303e+00,8.679999709129333496e-01
1.121929411368345564e+00,8.675000071525573730e-01
1.122534062653547826e+00,8.669999837875366211e-01
1.123136190343658303e+00,8.665000200271606445e-01
1.123735815416295081e+00,8.665000200271606445e-01
1.124332958588591058e+00,8.665000200271606445e-01
1.124927640321488509e+00,8.615000247955322266e-01
1.125519880823946162e+00,8.339999914169311523e-01
1.126109700057059682e+00,8.575000166893005371e-01
1.126697117738099108e+00,8.504999876022338867e-01
1.127282153344463467e+00,8.594999909400939941e-01
1.127864826117556118e+00,8.619999885559082031e-01
1.128445155066581718e+00,8.429999947547912598e-01
1.129023158972267682e+00,8.525000214576721191e-01
1.129598856390510608e+00,8.675000071525573730e-01
1.130172265655951858e+00,8.669999837875366211e-01
1.130743404885479642e+00,8.679999709129333496e-01
1.131312291981664719e+00,8.654999732971191406e-01
1.131878944636127482e+00,8.600000143051147461e-01
1.132443380332838867e+00,8.684999942779541016e-01
1.133005616351357325e+00,8.475000262260437012e-01
1.133565669770003170e+00,8.579999804496765137e-01
1.134123557468971422e+00,8.295000195503234863e-01
1.134679296133384474e+00,8.585000038146972656e-01
1.135232902256285703e+00,8.299999833106994629e-01
1.135784392141577559e+00,8.675000071525573730e-01
1.136333781906902374e+00,8.669999837875366211e-01
1.136881087486467878e+00,8.669999837875366211e-01
1.137426324633821428e+00,8.579999804496765137e-01
1.137969508924570050e+00,8.585000038146972656e-01
1.138510655759050749e+00,8.594999909400939941e-01
1.139049780364949305e+00,8.435000181198120117e-01
1.139586897799873100e+00,8.565000295639038086e-01
1.140122022953873548e+00,8.634999990463256836e-01
1.140655170551922559e+00,8.684999942779541016e-01
1.141186355156344812e+00,8.665000200271606445e-01
1.141715591169203181e+00,8.669999837875366211e-01
1.142242892834643309e+00,8.615000247955322266e-01
1.142768274241192206e+00,8.345000147819519043e-01
1.143291749324018225e+00,8.544999957084655762e-01
1.143813331867147953e+00,8.600000143051147461e-01
1.144333035505644691e+00,8.585000038146972656e-01
1.144850873727746965e+00,8.565000295639038086e-01
1.145366859876968624e+00,8.659999966621398926e-01
1.145881007154163189e+00,8.435000181198120117e-01
1.146393328619548235e+00,8.585000038146972656e-01
1.146903837194698239e+00,8.690000176429748535e-01
1.147412545664498573e+00,8.654999732971191406e-01
1.147919466679067080e+00,8.679999709129333496e-01
1.148424612755641672e+00,8.679999709129333496e-01
1.148927996280434627e+00,8.665000200271606445e-01
1.149429629510455575e+00,8.640000224113464355e-01
1.149929524575301620e+00,8.629999756813049316e-01
1.150427693478917046e+00,8.675000071525573730e-01
1.150924148101324151e+00,8.665000200271606445e-01
1.151418900200321449e+00,8.675000071525573730e-01
1.151911961413155217e+00,8.675000071525573730e-01
1.152403343258162849e+00,8.669999837875366211e-01
1.152893057136385790e+00,8.634999990463256836e-01
1.153381114333158042e+00,8.679999709129333496e-01
1.153867526019665579e+00,8.640000224113464355e-01
1.154352303254482015e+00,8.675000071525573730e-01
1.154835456985074948e+00,8.650000095367431641e-01
1.155316998049292110e+00,8.659999966621398926e-01
1.155796937176817307e+00,8.629999756813049316e-01
1.156275284990607721e+00,8.604999780654907227e-01
1.156752052008301890e+00,8.665000200271606445e-01
1.157227248643609485e+00,8.675000071525573730e-01
1.157700885207675112e+00,8.684999942779541016e-01
1.158172971910421234e+00,8.669999837875366211e-01
1.158643518861867783e+00,8.659999966621398926e-01
1.159112536073432898e+00,8.684999942779541016e-01
1.159580033459209680e+00,8.705000281333923340e-01
1.160046020837224301e+00,8.665000200271606445e-01
1.160510507930672786e+00,8.684999942779541016e-01
1.160973504369138043e+00,8.679999709129333496e-01
1.161435019689789128e+00,8.675000071525573730e-01
1.161895063338558520e+00,8.684999942779541016e-01
1.162353644671302755e+00,8.679999709129333496e-01
1.162810772954943950e+00,8.644999861717224121e-01
1.163266457368593798e+00,8.650000095367431641e-01
1.163720707004659349e+00,8.669999837875366211e-01
1.164173530869930584e+00,8.665000200271606445e-01
1.164624937886653555e+00,8.604999780654907227e-01
1.165074936893584434e+00,8.550000190734863281e-01
1.165523536647028235e+00,8.454999923706054688e-01
1.165970745821860222e+00,8.544999957084655762e-01
1.166416573012533542e+00,8.370000123977661133e-01
1.166861026734070217e+00,8.429999947547912598e-01
1.167304115423035693e+00,8.669999837875366211e-01
1.167745847438501849e+00,8.640000224113464355e-01
1.168186231062991354e+00,8.679999709129333496e-01
1.168625274503410028e+00,8.675000071525573730e-01
1.169062985891964779e+00,8.385000228881835938e-01
1.169499373287067545e+00,8.615000247955322266e-01
1.169934444674225471e+00,8.414999842643737793e-01
1.170368207966915763e+00,8.600000143051147461e-01
1.170800671007453442e+00,8.220000267028808594e-01
1.171231841567837773e+00,8.579999804496765137e-01
1.171661727350593152e+00,8.669999837875366211e-01
1.172090335989593335e+00,8.585000038146972656e-01
1.172517675050875896e+00,8.569999933242797852e-01
1.172943752033442033e+00,8.679999709129333496e-01
1.173368574370047934e+00,8.684999942779541016e-01
1.173792149427981713e+00,8.675000071525573730e-01
1.174214484509830569e+00,8.629999756813049316e-01
1.174635586854235303e+00,8.669999837875366211e-01
1.175055463636635489e+00,8.679999709129333496e-01
1.175474121970003338e+00,8.629999756813049316e-01
1.175891568905566231e+00,8.629999756813049316e-01
1.176307811433519035e+00,8.355000019073486328e-01
1.176722856483726654e+00,8.479999899864196777e-01
1.177136710926417473e+00,8.594999909400939941e-01
1.177549381572863263e+00,8.504999876022338867e-01
1.177960875176053968e+00,8.585000038146972656e-01
1.178371198431360289e+00,8.539999723434448242e-01
1.178780357977186055e+00,8.389999866485595703e-01
1.179188360395614144e+00,8.554999828338623047e-01
1.179595212213041977e+00,8.439999818801879883e-01
1.180000919900805689e+00,8.519999980926513672e-01
1.180405489875800518e+00,8.364999890327453613e-01
1.180808928501088539e+00,8.489999771118164062e-01
1.181211242086498192e+00,8.435000181198120117e-01
1.181612436889218021e+00,8.445000052452087402e-01
1.182012519114379989e+00,8.604999780654907227e-01
1.182411494915634798e+00,8.435000181198120117e-01
1.182809370395720761e+00,8.544999957084655762e-01
1.183206151607023804e+00,8.414999842643737793e-01
1.183601844552128135e+00,8.550000190734863281e-01
1.183996455184363805e+00,8.600000143051147461e-01
1.184389989408341837e+00,8.190000057220458984e-01
1.184782453080486464e+00,8.585000038146972656e-01
1.185173852009555384e+00,8.500000238418579102e-01
1.185564191957158675e+00,8.560000061988830566e-01
1.185953478638265501e+00,8.585000038146972656e-01
1.186341717721706157e+00,8.525000214576721191e-01
1.186728914830669224e+00,8.585000038146972656e-01
1.187115075543188514e+00,8.550000190734863281e-01
1.187500205392625796e+00,8.445000052452087402e-01
1.187884309868146637e+00,8.565000295639038086e-01
1.188267394415189582e+00,8.539999723434448242e-01
1.188649464435929337e+00,8.600000143051147461e-01
1.189030525289734852e+00,8.565000295639038086e-01
1.189410582293618734e+00,8.600000143051147461e-01
1.189789640722683339e+00,8.709999918937683105e-01
1.190167705810560639e+00,8.675000071525573730e-01
1.190544782749844543e+00,8.690000176429748535e-01
1.190920876692519004e+00,8.629999756813049316e-01
1.191295992750381894e+00,8.629999756813049316e-01
1.191670135995460011e+00,8.694999814033508301e-01
1.192043311460421195e+00,8.694999814033508301e-01
1.192415524138981553e+00,8.669999837875366211e-01
1.192786778986304475e+00,8.694999814033508301e-01
1.193157080919398094e+00,8.675000071525573730e-01
1.193526434817505200e+00,8.684999942779541016e-01
1.193894845522489367e+00,8.684999942779541016e-01
1.194262317839215326e+00,8.625000119209289551e-01
1.194628856535925543e+00,8.629999756813049316e-01
1.194994466344611039e+00,8.485000133514404297e-01
1.195359151961377764e+00,8.569999933242797852e-01
1.195722918046809857e+00,8.600000143051147461e-01
1.196085769226325146e+00,8.585000038146972656e-01
1.196447710090528638e+00,8.544999957084655762e-01
1.196808745195562240e+00,8.435000181198120117e-01
1.197168879063447156e+00,8.610000014305114746e-01
1.197528116182424718e+00,8.464999794960021973e-01
1.197886461007291681e+00,8.594999909400939941e-01
1.198243917959731952e+00,8.640000224113464355e-01
1.198600491428643222e+00,8.669999837875366211e-01
1.198956185770461591e+00,8.700000047683715820e-01
1.199311005309479983e+00,8.650000095367431641e-01
1.199664954338162781e+00,8.679999709129333496e-01
1.200018037117460246e+00,8.684999942779541016e-01
1.200370257877112712e+00,8.625000119209289551e-01
1.200721620815957458e+00,8.719999790191650391e-01
1.201072130102226909e+00,8.675000071525573730e-01
1.201421789873847734e+00,8.659999966621398926e-01
1.201770604238731277e+00,8.684999942779541016e-01
1.202118577275065103e+00,8.684999942779541016e-01
1.202465713031597883e+00,8.690000176429748535e-01
1.202812015527923384e+00,8.654999732971191406e-01
1.203157488754758253e+00,8.690000176429748535e-01
1.203502136674218903e+00,8.684999942779541016e-01
1.203845963220093296e+00,8.659999966621398926e-01
1.204188972298112281e+00,8.669999837875366211e-01
1.204531167786212498e+00,8.675000071525573730e-01
1.204872553534803270e+00,8.694999814033508301e-01
1.205213133367023515e+00,8.610000014305114746e-01
1.205552911078999978e+00,8.435000181198120117e-01
1.205891890440101699e+00,8.585000038146972656e-01
1.206230075193189144e+00,8.629999756813049316e-01
1.206567469054863562e+00,8.679999709129333496e-01
1.206904075715711899e+00,8.665000200271606445e-01
1.207239898840548609e+00,8.684999942779541016e-01
1.207574942068654789e+00,8.659999966621398926e-01
1.207909209014016216e+00,8.684999942779541016e-01
1.208242703265556051e+00,8.675000071525573730e-01
1.208575428387365314e+00,8.604999780654907227e-01
1.208907387918933374e+00,8.644999861717224121e-01
1.209238585375372876e+00,8.694999814033508301e-01
1.209569024247642677e+00,8.679999709129333496e-01
1.209898708002769441e+00,8.694999814033508301e-01
1.210227640084065248e+00,8.694999814033508301e-01
1.210555823911343865e+00,8.675000071525573730e-01
1.210883262881133460e+00,8.690000176429748535e-01
1.211209960366888216e+00,8.679999709129333496e-01
1.211535919719196608e+00,8.650000095367431641e-01
1.211861144265987233e+00,8.585000038146972656e-01
1.212185637312733988e+00,8.565000295639038086e-01
1.212509402142654791e+00,8.485000133514404297e-01
1.212832442016914314e+00,8.604999780654907227e-01
1.213154760174818936e+00,8.625000119209289551e-01
1.213476359834012586e+00,8.575000166893005371e-01
1.213797244190668589e+00,8.675000071525573730e-01
1.214117416419680850e+00,8.675000071525573730e-01
1.214436879674852809e+00,8.684999942779541016e-01
1.214755637089082629e+00,8.684999942779541016e-01
1.215073691774548381e+00,8.665000200271606445e-01
1.215391046822890564e+00,8.690000176429748535e-01
1.215707705305391739e+00,8.679999709129333496e-01
1.216023670273155055e+00,8.690000176429748535e-01
1.216338944757280993e+00,8.694999814033508301e-01
1.216653531769041674e+00,8.669999837875366211e-01
1.216967434300052942e+00,8.690000176429748535e-01
1.217280655322446004e+00,8.610000014305114746e-01
1.217593197789035298e+00,8.579999804496765137e-01
1.217905064633486356e+00,8.579999804496765137e-01
1.218216258770480120e+00,8.585000038146972656e-01
1.218526783095877697e+00,8.659999966621398926e-01
1.218836640486880452e+00,8.249999880790710449e-01
1.219145833802191436e+00,8.579999804496765137e-01
1.219454365882172597e+00,8.575000166893005371e-01
1.219762239549001537e+00,8.585000038146972656e-01
1.220069457606827390e+00,8.539999723434448242e-01
1.220376022841922259e+00,8.590000271797180176e-01
1.220681938022834201e+00,8.579999804496765137e-01
1.220987205900537553e+00,8.504999876022338867e-01
1.221291829208579482e+00,8.579999804496765137e-01
1.221595810663228976e+00,8.594999909400939941e-01
1.221899152963620949e+00,8.565000295639038086e-01
1.222201858791900353e+00,8.569999933242797852e-01
1.222503930813364281e+00,8.615000247955322266e-01
1.222805371676603636e+00,8.619999885559082031e-01
1.223106184013640796e+00,8.604999780654907227e-01
1.223406370440069280e+00,8.640000224113464355e-01
1.223705933555188974e+00,8.414999842643737793e-01
1.224004875942142023e+00,8.569999933242797852e-01
1.224303200168045835e+00,8.579999804496765137e-01
1.224600908784125641e+00,8.514999747276306152e-01
1.224898004325845502e+00,8.600000143051147461e-01
1.225194489313037538e+00,8.634999990463256836e-01
1.225490366250030272e+00,8.715000152587890625e-01
1.225785637625776303e+00,8.690000176429748535e-01
1.226080305913976431e+00,8.669999837875366211e-01
1.226374373573205112e+00,8.690000176429748535e-01
1.226667843047033912e+00,8.705000281333923340e-01
1.226960716764151638e+00,8.625000119209289551e-01
1.227252997138486679e+00,8.709999918937683105e-01
1.227544686569325805e+00,8.705000281333923340e-01
1.227835787441431403e+00,8.659999966621398926e-01
1.228126302125160274e+00,8.619999885559082031e-01
1.228416232976577982e+00,8.619999885559082031e-01
1.228705582337574098e+00,8.684999942779541016e-01
1.228994352535975221e+00,8.669999837875366211e-01
1.229282545885658440e+00,8.669999837875366211e-01
1.229570164686661027e+00,8.604999780654907227e-01
1.229857211225292124e+00,8.669999837875366211e-01
1.230143687774240657e+00,8.715000152587890625e-01
1.230429596592683472e+00,8.690000176429748535e-01
1.230714939926393248e+00,8.679999709129333496e-01
1.230999720007842857e+00,8.640000224113464355e-01
1.231283939056310839e+00,8.554999828338623047e-01
1.231567599277985980e+00,8.659999966621398926e-01
1.231850702866068348e+00,8.654999732971191406e-01
1.232133252000872314e+00,8.684999942779541016e-01
1.232415248849927369e+00,8.694999814033508301e-01
1.232696695568076928e+00,8.644999861717224121e-01
1.232977594297578028e+00,8.690000176429748535e-01
1.233257947168198365e+00,8.610000014305114746e-01
1.233537756297314214e+00,8.690000176429748535e-01
1.233817023790005685e+00,8.679999709129333496e-01
1.234095751739151314e+00,8.694999814033508301e-01
1.234373942225523324e+00,8.084999918937683105e-01
1.234651597317880212e+00,8.634999990463256836e-01
1.234928719073058900e+00,8.675000071525573730e-01
1.235205309536066220e+00,8.679999709129333496e-01
1.235481370740169282e+00,8.690000176429748535e-01
1.235756904706986292e+00,8.675000071525573730e-01
1.236031913446573816e+00,8.339999914169311523e-01
1.236306398957515817e+00,8.640000224113464355e-01
1.236580363227010704e+00,8.414999842643737793e-01
1.236853808230956586e+00,8.650000095367431641e-01
1.237126735934038102e+00,8.640000224113464355e-01
1.237399148289810791e+00,8.650000095367431641e-01
1.237671047240784583e+00,8.625000119209289551e-01
1.237942434718507512e+00,8.619999885559082031e-01
1.238213312643646757e+00,8.619999885559082031e-01
1.238483682926071916e+00,8.675000071525573730e-01
1.238753547464935378e+00,8.694999814033508301e-01
1.239022908148750712e+00,8.669999837875366211e-01
1.239291766855474153e+00,8.700000047683715820e-01
1.239560125452582540e+00,8.479999899864196777e-01
1.239827985797149923e+00,8.619999885559082031e-01
1.240095349735926611e+00,8.485000133514404297e-01
1.240362219105413333e+00,8.619999885559082031e-01
1.240628595731939177e+00,8.345000147819519043e-01
1.240894481431735530e+00,8.610000014305114746e-01
1.241159878011010020e+00,8.569999933242797852e-01
1.241424787266020235e+00,8.560000061988830566e-01
1.241689210983147884e+00,8.590000271797180176e-01
1.241953150938969630e+00,8.579999804496765137e-01
1.242216608900329033e+00,8.600000143051147461e-01
1.242479586624408272e+00,8.370000123977661133e-01
1.242742085858796974e+00,8.675000071525573730e-01
1.243004108341563940e+00,8.679999709129333496e-01
1.243265655801324643e+00,8.659999966621398926e-01
1.243526729957309396e+00,8.665000200271606445e-01
1.243787332519433297e+00,8.675000071525573730e-01
1.244047465188360624e+00,8.719999790191650391e-01
1.244307129655573885e+00,8.679999709129333496e-01
1.244566327603437550e+00,8.719999790191650391e-01
1.244825060705265551e+00,8.694999814033508301e-01
1.245083330625385010e+00,8.709999918937683105e-01
1.245341139019200405e+00,8.675000071525573730e-01
1.245598487533257082e+00,8.659999966621398926e-01
1.245855377805305642e+00,8.665000200271606445e-01
1.246111811464362784e+00,8.690000176429748535e-01
1.246367790130774589e+00,8.684999942779541016e-01
1.246623315416277133e+00,8.615000247955322266e-01
1.246878388924057779e+00,8.500000238418579102e-01
1.247133012248815120e+00,8.615000247955322266e-01
1.247387186976819606e+00,8.694999814033508301e-01
1.247640914685971936e+00,8.694999814033508301e-01
1.247894196945862566e+00,8.694999814033508301e-01
1.248147035317829223e+00,8.700000047683715820e-01
1.248399431355015077e+00,8.675000071525573730e-01
1.248651386602426250e+00,8.510000109672546387e-01
1.248902902596988440e+00,8.700000047683715820e-01
1.249153980867602654e+00,8.650000095367431641e-01
1.249404622935201381e+00,8.694999814033508301e-01
1.249654830312803888e+00,8.690000176429748535e-01
1.249904604505570394e+00,8.705000281333923340e-01
1.250153947010858246e+00,8.659999966621398926e-01
1.250402859318273663e+00,8.694999814033508301e-01
1.250651342909725461e+00,8.700000047683715820e-01
1.250899399259479239e+00,8.654999732971191406e-01
1.251147029834209556e+00,8.615000247955322266e-01
1.251394236093049894e+00,8.650000095367431641e-01
1.251641019487647499e+00,8.650000095367431641e-01
1.251887381462212234e+00,8.625000119209289551e-01
1.252133323453567426e+00,8.709999918937683105e-01
1.252378846891201603e+00,8.700000047683715820e-01
1.252623953197317119e+00,8.640000224113464355e-01
1.252868643786879455e+00,8.694999814033508301e-01
1.253112920067667169e+00,8.669999837875366211e-01
1.253356783440319644e+00,8.665000200271606445e-01
1.253600235298385490e+00,8.694999814033508301e-01
1.253843277028371173e+00,8.644999861717224121e-01
1.254085910009786975e+00,8.585000038146972656e-01
1.254328135615194739e+00,8.619999885559082031e-01
1.254569955210254939e+00,8.640000224113464355e-01
1.254811370153771088e+00,8.679999709129333496e-01
1.255052381797738148e+00,8.629999756813049316e-01
1.255292991487385823e+00,8.604999780654907227e-01
1.255533200561224749e+00,8.479999899864196777e-01
1.255773010351090235e+00,8.560000061988830566e-01
1.256012422182187782e+00,8.575000166893005371e-01
1.256251437373136159e+00,8.374999761581420898e-01
1.256490057236010927e+00,8.414999842643737793e-01
1.256728283076388397e+00,8.700000047683715820e-01
1.256966116193387606e+00,8.644999861717224121e-01
1.257203557879713385e+00,8.705000281333923340e-01
1.257440609421698774e+00,8.700000047683715820e-01
1.257677272099345211e+00,8.610000014305114746e-01
1.257913547186366943e+00,8.625000119209289551e-01
1.258149435950228989e+00,8.590000271797180176e-01
1.258384939652189782e+00,8.690000176429748535e-01
1.258620059547341796e+00,8.615000247955322266e-01
1.258854796884650851e+00,8.700000047683715820e-01
1.259089152906995412e+00,8.690000176429748535e-01
1.259323128851207896e+00,8.669999837875366211e-01
1.259556725948112188e+00,8.679999709129333496e-01
1.259789945422563395e+00,8.679999709129333496e-01
1.260022788493485590e+00,8.684999942779541016e-01
1.260255256373911115e+00,8.690000176429748535e-01
1.260487350271017659e+00,8.700000047683715820e-01
1.260719071386166013e+00,8.554999828338623047e-01
1.260950420914937808e+00,8.640000224113464355e-01
1.261181400047171497e+00,8.554999828338623047e-01
1.261412009967000758e+00,8.450000286102294922e-01
1.261642251852888919e+00,8.675000071525573730e-01
1.261872126877666922e+00,8.634999990463256836e-01
1.262101636208567967e+00,8.625000119209289551e-01
1.262330781007263703e+00,8.659999966621398926e-01
1.262559562429899085e+00,8.684999942779541016e-01
1.262787981627127243e+00,8.705000281333923340e-01
1.263016039744145003e+00,8.654999732971191406e-01
1.263243737920727083e+00,8.665000200271606445e-01
1.263471077291259625e+00,8.669999837875366211e-01
1.263698058984773720e+00,8.679999709129333496e-01
1.263924684124981823e+00,8.619999885559082031e-01
1.264150953830307289e+00,8.669999837875366211e-01
1.264376869213920340e+00,8.709999918937683105e-01
1.264602431383769821e+00,8.665000200271606445e-01
1.264827641442615613e+00,8.594999909400939941e-01
1.265052500488061282e+00,8.424999713897705078e-01
1.265277009612587156e+00,8.565000295639038086e-01
1.265501169903579415e+00,8.590000271797180176e-01
1.265724982443365620e+00,8.395000100135803223e-01
1.265948448309241803e+00,8.504999876022338867e-01
1.266171568573507544e+00,8.590000271797180176e-01
1.266394344303493513e+00,8.625000119209289551e-01
1.266616776561594770e+00,8.650000095367431641e-01
1.266838866405299191e+00,8.669999837875366211e-01
1.267060614887219216e+00,8.669999837875366211e-01
1.267282023055119833e+00,8.669999837875366211e-01
1.267503091951950323e+00,8.669999837875366211e-01
1.267723822615873130e+00,8.544999957084655762e-01
1.267944216080291842e+00,8.650000095367431641e-01
1.268164273373882267e+00,8.604999780654907227e-01
1.268383995520619312e+00,8.410000205039978027e-01
1.268603383539807172e+00,8.575000166893005371e-01
1.268822438446106204e+00,8.654999732971191406e-01
1.269041161249562677e+00,8.470000028610229492e-01
1.269259552955635861e+00,8.569999933242797852e-01
1.269477614565224899e+00,8.665000200271606445e-01
1.269695347074698111e+00,8.575000166893005371e-01
1.269912751475919421e+00,8.489999771118164062e-01
1.270129828756275003e+00,8.665000200271606445e-01
1.270346579898700812e+00,8.650000095367431641e-01
1.270563005881709451e+00,8.640000224113464355e-01
1.270779107679415931e+00,8.675000071525573730e-01
1.270994886261564760e+00,8.715000152587890625e-01
1.271210342593555920e+00,8.705000281333923340e-01
1.271425477636469514e+00,8.654999732971191406e-01
1.271640292347093970e+00,8.654999732971191406e-01
1.271854787677948906e+00,8.690000176429748535e-01
1.272068964577312666e+00,8.665000200271606445e-01
1.272282823989245859e+00,8.694999814033508301e-01
1.272496366853617555e+00,8.640000224113464355e-01
1.272709594106128828e+00,8.569999933242797852e-01
1.272922506678338506e+00,8.379999995231628418e-01
1.273135105497687380e+00,8.565000295639038086e-01
1.273347391487521296e+00,8.379999995231628418e-01
1.273559365567116686e+00,8.669999837875366211e-01
1.273771028651704107e+00,8.700000047683715820e-01
1.273982381652491114e+00,8.650000095367431641e-01
1.274193425476686903e+00,8.625000119209289551e-01
1.274404161027524740e+00,8.640000224113464355e-01
1.274614589204285942e+00,8.690000176429748535e-01
1.274824710902322300e+00,8.619999885559082031e-01
1.275034527013079177e+00,8.625000119209289551e-01
1.275244038424118598e+00,8.594999909400939941e-01
1.275453246019140785e+00,8.539999723434448242e-01
1.275662150678007700e+00,8.629999756813049316e-01
1.275870753276763914e+00,8.525000214576721191e-01
1.276079054687660141e+00,8.659999966621398926e-01
1.276287055779174340e+00,8.640000224113464355e-01
1.276494757416033021e+00,8.675000071525573730e-01
1.276702160459233459e+00,8.679999709129333496e-01
1.276909265766065005e+00,8.634999990463256836e-01
1.277116074190130179e+00,8.650000095367431641e-01
1.277322586581365993e+00,8.700000047683715820e-01
1.277528803786064593e+00,8.610000014305114746e-01
1.277734726646895025e+00,8.560000061988830566e-01
1.277940356002921662e+00,8.659999966621398926e-01
1.278145692689627300e+00,8.675000071525573730e-01
1.278350737538932469e+00,8.594999909400939941e-01
1.278555491379214537e+00,8.590000271797180176e-01
1.278759955035330353e+00,8.679999709129333496e-01
1.278964129328633792e+00,8.665000200271606445e-01
1.279168015076995957e+00,8.684999942779541016e-01
1.279371613094826499e+00,8.659999966621398926e-01
1.279574924193091601e+00,8.675000071525573730e-01
1.279777949179332630e+00,8.665000200271606445e-01
1.279980688857688120e+00,8.615000247955322266e-01
1.280183144028910203e+00,8.675000071525573730e-01
1.280385315490385034e+00,8.625000119209289551e-01
1.280587204036151006e+00,8.575000166893005371e-01
1.280788810456917393e+00,8.684999942779541016e-01
1.280990135540084118e+00,8.604999780654907227e-01
1.281191180069758406e+00,8.600000143051147461e-01
1.281391944826774321e+00,8.610000014305114746e-01
1.281592430588710974e+00,8.590000271797180176e-01
1.281792638129909401e+00,8.665000200271606445e-01
1.281992568221492101e+00,8.634999990463256836e-01
1.282192221631379914e+00,8.694999814033508301e-01
1.282391599124310222e+00,8.619999885559082031e-01
1.282590701461853611e+00,8.690000176429748535e-01
1.282789529402432516e+00,8.665000200271606445e-01
1.282988083701337212e+00,8.679999709129333496e-01
1.283186365110744909e+00,8.629999756813049316e-01
1.283384374379734849e+00,8.654999732971191406e-01
1.283582112254306518e+00,8.565000295639038086e-01
1.283779579477396515e+00,8.594999909400939941e-01
1.283976776788893881e+00,8.684999942779541016e-01
1.284173704925658521e+00,8.679999709129333496e-01
1.284370364621537641e+00,8.560000061988830566e-01
1.284566756607380178e+00,8.560000061988830566e-01
1.284762881611055452e+00,8.619999885559082031e-01
1.284958740357468043e+00,8.579999804496765137e-01
1.285154333568573781e+00,8.579999804496765137e-01
1.285349661963396839e+00,8.519999980926513672e-01
1.285544726258043946e+00,8.410000205039978027e-01
1.285739527165721929e+00,8.619999885559082031e-01
1.285934065396752146e+00,8.650000095367431641e-01
