# n, training_loss
0.000000000000000000e+00,1.251328587532043457e-01
1.001347708894878785e+01,1.038536727428436279e-01
2.002695417789757570e+01,1.297601014375686646e-01
3.004043126684636178e+01,1.033310517668724060e-01
4.005390835579515141e+01,9.362599998712539673e-02
5.006738544474394104e+01,8.528672158718109131e-02
6.008086253369272356e+01,9.387759864330291748e-02
7.009433962264151319e+01,9.214752167463302612e-02
8.010781671159030282e+01,9.273545444011688232e-02
9.012129380053909244e+01,8.476118743419647217e-02
1.001347708894878821e+02,8.123123645782470703e-02
1.101482479784366717e+02,8.739177137613296509e-02
1.201617250673854471e+02,8.187307417392730713e-02
1.301752021563342510e+02,7.900310307741165161e-02
1.401886792452830264e+02,7.691847532987594604e-02
1.502021563342318302e+02,8.122877776622772217e-02
1.602156334231806056e+02,7.803755998611450195e-02
1.702291105121293810e+02,7.188094407320022583e-02
1.802425876010781849e+02,7.466865330934524536e-02
1.902560646900269603e+02,6.712555140256881714e-02
2.002695417789757641e+02,6.814929097890853882e-02
2.102830188679245396e+02,8.424999564886093140e-02
2.202964959568733434e+02,7.280991971492767334e-02
2.303099730458221188e+02,7.487235963344573975e-02
2.403234501347708942e+02,7.674118876457214355e-02
2.503369272237196981e+02,6.344696879386901855e-02
2.603504043126685019e+02,6.595198065042495728e-02
2.703638814016172773e+02,7.233131676912307739e-02
2.803773584905660528e+02,6.627917289733886719e-02
2.903908355795148282e+02,6.814848631620407104e-02
3.004043126684636604e+02,7.256264984607696533e-02
3.104177897574124358e+02,6.449025124311447144e-02
3.204312668463612113e+02,7.822050154209136963e-02
3.304447439353099867e+02,6.749841570854187012e-02
3.404582210242587621e+02,6.838590651750564575e-02
3.504716981132075944e+02,6.730777025222778320e-02
3.604851752021563698e+02,6.551562249660491943e-02
3.704986522911051452e+02,6.149955093860626221e-02
3.805121293800539206e+02,6.229167804121971130e-02
3.905256064690027529e+02,6.002583727240562439e-02
4.005390835579515283e+02,6.737067550420761108e-02
4.105525606469003037e+02,6.651537120342254639e-02
4.205660377358490791e+02,5.894300714135169983e-02
4.305795148247978545e+02,6.631167232990264893e-02
4.405929919137466868e+02,6.146644055843353271e-02
4.506064690026954622e+02,6.527856737375259399e-02
4.606199460916442376e+02,6.746773421764373779e-02
4.706334231805930131e+02,6.930550932884216309e-02
4.806469002695417885e+02,6.059553474187850952e-02
4.906603773584906207e+02,6.103922426700592041e-02
5.006738544474393962e+02,6.890144199132919312e-02
5.106873315363881716e+02,6.557135283946990967e-02
5.207008086253370038e+02,5.884495750069618225e-02
5.307142857142857792e+02,6.237135455012321472e-02
5.407277628032345547e+02,6.197607517242431641e-02
5.507412398921833301e+02,6.603684276342391968e-02
5.607547169811321055e+02,6.647716462612152100e-02
5.707681940700808809e+02,6.121298670768737793e-02
5.807816711590296563e+02,5.924764275550842285e-02
5.907951482479784318e+02,5.959834530949592590e-02
6.008086253369273209e+02,5.953538045287132263e-02
6.108221024258760963e+02,5.986770614981651306e-02
6.208355795148248717e+02,6.549033522605895996e-02
6.308490566037736471e+02,6.161000207066535950e-02
6.408625336927224225e+02,6.563415378332138062e-02
6.508760107816711979e+02,5.490949004888534546e-02
6.608894878706199734e+02,6.321170181035995483e-02
6.709029649595687488e+02,5.708717182278633118e-02
6.809164420485175242e+02,6.362789869308471680e-02
6.909299191374664133e+02,5.861748754978179932e-02
7.009433962264151887e+02,5.972580984234809875e-02
7.109568733153639641e+02,5.963214859366416931e-02
7.209703504043127396e+02,6.578853726387023926e-02
7.309838274932615150e+02,6.165225803852081299e-02
7.409973045822102904e+02,5.875912308692932129e-02
7.510107816711590658e+02,6.268301606178283691e-02
7.610242587601078412e+02,6.019994243979454041e-02
7.710377358490566166e+02,6.490728259086608887e-02
7.810512129380055057e+02,5.737021937966346741e-02
7.910646900269542812e+02,6.483627110719680786e-02
8.010781671159030566e+02,6.136458367109298706e-02
8.110916442048518320e+02,5.733249709010124207e-02
8.211051212938006074e+02,5.754016712307929993e-02
8.311185983827493828e+02,5.755333602428436279e-02
8.411320754716981583e+02,5.228297412395477295e-02
8.511455525606469337e+02,5.447248741984367371e-02
8.611590296495957091e+02,6.114195287227630615e-02
8.711725067385445982e+02,5.996366962790489197e-02
8.811859838274933736e+02,5.634163692593574524e-02
8.911994609164421490e+02,6.156671047210693359e-02
9.012129380053909244e+02,5.607664957642555237e-02
9.112264150943396999e+02,5.664132535457611084e-02
9.212398921832884753e+02,5.597598850727081299e-02
9.312533692722372507e+02,5.629853904247283936e-02
9.412668463611860261e+02,6.183169782161712646e-02
9.512803234501348015e+02,6.499677896499633789e-02
9.612938005390835770e+02,5.670144781470298767e-02
9.713072776280324661e+02,5.441910028457641602e-02
9.813207547169812415e+02,6.269041448831558228e-02
9.913342318059300169e+02,5.675519257783889771e-02
1.001347708894878792e+03,6.460391730070114136e-02
1.011361185983827568e+03,5.411786213517189026e-02
1.021374663072776343e+03,6.549987196922302246e-02
1.031388140161725232e+03,5.844883248209953308e-02
1.041401617250674008e+03,5.582085996866226196e-02
1.051415094339622783e+03,5.710016563534736633e-02
1.061428571428571558e+03,5.758590623736381531e-02
1.071442048517520334e+03,5.378051847219467163e-02
1.081455525606469109e+03,5.974933132529258728e-02
1.091469002695417885e+03,5.778020247817039490e-02
1.101482479784366660e+03,5.857847258448600769e-02
1.111495956873315436e+03,5.409412458539009094e-02
1.121509433962264211e+03,6.276001036167144775e-02
1.131522911051212986e+03,5.258549377322196960e-02
1.141536388140161762e+03,6.697586178779602051e-02
1.151549865229110537e+03,5.520174652338027954e-02
1.161563342318059313e+03,5.601716414093971252e-02
1.171576819407008088e+03,5.708298459649085999e-02
1.181590296495956864e+03,5.913596227765083313e-02
1.191603773584905866e+03,5.619404464960098267e-02
1.201617250673854642e+03,5.582698807120323181e-02
1.211630727762803417e+03,5.534527078270912170e-02
1.221644204851752193e+03,5.897374078631401062e-02
1.231657681940700968e+03,5.936337262392044067e-02
1.241671159029649743e+03,5.713137984275817871e-02
1.251684636118598519e+03,6.185754016041755676e-02
1.261698113207547294e+03,5.271949619054794312e-02
1.271711590296496070e+03,5.261318758130073547e-02
1.281725067385444845e+03,6.794204562902450562e-02
1.291738544474393620e+03,5.188411474227905273e-02
1.301752021563342396e+03,6.023515015840530396e-02
1.311765498652291171e+03,5.854378268122673035e-02
1.321778975741239947e+03,5.469007417559623718e-02
1.331792452830188722e+03,5.753609538078308105e-02
1.341805929919137498e+03,5.436753854155540466e-02
1.351819407008086273e+03,5.684348940849304199e-02
1.361832884097035048e+03,5.870635807514190674e-02
1.371846361185983824e+03,6.125273182988166809e-02
1.381859838274932827e+03,5.787702277302742004e-02
1.391873315363881602e+03,5.419350042939186096e-02
1.401886792452830377e+03,6.709773093461990356e-02
1.411900269541779153e+03,5.868496745824813843e-02
1.421913746630727928e+03,6.692066043615341187e-02
1.431927223719676704e+03,5.796536430716514587e-02
1.441940700808625479e+03,5.538256838917732239e-02
1.451954177897574255e+03,5.504480376839637756e-02
1.461967654986523030e+03,5.515650287270545959e-02
1.471981132075471805e+03,5.828572064638137817e-02
1.481994609164420581e+03,5.589715391397476196e-02
1.492008086253369356e+03,6.090561300516128540e-02
1.502021563342318132e+03,5.355829745531082153e-02
1.512035040431266907e+03,5.428543686866760254e-02
1.522048517520215682e+03,5.740436539053916931e-02
1.532061994609164458e+03,5.822501331567764282e-02
1.542075471698113233e+03,5.577195435762405396e-02
1.552088948787062009e+03,5.933399125933647156e-02
1.562102425876011011e+03,6.361432373523712158e-02
1.572115902964959787e+03,5.801106989383697510e-02
1.582129380053908562e+03,6.017819419503211975e-02
1.592142857142857338e+03,5.145040899515151978e-02
1.602156334231806113e+03,6.013432890176773071e-02
1.612169811320754889e+03,5.533471703529357910e-02
1.622183288409703664e+03,6.527087092399597168e-02
1.632196765498652439e+03,4.922655597329139709e-02
1.642210242587601215e+03,5.582620203495025635e-02
1.652223719676549990e+03,5.797054991126060486e-02
1.662237196765498766e+03,5.751511454582214355e-02
1.672250673854447541e+03,5.434100329875946045e-02
1.682264150943396317e+03,6.136322394013404846e-02
1.692277628032345092e+03,6.361644715070724487e-02
1.702291105121293867e+03,5.012406408786773682e-02
1.712304582210242643e+03,6.556535512208938599e-02
1.722318059299191418e+03,6.025689840316772461e-02
1.732331536388140194e+03,5.551055446267127991e-02
1.742345013477089196e+03,5.839016288518905640e-02
1.752358490566037972e+03,5.842179805040359497e-02
1.762371967654986747e+03,5.452161654829978943e-02
1.772385444743935523e+03,5.858107283711433411e-02
1.782398921832884298e+03,5.447088554501533508e-02
1.792412398921833073e+03,5.854653194546699524e-02
1.802425876010781849e+03,5.833337828516960144e-02
1.812439353099730624e+03,5.503103882074356079e-02
1.822452830188679400e+03,7.323999702930450439e-02
1.832466307277628175e+03,5.430165678262710571e-02
1.842479784366576951e+03,5.488438159227371216e-02
1.852493261455525726e+03,6.654505431652069092e-02
1.862506738544474501e+03,5.498449876904487610e-02
1.872520215633423277e+03,5.008991062641143799e-02
1.882533692722372052e+03,5.911999195814132690e-02
1.892547169811320828e+03,5.301776155829429626e-02
1.902560646900269603e+03,6.101491674780845642e-02
1.912574123989218378e+03,5.199316516518592834e-02
1.922587601078167154e+03,5.924292653799057007e-02
1.932601078167116157e+03,5.460678040981292725e-02
1.942614555256064932e+03,6.428453326225280762e-02
1.952628032345013708e+03,5.338262766599655151e-02
1.962641509433962483e+03,5.880158394575119019e-02
1.972654986522911258e+03,6.325110048055648804e-02
1.982668463611860034e+03,5.895542725920677185e-02
1.992681940700808809e+03,5.133042111992835999e-02
2.002695417789757585e+03,5.449578911066055298e-02
2.012708894878706360e+03,6.226730346679687500e-02
2.022722371967655135e+03,5.210635438561439514e-02
2.032735849056603911e+03,5.930028483271598816e-02
2.042749326145552686e+03,5.746820196509361267e-02
2.052762803234501462e+03,5.886215344071388245e-02
2.062776280323450464e+03,5.565786361694335938e-02
2.072789757412399013e+03,5.365407094359397888e-02
2.082803234501348015e+03,5.050026252865791321e-02
2.092816711590296563e+03,6.357978284358978271e-02
2.102830188679245566e+03,6.132837012410163879e-02
2.112843665768194114e+03,5.522070452570915222e-02
2.122857142857143117e+03,6.706243753433227539e-02
2.132870619946091665e+03,5.224203690886497498e-02
2.142884097035040668e+03,5.944899842143058777e-02
2.152897574123989216e+03,5.172630771994590759e-02
2.162911051212938219e+03,6.551953405141830444e-02
2.172924528301886767e+03,5.692661553621292114e-02
2.182938005390835770e+03,5.051268264651298523e-02
2.192951482479784318e+03,5.633430927991867065e-02
2.202964959568733320e+03,5.770167708396911621e-02
2.212978436657682323e+03,6.085086986422538757e-02
2.222991913746630871e+03,5.941066518425941467e-02
2.233005390835579874e+03,5.224918574094772339e-02
2.243018867924528422e+03,6.208569929003715515e-02
2.253032345013477425e+03,5.713394284248352051e-02
2.263045822102425973e+03,6.283736228942871094e-02
2.273059299191374976e+03,5.388859659433364868e-02
2.283072776280323524e+03,5.311065912246704102e-02
2.293086253369272526e+03,6.299497187137603760e-02
2.303099730458221075e+03,5.473893880844116211e-02
2.313113207547170077e+03,6.111532449722290039e-02
2.323126684636118625e+03,5.900642648339271545e-02
2.333140161725067628e+03,5.044955387711524963e-02
2.343153638814016176e+03,5.460974574089050293e-02
2.353167115902965179e+03,5.254368484020233154e-02
2.363180592991913727e+03,5.889260023832321167e-02
2.373194070080862730e+03,5.704296007752418518e-02
2.383207547169811733e+03,5.655154585838317871e-02
2.393221024258760281e+03,5.338548868894577026e-02
2.403234501347709283e+03,5.650054290890693665e-02
2.413247978436657831e+03,5.681360885500907898e-02
2.423261455525606834e+03,5.614503845572471619e-02
2.433274932614555382e+03,5.381136760115623474e-02
2.443288409703504385e+03,6.629910320043563843e-02
2.453301886792452933e+03,5.446968227624893188e-02
2.463315363881401936e+03,6.341726332902908325e-02
2.473328840970350484e+03,5.229127407073974609e-02
2.483342318059299487e+03,5.726404488086700439e-02
2.493355795148248035e+03,6.163410469889640808e-02
2.503369272237197038e+03,5.819560214877128601e-02
2.513382749326145586e+03,5.787020921707153320e-02
2.523396226415094588e+03,6.115731224417686462e-02
2.533409703504043136e+03,6.050342693924903870e-02
2.543423180592992139e+03,5.465012416243553162e-02
2.553436657681940687e+03,6.642448902130126953e-02
2.563450134770889690e+03,5.433820933103561401e-02
2.573463611859838693e+03,5.757198482751846313e-02
2.583477088948787241e+03,5.119593068957328796e-02
2.593490566037736244e+03,6.685484200716018677e-02
2.603504043126684792e+03,5.223183333873748779e-02
2.613517520215633795e+03,6.643109768629074097e-02
2.623530997304582343e+03,5.538097769021987915e-02
2.633544474393531345e+03,5.817913636565208435e-02
2.643557951482479893e+03,5.135471746325492859e-02
2.653571428571428896e+03,5.870522931218147278e-02
2.663584905660377444e+03,5.599632486701011658e-02
2.673598382749326447e+03,5.627805739641189575e-02
2.683611859838274995e+03,6.284535676240921021e-02
2.693625336927223998e+03,5.793639272451400757e-02
2.703638814016172546e+03,6.075675040483474731e-02
2.713652291105121549e+03,5.645053088665008545e-02
2.723665768194070097e+03,5.277921631932258606e-02
2.733679245283019100e+03,5.516159906983375549e-02
2.743692722371967648e+03,5.404264107346534729e-02
2.753706199460916650e+03,6.049775704741477966e-02
2.763719676549865653e+03,5.469133332371711731e-02
2.773733153638814201e+03,5.532643944025039673e-02
2.783746630727763204e+03,5.490715429186820984e-02
2.793760107816711752e+03,5.944089218974113464e-02
2.803773584905660755e+03,5.320429056882858276e-02
2.813787061994609303e+03,6.220089271664619446e-02
2.823800539083558306e+03,5.562118440866470337e-02
2.833814016172506854e+03,5.413832888007164001e-02
2.843827493261455857e+03,5.756858736276626587e-02
2.853840970350404405e+03,5.571343749761581421e-02
2.863854447439353407e+03,5.482549965381622314e-02
2.873867924528301955e+03,5.629704892635345459e-02
2.883881401617250958e+03,6.179278343915939331e-02
2.893894878706199506e+03,5.940967425704002380e-02
2.903908355795148509e+03,5.399579927325248718e-02
2.913921832884097057e+03,5.827049538493156433e-02
2.923935309973046060e+03,6.213985010981559753e-02
2.933948787061995063e+03,6.003446877002716064e-02
2.943962264150943611e+03,6.348098069429397583e-02
2.953975741239892614e+03,5.311110243201255798e-02
2.963989218328841162e+03,5.559322983026504517e-02
2.974002695417790164e+03,6.530756503343582153e-02
2.984016172506738712e+03,5.798975378274917603e-02
2.994029649595687715e+03,6.023434922099113464e-02
3.004043126684636263e+03,5.360369756817817688e-02
3.014056603773585266e+03,5.555731058120727539e-02
3.024070080862533814e+03,7.746203243732452393e-02
3.034083557951482817e+03,5.864591151475906372e-02
3.044097035040431365e+03,5.403941124677658081e-02
3.054110512129380368e+03,5.690549686551094055e-02
3.064123989218328916e+03,5.897114425897598267e-02
3.074137466307277919e+03,5.917958170175552368e-02
3.084150943396226467e+03,5.844459310173988342e-02
3.094164420485175469e+03,5.407075583934783936e-02
3.104177897574124017e+03,5.601903051137924194e-02
3.114191374663073020e+03,5.815141275525093079e-02
3.124204851752022023e+03,6.464956700801849365e-02
3.134218328840970571e+03,5.774052813649177551e-02
3.144231805929919574e+03,5.331168696284294128e-02
3.154245283018868122e+03,5.679287016391754150e-02
3.164258760107817125e+03,6.094834953546524048e-02
3.174272237196765673e+03,5.947520583868026733e-02
3.184285714285714675e+03,5.422291532158851624e-02
3.194299191374663224e+03,5.361368879675865173e-02
3.204312668463612226e+03,5.432714894413948059e-02
3.214326145552560774e+03,5.786252766847610474e-02
3.224339622641509777e+03,6.411337852478027344e-02
3.234353099730458325e+03,5.943812429904937744e-02
3.244366576819407328e+03,6.518990546464920044e-02
3.254380053908355876e+03,6.266326457262039185e-02
3.264393530997304879e+03,5.558536946773529053e-02
3.274407008086253427e+03,6.460386514663696289e-02
3.284420485175202430e+03,6.012151390314102173e-02
3.294433962264150978e+03,5.466529354453086853e-02
3.304447439353099981e+03,6.535572558641433716e-02
3.314460916442048983e+03,4.971568658947944641e-02
3.324474393530997531e+03,6.989926099777221680e-02
3.334487870619946534e+03,5.735669657588005066e-02
3.344501347708895082e+03,7.555776834487915039e-02
3.354514824797844085e+03,5.753134191036224365e-02
3.364528301886792633e+03,5.418141931295394897e-02
3.374541778975741636e+03,6.095652654767036438e-02
3.384555256064690184e+03,5.806278064846992493e-02
3.394568733153639187e+03,5.595564097166061401e-02
3.404582210242587735e+03,5.328591912984848022e-02
3.414595687331536737e+03,5.528329312801361084e-02
3.424609164420485286e+03,6.657765805721282959e-02
3.434622641509434288e+03,5.546799302101135254e-02
3.444636118598382836e+03,5.757492780685424805e-02
3.454649595687331839e+03,6.444749236106872559e-02
3.464663072776280387e+03,5.091339722275733948e-02
3.474676549865229390e+03,6.310776621103286743e-02
3.484690026954178393e+03,6.086352467536926270e-02
3.494703504043126941e+03,5.926678329706192017e-02
3.504716981132075944e+03,6.114563718438148499e-02
3.514730458221024492e+03,6.343554705381393433e-02
3.524743935309973494e+03,5.729000642895698547e-02
3.534757412398922042e+03,6.766264140605926514e-02
3.544770889487871045e+03,5.872766673564910889e-02
3.554784366576819593e+03,6.345508247613906860e-02
3.564797843665768596e+03,6.011819466948509216e-02
3.574811320754717144e+03,6.558583676815032959e-02
3.584824797843666147e+03,6.324958801269531250e-02
3.594838274932614695e+03,6.194248050451278687e-02
3.604851752021563698e+03,6.386922299861907959e-02
3.614865229110512246e+03,5.376112833619117737e-02
3.624878706199461249e+03,5.907382071018218994e-02
3.634892183288409797e+03,6.063240766525268555e-02
3.644905660377358799e+03,6.354242563247680664e-02
3.654919137466307347e+03,5.920155718922615051e-02
3.664932614555256350e+03,5.145296081900596619e-02
3.674946091644205353e+03,7.442925870418548584e-02
3.684959568733153901e+03,5.912590771913528442e-02
3.694973045822102904e+03,6.517890095710754395e-02
3.704986522911051452e+03,5.968144163489341736e-02
3.715000000000000455e+03,5.235091224312782288e-02
3.725013477088949003e+03,5.699005722999572754e-02
3.735026954177898006e+03,6.219264119863510132e-02
3.745040431266846554e+03,6.317187845706939697e-02
3.755053908355795556e+03,6.325316429138183594e-02
3.765067385444744104e+03,5.787491425871849060e-02
3.775080862533693107e+03,6.043771281838417053e-02
3.785094339622641655e+03,5.518017336726188660e-02
3.795107816711590658e+03,6.231713667511940002e-02
3.805121293800539206e+03,5.544865503907203674e-02
3.815134770889488209e+03,6.111427769064903259e-02
3.825148247978436757e+03,5.273774266242980957e-02
3.835161725067385760e+03,5.845706909894943237e-02
3.845175202156334308e+03,6.533243507146835327e-02
3.855188679245283311e+03,6.474662572145462036e-02
3.865202156334232313e+03,5.465020611882209778e-02
3.875215633423180861e+03,6.058628484606742859e-02
3.885229110512129864e+03,6.116613000631332397e-02
3.895242587601078412e+03,6.102523207664489746e-02
3.905256064690027415e+03,5.891568958759307861e-02
3.915269541778975963e+03,5.985227227210998535e-02
3.925283018867924966e+03,6.266822665929794312e-02
3.935296495956873514e+03,5.830109864473342896e-02
3.945309973045822517e+03,5.395387113094329834e-02
3.955323450134771065e+03,6.538859754800796509e-02
3.965336927223720068e+03,5.790976807475090027e-02
3.975350404312668616e+03,5.783451721072196960e-02
3.985363881401617618e+03,5.779239907860755920e-02
3.995377358490566166e+03,6.252831220626831055e-02
4.005390835579515169e+03,6.461008638143539429e-02
4.015404312668463717e+03,5.856398120522499084e-02
4.025417789757412720e+03,6.811900436878204346e-02
4.035431266846361723e+03,6.166695058345794678e-02
4.045444743935310271e+03,4.732941836118698120e-02
4.055458221024259274e+03,5.561453104019165039e-02
4.065471698113207822e+03,6.917222589254379272e-02
4.075485175202156825e+03,6.030083447694778442e-02
4.085498652291105373e+03,5.629441142082214355e-02
4.095512129380054375e+03,6.418097019195556641e-02
4.105525606469002923e+03,5.722410976886749268e-02
4.115539083557951926e+03,6.001968309283256531e-02
4.125552560646900929e+03,6.009345501661300659e-02
4.135566037735849022e+03,5.866897478699684143e-02
4.145579514824798025e+03,6.242424622178077698e-02
4.155592991913747028e+03,6.066603958606719971e-02
4.165606469002696031e+03,5.958858877420425415e-02
4.175619946091644124e+03,6.364740431308746338e-02
4.185633423180593127e+03,6.228487938642501831e-02
4.195646900269542130e+03,5.689997225999832153e-02
4.205660377358491132e+03,6.804404407739639282e-02
4.215673854447440135e+03,6.082639470696449280e-02
4.225687331536388228e+03,5.828424915671348572e-02
4.235700808625337231e+03,6.048531457781791687e-02
4.245714285714286234e+03,5.298683047294616699e-02
4.255727762803235237e+03,7.062530517578125000e-02
4.265741239892183330e+03,6.312634050846099854e-02
4.275754716981132333e+03,5.557952076196670532e-02
4.285768194070081336e+03,6.307065486907958984e-02
4.295781671159030338e+03,6.570398807525634766e-02
4.305795148247978432e+03,6.280313432216644287e-02
4.315808625336927435e+03,5.340914800763130188e-02
4.325822102425876437e+03,5.862950906157493591e-02
4.335835579514825440e+03,5.672632530331611633e-02
4.345849056603773533e+03,7.513900101184844971e-02
4.355862533692722536e+03,6.353160738945007324e-02
4.365876010781671539e+03,5.532392114400863647e-02
4.375889487870620542e+03,6.622095406055450439e-02
4.385902964959568635e+03,5.532425269484519958e-02
4.395916442048517638e+03,6.363815069198608398e-02
4.405929919137466641e+03,6.428176909685134888e-02
4.415943396226415643e+03,6.168785691261291504e-02
4.425956873315364646e+03,5.971275269985198975e-02
4.435970350404312740e+03,7.062365859746932983e-02
4.445983827493261742e+03,5.731171369552612305e-02
4.455997304582210745e+03,6.211831793189048767e-02
4.466010781671159748e+03,6.919159740209579468e-02
4.476024258760107841e+03,6.391902267932891846e-02
4.486037735849056844e+03,5.604638531804084778e-02
4.496051212938005847e+03,6.063842773437500000e-02
4.506064690026954850e+03,5.661519244313240051e-02
4.516078167115902943e+03,6.172728911042213440e-02
4.526091644204851946e+03,6.305737793445587158e-02
4.536105121293800948e+03,5.628056451678276062e-02
4.546118598382749951e+03,6.133861467242240906e-02
4.556132075471698045e+03,6.093458458781242371e-02
4.566145552560647047e+03,5.732483044266700745e-02
4.576159029649596050e+03,6.515609472990036011e-02
4.586172506738545053e+03,6.258027255535125732e-02
4.596185983827494056e+03,5.782263725996017456e-02
4.606199460916442149e+03,5.789436772465705872e-02
4.616212938005391152e+03,5.936221778392791748e-02
4.626226415094340155e+03,6.211393699049949646e-02
4.636239892183289157e+03,6.065664067864418030e-02
4.646253369272237251e+03,5.779561400413513184e-02
4.656266846361186253e+03,6.071272119879722595e-02
4.666280323450135256e+03,7.529202848672866821e-02
4.676293800539084259e+03,6.069628521800041199e-02
4.686307277628032352e+03,6.222980096936225891e-02
4.696320754716981355e+03,5.906779319047927856e-02
4.706334231805930358e+03,6.073739379644393921e-02
4.716347708894879361e+03,5.948206782341003418e-02
4.726361185983827454e+03,6.307053565979003906e-02
4.736374663072776457e+03,6.333878636360168457e-02
4.746388140161725460e+03,6.412811577320098877e-02
4.756401617250674462e+03,6.366286426782608032e-02
4.766415094339623465e+03,6.745959073305130005e-02
4.776428571428571558e+03,5.971889570355415344e-02
4.786442048517520561e+03,6.685041636228561401e-02
4.796455525606469564e+03,5.531773343682289124e-02
4.806469002695418567e+03,8.391144126653671265e-02
4.816482479784366660e+03,6.052151694893836975e-02
4.826495956873315663e+03,6.909704953432083130e-02
4.836509433962264666e+03,6.603343784809112549e-02
4.846522911051213669e+03,6.117930263280868530e-02
4.856536388140161762e+03,6.353940814733505249e-02
4.866549865229110765e+03,5.693177506327629089e-02
4.876563342318059767e+03,5.713175237178802490e-02
4.886576819407008770e+03,6.405217945575714111e-02
4.896590296495956864e+03,5.668670684099197388e-02
4.906603773584905866e+03,6.518547236919403076e-02
4.916617250673854869e+03,6.457896530628204346e-02
4.926630727762803872e+03,5.878783762454986572e-02
4.936644204851751965e+03,5.767965689301490784e-02
4.946657681940700968e+03,6.093817204236984253e-02
4.956671159029649971e+03,6.678257882595062256e-02
4.966684636118598974e+03,5.682367086410522461e-02
4.976698113207547976e+03,7.794266939163208008e-02
4.986711590296496070e+03,5.431654676795005798e-02
4.996725067385445072e+03,5.540766939520835876e-02
5.006738544474394075e+03,6.502573937177658081e-02
5.016752021563343078e+03,6.001161411404609680e-02
5.026765498652291171e+03,5.744650959968566895e-02
5.036778975741240174e+03,6.645614653825759888e-02
5.046792452830189177e+03,5.904098600149154663e-02
5.056805929919138180e+03,6.467358767986297607e-02
5.066819407008086273e+03,7.083359360694885254e-02
5.076832884097035276e+03,6.243135035037994385e-02
5.086846361185984279e+03,5.993470922112464905e-02
5.096859838274933281e+03,6.259232014417648315e-02
5.106873315363881375e+03,7.101897150278091431e-02
5.116886792452830377e+03,5.943446233868598938e-02
5.126900269541779380e+03,6.256548315286636353e-02
5.136913746630728383e+03,5.917333066463470459e-02
5.146927223719677386e+03,6.683956831693649292e-02
5.156940700808625479e+03,5.727941542863845825e-02
5.166954177897574482e+03,5.886927619576454163e-02
5.176967654986523485e+03,6.002920493483543396e-02
5.186981132075472487e+03,5.634615942835807800e-02
5.196994609164420581e+03,8.743840456008911133e-02
5.207008086253369584e+03,6.203211843967437744e-02
5.217021563342318586e+03,5.943268537521362305e-02
5.227035040431267589e+03,6.373538821935653687e-02
5.237048517520215682e+03,6.199311092495918274e-02
5.247061994609164685e+03,5.838540941476821899e-02
5.257075471698113688e+03,7.875706255435943604e-02
5.267088948787062691e+03,5.906809866428375244e-02
5.277102425876010784e+03,7.030604034662246704e-02
5.287115902964959787e+03,5.751675367355346680e-02
5.297129380053908790e+03,7.147430628538131714e-02
5.307142857142857792e+03,5.604963377118110657e-02
5.317156334231806795e+03,5.714196339249610901e-02
5.327169811320754889e+03,7.388930022716522217e-02
5.337183288409703891e+03,6.120914593338966370e-02
5.347196765498652894e+03,6.215544417500495911e-02
5.357210242587601897e+03,6.281454861164093018e-02
5.367223719676549990e+03,6.739320605993270874e-02
5.377237196765498993e+03,6.717536598443984985e-02
5.387250673854447996e+03,6.784633547067642212e-02
5.397264150943396999e+03,6.281567364931106567e-02
5.407277628032345092e+03,6.855714321136474609e-02
5.417291105121294095e+03,5.527770891785621643e-02
5.427304582210243098e+03,7.357136905193328857e-02
5.437318059299192100e+03,6.448776274919509888e-02
5.447331536388140194e+03,6.110792607069015503e-02
5.457345013477089196e+03,6.947227567434310913e-02
5.467358490566038199e+03,6.409293413162231445e-02
5.477371967654987202e+03,6.758058071136474609e-02
5.487385444743935295e+03,5.955707281827926636e-02
5.497398921832884298e+03,7.413058727979660034e-02
5.507412398921833301e+03,5.741326883435249329e-02
5.517425876010782304e+03,5.775035172700881958e-02
5.527439353099731306e+03,5.490461736917495728e-02
5.537452830188679400e+03,6.432549655437469482e-02
5.547466307277628403e+03,5.743504688143730164e-02
5.557479784366577405e+03,6.674574315547943115e-02
5.567493261455526408e+03,6.198336184024810791e-02
5.577506738544474501e+03,6.185381114482879639e-02
5.587520215633423504e+03,6.692264974117279053e-02
5.597533692722372507e+03,6.121865287423133850e-02
5.607547169811321510e+03,6.071180477738380432e-02
5.617560646900269603e+03,7.240381836891174316e-02
5.627574123989218606e+03,6.226159259676933289e-02
5.637587601078167609e+03,5.314472690224647522e-02
5.647601078167116611e+03,6.350604444742202759e-02
5.657614555256064705e+03,6.211155652999877930e-02
5.667628032345013708e+03,7.357175648212432861e-02
5.677641509433962710e+03,5.968891829252243042e-02
5.687654986522911713e+03,6.151339039206504822e-02
5.697668463611860716e+03,5.722577497363090515e-02
5.707681940700808809e+03,6.772335618734359741e-02
5.717695417789757812e+03,6.899496912956237793e-02
5.727708894878706815e+03,5.578300356864929199e-02
5.737722371967655818e+03,6.563884019851684570e-02
5.747735849056603911e+03,6.271889805793762207e-02
5.757749326145552914e+03,5.812977254390716553e-02
5.767762803234501916e+03,6.253905594348907471e-02
5.777776280323450919e+03,6.376039981842041016e-02
5.787789757412399013e+03,6.301584839820861816e-02
5.797803234501348015e+03,6.533129513263702393e-02
5.807816711590297018e+03,6.254203617572784424e-02
5.817830188679246021e+03,5.828125774860382080e-02
5.827843665768194114e+03,6.743608415126800537e-02
5.837857142857143117e+03,6.672760844230651855e-02
5.847870619946092120e+03,6.421830505132675171e-02
5.857884097035041123e+03,6.302043795585632324e-02
5.867897574123990125e+03,7.716935873031616211e-02
5.877911051212938219e+03,6.516944617033004761e-02
5.887924528301887221e+03,6.313034892082214355e-02
5.897938005390836224e+03,7.248895615339279175e-02
5.907951482479785227e+03,6.530128419399261475e-02
5.917964959568733320e+03,5.850401148200035095e-02
5.927978436657682323e+03,6.542681902647018433e-02
5.937991913746631326e+03,6.889040768146514893e-02
5.948005390835580329e+03,6.186346337199211121e-02
5.958018867924528422e+03,5.891430005431175232e-02
5.968032345013477425e+03,6.216034293174743652e-02
5.978045822102426428e+03,5.915601179003715515e-02
5.988059299191375430e+03,6.016067415475845337e-02
5.998072776280323524e+03,8.107363432645797729e-02
6.008086253369272526e+03,6.247774511575698853e-02
6.018099730458221529e+03,6.310174614191055298e-02
6.028113207547170532e+03,6.232844293117523193e-02
6.038126684636118625e+03,5.993124842643737793e-02
6.048140161725067628e+03,7.331679761409759521e-02
6.058153638814016631e+03,7.085792720317840576e-02
6.068167115902965634e+03,5.956335738301277161e-02
6.078180592991914637e+03,7.327493280172348022e-02
6.088194070080862730e+03,6.035411357879638672e-02
6.098207547169811733e+03,6.163955479860305786e-02
6.108221024258760735e+03,5.812394618988037109e-02
6.118234501347709738e+03,5.809671804308891296e-02
6.128247978436657831e+03,6.468148529529571533e-02
6.138261455525606834e+03,5.962333083152770996e-02
6.148274932614555837e+03,5.894249305129051208e-02
6.158288409703504840e+03,6.913158297538757324e-02
6.168301886792452933e+03,6.411433964967727661e-02
6.178315363881401936e+03,6.456416845321655273e-02
6.188328840970350939e+03,5.856641381978988647e-02
6.198342318059299942e+03,6.854908913373947144e-02
6.208355795148248035e+03,6.503918766975402832e-02
6.218369272237197038e+03,6.378500908613204956e-02
6.228382749326146040e+03,6.160967051982879639e-02
6.238396226415095043e+03,6.232106685638427734e-02
6.248409703504044046e+03,6.422653049230575562e-02
6.258423180592992139e+03,6.979794800281524658e-02
6.268436657681941142e+03,7.002117484807968140e-02
6.278450134770890145e+03,5.867313221096992493e-02
6.288463611859839148e+03,5.990998819470405579e-02
6.298477088948787241e+03,7.655636966228485107e-02
6.308490566037736244e+03,7.173659652471542358e-02
6.318504043126685247e+03,6.062597781419754028e-02
6.328517520215634249e+03,6.685185432434082031e-02
6.338530997304582343e+03,6.486114859580993652e-02
6.348544474393531345e+03,6.609800457954406738e-02
6.358557951482480348e+03,6.251925975084304810e-02
6.368571428571429351e+03,5.887861177325248718e-02
6.378584905660377444e+03,7.531061768531799316e-02
6.388598382749326447e+03,6.072871387004852295e-02
6.398611859838275450e+03,6.987012922763824463e-02
6.408625336927224453e+03,6.007452681660652161e-02
6.418638814016173455e+03,6.362862139940261841e-02
6.428652291105121549e+03,7.184578478336334229e-02
6.438665768194070552e+03,6.795428693294525146e-02
6.448679245283019554e+03,6.292158365249633789e-02
6.458692722371968557e+03,7.080103456974029541e-02
6.468706199460916650e+03,6.659544259309768677e-02
6.478719676549865653e+03,6.808397173881530762e-02
6.488733153638814656e+03,6.504214555025100708e-02
6.498746630727763659e+03,6.990948319435119629e-02
6.508760107816711752e+03,6.025992706418037415e-02
6.518773584905660755e+03,6.606469303369522095e-02
6.528787061994609758e+03,6.510710716247558594e-02
6.538800539083558760e+03,6.362815201282501221e-02
6.548814016172506854e+03,6.969416141510009766e-02
6.558827493261455857e+03,5.981842055916786194e-02
6.568840970350404859e+03,6.410283595323562622e-02
6.578854447439353862e+03,7.630564272403717041e-02
6.588867924528301955e+03,5.903386324644088745e-02
6.598881401617250958e+03,6.523598730564117432e-02
6.608894878706199961e+03,7.008979469537734985e-02
6.618908355795148964e+03,6.505021452903747559e-02
6.628921832884097967e+03,5.881563574075698853e-02
6.638935309973046060e+03,7.085286825895309448e-02
6.648948787061995063e+03,6.736844033002853394e-02
6.658962264150944065e+03,6.239161640405654907e-02
6.668975741239893068e+03,7.654082030057907104e-02
6.678989218328841162e+03,5.969978496432304382e-02
6.689002695417790164e+03,6.643122434616088867e-02
6.699016172506739167e+03,6.411474943161010742e-02
6.709029649595688170e+03,6.786076724529266357e-02
6.719043126684636263e+03,6.279766559600830078e-02
6.729056603773585266e+03,6.356140226125717163e-02
6.739070080862534269e+03,6.039766967296600342e-02
6.749083557951483272e+03,6.677319854497909546e-02
6.759097035040431365e+03,6.433223932981491089e-02
6.769110512129380368e+03,6.372328102588653564e-02
6.779123989218329370e+03,6.765477359294891357e-02
6.789137466307278373e+03,7.433918863534927368e-02
6.799150943396227376e+03,6.410628557205200195e-02
6.809164420485175469e+03,7.994881272315979004e-02
6.819177897574124472e+03,6.276838481426239014e-02
6.829191374663073475e+03,5.984127894043922424e-02
6.839204851752022478e+03,5.934768542647361755e-02
6.849218328840970571e+03,6.087518483400344849e-02
6.859231805929919574e+03,6.026335060596466064e-02
6.869245283018868577e+03,6.519465893507003784e-02
6.879258760107817579e+03,7.825193554162979126e-02
6.889272237196765673e+03,6.058735400438308716e-02
6.899285714285714675e+03,6.528747826814651489e-02
6.909299191374663678e+03,6.716357171535491943e-02
6.919312668463612681e+03,7.406198978424072266e-02
6.929326145552560774e+03,6.726325303316116333e-02
6.939339622641509777e+03,6.488688290119171143e-02
6.949353099730458780e+03,6.909753382205963135e-02
6.959366576819407783e+03,6.334585696458816528e-02
6.969380053908356786e+03,6.623438745737075806e-02
6.979393530997304879e+03,7.404830306768417358e-02
6.989407008086253882e+03,6.856506317853927612e-02
6.999420485175202884e+03,5.842849239706993103e-02
7.009433962264151887e+03,6.457442045211791992e-02
7.019447439353099981e+03,6.681060045957565308e-02
7.029460916442048983e+03,6.626059114933013916e-02
7.039474393530997986e+03,5.950180068612098694e-02
7.049487870619946989e+03,6.230615824460983276e-02
7.059501347708895082e+03,6.120064854621887207e-02
7.069514824797844085e+03,6.412536650896072388e-02
7.079528301886793088e+03,6.125403568148612976e-02
7.089541778975742091e+03,6.305956095457077026e-02
7.099555256064690184e+03,6.025033816695213318e-02
7.109568733153639187e+03,6.106670200824737549e-02
7.119582210242588189e+03,6.264365464448928833e-02
7.129595687331537192e+03,7.545851171016693115e-02
7.139609164420485286e+03,6.769607216119766235e-02
7.149622641509434288e+03,6.313309818506240845e-02
7.159636118598383291e+03,8.692908287048339844e-02
7.169649595687332294e+03,6.669969856739044189e-02
7.179663072776281297e+03,6.737149506807327271e-02
7.189676549865229390e+03,6.501794606447219849e-02
7.199690026954178393e+03,6.886924803256988525e-02
7.209703504043127396e+03,6.395057588815689087e-02
7.219716981132076398e+03,6.405976414680480957e-02
7.229730458221024492e+03,6.742239743471145630e-02
7.239743935309973494e+03,6.001217290759086609e-02
7.249757412398922497e+03,7.231747359037399292e-02
7.259770889487871500e+03,6.180169060826301575e-02
7.269784366576819593e+03,6.647693365812301636e-02
7.279797843665768596e+03,6.507164984941482544e-02
7.289811320754717599e+03,5.803345888853073120e-02
7.299824797843666602e+03,6.541317701339721680e-02
7.309838274932614695e+03,7.069859653711318970e-02
7.319851752021563698e+03,6.654240190982818604e-02
7.329865229110512701e+03,6.213140487670898438e-02
7.339878706199461703e+03,6.637030094861984253e-02
7.349892183288410706e+03,7.069990783929824829e-02
7.359905660377358799e+03,6.132920086383819580e-02
7.369919137466307802e+03,5.766075104475021362e-02
7.379932614555256805e+03,6.997746229171752930e-02
7.389946091644205808e+03,6.979457288980484009e-02
7.399959568733153901e+03,7.393281906843185425e-02
7.409973045822102904e+03,7.491255551576614380e-02
7.419986522911051907e+03,6.389438360929489136e-02
7.430000000000000000e+03,5.974232405424118042e-02
