# kappa, training_loss
0.000000000000000000e+00,2.503090500831604004e-01
3.460087604470611367e-01,2.286900430917739868e-01
4.393004638594020239e-01,2.253703176975250244e-01
4.954894607646131988e-01,2.133301794528961182e-01
5.358255977705936868e-01,2.091279625892639160e-01
5.673132765061897897e-01,2.059149891138076782e-01
5.931447079502824016e-01,2.004566490650177002e-01
6.150458527094804229e-01,1.961606591939926147e-01
6.340562664852009700e-01,1.868958473205566406e-01
6.508508280855277439e-01,1.804869025945663452e-01
6.658925908297250729e-01,1.870680153369903564e-01
6.795130935362699853e-01,1.804554909467697144e-01
6.919578843395901568e-01,1.762492805719375610e-01
7.034139062765984995e-01,1.682925522327423096e-01
7.140267804180223665e-01,1.673530489206314087e-01
7.239121529930457877e-01,1.650644689798355103e-01
7.331633965453948631e-01,1.584132462739944458e-01
7.418569864253405921e-01,1.597010046243667603e-01
7.500563469525460825e-01,1.605337858200073242e-01
7.578146619146984841e-01,1.526244133710861206e-01
7.651769670196039153e-01,1.571218073368072510e-01
7.721817337819164573e-01,1.504113525152206421e-01
7.788620863205062417e-01,1.447136402130126953e-01
7.852467486537241248e-01,1.431078463792800903e-01
7.913607910931920175e-01,1.360297054052352905e-01
7.972262247908332711e-01,1.365699172019958496e-01
8.028624800644678094e-01,1.352049559354782104e-01
8.082867947419158927e-01,1.349620223045349121e-01
8.135145321017589470e-01,1.302867084741592407e-01
8.185594431925570236e-01,1.327571123838424683e-01
8.234338848135772659e-01,1.279370933771133423e-01
8.281490018569067635e-01,1.333774924278259277e-01
8.327148807821762588e-01,1.274964958429336548e-01
8.371406795401445944e-01,1.187510937452316284e-01
8.414347381531067649e-01,1.201141029596328735e-01
8.456046733082374089e-01,1.166285425424575806e-01
8.496574596596789819e-01,1.165916472673416138e-01
8.535995000193126181e-01,1.070845425128936768e-01
8.574366862100908371e-01,1.117296069860458374e-01
8.611744520339701392e-01,1.108841672539710999e-01
8.648178195496830645e-01,1.122774332761764526e-01
8.683714396494245369e-01,1.026467606425285339e-01
8.718396277570242825e-01,1.141178235411643982e-01
8.752263953349598280e-01,1.107729822397232056e-01
8.785354777771650081e-01,1.015944406390190125e-01
8.817703591740051472e-01,1.056623384356498718e-01
8.849342943610988277e-01,1.008767634630203247e-01
8.880303286018079723e-01,9.954498708248138428e-02
8.910613152017544669e-01,9.622462093830108643e-02
8.940299313107366030e-01,9.777918457984924316e-02
8.969386921313683425e-01,1.041053980588912964e-01
8.997899637234116899e-01,9.112527221441268921e-02
9.025859745671332979e-01,9.002658724784851074e-02
9.053288260272730481e-01,9.109249711036682129e-02
9.080205018407159212e-01,8.874899893999099731e-02
9.106628767351770959e-01,9.048914909362792969e-02
9.132577242726921396e-01,8.579267561435699463e-02
9.158067240001058762e-01,7.903648912906646729e-02
9.183114679787615087e-01,8.316574245691299438e-02
9.207734667569620335e-01,8.290072530508041382e-02
9.231941548413140630e-01,8.094253391027450562e-02
9.255748957165744750e-01,8.316824585199356079e-02
9.279169864579864813e-01,7.710768282413482666e-02
9.302216619751688675e-01,7.646261900663375854e-02
9.324900989223231518e-01,7.619258016347885132e-02
9.347234193057537555e-01,7.086236029863357544e-02
9.369226938163938145e-01,7.290310412645339966e-02
9.390889449121090360e-01,7.466587424278259277e-02
9.412231496719969392e-01,6.958033144474029541e-02
9.433262424426215320e-01,7.580345869064331055e-02
9.453991172941261789e-01,6.706346571445465088e-02
9.474426303023814055e-01,6.652804464101791382e-02
9.494576016717489741e-01,6.537362188100814819e-02
9.514448177116359151e-01,6.174698844552040100e-02
9.534050326787582019e-01,6.522329151630401611e-02
9.553389704959178719e-01,6.212848424911499023e-02
9.572473263570921986e-01,6.645522266626358032e-02
9.591307682277451230e-01,6.553188711404800415e-02
9.609899382484581309e-01,5.776736512780189514e-02
9.628254540492666713e-01,5.868938192725181580e-02
9.646379099814290647e-01,5.873828753829002380e-02
9.664278782727777628e-01,5.737307667732238770e-02
9.681959101122710187e-01,6.239297986030578613e-02
9.699425366688896322e-01,6.021089106798171997e-02
9.716682700495886671e-01,5.829512700438499451e-02
9.733736042006306821e-01,5.384501442313194275e-02
9.750590157562651905e-01,5.588188394904136658e-02
9.767249648384065397e-01,5.709598213434219360e-02
9.783718958106631947e-01,4.752404987812042236e-02
9.800002379898135052e-01,5.026843771338462830e-02
9.816104063175752348e-01,5.103338137269020081e-02
9.832028019952986364e-01,5.018711090087890625e-02
9.847778130840142419e-01,4.681040719151496887e-02
9.863358150720769046e-01,5.393477529287338257e-02
9.878771714124866543e-01,4.375042021274566650e-02
9.894022340318076036e-01,4.589760676026344299e-02
9.909113438124680373e-01,4.810646921396255493e-02
9.924048310500953596e-01,4.287731647491455078e-02
9.938830158874222276e-01,4.618158563971519470e-02
9.953462087261852886e-01,4.509473219513893127e-02
9.967947106183480122e-01,4.488743469119071960e-02
9.982288136378762999e-01,4.339865595102310181e-02
9.996488012342179541e-01,4.370801150798797607e-02
1.001054948568554481e+00,4.000899940729141235e-02
1.002447522833824989e+00,4.516442120075225830e-02
1.003826783559450320e+00,5.537964403629302979e-02
1.005192982901629284e+00,4.431784898042678833e-02
1.006546365920018005e+00,4.036332666873931885e-02
1.007887170841551550e+00,3.808478638529777527e-02
1.009215629312119056e+00,3.699329495429992676e-02
1.010531966636755596e+00,3.649043664336204529e-02
1.011836402008977398e+00,3.802163153886795044e-02
1.013129148729838391e+00,3.689264506101608276e-02
1.014410414417262540e+00,3.667476028203964233e-02
1.015680401206159988e+00,3.419532626867294312e-02
1.016939305939812632e+00,3.791190311312675476e-02
1.018187320352981651e+00,3.072028793394565582e-02
1.019424631247161761e+00,3.683194518089294434e-02
1.020651420658385433e+00,3.511968627572059631e-02
1.021867866017950988e+00,3.467507660388946533e-02
1.023074140306432067e+00,3.137211874127388000e-02
1.024270412201301550e+00,3.628179430961608887e-02
1.025456846218484541e+00,3.316474333405494690e-02
1.026633602848139093e+00,3.402894735336303711e-02
1.027800838684943319e+00,3.108745068311691284e-02
1.028958706553154245e+00,2.813118882477283478e-02
1.030107355626689314e+00,3.091612271964550018e-02
1.031246931544462342e+00,2.851301431655883789e-02
1.032377576521202878e+00,3.972216323018074036e-02
1.033499429453965224e+00,3.317591547966003418e-02
1.034612626024527859e+00,2.975915372371673584e-02
1.035717298797873553e+00,2.648907154798507690e-02
1.036813577316927137e+00,2.896353043615818024e-02
1.037901588193720803e+00,2.666183933615684509e-02
1.038981455197147019e+00,2.929251454770565033e-02
1.040053299337452941e+00,2.669323049485683441e-02
1.041117238947617540e+00,3.573760762810707092e-02
1.042173389761750668e+00,2.583414316177368164e-02
1.043221864990644399e+00,2.524759992957115173e-02
1.044262775394596110e+00,2.485870383679866791e-02
1.045296229353626094e+00,2.392836287617683411e-02
1.046322332935195609e+00,2.643103338778018951e-02
1.047341189959536178e+00,2.281239069998264313e-02
1.048352902062685388e+00,2.274423278868198395e-02
1.049357568757329773e+00,2.377071231603622437e-02
1.050355287491544054e+00,2.290228568017482758e-02
1.051346153705511099e+00,2.095305733382701874e-02
1.052330260886309210e+00,2.722984738647937775e-02
1.053307700620842891e+00,2.427883073687553406e-02
1.054278562646992379e+00,2.106354385614395142e-02
1.055242934903054319e+00,2.165184915065765381e-02
1.056200903575539085e+00,2.115865051746368408e-02
1.057152553145394247e+00,2.300184592604637146e-02
1.058097966432711035e+00,2.217424474656581879e-02
1.059037224639978181e+00,2.141587436199188232e-02
1.059970407393933112e+00,1.837461814284324646e-02
1.060897592786072430e+00,2.043890953063964844e-02
1.061818857411865213e+00,2.992560155689716339e-02
1.062734276408725531e+00,2.671485580503940582e-02
1.063643923492785026e+00,1.984377950429916382e-02
1.064547870994515089e+00,1.868465729057788849e-02
1.065446189893239470e+00,2.255488932132720947e-02
1.066338949850579310e+00,1.953648962080478668e-02
1.067226219242868313e+00,2.386723458766937256e-02
1.068108065192580725e+00,1.963287033140659332e-02
1.068984553598799625e+00,1.894618757069110870e-02
1.069855749166769732e+00,1.673957705497741699e-02
1.070721715436560695e+00,1.777700334787368774e-02
1.071582514810876408e+00,1.719611696898937225e-02
1.072438208582037866e+00,1.689214073121547699e-02
1.073288856958174220e+00,1.698726974427700043e-02
1.074134519088641770e+00,1.577646099030971527e-02
1.074975253088704896e+00,1.787501573562622070e-02
1.075811116063501771e+00,1.934962347149848938e-02
1.076642164131319968e+00,1.773278787732124329e-02
1.077468452446203262e+00,1.730399392545223236e-02
1.078290035219918508e+00,1.457993406802415848e-02
1.079106965743297231e+00,1.524925045669078827e-02
1.079919296406978146e+00,1.617839187383651733e-02
1.080727078721569034e+00,2.211706340312957764e-02
1.081530363337245726e+00,1.673619449138641357e-02
1.082329200062810193e+00,1.472374889999628067e-02
1.083123637884223500e+00,1.628629676997661591e-02
1.083913724982630056e+00,1.497036311775445938e-02
1.084699508751893360e+00,1.720629259943962097e-02
1.085481035815654138e+00,1.380112953484058380e-02
1.086258352043930842e+00,1.361795980483293533e-02
1.087031502569274499e+00,1.388989388942718506e-02
1.087800531802493031e+00,1.375901605933904648e-02
1.088565483447959226e+00,1.431680098176002502e-02
1.089326400518514149e+00,1.352977287024259567e-02
1.090083325349980203e+00,1.654752530157566071e-02
1.090836299615295601e+00,1.495059765875339508e-02
1.091585364338280906e+00,1.191840507090091705e-02
1.092330559907051191e+00,1.362343691289424896e-02
1.093071926087083590e+00,1.555735524743795395e-02
1.093809502033948888e+00,1.280013471841812134e-02
1.094543326305722708e+00,1.412648335099220276e-02
1.095273436875078277e+00,1.492642145603895187e-02
1.095999871141079662e+00,1.180678606033325195e-02
1.096722665940675023e+00,1.230007689446210861e-02
1.097441857559906975e+00,1.275829039514064789e-02
1.098157481744842068e+00,1.048877928406000137e-02
1.098869573712232928e+00,1.302443630993366241e-02
1.099578168159916158e+00,1.092913094907999039e-02
1.100283299276959115e+00,1.208723708987236023e-02
1.100985000753556875e+00,1.078992243856191635e-02
1.101683305790691847e+00,1.324706897139549255e-02
1.102378247109559117e+00,1.167216524481773376e-02
1.103069856960767536e+00,1.193657331168651581e-02
1.103758167133320089e+00,1.027004513889551163e-02
1.104443208963381107e+00,1.081166788935661316e-02
1.105125013342837637e+00,1.002260204404592514e-02
1.105803610727656761e+00,1.074172556400299072e-02
1.106479031146050618e+00,1.100699324160814285e-02
1.107151304206449138e+00,1.111639570444822311e-02
1.107820459105287370e+00,9.828678332269191742e-03
1.108486524634614945e+00,8.826267905533313751e-03
1.109149529189529249e+00,1.111884228885173798e-02
1.109809500775439606e+00,9.167290292680263519e-03
1.110466467015164271e+00,1.325526461005210876e-02
1.111120455155869324e+00,1.158696599304676056e-02
1.111771492075848133e+00,1.379817910492420197e-02
1.112419604291150499e+00,1.015459094196557999e-02
1.113064817962062802e+00,1.027709059417247772e-02
1.113707158899444050e+00,9.338179603219032288e-03
1.114346652570921359e+00,9.660596027970314026e-03
1.114983324106949114e+00,9.171883575618267059e-03
1.115617198306734004e+00,9.261393919587135315e-03
1.116248299644032160e+00,9.962323121726512909e-03
1.116876652272817960e+00,9.411589242517948151e-03
1.117502280032832251e+00,1.042059808969497681e-02
1.118125206455008458e+00,9.302504360675811768e-03
1.118745454766784109e+00,1.066014729440212250e-02
1.119363047897296903e+00,9.141633287072181702e-03
1.119978008482471088e+00,9.795808233320713043e-03
1.120590358869996361e+00,9.056426584720611572e-03
1.121200121124199756e+00,9.507111273705959320e-03
1.121807317030816709e+00,8.678608573973178864e-03
1.122411968101661772e+00,7.739183492958545685e-03
1.123014095579200511e+00,7.694392930716276169e-03
1.123613720441029251e+00,8.904063142836093903e-03
1.124210863404258243e+00,8.238699287176132202e-03
1.124805544929808887e+00,8.333391509950160980e-03
1.125397785226618597e+00,8.421047590672969818e-03
1.125987604255762164e+00,7.264158688485622406e-03
1.126575021734489424e+00,9.740722365677356720e-03
1.127160057140179195e+00,8.006260730326175690e-03
1.127742729714214853e+00,7.777208928018808365e-03
1.128323058465781514e+00,9.092780761420726776e-03
1.128901062175587500e+00,8.325769565999507904e-03
1.129476759399510977e+00,5.370419006794691086e-03
1.130050168472174210e+00,8.439572528004646301e-03
1.130621307510447204e+00,6.949804723262786865e-03
1.131190194416882955e+00,7.512272801250219345e-03
1.131756846883084089e+00,6.638714112341403961e-03
1.132321282393004003e+00,7.377197965979576111e-03
1.132883518226184050e+00,8.593739941716194153e-03
1.133443571460927668e+00,6.355808116495609283e-03
1.134001458977413224e+00,6.156913004815578461e-03
1.134557197460746680e+00,7.214160170406103134e-03
1.135110803403955426e+00,7.180102635174989700e-03
1.135662293110926147e+00,6.147830747067928314e-03
1.136211682699285186e+00,6.298567634075880051e-03
1.136758988103225176e+00,7.927423343062400818e-03
1.137304225076278152e+00,7.526083383709192276e-03
1.137847409194036263e+00,7.653495296835899353e-03
1.138388555856821416e+00,5.845264531672000885e-03
1.138927680292305844e+00,6.040082778781652451e-03
1.139464797558081832e+00,5.222468171268701553e-03
1.139999922544186806e+00,8.053933270275592804e-03
1.140533069975578906e+00,7.431490346789360046e-03
1.141064254414569268e+00,6.693684495985507965e-03
1.141593490263207444e+00,5.653558298945426941e-03
1.142120791765625532e+00,6.437562406063079834e-03
1.142646173010337662e+00,7.123687770217657089e-03
1.143169647932499089e+00,5.850435700267553329e-03
1.143691230316123963e+00,6.717679556459188461e-03
1.144210933796262930e+00,7.919326424598693848e-03
1.144728771861142080e+00,5.120104178786277771e-03
1.145244757854263273e+00,5.877206102013587952e-03
1.145758904976468040e+00,6.393849384039640427e-03
1.146271226287962186e+00,6.399035919457674026e-03
1.146781734710308642e+00,7.019787561148405075e-03
1.147290443028380791e+00,5.664543714374303818e-03
1.147797363892285594e+00,4.905068315565586090e-03
1.148302509819249639e+00,6.072935648262500763e-03
1.148805893195474326e+00,6.658548489212989807e-03
1.149307526277958402e+00,6.175214424729347229e-03
1.149807421196288093e+00,4.613817203789949417e-03
1.150305589954397689e+00,4.187009762972593307e-03
1.150802044432298388e+00,5.679072346538305283e-03
1.151296796387778487e+00,6.287739146500825882e-03
1.151789857458074717e+00,6.302351132035255432e-03
1.152281239161514037e+00,7.802138105034828186e-03
1.152770952899128121e+00,6.476529408246278763e-03
1.153259009956241199e+00,5.605877377092838287e-03
1.153745421504029922e+00,5.327825900167226791e-03
1.154230198601057689e+00,4.778239876031875610e-03
1.154713352194783882e+00,4.855501931160688400e-03
1.155194893123046018e+00,6.143672857433557510e-03
1.155674832115519690e+00,5.971973296254873276e-03
1.156153179795152308e+00,5.451061762869358063e-03
1.156629946679573973e+00,5.455636885017156601e-03
1.157105143182485696e+00,5.223020911216735840e-03
1.157578779615023423e+00,6.350761745125055313e-03
1.158050866187100514e+00,4.867981187999248505e-03
1.158521413008729350e+00,4.301324952393770218e-03
1.158990430091319634e+00,5.588774103671312332e-03
1.159457927348956030e+00,5.056612193584442139e-03
1.159923914599656714e+00,5.424712784588336945e-03
1.160388401566609495e+00,3.982992842793464661e-03
1.160851397879389957e+00,5.148821976035833359e-03
1.161312913075158937e+00,5.343072582036256790e-03
1.161772956599841145e+00,6.049747578799724579e-03
1.162231537809286230e+00,5.397614091634750366e-03
1.162688665970408319e+00,3.292287234216928482e-03
1.163144350262311777e+00,5.645179189741611481e-03
1.163598599777396103e+00,6.063725333660840988e-03
1.164051423522444839e+00,4.651398397982120514e-03
1.164502830419696267e+00,4.811897873878479004e-03
1.164952829307899895e+00,5.799718666821718216e-03
1.165401428943353190e+00,4.761676769703626633e-03
1.165848638000925419e+00,3.470152383670210838e-03
1.166294465075062625e+00,3.698489395901560783e-03
1.166738918680779724e+00,3.702811663970351219e-03
1.167182007254636389e+00,3.712727921083569527e-03
1.167623739155697393e+00,4.044568166136741638e-03
1.168064122666478966e+00,5.339806899428367615e-03
1.168503165993880932e+00,3.730049123987555504e-03
1.168940877270103762e+00,3.452212084084749222e-03
1.169377264553552953e+00,4.665440414100885391e-03
1.169812335829729655e+00,5.144107155501842499e-03
1.170246099012105523e+00,4.569621756672859192e-03
1.170678561942988694e+00,4.414575174450874329e-03
1.171109732394373326e+00,3.321798751130700111e-03
1.171539618068777155e+00,5.535255651921033859e-03
1.171968226600069052e+00,5.301054567098617554e-03
1.172395565554280150e+00,3.658897941932082176e-03
1.172821642430406541e+00,3.599360818043351173e-03
1.173246464661198640e+00,3.578397212550044060e-03
1.173670039613939009e+00,2.806120086461305618e-03
1.174092374591209298e+00,2.197933848947286606e-03
1.174513476831645198e+00,3.351749619469046593e-03
1.174933353510680956e+00,5.353017710149288177e-03
1.175352011741283453e+00,4.941200837492942810e-03
1.175769458574674520e+00,3.608844708651304245e-03
1.176185701001044359e+00,3.884258447214961052e-03
1.176600745950252991e+00,3.388559445738792419e-03
1.177014600292522806e+00,3.666022792458534241e-03
1.177427270839121798e+00,4.247097764164209366e-03
1.177838764343034139e+00,3.269687294960021973e-03
1.178249087499626091e+00,3.817834192886948586e-03
1.178658246947296595e+00,4.416035022586584091e-03
1.179066249268124089e+00,3.615119727328419685e-03
1.179473100988500445e+00,4.282532259821891785e-03
1.179878808579758465e+00,3.266152460128068924e-03
1.180283378458787835e+00,2.388404682278633118e-03
1.180686816988646415e+00,3.789578098803758621e-03
1.181089130479157756e+00,3.518010955303907394e-03
1.181490325187506629e+00,3.513682167977094650e-03
1.181890407318820335e+00,4.697284195572137833e-03
1.182289383026745355e+00,3.795343218371272087e-03
1.182687258414015563e+00,3.850509645417332649e-03
1.183084039533012444e+00,2.979178447276353836e-03
1.183479732386316430e+00,3.535389201715588570e-03
1.183874342927253132e+00,3.775249468162655830e-03
1.184267877060429797e+00,3.407709999009966850e-03
1.184660340642266219e+00,4.332165233790874481e-03
1.185051739481516542e+00,4.255295265465974808e-03
1.185442079339786181e+00,2.655307995155453682e-03
1.185831365932041193e+00,3.253255272284150124e-03
1.186219604927107429e+00,2.379834884777665138e-03
1.186606801948169920e+00,3.061817493289709091e-03
1.186992962573258703e+00,2.709881868213415146e-03
1.187378092335731328e+00,4.261437803506851196e-03
1.187762196724750030e+00,4.188935272395610809e-03
1.188145281185749358e+00,3.030709689483046532e-03
1.188527351120901354e+00,4.196305759251117706e-03
1.188908411889570305e+00,3.523560706526041031e-03
1.189288468808765264e+00,3.250985639169812202e-03
1.189667527153585702e+00,3.021201118826866150e-03
1.190045592157659815e+00,4.352090414613485336e-03
1.190422669013577739e+00,3.035287838429212570e-03
1.190798762873320538e+00,3.978597465902566910e-03
1.191173878848682532e+00,3.197795012965798378e-03
1.191548022011686969e+00,2.923005493357777596e-03
1.191921197394998577e+00,2.560764551162719727e-03
1.192293409992330133e+00,3.695241408422589302e-03
1.192664664758841697e+00,1.727378228679299355e-03
1.193034966611538517e+00,4.093162249773740768e-03
1.193404320429659826e+00,4.557403270155191422e-03
1.193772731055066094e+00,2.880986547097563744e-03
1.194140203292618940e+00,4.152063280344009399e-03
1.194506741910557945e+00,4.343538545072078705e-03
1.194872351640871022e+00,2.249422715976834297e-03
1.195237037179661232e+00,2.594891702756285667e-03
1.195600803187509165e+00,1.942714210599660873e-03
1.195963654289829980e+00,1.957354834303259850e-03
1.196325595077226245e+00,3.287312109023332596e-03
1.196686630105836313e+00,2.454822417348623276e-03
1.197046763897678945e+00,2.843258436769247055e-03
1.197406000940992365e+00,2.149478066712617874e-03
1.197764345690570442e+00,4.888853523880243301e-03
1.198121802568094640e+00,4.199826158583164215e-03
1.198478375962459763e+00,3.448844654485583305e-03
1.198834070230099025e+00,3.061559051275253296e-03
1.199188889695302462e+00,3.636728040874004364e-03
1.199542838650532683e+00,3.026042133569717407e-03
1.199895921356736173e+00,3.789115231484174728e-03
1.200248142043651267e+00,3.612003521993756294e-03
1.200599504910112358e+00,2.187557052820920944e-03
1.200950014124349652e+00,2.417409559711813927e-03
1.201299673824286929e+00,3.522128565236926079e-03
1.201648488117833313e+00,3.922273870557546616e-03
1.201996461083173484e+00,4.233811981976032257e-03
1.202343596769054113e+00,3.787917550653219223e-03
1.202689899195065859e+00,2.624428831040859222e-03
1.203035372351923593e+00,2.311001997441053391e-03
1.203380020201741063e+00,2.641364233568310738e-03
1.203723846678303788e+00,2.574668033048510551e-03
1.204066855687339732e+00,2.825937001034617424e-03
1.204409051106784645e+00,1.985182054340839386e-03
1.204750436787044299e+00,2.944778185337781906e-03
1.205091016551255612e+00,2.841812791302800179e-03
1.205430794195543331e+00,2.545755123719573021e-03
1.205769773489273611e+00,2.814310370013117790e-03
1.206107958175305361e+00,3.439601277932524681e-03
1.206445351970237390e+00,2.252264646813273430e-03
1.206781958564654422e+00,2.524254610762000084e-03
1.207117781623368469e+00,3.404946066439151764e-03
1.207452824785659296e+00,2.219505375251173973e-03
1.207787091665509571e+00,2.587093738839030266e-03
1.208120585851840678e+00,1.776742050424218178e-03
1.208453310908741862e+00,2.980041084811091423e-03
1.208785270375700271e+00,2.719969023019075394e-03
1.209116467767826331e+00,2.529137767851352692e-03
1.209446906576077119e+00,3.271018387749791145e-03
1.209776590267476859e+00,3.005715087056159973e-03
1.210105522285335855e+00,3.039353061467409134e-03
1.210433706049466096e+00,1.939220470376312733e-03
1.210761144956393531e+00,1.598974107764661312e-03
1.211087842379570789e+00,2.396536991000175476e-03
1.211413801669584123e+00,1.934602856636047363e-03
1.211739026154360133e+00,1.614529406651854515e-03
1.212063519139370493e+00,3.261397127062082291e-03
1.212387283907832236e+00,2.702887402847409248e-03
1.212710323720907590e+00,1.987687544897198677e-03
1.213032641817901158e+00,2.939106896519660950e-03
1.213354241416454871e+00,1.564591890200972557e-03
1.213675125712740055e+00,3.243144368752837181e-03
1.213995297881649504e+00,2.717554802075028419e-03
1.214314761076984439e+00,2.237938577309250832e-03
1.214633518431641246e+00,2.928708447143435478e-03
1.214951573057796663e+00,2.413709415122866631e-03
1.215268928047089192e+00,3.232912626117467880e-03
1.215585586470799395e+00,3.206324763596057892e-03
1.215901551380029089e+00,1.832494279369711876e-03
1.216216825805877200e+00,2.893215510994195938e-03
1.216531412759613406e+00,2.877356717362999916e-03
1.216845315232852887e+00,3.442170331254601479e-03
1.217158536197724406e+00,3.706643357872962952e-03
1.217471078607041068e+00,1.805352629162371159e-03
1.217782945394467076e+00,2.602502936497330666e-03
1.218094139474681370e+00,3.431057324633002281e-03
1.218404663743543948e+00,3.392549464479088783e-03
1.218714521078254176e+00,2.568621421232819557e-03
1.219023714337513331e+00,3.135601291432976723e-03
1.219332246361682248e+00,3.431234275922179222e-03
1.219640119972937198e+00,2.567393472418189049e-03
1.219947337975425095e+00,1.824196777306497097e-03
1.220253903155417152e+00,1.613034051842987537e-03
1.220559818281460096e+00,3.100106026977300644e-03
1.220865086104525821e+00,1.988681498914957047e-03
1.221169709358161048e+00,2.565601840615272522e-03
1.221473690758632547e+00,2.289530122652649879e-03
1.221777033005074342e+00,1.970326760783791542e-03
1.222079738779629610e+00,2.231837948784232140e-03
1.222381810747594111e+00,1.693216152489185333e-03
1.222683251557557416e+00,2.244614297524094582e-03
1.222984063841540348e+00,3.588437568396329880e-03
1.223284250215135316e+00,2.234961139038205147e-03
1.223583813277640653e+00,1.675544306635856628e-03
1.223882755612197171e+00,1.695050159469246864e-03
1.224181079785920945e+00,1.438557170331478119e-03
1.224478788350035652e+00,1.657236018218100071e-03
1.224775883840004465e+00,3.114010673016309738e-03
1.225072368775657949e+00,3.124794457107782364e-03
1.225368245661323297e+00,1.684135990217328072e-03
1.225663516985951551e+00,2.504836535081267357e-03
1.225958185223242625e+00,1.893453067168593407e-03
1.226252252831769862e+00,1.638508518226444721e-03
1.226545722255103055e+00,2.525044605135917664e-03
1.226838595921929898e+00,2.459248062223196030e-03
1.227130876246177671e+00,3.271549940109252930e-03
1.227422565627131812e+00,1.353704952634871006e-03
1.227713666449553820e+00,2.240591216832399368e-03
1.228004181083798718e+00,1.404405455105006695e-03
1.228294111885931184e+00,2.174383262172341347e-03
1.228583461197839455e+00,1.569897285662591457e-03
1.228872231347349242e+00,2.494605490937829018e-03
1.229160424648336303e+00,1.590569270774722099e-03
1.229448043400836577e+00,1.576067414134740829e-03
1.229735089891158317e+00,1.310330233536660671e-03
1.230021566391988896e+00,2.719139680266380310e-03
1.230307475162504494e+00,1.275029266253113747e-03
1.230592818448476233e+00,2.390181645750999451e-03
1.230877598482376323e+00,2.719967393204569817e-03
1.231161817483481746e+00,2.409420907497406006e-03
1.231445477657980625e+00,1.868247520178556442e-03
1.231728581199071471e+00,1.284435857087373734e-03
1.232011130287068212e+00,3.235207172110676765e-03
1.232293127089498119e+00,2.396274125203490257e-03
1.232574573761204828e+00,1.279982505366206169e-03
1.232855472444443601e+00,2.088767243549227715e-03
1.233135825268981467e+00,1.539035467430949211e-03
1.233415634352192924e+00,1.251709647476673126e-03
1.233694901799157861e+00,1.795661170035600662e-03
1.233973629702753705e+00,2.653226489201188087e-03
1.234251820143751122e+00,1.821911660954356194e-03
1.234529475190908165e+00,1.799714635126292706e-03
1.234806596901059983e+00,7.055476307868957520e-04
1.235083187319212961e+00,2.064821543172001839e-03
1.235359248478633543e+00,1.532854395918548107e-03
1.235634782400938603e+00,6.707867723889648914e-04
1.235909791096183596e+00,2.349948044866323471e-03
1.236184276562951823e+00,1.246484112925827503e-03
1.236458240788439911e+00,1.509839552454650402e-03
1.236731685748546195e+00,2.103506354615092278e-03
1.237004613407953757e+00,2.886524889618158340e-03
1.237277025720217249e+00,2.030159346759319305e-03
1.237548924627845714e+00,2.032629214227199554e-03
1.237820312062385852e+00,1.475656055845320225e-03
1.238091189944504844e+00,2.602426800876855850e-03
1.238361560184070731e+00,2.058568876236677170e-03
1.238631424680235016e+00,1.478291698731482029e-03
1.238900785321510600e+00,1.737371669150888920e-03
1.239169643985852831e+00,2.890642033889889717e-03
1.239438002540736994e+00,2.317966893315315247e-03
1.239705862843237139e+00,3.431311808526515961e-03
1.239973226740102019e+00,1.173580531030893326e-03
1.240240096067832143e+00,2.594531280919909477e-03
1.240506472652755710e+00,1.467871014028787613e-03
1.240772358311102552e+00,1.739567960612475872e-03
1.241037754849080077e+00,1.728454604744911194e-03
1.241302664062944761e+00,1.718133804388344288e-03
1.241567087739077868e+00,2.044581808149814606e-03
1.241831027654054509e+00,2.548892516642808914e-03
1.242094485574718021e+00,1.740815932862460613e-03
1.242357463258249473e+00,1.174700562842190266e-03
1.242619962452238047e+00,2.588263479992747307e-03
1.242881984894751435e+00,2.272207289934158325e-03
1.243143532314404442e+00,1.177465193904936314e-03
1.243404606430426496e+00,2.542097819969058037e-03
1.243665208952731804e+00,2.285136608406901360e-03
1.243925341581984201e+00,2.260962035506963730e-03
1.244185006009665084e+00,1.444954890757799149e-03
1.244444203918138259e+00,1.989916665479540825e-03
1.244702936980716990e+00,2.005181740969419479e-03
1.244961206861727510e+00,2.505697775632143021e-03
1.245219015216573410e+00,1.977163366973400116e-03
1.245476363691800037e+00,1.933934749104082584e-03
1.245733253925156436e+00,2.302102278918027878e-03
1.245989687545658864e+00,1.980606466531753540e-03
1.246245666173652511e+00,1.421329798176884651e-03
1.246501191420873234e+00,3.363123629242181778e-03
1.246756264890506838e+00,1.709454110823571682e-03
1.247010888177251919e+00,1.415154663845896721e-03
1.247265062867378038e+00,1.961455214768648148e-03
1.247518790538785005e+00,2.220246475189924240e-03
1.247772072761062612e+00,4.460190888494253159e-03
1.248024911095547695e+00,1.953948056325316429e-03
1.248277307095383648e+00,2.508093137294054031e-03
1.248529262305575038e+00,1.657834509387612343e-03
1.248780778263047342e+00,2.216682536527514458e-03
1.249031856496700010e+00,1.386627671308815479e-03
1.249282498527465979e+00,2.201289869844913483e-03
1.249532705868362958e+00,1.372031401842832565e-03
1.249782480024551612e+00,1.652874751016497612e-03
1.250031822493387512e+00,1.378695014864206314e-03
1.250280734764476431e+00,2.478518057614564896e-03
1.250529218319727187e+00,3.060734597966074944e-03
1.250777274633404268e+00,2.492814557626843452e-03
1.251024905172181345e+00,1.367309130728244781e-03
1.251272111395191677e+00,1.650197315029799938e-03
1.251518894754081845e+00,1.646508113481104374e-03
1.251765256693060824e+00,2.748635364696383476e-03
1.252011198648951718e+00,3.585475264117121696e-03
1.252256722051241944e+00,3.013088135048747063e-03
1.252501828322133415e+00,1.653799554333090782e-03
1.252746518876591386e+00,1.348794903606176376e-03
1.252990795122393308e+00,2.194917993620038033e-03
1.253234658460178341e+00,7.984468829818069935e-04
1.253478110283494429e+00,2.743263263255357742e-03
1.253721151978847370e+00,1.625770470127463341e-03
1.253963784925746561e+00,2.186825731769204140e-03
1.254206010496753620e+00,2.227840479463338852e-03
1.254447830057528135e+00,1.618911977857351303e-03
1.254689244966873396e+00,2.219140762463212013e-03
1.254930256576783698e+00,1.656790031120181084e-03
1.255170866232488081e+00,1.071031903848052025e-03
1.255411075272496513e+00,1.889076665975153446e-03
1.255650885028644081e+00,2.733945846557617188e-03
1.255890296826135621e+00,1.629411708563566208e-03
1.256129311983589014e+00,2.452398650348186493e-03
1.256367931813079819e+00,1.605803612619638443e-03
1.256606157620183017e+00,2.160382922738790512e-03
1.256843990704017866e+00,2.445346210151910782e-03
1.257081432357288309e+00,2.169091021642088890e-03
1.257318483866326497e+00,1.606592093594372272e-03
1.257555146511134536e+00,2.154760528355836868e-03
1.257791421565424672e+00,3.273498499765992165e-03
1.258027310296662371e+00,1.885164994746446609e-03
1.258262813966105398e+00,7.744089234620332718e-04
1.258497933828845561e+00,1.044958829879760742e-03
1.258732671133847569e+00,2.138312673196196556e-03
1.258967027123990556e+00,1.317243324592709541e-03
1.259201003036105604e+00,2.151724183931946754e-03
1.259434600101016377e+00,1.310830120928585529e-03
1.259667819543577094e+00,1.871770480647683144e-03
1.259900662582712050e+00,2.703518373891711235e-03
1.260133130431452919e+00,2.414334565401077271e-03
1.260365224296976283e+00,1.314670662395656109e-03
1.260596945380642708e+00,2.137855160981416702e-03
1.260828294878033384e+00,2.407823223620653152e-03
1.261059273978986761e+00,1.586459460668265820e-03
1.261289883867635409e+00,2.421042649075388908e-03
1.261520125722442431e+00,2.133220899850130081e-03
1.261750000716238329e+00,2.968852873891592026e-03
1.261979510016255857e+00,2.406164770945906639e-03
1.262208654784165995e+00,2.691856352612376213e-03
1.262437436176113259e+00,1.293890993110835552e-03
1.262665855342750554e+00,2.127781044691801071e-03
1.262893913429274262e+00,2.947459230199456215e-03
1.263121611575458214e+00,3.237441414967179298e-03
1.263348950915687885e+00,1.013484550639986992e-03
1.263575932578995253e+00,2.125783357769250870e-03
1.263802557689090778e+00,1.036201836541295052e-03
1.264028827364398255e+00,1.305845333263278008e-03
1.264254742718087687e+00,1.034702057950198650e-03
1.264480304858106363e+00,1.840910641476511955e-03
1.264705514887214832e+00,1.847310806624591351e-03
1.264930373903015992e+00,1.557459821924567223e-03
1.265154882997988839e+00,1.837227959185838699e-03
1.265379043259520664e+00,2.948769601061940193e-03
1.265602855769937030e+00,1.562744844704866409e-03
1.265826321606534854e+00,2.114187227562069893e-03
1.266049441841612389e+00,2.109949011355638504e-03
1.266272217542500522e+00,1.832972629927098751e-03
1.266494649771593428e+00,2.391946036368608475e-03
1.266716739586378759e+00,1.299533527344465256e-03
1.266938488039468069e+00,7.446903618983924389e-04
1.267159896178627010e+00,2.117297379299998283e-03
1.267380965046803976e+00,1.563083846122026443e-03
1.267601695682160301e+00,9.982340270653367043e-04
1.267822089118100237e+00,2.936964388936758041e-03
1.268042146383298263e+00,1.563301309943199158e-03
1.268261868501729506e+00,2.662010258063673973e-03
1.268481256492697273e+00,2.095148432999849319e-03
1.268700311370862366e+00,2.376850927248597145e-03
1.268919034146269942e+00,2.933982294052839279e-03
1.269137425824379051e+00,2.104603452607989311e-03
1.269355487406088390e+00,1.966946758329868317e-03
1.269573219887766502e+00,4.013608992099761963e-01
1.269790624261275980e+00,2.106965035200119019e-01
1.270007701514002996e+00,1.471564024686813354e-01
1.270224452628883283e+00,7.797200977802276611e-02
1.270440878584429001e+00,3.413479402661323547e-02
1.270656980354754939e+00,5.602417513728141785e-02
1.270872758909604938e+00,7.821689546108245850e-02
1.271088215214378314e+00,4.982360079884529114e-02
1.271303350230155838e+00,1.612666063010692596e-02
1.271518164913724824e+00,1.228958275169134140e-02
1.271732660217604671e+00,5.645307246595621109e-03
1.271946837090073501e+00,6.002052687108516693e-03
1.272160696475191033e+00,2.682127756997942924e-03
1.272374239312826782e+00,2.873395802453160286e-03
1.272587466538680934e+00,1.867434009909629822e-03
1.272800379084312095e+00,2.012850949540734291e-03
1.273012977877160612e+00,2.492994768545031548e-03
1.273225263840572108e+00,3.044366138055920601e-03
1.273437237893823015e+00,2.673348179087042809e-03
1.273648900952143004e+00,1.297102659009397030e-03
1.273860253926739627e+00,2.098394557833671570e-03
1.274071297724821195e+00,1.788287423551082611e-03
1.274282033249621415e+00,2.004642039537429810e-03
1.274492461400420718e+00,2.356251701712608337e-03
1.274702583072570894e+00,6.320693646557629108e-04
1.274912399157516862e+00,2.840763190761208534e-03
1.275121910542819981e+00,2.039326354861259460e-03
1.275331118112180695e+00,3.105632029473781586e-03
1.275540022745460300e+00,2.272270387038588524e-03
1.275748625318703144e+00,2.525973366573452950e-03
1.275956926704159944e+00,3.526064392644912004e-04
1.276164927770307544e+00,1.437955186702311039e-03
1.276372629381872903e+00,3.370650112628936768e-03
1.276580032399852405e+00,1.990014920011162758e-03
1.276787137681535622e+00,2.241516485810279846e-03
1.276993946080524411e+00,2.236652886494994164e-03
1.277200458446755560e+00,1.943411072716116905e-03
1.277406675626521215e+00,1.410030410625040531e-03
1.277612598462489313e+00,2.522620139643549919e-03
1.277818227793724892e+00,2.239370951429009438e-03
1.278023564455710082e+00,2.514456631615757942e-03
1.278228609280364525e+00,2.770850202068686485e-03
1.278433363096066255e+00,1.906764460727572441e-03
1.278637826727671012e+00,2.207667799666523933e-03
1.278842000996532668e+00,1.656902837567031384e-03
1.279045886720522551e+00,1.662014052271842957e-03
1.279249484714049201e+00,1.344338059425354004e-03
1.279452795788078578e+00,1.371708698570728302e-03
1.279655820750152717e+00,2.194856060668826103e-03
1.279858560404408818e+00,1.088208868168294430e-03
1.280061015551599235e+00,1.906356541439890862e-03
1.280263186989109681e+00,3.293842542916536331e-03
1.280465075510978101e+00,1.925940508954226971e-03
1.280666681907913773e+00,3.292565932497382164e-03
1.280868006967316397e+00,1.628663856536149979e-03
1.281069051473292308e+00,2.453515538945794106e-03
1.281269816206676238e+00,2.998409327119588852e-03
1.281470301945046186e+00,3.008283674716949463e-03
1.281670509462743635e+00,2.158871153369545937e-03
1.281870439530890415e+00,1.345393480733036995e-03
1.282070092917407145e+00,1.051763072609901428e-03
1.282269470387030763e+00,2.717719646170735359e-03
1.282468572701331855e+00,2.162524731829762459e-03
1.282667400618732190e+00,1.610945910215377808e-03
1.282865954894522487e+00,1.329478691332042217e-03
1.283064236280879067e+00,2.151877852156758308e-03
1.283262245526880951e+00,1.330034225247800350e-03
1.283459983378528069e+00,2.155052265152335167e-03
1.283657450578755466e+00,2.432159613817930222e-03
1.283854647867453069e+00,2.133066300302743912e-03
1.284051575981480564e+00,1.885672681964933872e-03
1.284248235654683823e+00,2.434384077787399292e-03
1.284444627617912671e+00,2.135840710252523422e-03
1.284640752599035318e+00,2.000164968194440007e-04
1.284836611322956568e+00,2.713349880650639534e-03
1.285032204511632248e+00,2.697081305086612701e-03
1.285227532884085422e+00,1.585970283485949039e-03
1.285422597156423485e+00,1.846174942329525948e-03
1.285617398041852599e+00,1.868300721980631351e-03
1.285811936250693677e+00,1.860452699474990368e-03
1.286006212490398148e+00,2.703553996980190277e-03
1.286200227465563506e+00,1.867694896645843983e-03
1.286393981877948178e+00,1.295783440582454205e-03
1.286587476426486853e+00,1.854153466410934925e-03
1.286780711807306021e+00,2.145841950550675392e-03
1.286973688713738406e+00,2.685825107619166374e-03
1.287166407836338733e+00,2.414926188066601753e-03
1.287358869862897937e+00,1.564032048918306828e-03
1.287551075478457152e+00,2.128524240106344223e-03
1.287743025365324145e+00,1.560124685056507587e-03
1.287934720203086636e+00,4.576917854137718678e-04
1.288126160668626952e+00,1.577811548486351967e-03
1.288317347436135796e+00,1.286665676161646843e-03
1.288508281177128012e+00,1.565084210596978664e-03
1.288698962560455463e+00,1.567496801726520061e-03
1.288889392252321020e+00,2.107213484123349190e-03
1.289079570916294104e+00,1.562339486554265022e-03
1.289269499213321568e+00,1.281655277125537395e-03
1.289459177801745238e+00,1.283592777326703072e-03
1.289648607337312791e+00,3.223800100386142731e-03
1.289837788473191527e+00,2.397505566477775574e-03
1.290026721859984127e+00,1.286840764805674553e-03
1.290215408145739540e+00,1.003697747364640236e-03
1.290403847975967411e+00,1.568650826811790466e-03
1.290592041993651851e+00,1.280509983189404011e-03
1.290779990839263203e+00,9.928644867613911629e-04
1.290967695150772476e+00,1.821416779421269894e-03
1.291155155563663337e+00,3.225905820727348328e-03
1.291342372710946096e+00,4.042441491037607193e-03
1.291529347223169255e+00,2.939686877653002739e-03
1.291716079728433497e+00,1.826956751756370068e-03
1.291902570852403453e+00,2.101532649248838425e-03
1.292088821218320360e+00,1.550189568661153316e-03
1.292274831447014938e+00,2.383053535595536232e-03
1.292460602156919824e+00,1.549954758957028389e-03
1.292646133964081567e+00,2.103619044646620750e-03
1.292831427482173057e+00,2.106986707076430321e-03
1.293016483322505739e+00,7.067102123983204365e-04
1.293201302094041383e+00,2.928090980276465416e-03
1.293385884403404962e+00,2.373295370489358902e-03
1.293570230854895531e+00,1.554031390696763992e-03
1.293754342050498440e+00,1.264421385712921619e-03
1.293938218589898215e+00,1.257978845387697220e-03
1.294121861070488322e+00,2.114417497068643570e-03
1.294305270087384274e+00,1.820762990973889828e-03
1.294488446233434953e+00,1.260195858776569366e-03
1.294671390099233266e+00,2.654104260727763176e-03
1.294854102273129248e+00,2.653242787346243858e-03
1.295036583341239611e+00,2.375048119574785233e-03
1.295218833887459731e+00,1.251129200682044029e-03
1.295400854493475196e+00,1.265735947526991367e-03
1.295582645738773131e+00,2.657260280102491379e-03
1.295764208200651524e+00,2.641647122800350189e-03
1.295945542454233435e+00,2.367928391322493553e-03
1.296126649072473880e+00,2.099421806633472443e-03
1.296307528626174710e+00,2.357522258535027504e-03
1.296488181683992158e+00,2.645990345627069473e-03
1.296668608812449719e+00,1.538008917123079300e-03
1.296848810575947697e+00,2.087267348542809486e-03
1.297028787536774086e+00,1.807971275411546230e-03
1.297208540255115228e+00,1.538702985271811485e-03
1.297388069289066248e+00,2.647981978952884674e-03
1.297567375194641048e+00,2.358899684622883797e-03
1.297746458525783630e+00,2.079287311062216759e-03
1.297925319834376978e+00,2.082248451188206673e-03
1.298103959670254381e+00,2.638244070112705231e-03
1.298282378581208985e+00,1.795219141058623791e-03
1.298460577113004444e+00,2.075351076200604439e-03
1.298638555809384254e+00,1.257101190276443958e-03
1.298816315212081740e+00,1.536568044684827328e-03
1.298993855860830715e+00,1.518296194262802601e-03
1.299171178293374807e+00,1.534075592644512653e-03
1.299348283045477004e+00,1.797335338778793812e-03
1.299525170650929429e+00,1.237935735844075680e-03
1.299701841641563993e+00,1.515819225460290909e-03
1.299878296547260170e+00,1.247442560270428658e-03
1.300054535895955876e+00,1.515594194643199444e-03
1.300230560213657238e+00,1.519443932920694351e-03
1.300406370024446590e+00,1.793635543435811996e-03
1.300581965850492905e+00,1.798081793822348118e-03
1.300757348212060460e+00,1.524508348666131496e-03
1.300932517627519269e+00,2.071377122774720192e-03
1.301107474613352633e+00,2.347436966374516487e-03
1.301282219684167574e+00,1.232041046023368835e-03
1.301456753352703277e+00,1.791974762454628944e-03
1.301631076129840192e+00,1.522690872661769390e-03
1.301805188524609136e+00,3.738641273230314255e-03
1.301979091044200842e+00,1.513166818767786026e-03
1.302152784193972623e+00,2.623532665893435478e-03
1.302326268477460136e+00,2.345872577279806137e-03
1.302499544396383824e+00,1.225776388309895992e-03
1.302672612450659573e+00,1.517145778052508831e-03
1.302845473138404708e+00,1.790471374988555908e-03
1.303018126955949763e+00,1.503810635767877102e-03
1.303190574397844470e+00,1.503605395555496216e-03
1.303362815956867982e+00,1.785530592314898968e-03
1.303534852124035526e+00,2.624184824526309967e-03
1.303706683388608845e+00,3.180689411237835884e-03
1.303878310238103300e+00,2.618642756715416908e-03
1.304049733158296087e+00,9.558382444083690643e-04
1.304220952633235786e+00,1.508318935520946980e-03
1.304391969145248353e+00,2.066872548311948776e-03
1.304562783174946894e+00,2.064686967059969902e-03
1.304733395201240320e+00,1.784906024113297462e-03
1.304903805701339570e+00,2.613079966977238655e-03
1.305074015150766487e+00,1.231529749929904938e-03
1.305244024023362259e+00,1.497754128649830818e-03
1.305413832791294970e+00,1.514667179435491562e-03
1.305583441925066923e+00,1.776895020157098770e-03
1.305752851893523303e+00,3.169026924297213554e-03
1.305922063163859503e+00,1.502146129496395588e-03
1.306091076201629120e+00,2.615091158077120781e-03
1.306259891470751056e+00,1.504996907897293568e-03
1.306428509433517737e+00,1.496174721978604794e-03
1.306596930550602886e+00,1.771208248101174831e-03
1.306765155281068180e+00,9.435874526388943195e-04
1.306933184082371469e+00,2.333963289856910706e-03
1.307101017410374988e+00,2.058715792372822762e-03
1.307268655719350026e+00,2.615301869809627533e-03
1.307436099461987578e+00,1.498251804150640965e-03
1.307603349089404121e+00,2.061425708234310150e-03
1.307770405051148277e+00,2.051089424639940262e-03
1.307937267795209468e+00,1.770397648215293884e-03
1.308103937768024361e+00,2.608483424410223961e-03
1.308270415414483967e+00,9.524809429422020912e-04
1.308436701177941197e+00,2.890408970415592194e-03
1.308602795500217297e+00,1.493247807957231998e-03
1.308768698821609844e+00,1.498545985668897629e-03
1.308934411580898960e+00,2.326634246855974197e-03
1.309099934215353978e+00,1.501976628787815571e-03
1.309265267160741653e+00,1.217979472130537033e-03
1.309430410851331938e+00,1.489959191530942917e-03
1.309595365719905313e+00,1.777337864041328430e-03
1.309760132197759219e+00,2.886265283450484276e-03
1.309924710714715612e+00,6.565052317455410957e-04
1.310089101699126068e+00,2.050802111625671387e-03
1.310253305577881111e+00,2.045111730694770813e-03
1.310417322776413540e+00,1.771193230524659157e-03
1.310581153718707981e+00,1.489895163103938103e-03
1.310744798827306434e+00,2.049614675343036652e-03
1.310908258523313608e+00,2.327259629964828491e-03
1.311071533226404906e+00,2.323852619156241417e-03
1.311234623354833317e+00,2.049830742180347443e-03
1.311397529325433631e+00,1.765868742950260639e-03
1.311560251553631540e+00,1.489464426413178444e-03
1.311722790453447196e+00,2.321718027815222740e-03
1.311885146437504090e+00,1.215660362504422665e-03
1.312047319917033716e+00,2.045662375167012215e-03
1.312209311301882675e+00,1.208939240314066410e-03
1.312371121000518226e+00,1.763962442055344582e-03
1.312532749420034728e+00,2.870969939976930618e-03
1.312694196966160076e+00,9.293527109548449516e-04
1.312855464043261478e+00,2.041274448856711388e-03
1.313016551054351666e+00,1.767590525560081005e-03
1.313177458401094899e+00,2.876955782994627953e-03
1.313338186483813175e+00,1.485394430346786976e-03
1.313498735701491560e+00,2.318021608516573906e-03
1.313659106451784631e+00,1.759065431542694569e-03
1.313819299131022467e+00,1.211367780342698097e-03
1.313979314134216869e+00,2.601732267066836357e-03
1.314139151855065801e+00,2.041976200416684151e-03
1.314298812685960938e+00,1.207674271427094936e-03
1.314458297017992328e+00,2.871650969609618187e-03
1.314617605240954390e+00,1.204461324959993362e-03
1.314776737743351465e+00,1.204320578835904598e-03
1.314935694912404252e+00,2.319436753168702126e-03
1.315094477134054252e+00,2.589466981589794159e-03
1.315253084792970872e+00,1.488581881858408451e-03
1.315411518272555647e+00,1.481353770941495895e-03
1.315569777954948893e+00,2.312705852091312408e-03
1.315727864221033938e+00,2.037041122093796730e-03
1.315885777450443772e+00,1.753221382386982441e-03
1.316043518021566605e+00,2.032594522461295128e-03
1.316201086311550084e+00,1.480013597756624222e-03
1.316358482696307508e+00,2.315161982551217079e-03
1.316515707550524494e+00,3.144089365378022194e-03
1.316672761247660750e+00,2.311026211827993393e-03
1.316829644159959622e+00,1.205265871249139309e-03
1.316986356658450541e+00,1.476274686865508556e-03
1.317142899112955234e+00,2.589440904557704926e-03
1.317299271892092838e+00,1.475749071687459946e-03
1.317455475363285000e+00,2.873702440410852432e-03
1.317611509892761879e+00,1.196814118884503841e-03
1.317767375845565914e+00,9.168850374408066273e-04
1.317923073585558269e+00,1.747166039422154427e-03
1.318078603475422605e+00,2.033987781032919884e-03
1.318233965876671743e+00,2.306112088263034821e-03
1.318389161149650990e+00,2.864568028599023819e-03
1.318544189653544363e+00,1.476214732974767685e-03
1.318699051746379469e+00,1.196853700093924999e-03
1.318853747785031727e+00,1.748582581058144569e-03
1.319008278125230138e+00,2.027705777436494827e-03
1.319162643121561507e+00,1.196780242025852203e-03
1.319316843127476435e+00,2.587031107395887375e-03
1.319470878495292210e+00,2.030939329415559769e-03
1.319624749576199685e+00,1.195418997667729855e-03
1.319778456720267057e+00,2.031430369243025780e-03
1.319932000276444306e+00,1.747893518768250942e-03
1.320085380592569413e+00,1.190896728076040745e-03
1.320238598015371245e+00,1.473967102356255054e-03
1.320391652890475553e+00,9.152612765319645405e-04
1.320544545562408967e+00,1.195738906972110271e-03
1.320697276374604545e+00,1.468117232434451580e-03
1.320849845669405109e+00,1.472112257033586502e-03
1.321002253788068570e+00,2.306127455085515976e-03
1.321154501070772813e+00,1.195436576381325722e-03
1.321306587856619918e+00,6.375935627147555351e-04
1.321458514483639712e+00,1.744635286740958691e-03
1.321610281288796651e+00,2.304439432919025421e-03
1.321761888607992041e+00,9.109337697736918926e-04
1.321913336776069148e+00,2.299564657732844353e-03
1.322064626126818521e+00,2.024096436798572540e-03
1.322215756992981328e+00,1.746427384205162525e-03
1.322366729706254240e+00,1.748420647345483303e-03
1.322517544597293648e+00,3.134371712803840637e-03
1.322668201995719883e+00,1.471174415200948715e-03
1.322818702230121657e+00,2.303887624293565750e-03
1.322969045628060947e+00,2.021899912506341934e-03
1.323119232516076327e+00,1.469161012209951878e-03
1.323269263219687630e+00,1.744282431900501251e-03
1.323419138063400391e+00,3.413996193557977676e-03
1.323568857370709839e+00,2.025238936766982079e-03
1.323718421464104456e+00,2.298622159287333488e-03
1.323867830665071743e+00,9.111645631492137909e-04
1.324017085294101115e+00,2.297769533470273018e-03
1.324166185670687890e+00,1.463070395402610302e-03
1.324315132113338400e+00,1.182321691885590553e-03
1.324463924939573101e+00,2.295741578564047813e-03
1.324612564465931008e+00,1.463633961975574493e-03
1.324761051007974366e+00,2.022095490247011185e-03
1.324909384880291086e+00,2.579344669356942177e-03
1.325057566396500963e+00,1.191857270896434784e-03
1.325205595869256792e+00,1.183002837933599949e-03
1.325353473610251687e+00,1.184691209346055984e-03
1.325501199930220197e+00,1.466179965063929558e-03
1.325648775138943192e+00,1.186542329378426075e-03
1.325796199545252740e+00,2.846567425876855850e-03
1.325943473457034782e+00,9.036219562403857708e-04
1.326090597181232233e+00,1.459945924580097198e-03
1.326237571023852091e+00,9.055034606717526913e-04
1.326384395289964768e+00,2.291554585099220276e-03
1.326531070283712088e+00,2.297607017681002617e-03
1.326677596308307949e+00,1.457868143916130066e-03
1.326823973666043877e+00,2.293131081387400627e-03
1.326970202658292131e+00,1.465906854718923569e-03
1.327116283585509038e+00,2.293910132721066475e-03
1.327262216747240098e+00,1.177568105049431324e-03
1.327408002442121981e+00,2.012950833886861801e-03
1.327553640967886972e+00,2.012417651712894440e-03
1.327699132621367184e+00,2.010561758652329445e-03
1.327844477698497005e+00,1.180741703137755394e-03
1.327989676494317317e+00,3.124043811112642288e-03
1.328134729302979267e+00,2.290989505127072334e-03
1.328279636417748044e+00,3.125553019344806671e-03
1.328424398131005102e+00,1.736956299282610416e-03
1.328569014734253262e+00,2.571687800809741020e-03
1.328713486518119824e+00,2.293528988957405090e-03
1.328857813772359453e+00,2.849284093827009201e-03
1.329001996785857731e+00,2.295637270435690880e-03
1.329146035846635820e+00,2.013371093198657036e-03
1.329289931241852463e+00,1.459379214793443680e-03
1.329433683257808196e+00,1.179620740003883839e-03
1.329577292179948689e+00,1.456763478927314281e-03
1.329720758292867844e+00,1.458084327168762684e-03
1.329864081880311577e+00,1.175012090243399143e-03
1.330007263225180703e+00,9.007996413856744766e-04
1.330150302609534929e+00,1.455240999348461628e-03
1.330293200314595303e+00,1.178758335299789906e-03
1.330435956620748872e+00,2.849461277946829796e-03
1.330578571807550459e+00,1.731069176457822323e-03
1.330721046153726661e+00,2.011889591813087463e-03
1.330863379937179625e+00,3.119867295026779175e-03
1.331005573434989708e+00,2.569086616858839989e-03
1.331147626923418148e+00,2.008226932957768440e-03
1.331289540677911276e+00,1.178818987682461739e-03
1.331431314973104296e+00,2.288972958922386169e-03
1.331572950082821949e+00,1.733279903419315815e-03
1.331714446280084285e+00,1.446891110390424728e-03
1.331855803837108887e+00,2.008131938055157661e-03
1.331997023025313531e+00,1.729526324197649956e-03
1.332138104115319521e+00,6.245325203053653240e-04
1.332279047376955683e+00,1.449012546800076962e-03
1.332419853079260808e+00,1.451881020329892635e-03
1.332560521490485872e+00,8.937378879636526108e-04
1.332701052878098702e+00,1.172846881672739983e-03
1.332841447508786192e+00,1.730209449306130409e-03
1.332981705648456972e+00,2.282027155160903931e-03
1.333121827562245398e+00,2.003415022045373917e-03
1.333261813514513561e+00,2.281975466758012772e-03
1.333401663768855272e+00,2.005481394007802010e-03
1.333541378588098514e+00,2.284760819748044014e-03
1.333680958234307656e+00,2.281268592923879623e-03
1.333820402968787899e+00,8.974618394859135151e-04
1.333959713052087270e+00,2.285623224452137947e-03
1.334098888743999733e+00,2.007803414016962051e-03
1.334237930303568298e+00,1.173390075564384460e-03
1.334376837989087461e+00,1.170473638921976089e-03
1.334515612058106315e+00,8.948963950388133526e-04
1.334654252767431659e+00,6.148233660496771336e-04
1.334792760373130438e+00,2.562264678999781609e-03
1.334931135130533297e+00,2.560592489317059517e-03
1.335069377294235915e+00,2.559951739385724068e-03
1.335207487118104108e+00,1.171417417936027050e-03
1.335345464855273834e+00,1.725541544146835804e-03
1.335483310758156739e+00,2.001211047172546387e-03
1.335621025078441049e+00,3.392776940017938614e-03
1.335758608067094899e+00,2.282426459714770317e-03
1.335896059974368999e+00,2.836963860318064690e-03
1.336033381049799740e+00,1.446329872123897076e-03
1.336170571542211638e+00,2.834244398400187492e-03
1.336307631699720000e+00,8.902917033992707729e-04
1.336444561769733363e+00,1.169544178992509842e-03
1.336581361998956829e+00,2.001841086894273758e-03
1.336718032633394282e+00,1.997880637645721436e-03
1.336854573918351052e+00,1.445388421416282654e-03
1.336990986098436363e+00,2.278090221807360649e-03
1.337127269417567099e+00,1.444226130843162537e-03
1.337263424118968480e+00,1.727525959722697735e-03
1.337399450445178717e+00,2.278020139783620834e-03
1.337535348638049904e+00,2.553994534537196159e-03
1.337671118938751347e+00,1.720865489915013313e-03
1.337806761587772675e+00,1.999365864321589470e-03
1.337942276824925392e+00,1.442320877686142921e-03
1.338077664889345764e+00,2.004117937758564949e-03
1.338212926019497928e+00,2.274314174428582191e-03
1.338348060453175226e+00,1.723404275253415108e-03
1.338483068427504419e+00,3.107096534222364426e-03
1.338617950178946137e+00,2.000604057684540749e-03
1.338752705943299093e+00,5.392598905018530786e-05
1.338887335955701419e+00,1.721726264804601669e-03
1.339021840450633771e+00,1.444347086362540722e-03
1.339156219661921998e+00,3.108521457761526108e-03
1.339290473822738248e+00,1.439505838789045811e-03
1.339424603165605188e+00,1.721172477118670940e-03
1.339558607922396671e+00,1.996180042624473572e-03
1.339692488324342401e+00,8.856205968186259270e-04
1.339826244602027483e+00,2.274239901453256607e-03
1.339959876985397091e+00,2.275983337312936783e-03
1.340093385703758022e+00,1.166995381936430931e-03
1.340226770985780247e+00,2.827810822054743767e-03
1.340360033059501133e+00,2.826366573572158813e-03
1.340493172152326107e+00,1.994482008740305901e-03
1.340626188491031545e+00,1.441127620637416840e-03
1.340759082301768101e+00,2.271417761221528053e-03
1.340891853810060041e+00,1.158220111392438412e-03
1.341024503240811683e+00,1.717106555588543415e-03
1.341157030818306728e+00,1.438968698494136333e-03
1.341289436766210486e+00,1.993813784793019295e-03
1.341421721307574089e+00,1.992869656533002853e-03
1.341553884664836049e+00,1.991734607145190239e-03
1.341685927059822481e+00,1.438857987523078918e-03
1.341817848713752648e+00,1.713128527626395226e-03
1.341949649847238302e+00,1.720509957522153854e-03
1.342081330680288120e+00,8.824136457405984402e-04
1.342212891432307709e+00,2.271984005346894264e-03
1.342344332322104261e+00,1.438292441889643669e-03
1.342475653567886784e+00,1.435675425454974174e-03
1.342606855387268983e+00,1.718235667794942856e-03
1.342737937997271258e+00,1.159648760221898556e-03
1.342868901614323374e+00,6.068380898796021938e-04
1.342999746454265564e+00,1.436348771676421165e-03
1.343130472732352754e+00,1.993200508877635002e-03
1.343261080663253448e+00,8.803931996226310730e-04
1.343391570461054840e+00,1.435762271285057068e-03
1.343521942339263475e+00,1.435665297321975231e-03
1.343652196510807473e+00,1.711021293886005878e-03
1.343782333188038525e+00,2.546346513554453850e-03
1.343912352582734560e+00,1.713766250759363174e-03
1.344042254906101963e+00,8.788147242739796638e-04
1.344172040368775356e+00,2.545871539041399956e-03
1.344301709180823812e+00,1.433992409147322178e-03
1.344431261551748191e+00,6.003383896313607693e-04
1.344560697690487139e+00,2.264672191813588142e-03
1.344690017805416637e+00,8.783498196862637997e-04
1.344819222104352896e+00,2.266792347654700279e-03
1.344948310794554347e+00,3.103339113295078278e-03
1.345077284082723645e+00,6.013967795297503471e-04
1.345206142175009223e+00,4.431551496963948011e-05
1.345334885277008841e+00,1.986726885661482811e-03
1.345463513593768257e+00,1.712436554953455925e-03
1.345592027329787221e+00,1.432022312656044960e-03
1.345720426689018367e+00,8.772757719270884991e-04
1.345848711874870762e+00,1.430978532880544662e-03
1.345976883090210796e+00,1.987320603802800179e-03
1.346104940537365513e+00,1.432224642485380173e-03
1.346232884418122833e+00,3.100048750638961792e-03
1.346360714933734437e+00,5.977805703878402710e-04
1.346488432284918213e+00,2.542698290199041367e-03
1.346616036671858696e+00,1.430940581485629082e-03
1.346743528294209957e+00,1.709882984869182110e-03
1.346870907351096935e+00,1.708933152258396149e-03
1.346998174041118546e+00,1.151417964138090611e-03
1.347125328562347235e+00,1.434032456018030643e-03
1.347252371112333202e+00,1.432132790796458721e-03
1.347379301888105063e+00,1.986704533919692039e-03
1.347506121086170960e+00,2.267956500872969627e-03
1.347632828902523006e+00,8.784395758993923664e-04
1.347759425532635946e+00,1.707315561361610889e-03
1.347885911171470275e+00,2.540901536121964455e-03
1.348012286013475336e+00,2.540890360251069069e-03
1.348138550252589107e+00,1.708357012830674648e-03
1.348264704082240861e+00,1.704875379800796509e-03
1.348390747695352943e+00,8.729585097171366215e-04
1.348516681284342544e+00,2.541608875617384911e-03
1.348642505041123485e+00,2.816936699673533440e-03
1.348768219157107984e+00,1.430638832971453667e-03
1.348893823823207994e+00,1.706734299659729004e-03
1.349019319229837199e+00,1.708273659460246563e-03
1.349144705566913460e+00,1.985188107937574387e-03
1.349269983023858810e+00,3.096901578828692436e-03
1.349395151789603675e+00,5.953522631898522377e-04
1.349520212052585988e+00,5.964857409708201885e-04
1.349645164000754516e+00,1.703426823951303959e-03
1.349770007821569751e+00,1.704490743577480316e-03
1.349894743702006794e+00,1.150759635493159294e-03
1.350019371828555137e+00,1.426289556547999382e-03
1.350143892387221989e+00,8.726823725737631321e-04
1.350268305563533389e+00,1.704866182990372181e-03
1.350392611542535537e+00,1.705754082649946213e-03
1.350516810508797017e+00,1.703342422842979431e-03
1.350640902646409902e+00,1.146629336290061474e-03
1.350764888138991315e+00,1.426325645297765732e-03
1.350888767169686311e+00,1.702932990156114101e-03
1.351012539921167876e+00,3.615484456531703472e-05
1.351136206575639376e+00,1.981289125978946686e-03
1.351259767314836102e+00,1.980880042538046837e-03
1.351383222320026389e+00,1.982547575607895851e-03
1.351506571772014720e+00,1.981714973226189613e-03
1.351629815851140615e+00,1.703216577880084515e-03
1.351752954737283297e+00,1.148667884990572929e-03
1.351875988609861245e+00,1.981348730623722076e-03
1.351998917647833531e+00,1.147651928476989269e-03
1.352121742029703588e+00,1.145121525041759014e-03
1.352244461933517883e+00,3.647361649200320244e-03
1.352367077536870354e+00,1.148301642388105392e-03
1.352489589016901306e+00,2.814241917803883553e-03
1.352611996550300510e+00,8.704151259735226631e-04
1.352734300313308768e+00,2.257841406390070915e-03
1.352856500481718793e+00,1.981192501261830330e-03
1.352978597230876767e+00,8.687079534865915775e-04
1.353100590735684339e+00,1.703698537312448025e-03
1.353222481170599290e+00,5.908320890739560127e-04
1.353344268709638865e+00,1.979072345420718193e-03
1.353465953526378440e+00,1.978598069399595261e-03
1.353587535793955299e+00,1.424660556949675083e-03
1.353709015685069961e+00,2.812372287735342979e-03
1.353830393371985519e+00,1.145026530139148235e-03
1.353951669026531857e+00,1.699601067230105400e-03
1.354072842820106093e+00,1.144749112427234650e-03
1.354193914923672581e+00,1.979818567633628845e-03
1.354314885507766686e+00,2.533916849642992020e-03
1.354435754742494558e+00,1.977076521143317223e-03
1.354556522797535800e+00,2.810891019180417061e-03
1.354677189842143692e+00,1.700189197435975075e-03
1.354797756045147183e+00,1.421233289875090122e-03
1.354918221574952675e+00,1.422427012585103512e-03
1.355038586599544459e+00,1.697123167105019093e-03
1.355158851286487831e+00,1.421254943124949932e-03
1.355279015802927756e+00,1.700364518910646439e-03
1.355399080315593530e+00,2.531721023842692375e-03
1.355519044990797672e+00,5.882755503989756107e-04
1.355638909994437924e+00,1.700527966022491455e-03
1.355758675491999687e+00,1.699367421679198742e-03
1.355878341648555585e+00,1.976791769266128540e-03
1.355997908628769233e+00,1.421558670699596405e-03
1.356117376596893243e+00,1.976240426301956177e-03
1.356236745716774328e+00,1.699038431979715824e-03
1.356356016151851751e+00,1.141945831477642059e-03
1.356475188065160209e+00,2.808810910210013390e-03
1.356594261619330499e+00,1.419374952092766762e-03
1.356713236976591297e+00,1.142328605055809021e-03
1.356832114298769820e+00,1.142624299973249435e-03
1.356950893747294051e+00,8.644024492241442204e-04
1.357069575483193624e+00,1.141174114309251308e-03
1.357188159667100269e+00,2.253473037853837013e-03
1.357306646459251365e+00,1.696469844318926334e-03
1.357425036019488163e+00,2.529972232878208160e-03
1.357543328507260005e+00,2.530202036723494530e-03
1.357661524081623883e+00,1.695414423011243343e-03
1.357779622901246208e+00,8.640300366096198559e-04
1.357897625124403485e+00,1.140020205639302731e-03
1.358015530908985635e+00,3.917813301086425781e-03
1.358133340412494006e+00,1.972259022295475006e-03
1.358251053792045804e+00,2.528578974306583405e-03
1.358368671204373435e+00,1.140709617175161839e-03
1.358486192805825832e+00,1.696195104159414768e-03
1.358603618752371123e+00,1.972128869965672493e-03
1.358720949199595740e+00,1.694805920124053955e-03
1.358838184302707752e+00,1.141431625001132488e-03
1.358955324216537308e+00,2.250281395390629768e-03
1.359072369095536414e+00,2.527911448851227760e-03
1.359189319093783155e+00,2.805697731673717499e-03
1.359306174364980135e+00,1.137734041549265385e-03
1.359422935062456483e+00,2.250985009595751762e-03
1.359539601339170511e+00,1.974197104573249817e-03
1.359656173347708830e+00,1.418219762854278088e-03
1.359772651240289010e+00,8.611479424871504307e-04
1.359889035168760030e+00,2.251026453450322151e-03
1.360005325284603162e+00,1.692361780442297459e-03
1.360121521738934636e+00,1.694798353128135204e-03
1.360237624682504975e+00,1.971511170268058777e-03
1.360353634265701661e+00,1.693693455308675766e-03
1.360469550638549574e+00,1.414097496308386326e-03
1.360585373950711885e+00,1.416095416061580181e-03
1.360701104351491608e+00,8.614854887127876282e-04
1.360816741989833156e+00,1.693226629868149757e-03
1.360932287014323006e+00,1.137657091021537781e-03
1.361047739573190807e+00,1.693794503808021545e-03
1.361163099814310495e+00,1.693798229098320007e-03
1.361278367885201623e+00,1.692921039648354053e-03
1.361393543933030692e+00,5.807881243526935577e-04
1.361508628104611374e+00,1.138543011620640755e-03
1.361623620546407176e+00,1.136369071900844574e-03
1.361738521404530999e+00,1.693227328360080719e-03
1.361853330824746910e+00,1.136659644544124603e-03
1.361968048952471699e+00,1.415484235621988773e-03
1.362082675932775544e+00,8.616038248874247074e-04
1.362197211910382233e+00,1.691332436166703701e-03
1.362311657029672274e+00,1.137233921326696873e-03
1.362426011434682227e+00,1.414357800967991352e-03
1.362540275269106482e+00,1.968706026673316956e-03
1.362654448676297925e+00,1.970173325389623642e-03
1.362768531799270599e+00,1.136251143179833889e-03
1.362882524780698157e+00,1.967750256881117821e-03
1.362996427762917184e+00,5.797023186460137367e-04
1.363110240887926539e+00,8.585081086494028568e-04
1.363223964297390456e+00,2.523994538933038712e-03
1.363337598132637218e+00,1.969047123566269875e-03
1.363451142534662486e+00,8.575964602641761303e-04
1.363564597644128629e+00,2.246676711365580559e-03
1.363677963601366505e+00,2.245789393782615662e-03
1.363791240546376793e+00,1.968767493963241577e-03
1.363904428618829989e+00,1.413416350260376930e-03
1.364017527958068632e+00,1.690606470219790936e-03
1.364130538703107742e+00,2.244634786620736122e-03
1.364243460992635493e+00,1.412113313563168049e-03
1.364356294965015426e+00,1.690114964731037617e-03
1.364469040758286011e+00,8.569030323997139931e-04
1.364581698510162644e+00,1.133686164394021034e-03
1.364694268358038309e+00,1.690624863840639591e-03
1.364806750438984251e+00,1.134250429458916187e-03
1.364919144889752189e+00,1.412560464814305305e-03
1.365031451846773880e+00,1.966054784134030342e-03
1.365143671446162887e+00,1.412982936017215252e-03
1.365255803823715031e+00,1.688294927589595318e-03
1.365367849114910381e+00,1.688978285528719425e-03
1.365479807454913042e+00,1.133123878389596939e-03
1.365591678978572920e+00,2.993232337757945061e-04
1.365703463820426622e+00,1.965799136087298393e-03
1.365815162114697889e+00,1.689282245934009552e-03
1.365926773995299159e+00,1.132878125645220280e-03
1.366038299595832450e+00,1.411044853739440441e-03
1.366149739049590250e+00,1.134064979851245880e-03
1.366261092489555740e+00,1.965679461136460304e-03
1.366372360048404566e+00,1.966095063835382462e-03
1.366483541858506845e+00,1.406845171004533768e-03
1.366594638051925381e+00,8.551153005100786686e-04
1.366705648760418779e+00,2.792814746499061584e-03
1.366816574115441441e+00,1.410686643794178963e-03
1.366927414248145789e+00,1.010480569675564766e-03
1.367038169289380711e+00,2.173114717006683350e-01
1.367148839369694446e+00,1.306516975164413452e-01
1.367259424619336139e+00,1.419680267572402954e-01
1.367369925168253841e+00,9.171691536903381348e-02
1.367480341146098954e+00,5.044225230813026428e-02
1.367590672682224007e+00,4.203531146049499512e-02
1.367700919905685764e+00,3.465173020958900452e-02
1.367811082945245449e+00,1.872596703469753265e-02
1.367921161929369189e+00,5.292535293847322464e-03
1.368031156986229124e+00,2.917739097028970718e-03
1.368141068243704739e+00,2.534687751904129982e-03
1.368250895829383973e+00,3.704512957483530045e-03
1.368360639870562556e+00,2.127137500792741776e-03
1.368470300494246228e+00,1.321440096944570541e-03
1.368579877827151847e+00,1.877997536212205887e-03
1.368689371995707615e+00,1.884074532426893711e-03
1.368798783126053742e+00,2.098860451951622963e-03
1.368908111344043999e+00,1.259223441593348980e-03
1.369017356775245498e+00,9.673914755694568157e-04
1.369126519544942022e+00,1.799495075829327106e-03
1.369235599778130918e+00,9.800413390621542931e-04
1.369344597599528424e+00,2.076815348118543625e-03
1.369453513133566780e+00,1.244536368176341057e-03
1.369562346504397121e+00,2.065448556095361710e-03
1.369671097835889695e+00,2.335630357265472412e-03
1.369779767251635416e+00,1.084354735212400556e-04
1.369888354874945202e+00,1.502766390331089497e-03
1.369996860828852414e+00,9.458235581405460835e-04
1.370105285236113080e+00,1.774508156813681126e-03
1.370213628219206115e+00,2.033542376011610031e-03
1.370321889900334877e+00,2.053441014140844345e-03
1.370430070401428280e+00,6.558671011589467525e-04
1.370538169844140564e+00,1.762858824804425240e-03
1.370646188349853523e+00,1.758249360136687756e-03
1.370754126039675169e+00,2.054089214652776718e-03
1.370861983034443066e+00,1.487187342718243599e-03
1.370969759454723436e+00,2.037346828728914261e-03
1.371077455420812941e+00,1.472429255954921246e-03
1.371185071052738680e+00,2.562200184911489487e-03
1.371292606470259301e+00,2.321839332580566406e-03
1.371400061792865666e+00,1.753063872456550598e-03
1.371507437139782848e+00,2.024223795160651207e-03
1.371614732629968358e+00,1.662906026467680931e-03
1.371721948382116141e+00,9.268804569728672504e-04
1.371829084514654351e+00,1.201967126689851284e-03
1.371936141145748245e+00,1.759869046509265900e-03
1.372043118393300176e+00,2.310019684955477715e-03
1.372150016374950043e+00,2.307834569364786148e-03
1.372256835208076842e+00,1.773849362507462502e-03
1.372363575009798664e+00,9.269779548048973083e-04
1.372470235896974033e+00,2.304918132722377777e-03
1.372576817986202791e+00,2.589946147054433823e-03
1.372683321393826095e+00,2.301603788509964943e-03
1.372789746235927533e+00,1.746745314449071884e-03
1.372896092628334452e+00,2.295418875291943550e-03
1.373002360686617740e+00,1.474456046707928181e-03
1.373108550526093818e+00,2.301111351698637009e-03
1.373214662261823982e+00,1.458725426346063614e-03
1.373320696008615949e+00,1.190860755741596222e-03
1.373426651881024751e+00,2.859126543626189232e-03
1.373532529993352735e+00,1.183696207590401173e-03
1.373638330459651558e+00,1.184700056910514832e-03
1.373744053393721298e+00,1.735524856485426426e-03
1.373849698909112682e+00,2.018068451434373856e-03
1.373955267119126633e+00,9.076644782908260822e-04
1.374060758136815608e+00,1.737848506309092045e-03
1.374166172074985148e+00,2.012765035033226013e-03
1.374271509046192108e+00,2.845255658030509949e-03
1.374376769162748202e+00,2.292925026267766953e-03
1.374481952536719565e+00,2.290069824084639549e-03
1.374587059279926526e+00,3.123661736026406288e-03
1.374692089503945613e+00,1.740568783134222031e-03
1.374797043320109990e+00,1.452438067644834518e-03
1.374901920839509906e+00,2.286001341417431831e-03
1.375006722172993356e+00,1.728570670820772648e-03
1.375111447431167422e+00,2.565360162407159805e-03
1.375216096724397818e+00,2.010045573115348816e-03
1.375320670162810677e+00,1.731268712319433689e-03
1.375425167856292985e+00,1.174308243207633495e-03
1.375529589914492590e+00,1.727814436890184879e-03
1.375633936446819972e+00,2.282567322254180908e-03
1.375738207562448245e+00,1.176929450593888760e-03
1.375842403370313383e+00,1.450269948691129684e-03
1.375946523979116209e+00,2.006212016567587852e-03
1.376050569497322185e+00,1.730689429678022861e-03
1.376154540033162288e+00,1.447186223231256008e-03
1.376258435694633464e+00,3.392151847947388887e-04
1.376362256589499955e+00,2.558095846325159073e-03
1.376466002825292634e+00,2.283444162458181381e-03
1.376569674509311891e+00,2.554262755438685417e-03
1.376673271748625638e+00,1.731511903926730156e-03
1.376776794650072189e+00,1.998179592192173004e-03
1.376880243320259378e+00,2.002145629376173019e-03
1.376983617865566334e+00,1.730935298837721348e-03
1.377086918392143700e+00,1.999783795326948166e-03
1.377190145005914079e+00,1.722095184959471226e-03
1.377293297812572925e+00,2.276018960401415825e-03
1.377396376917588983e+00,1.447705784812569618e-03
1.377499382426205399e+00,1.444098423235118389e-03
1.377602314443439946e+00,1.996921375393867493e-03
1.377705173074085465e+00,1.722359913401305676e-03
1.377807958422710755e+00,1.166164991445839405e-03
1.377910670593662568e+00,1.166861387901008129e-03
1.378013309691062949e+00,1.721309032291173935e-03
1.378115875818813674e+00,3.114166669547557831e-03
1.378218369080593808e+00,1.717366161756217480e-03
1.378320789579862371e+00,1.719982945360243320e-03
1.378423137419857447e+00,1.995626371353864670e-03
1.378525412703598407e+00,8.856014464981853962e-04
1.378627615533885020e+00,1.439144485630095005e-03
1.378729746013299451e+00,1.717141014523804188e-03
1.378831804244205372e+00,1.717718434520065784e-03
1.378933790328749742e+00,2.825785195454955101e-03
1.379035704368862802e+00,2.280142158269882202e-03
1.379137546466259856e+00,2.273159800097346306e-03
1.379239316722439268e+00,1.438823877833783627e-03
1.379341015238686463e+00,1.442020758986473083e-03
1.379442642116071926e+00,1.160596497356891632e-03
1.379544197455452759e+00,1.436500344425439835e-03
1.379645681357472897e+00,8.828397840261459351e-04
1.379747093922565337e+00,3.384928219020366669e-03
1.379848435250949912e+00,2.273251768201589584e-03
1.379949705442636398e+00,1.711408025585114956e-03
1.380050904597423855e+00,1.163013861514627934e-03
1.380152032814900842e+00,1.161171705462038517e-03
1.380253090194447640e+00,1.440824125893414021e-03
1.380354076835235366e+00,1.713837846182286739e-03
1.380454992836226857e+00,1.991204451769590378e-03
1.380555838296178006e+00,1.712447032332420349e-03
1.380656613313636871e+00,2.546044997870922089e-03
1.380757317986945676e+00,2.269468735903501511e-03
1.380857952414241030e+00,2.549954224377870560e-03
1.380958516693453930e+00,2.825037809088826180e-03
1.381059010922311314e+00,2.266368595883250237e-03
1.381159435198334950e+00,1.154105993919074535e-03
1.381259789618844325e+00,1.436984050087630749e-03
1.381360074280954864e+00,3.382786642760038376e-03
1.381460289281580822e+00,8.771470747888088226e-04
1.381560434717433727e+00,1.714934245683252811e-03
1.381660510685023713e+00,1.154212746769189835e-03
1.381760517280661293e+00,5.975451203994452953e-04
1.381860454600455368e+00,2.264314796775579453e-03
1.381960322740316771e+00,2.266134368255734444e-03
1.382060121795956054e+00,2.265739720314741135e-03
1.382159851862885702e+00,4.489633720368146896e-03
1.382259513036421028e+00,1.151065109297633171e-03
1.382359105411678613e+00,1.433250727131962776e-03
1.382458629083578749e+00,1.986820716410875320e-03
1.382558084146846111e+00,1.708810217678546906e-03
1.382657470696008417e+00,2.541998866945505142e-03
1.382756788825398875e+00,1.434295903891324997e-03
1.382856038629156181e+00,1.983374124392867088e-03
1.382955220201224300e+00,2.264468232169747353e-03
1.383054333635354016e+00,2.260342705994844437e-03
1.383153379025102492e+00,1.433330588042736053e-03
1.383252356463835264e+00,1.151793519966304302e-03
1.383351266044724914e+00,8.766516111791133881e-04
1.383450107860753064e+00,1.708211377263069153e-03
1.383548882004709712e+00,1.430252683348953724e-03
1.383647588569195452e+00,8.743339567445218563e-04
1.383746227646620142e+00,8.729285909794270992e-04
1.383844799329204012e+00,2.263500588014721870e-03
1.383943303708979444e+00,1.431493088603019714e-03
1.384041740877789861e+00,1.425916911102831364e-03
1.384140110927290168e+00,1.154777011834084988e-03
1.384238413948948754e+00,2.817431697621941566e-03
1.384336650034046823e+00,1.982817659154534340e-03
1.384434819273679507e+00,5.911909393034875393e-04
1.384532921758756085e+00,1.984597649425268173e-03
1.384630957579999988e+00,1.705765025690197945e-03
1.384728926827950124e+00,1.151621341705322266e-03
1.384826829592961550e+00,2.261786954477429390e-03
1.384924665965205026e+00,1.152299693785607815e-03
1.385022436034667459e+00,1.981088193133473396e-03
1.385120139891154345e+00,2.818262903019785881e-03
1.385217777624287550e+00,5.959668778814375401e-04
1.385315349323507750e+00,1.147963223047554493e-03
1.385412855078073990e+00,1.705717528238892555e-03
1.385510294977064349e+00,1.981128938496112823e-03
1.385607669109377271e+00,1.702755223959684372e-03
1.385704977563730456e+00,1.426539965905249119e-03
1.385802220428662634e+00,3.093635896220803261e-03
1.385899397792533572e+00,1.982734538614749908e-03
1.385996509743524507e+00,8.701506885699927807e-04
1.386093556369639046e+00,1.981605542823672295e-03
1.386190537758702490e+00,1.980120083317160606e-03
1.386287453998364283e+00,2.260945737361907959e-03
1.386384305176096454e+00,2.255857223644852638e-03
1.386481091379195618e+00,1.703981775790452957e-03
1.386577812694782086e+00,5.928581813350319862e-04
1.386674469209801863e+00,5.908382590860128403e-04
1.386771061011025541e+00,1.146426773630082607e-03
1.386867588185050515e+00,1.700360677205026150e-03
1.386964050818299432e+00,1.146423630416393280e-03
1.387060448997022410e+00,1.978456741198897362e-03
1.387156782807296374e+00,1.422127475962042809e-03
1.387253052335026160e+00,1.145631540566682816e-03
1.387349257665944746e+00,1.421561813913285732e-03
1.387445398885613912e+00,3.091957652941346169e-03
1.387541476079423575e+00,2.254526596516370773e-03
1.387637489332594676e+00,8.682482293806970119e-04
1.387733438730176738e+00,1.422588829882442951e-03
1.387829324357050309e+00,1.979018794372677803e-03
1.387925146297927181e+00,2.255290048196911812e-03
1.388020904637349284e+00,1.424383604899048805e-03
1.388116599459691791e+00,8.662903564982116222e-04
1.388212230849160900e+00,1.143694389611482620e-03
1.388307798889796496e+00,1.147049595601856709e-03
1.388403303665470379e+00,1.423550187610089779e-03
1.388498745259888700e+00,1.420662738382816315e-03
1.388594123756591525e+00,2.811092883348464966e-03
1.388689439238953272e+00,1.422086614184081554e-03
1.388784691790182935e+00,1.144968904554843903e-03
1.388879881493325419e+00,1.146896160207688808e-03
1.388975008431260427e+00,1.421404187567532063e-03
1.389070072686704904e+00,1.143029425293207169e-03
1.389165074342211703e+00,1.977709122002124786e-03
1.389260013480170697e+00,3.087667515501379967e-03
1.389354890182809443e+00,1.976953120902180672e-03
1.389449704532193186e+00,1.141880871728062630e-03
1.389544456610225964e+00,1.976710045710206032e-03
1.389639146498649946e+00,2.254981081932783127e-03
1.389733774279046763e+00,1.421739347279071808e-03
1.389828340032837284e+00,1.698287087492644787e-03
1.389922843841282951e+00,1.697558327578008175e-03
1.390017285785485113e+00,1.142784487456083298e-03
1.390111665946386355e+00,1.700334018096327782e-03
1.390205984404769834e+00,1.141309621743857861e-03
1.390300241241261281e+00,1.698763458989560604e-03
1.390394436536327882e+00,1.697767060250043869e-03
1.390488570370279620e+00,2.250315854325890541e-03
1.390582642823268822e+00,1.697928993962705135e-03
1.390676653975292165e+00,2.530297031626105309e-03
1.390770603906188896e+00,1.419811509549617767e-03
1.390864492695643273e+00,1.695406390354037285e-03
1.390958320423183237e+00,1.974492799490690231e-03
1.391052087168182627e+00,1.144354115240275860e-03
1.391145793009860077e+00,1.422550762072205544e-03
1.391239438027279673e+00,2.529215766116976738e-03
1.391333022299352296e+00,1.141032902523875237e-03
1.391426545904834944e+00,1.696958090178668499e-03
1.391520008922331852e+00,1.694103004410862923e-03
1.391613411430294045e+00,1.698564970865845680e-03
1.391706753507020888e+00,1.141928718425333500e-03
1.391800035230659427e+00,1.697055762633681297e-03
1.391893256679205493e+00,3.084895433858036995e-03
1.391986417930503706e+00,3.083082847297191620e-03
1.392079519062248139e+00,1.417152117937803268e-03
1.392172560151982097e+00,1.141191227361559868e-03
1.392265541277099228e+00,8.629247313365340233e-04
1.392358462514844186e+00,1.696541905403137207e-03
1.392451323942311525e+00,1.417140942066907883e-03
1.392544125636447472e+00,1.971477176994085312e-03
1.392636867674049928e+00,1.973492326214909554e-03
1.392729550131768690e+00,2.528465585783123970e-03
1.392822173086106119e+00,8.615748374722898006e-04
1.392914736613416693e+00,5.845839623361825943e-04
1.393007240789908563e+00,8.615305996499955654e-04
1.393099685691643774e+00,1.417805207893252373e-03
1.393192071394537379e+00,1.973503502085804939e-03
1.393284397974358990e+00,1.972686965018510818e-03
1.393376665506733003e+00,8.612719248048961163e-04
1.393468874067138596e+00,2.526472089812159538e-03
1.393561023730910842e+00,1.139648607932031155e-03
1.393653114573239593e+00,1.695329556241631508e-03
1.393745146669171930e+00,1.973072765395045280e-03
1.393837120093609938e+00,2.250761492177844048e-03
1.393929034921314480e+00,1.972724450752139091e-03
1.394020891226902092e+00,2.248489530757069588e-03
1.394112689084846979e+00,2.248486038297414780e-03
1.394204428569482346e+00,8.594977553002536297e-04
1.394296109754998625e+00,3.637419082224369049e-03
1.394387732715445471e+00,1.139733707532286644e-03
1.394479297524730876e+00,1.971749821677803993e-03
1.394570804256622942e+00,1.417618594132363796e-03
1.394662252984749218e+00,1.415535691194236279e-03
1.394753643782597585e+00,1.970168901607394218e-03
1.394844976723515595e+00,3.082420676946640015e-03
1.394936251880712463e+00,1.137029379606246948e-03
1.395027469327257741e+00,1.416195300407707691e-03
1.395118629136083310e+00,2.248238073661923409e-03
1.395209731379982276e+00,1.970919314771890640e-03
1.395300776131610077e+00,1.691745477728545666e-03
1.395391763463484480e+00,1.138132531195878983e-03
1.395482693447987144e+00,8.582684095017611980e-04
1.395573566157361611e+00,1.973193604499101639e-03
1.395664381663715314e+00,1.967623364180326462e-03
1.395755140039020459e+00,1.692087273113429546e-03
1.395845841355112693e+00,1.137166866101324558e-03
1.395936485683691997e+00,2.248100237920880318e-03
1.396027073096324678e+00,1.692556310445070267e-03
1.396117603664440932e+00,1.413726829923689365e-03
1.396208077459336616e+00,2.246939344331622124e-03
1.396298494552174585e+00,8.583948365412652493e-04
1.396388855013983132e+00,2.802877686917781830e-03
1.396479158915657326e+00,2.248170785605907440e-03
1.396569406327959451e+00,5.802758387289941311e-04
1.396659597321518564e+00,2.246214775368571281e-03
1.396749731966832053e+00,1.969596138224005699e-03
1.396839810334264520e+00,2.249513054266571999e-03
1.396929832494049561e+00,1.138442778028547764e-03
1.397019798516288658e+00,1.692931167781352997e-03
1.397109708470952727e+00,2.526223892346024513e-03
1.397199562427881903e+00,1.413422171026468277e-03
1.397289360456785534e+00,1.136255566962063313e-03
1.397379102627243519e+00,8.590018842369318008e-04
1.397468789008705414e+00,1.135556725785136223e-03
1.397558419670491769e+00,1.970386831089854240e-03
1.397647994681793460e+00,5.813101888634264469e-04
1.397737514111673018e+00,5.797895137220621109e-04
1.397826978029064637e+00,2.247625729069113731e-03
1.397916386502773722e+00,1.412311452440917492e-03
1.398005739601478226e+00,2.246819436550140381e-03
1.398095037393728868e+00,2.524297451600432396e-03
1.398184279947948694e+00,1.691094134002923965e-03
1.398273467332433739e+00,8.559310226701200008e-04
1.398362599615354140e+00,2.245958661660552025e-03
1.398451676864752802e+00,1.135198865085840225e-03
1.398540699148547617e+00,1.690419157966971397e-03
1.398629666534530136e+00,1.411780598573386669e-03
1.398718579090367342e+00,2.244098344817757607e-03
1.398807436883600097e+00,1.691336394287645817e-03
1.398896239981645584e+00,5.784893292002379894e-04
1.398984988451795530e+00,1.134937279857695103e-03
1.399073682361218873e+00,1.690066652372479439e-03
1.399162321776959317e+00,1.690261415205895901e-03
1.399250906765938440e+00,1.132549950852990150e-03
1.399339437394953478e+00,1.690086908638477325e-03
1.399427913730679318e+00,1.411220058798789978e-03
1.399516335839668280e+00,1.409652759321033955e-03
1.399604703788350335e+00,1.409585238434374332e-03
1.399693017643033111e+00,8.557962137274444103e-04
1.399781277469902996e+00,1.411875127814710140e-03
1.399869483335024922e+00,2.801613416522741318e-03
1.399957635304342807e+00,1.967491814866662025e-03
1.400045733443678886e+00,1.683608163148164749e-03
1.400133777818736380e+00,1.968451542779803276e-03
1.400221768495097052e+00,1.971269957721233368e-03
1.400309705538222982e+00,1.413884689100086689e-03
1.400397589013457456e+00,1.690734527073800564e-03
1.400485418986022967e+00,1.134644728153944016e-03
1.400573195521024550e+00,2.522625261917710304e-03
1.400660918683447331e+00,1.966443378478288651e-03
1.400748588538158090e+00,1.134656602516770363e-03
1.400836205149905922e+00,2.244715811684727669e-03
1.400923768583322016e+00,2.522353548556566238e-03
1.401011278902919432e+00,1.967006595805287361e-03
1.401098736173093995e+00,8.545047021470963955e-04
1.401186140458124729e+00,1.967497635632753372e-03
1.401273491822174533e+00,1.689717289991676807e-03
1.401360790329288175e+00,2.798056229948997498e-03
1.401448036043395629e+00,2.801249269396066666e-03
1.401535229028310514e+00,1.689279801212251186e-03
1.401622369347730768e+00,1.409762655384838581e-03
1.401709457065239306e+00,1.410045428201556206e-03
1.401796492244303360e+00,2.520905109122395515e-03
1.401883474948275587e+00,1.131821540184319019e-03
1.401970405240394735e+00,2.242974005639553070e-03
1.402057283183784309e+00,2.521282993257045746e-03
1.402144108841454573e+00,8.547988836653530598e-04
1.402230882276301660e+00,1.131301047280430794e-03
1.402317603551109126e+00,2.031028270721435547e-05
1.402404272728545953e+00,1.410644617862999439e-03
1.402490889871169433e+00,1.686573028564453125e-03
1.402577455041423615e+00,1.965234288945794106e-03
1.402663968301640640e+00,1.687639742158353329e-03
1.402750429714040514e+00,1.964757451787590981e-03
1.402836839340731112e+00,1.131021766923367977e-03
1.402923197243708842e+00,1.686009927652776241e-03
1.403009503484859311e+00,1.133479061536490917e-03
1.403095758125956438e+00,1.408840995281934738e-03
1.403181961228664232e+00,1.967171207070350647e-03
1.403268112854535232e+00,1.409650198183953762e-03
1.403354213065012956e+00,1.131630735471844673e-03
1.403440261921429899e+00,8.534273947589099407e-04
1.403526259485009309e+00,2.518796361982822418e-03
1.403612205816865188e+00,1.130894059315323830e-03
1.403698100978002072e+00,1.131852506659924984e-03
1.403783945029315916e+00,1.685398048721253872e-03
1.403869738031593650e+00,1.964655937626957893e-03
1.403955480045514070e+00,1.130049466155469418e-03
1.404041171131648280e+00,1.409999560564756393e-03
1.404126811350458137e+00,8.531060302630066872e-04
1.404212400762299806e+00,1.964891096577048302e-03
1.404297939427420427e+00,1.685422030277550220e-03
1.404383427405961005e+00,1.684799324721097946e-03
1.404468864757955071e+00,1.409560558386147022e-03
1.404554251543330246e+00,1.408696989528834820e-03
1.404639587821907343e+00,1.131797209382057190e-03
1.404724873653401040e+00,1.132233650423586369e-03
1.404810109097420545e+00,1.686418778263032436e-03
1.404895294213469148e+00,2.240659669041633606e-03
1.404980429060945113e+00,8.528633043169975281e-04
1.405065513699140789e+00,1.408659038133919239e-03
1.405150548187245052e+00,1.964165596291422844e-03
1.405235532584341085e+00,1.407505711540579796e-03
1.405320466949408154e+00,1.964222872629761696e-03
1.405405351341320941e+00,2.240131841972470284e-03
1.405490185818851323e+00,3.074322128668427467e-03
1.405574970440666371e+00,1.406713970936834812e-03
1.405659705265330572e+00,1.684549613855779171e-03
1.405744390351304718e+00,3.074643900617957115e-03
1.405829025756947459e+00,1.963811926543712616e-03
1.405913611540513974e+00,5.747596151195466518e-04
1.405998147760157968e+00,1.684676622971892357e-03
1.406082634473929227e+00,1.963068032637238503e-03
1.406167071739778285e+00,1.685680355876684189e-03
1.406251459615551536e+00,1.685122144408524036e-03
1.406335798158995010e+00,1.129005686379969120e-03
1.406420087427753707e+00,1.685426221229135990e-03
1.406504327479371375e+00,1.407420495525002480e-03
1.406588518371290730e+00,2.240822650492191315e-03
1.406672660160854127e+00,1.961458474397659302e-03
1.406756752905304220e+00,1.406694180332124233e-03
1.406840796661783077e+00,1.684184069745242596e-03
1.406924791487332627e+00,1.684275688603520393e-03
1.407008737438895984e+00,5.729745025746524334e-04
1.407092634573316792e+00,1.684114453382790089e-03
1.407176482947338769e+00,1.407902920618653297e-03
1.407260282617607938e+00,1.683771377429366112e-03
1.407344033640670844e+00,1.962161855772137642e-03
1.407427736072976110e+00,2.239604480564594269e-03
1.407511389970873550e+00,1.683569280430674553e-03
1.407594995390615722e+00,1.684421440586447716e-03
1.407678552388356819e+00,1.961295027285814285e-03
1.407762061020153999e+00,1.961727160960435867e-03
1.407845521341966721e+00,8.518277318216860294e-04
1.407928933409657857e+00,1.406015246175229549e-03
1.408012297278993019e+00,2.238939749076962471e-03
1.408095613005641455e+00,2.516275737434625626e-03
1.408178880645176045e+00,1.128711737692356110e-03
1.408262100253073301e+00,1.406523166224360466e-03
1.408345271884713368e+00,1.961571397259831429e-03
1.408428395595382021e+00,1.405199524015188217e-03
1.408511471440268226e+00,2.238699933513998985e-03
1.408594499474466577e+00,1.405957038514316082e-03
1.408677479752975303e+00,1.682847854681313038e-03
1.408760412330699152e+00,1.128508243709802628e-03
1.408843297262447836e+00,1.406324794515967369e-03
1.408926134602936253e+00,2.238437300547957420e-03
1.409008924406785379e+00,3.072772175073623657e-03
1.409091666728522485e+00,2.239347202703356743e-03
1.409174361622580918e+00,2.238115295767784119e-03
1.409257009143299655e+00,2.517160726711153984e-03
1.409339609344925748e+00,1.127078779973089695e-03
1.409422162281612101e+00,1.127453637309372425e-03
1.409504668007419248e+00,1.128080417402088642e-03
1.409587126576314908e+00,3.070993581786751747e-03
1.409669538042173986e+00,3.072111168876290321e-03
1.409751902458779238e+00,1.961028901860117912e-03
1.409834219879821715e+00,1.127061317674815655e-03
1.409916490358900099e+00,5.717306630685925484e-04
1.409998713949522253e+00,8.495675283484160900e-04
1.410080890705103673e+00,2.515385393053293228e-03
1.410163020678969037e+00,1.681572292000055313e-03
1.410245103924351984e+00,1.682235975749790668e-03
1.410327140494395337e+00,1.125735463574528694e-03
1.410409130442151548e+00,8.479905081912875175e-04
1.410491073820582031e+00,2.237520646303892136e-03
1.410572970682558713e+00,1.127075636759400368e-03
1.410654821080863153e+00,1.959719229489564896e-03
1.410736625068187422e+00,1.682706177234649658e-03
1.410818382697133222e+00,1.126541639678180218e-03
1.410900094020214102e+00,2.515934407711029053e-03
1.410981759089853238e+00,1.680491724982857704e-03
1.411063377958385434e+00,2.236813539639115334e-03
1.411144950678057342e+00,5.709397373721003532e-04
1.411226477301025461e+00,2.238447545096278191e-03
1.411307957879359476e+00,8.492976194247603416e-04
1.411389392465040027e+00,1.125906244851648808e-03
1.411470781109959827e+00,1.683284994214773178e-03
1.411552123865923880e+00,2.236275235190987587e-03
1.411633420784650150e+00,2.515492029488086700e-03
1.411714671917768449e+00,2.792354905977845192e-03
1.411795877316821990e+00,1.960030524060130119e-03
1.411877037033266502e+00,1.404518610797822475e-03
1.411958151118471338e+00,1.681303139775991440e-03
1.412039219623719033e+00,1.959835644811391830e-03
1.412120242600205966e+00,1.125606475397944450e-03
1.412201220099041477e+00,1.126885181292891502e-03
1.412282152171250083e+00,1.959297806024551392e-03
1.412363038867769927e+00,1.682392321527004242e-03
1.412443880239453442e+00,1.958976732566952705e-03
1.412524676337067353e+00,1.404352253302931786e-03
1.412605427211294007e+00,2.236251719295978546e-03
1.412686132912729597e+00,1.126385526731610298e-03
1.412766793491886830e+00,2.235854975879192352e-03
1.412847408999192034e+00,1.681661349721252918e-03
1.412927979484988716e+00,1.403749571181833744e-03
1.413008504999534676e+00,1.959400717169046402e-03
1.413088985593004887e+00,8.485109428875148296e-04
1.413169421315489505e+00,1.681401627138257027e-03
1.413249812216994972e+00,1.125562121160328388e-03
1.413330158347444243e+00,2.791953040286898613e-03
1.413410459756677895e+00,2.514651045203208923e-03
1.413490716494451904e+00,1.403166330419480801e-03
1.413570928610440092e+00,2.514046151190996170e-03
