# kappa, training_loss
0.000000000000000000e+00,2.501739561557769775e-01
2.988078920568060237e-01,2.492356598377227783e-01
3.793426972489696847e-01,2.479589432477951050e-01
4.278466795279744495e-01,2.440836727619171143e-01
4.626655337516489275e-01,2.392155677080154419e-01
4.898460399751052852e-01,2.277599275112152100e-01
5.121439051639540274e-01,2.141879051923751831e-01
5.310490576617814540e-01,2.028204649686813354e-01
5.474588800121180654e-01,1.922130286693572998e-01
5.619559478212042825e-01,1.834965050220489502e-01
5.749399802572798812e-01,1.781493872404098511e-01
5.866971685857017560e-01,1.701587587594985962e-01
5.974394743288536924e-01,1.656039357185363770e-01
6.073282695564152789e-01,1.608387976884841919e-01
6.164892562699525458e-01,1.535949707031250000e-01
6.250222615826070971e-01,1.518778204917907715e-01
6.330078855643607172e-01,1.507668048143386841e-01
6.405121423599666741e-01,1.481801420450210571e-01
6.475897802806100945e-01,1.413484662771224976e-01
6.542867078817858895e-01,1.407673358917236328e-01
6.606418002053922045e-01,1.387330144643783569e-01
6.666882660165119878e-01,1.328403204679489136e-01
6.724546981609054175e-01,1.291866749525070190e-01
6.779658912830495154e-01,1.344770938158035278e-01
6.832434861224251366e-01,1.267056465148925781e-01
6.883064827331705215e-01,1.281599700450897217e-01
6.931716533796130619e-01,1.268972903490066528e-01
6.978538777585067132e-01,1.203836575150489807e-01
7.023664174481832889e-01,1.204941123723983765e-01
7.067211423445129981e-01,1.229360550642013550e-01
7.109287188233844867e-01,1.219551935791969299e-01
7.149987671395630073e-01,1.217609420418739319e-01
7.189399939069399670e-01,1.163809001445770264e-01
7.227603042492309893e-01,1.236390694975852966e-01
7.264668972534860103e-01,1.181773617863655090e-01
7.300663476234428018e-01,1.128861829638481140e-01
7.335646758597788031e-01,1.184968128800392151e-01
7.369674088489995833e-01,1.096983179450035095e-01
7.402796323921994048e-01,1.173591241240501404e-01
7.435060369270989344e-01,1.071342974901199341e-01
7.466509574751057920e-01,1.111961677670478821e-01
7.497184086671709879e-01,1.129813045263290405e-01
7.527121155584938217e-01,1.055835187435150146e-01
7.556355408254010753e-01,1.082599461078643799e-01
7.584919088424355582e-01,1.046239808201789856e-01
7.612842270594869509e-01,1.059505343437194824e-01
7.640153050343355678e-01,1.024499833583831787e-01
7.666877714225698304e-01,1.003632694482803345e-01
7.693040891824276528e-01,9.965003281831741333e-02
7.718665692149982993e-01,1.006731465458869934e-01
7.743773826291038276e-01,9.976816922426223755e-02
7.768385717939830792e-01,9.915231168270111084e-02
7.792520603207629959e-01,9.906616061925888062e-02
7.816196620949390494e-01,9.500446915626525879e-02
7.839430894661155724e-01,9.760069102048873901e-02
7.862239606876355591e-01,9.154260903596878052e-02
7.884638066870643947e-01,9.465084224939346313e-02
7.906640772384745386e-01,9.602952003479003906e-02
7.928261465988544199e-01,9.818428754806518555e-02
7.949513186635218664e-01,9.270267188549041748e-02
7.970408316889707745e-01,9.206127375364303589e-02
7.990958626259878628e-01,9.476236999034881592e-02
8.011175311010058087e-01,9.484241157770156860e-02
8.031069030794132368e-01,9.105481952428817749e-02
8.050649942408326654e-01,8.603354543447494507e-02
8.069927730931183429e-01,9.186879545450210571e-02
8.088911638489788558e-01,9.086663275957107544e-02
8.107610490866109521e-01,8.417758345603942871e-02
8.126032722135179132e-01,9.145008027553558350e-02
8.144186397507291453e-01,8.971112221479415894e-02
8.162079234529053817e-01,9.100298583507537842e-02
8.179718622782790050e-01,8.577413111925125122e-02
8.197111642210143101e-01,8.577276766300201416e-02
8.214265080173599465e-01,8.359421044588088989e-02
8.231185447358818630e-01,8.694274723529815674e-02
8.247878992611031856e-01,8.791209012269973755e-02
8.264351716790099278e-01,8.621400594711303711e-02
8.280609385721114934e-01,8.397889882326126099e-02
8.296657542310489353e-01,8.103168010711669922e-02
8.312501517891212055e-01,8.476637303829193115e-02
8.328146442855435261e-01,8.090133965015411377e-02
8.343597256627389713e-01,8.227620273828506470e-02
8.358858717025190455e-01,7.984846085309982300e-02
8.373935409055875967e-01,8.074641972780227661e-02
8.388831753184412543e-01,7.842329144477844238e-02
8.403552013113939623e-01,7.933977246284484863e-02
8.418100303111526461e-01,8.537878841161727905e-02
8.432480594910943816e-01,8.265425264835357666e-02
8.446696724221401942e-01,7.992199063301086426e-02
8.460752396868961300e-01,8.112654834985733032e-02
8.474651194595206327e-01,7.951897382736206055e-02
8.488396580535890745e-01,8.292166888713836670e-02
8.501991904400489908e-01,7.957363873720169067e-02
8.515440407372087961e-01,7.703699916601181030e-02
8.528745226745491070e-01,7.620154321193695068e-02
8.541909400320176760e-01,7.975124567747116089e-02
8.554935870563482592e-01,7.600890100002288818e-02
8.567827488558298343e-01,7.463680952787399292e-02
8.580587017748499967e-01,7.319372892379760742e-02
8.593217137494444380e-01,7.510478794574737549e-02
8.605720446449972583e-01,7.359036058187484741e-02
8.618099465771557055e-01,8.025968819856643677e-02
8.630356642169504378e-01,7.173644006252288818e-02
8.642494350810467907e-01,7.543485611677169800e-02
8.654514898079861407e-01,7.047696411609649658e-02
8.666420524212222753e-01,7.698854804039001465e-02
8.678213405797035040e-01,6.995090842247009277e-02
8.689895658166988390e-01,6.997286528348922729e-02
8.701469337675290516e-01,6.941285729408264160e-02
8.712936443868083414e-01,7.164545357227325439e-02
8.724298921557789299e-01,7.312309741973876953e-02
8.735558662802689334e-01,7.421062141656875610e-02
8.746717508797826612e-01,7.307914644479751587e-02
8.757777251681930775e-01,7.313612103462219238e-02
8.768739636264817339e-01,7.071503996849060059e-02
8.779606361679404003e-01,7.272934168577194214e-02
8.790379082962289647e-01,6.709538400173187256e-02
8.801059412566530904e-01,6.683291494846343994e-02
8.811648921810117940e-01,6.968774646520614624e-02
8.822149142263364663e-01,7.231292128562927246e-02
8.832561567078310860e-01,7.110225409269332886e-02
8.842887652262994003e-01,6.694616377353668213e-02
8.853128817903331838e-01,6.997736543416976929e-02
8.863286449335163741e-01,7.204614579677581787e-02
8.873361898268886661e-01,6.389250606298446655e-02
8.883356483868947162e-01,6.721568852663040161e-02
8.893271493790372295e-01,7.028109580278396606e-02
8.903108185174354317e-01,6.847039610147476196e-02
8.912867785604819959e-01,6.919841468334197998e-02
8.922551494027816110e-01,6.695772707462310791e-02
8.932160481635410543e-01,6.718320399522781372e-02
8.941695892715766369e-01,6.506612896919250488e-02
8.951158845470907899e-01,6.677547842264175415e-02
8.960550432803656706e-01,6.144526228308677673e-02
8.969871723075101277e-01,6.888945400714874268e-02
8.979123760833951362e-01,6.553526967763900757e-02
8.988307567518976082e-01,6.402404606342315674e-02
8.997424142135744818e-01,5.995781347155570984e-02
9.006474461908763329e-01,6.261469423770904541e-02
9.015459482910098687e-01,6.699864566326141357e-02
9.024380140665472227e-01,6.266975402832031250e-02
9.033237350738814175e-01,6.779783219099044800e-02
9.042032009296160355e-01,6.234836950898170471e-02
9.050764993649792478e-01,6.290310621261596680e-02
9.059437162783416930e-01,6.705731898546218872e-02
9.068049357859193638e-01,6.220551207661628723e-02
9.076602402707351080e-01,6.194203719496726990e-02
9.085097104299096893e-01,6.309999525547027588e-02
9.093534253203511275e-01,6.528878211975097656e-02
9.101914624029067147e-01,6.133203208446502686e-02
9.110238975850396548e-01,6.315233558416366577e-02
9.118508052620880600e-01,6.125164404511451721e-02
9.126722583571631464e-01,5.890588462352752686e-02
9.134883283597413639e-01,5.640242621302604675e-02
9.142990853629986425e-01,6.322427093982696533e-02
9.151045980999380491e-01,6.145872175693511963e-02
9.159049339783562615e-01,6.219079345464706421e-02
9.167001591146940465e-01,5.931731313467025757e-02
9.174903383668115975e-01,5.870305374264717102e-02
9.182755353657321429e-01,6.087597459554672241e-02
9.190558125463900163e-01,6.046276539564132690e-02
9.198312311774212713e-01,6.045326963067054749e-02
9.206018513900336986e-01,6.286808848381042480e-02
9.213677322059876662e-01,5.648532137274742126e-02
9.221289315647226426e-01,5.334445461630821228e-02
9.228855063496598232e-01,5.926100909709930420e-02
9.236375124137097270e-01,5.943230539560317993e-02
9.243850046040149593e-01,6.172315031290054321e-02
9.251280367859547882e-01,5.858664587140083313e-02
9.258666618664369574e-01,5.968941748142242432e-02
9.266009318165047137e-01,5.694256350398063660e-02
9.273308976932788106e-01,6.128142774105072021e-02
9.280566096612621330e-01,5.678959190845489502e-02
9.287781170130260389e-01,5.320166796445846558e-02
9.294954681893016213e-01,5.607891455292701721e-02
9.302087107984947645e-01,5.785035714507102966e-02
9.309178916356463107e-01,5.423563346266746521e-02
9.316230567008553232e-01,5.870841071009635925e-02
9.323242512171825425e-01,5.854314565658569336e-02
9.330215196480544648e-01,6.091182678937911987e-02
9.337149057141816977e-01,5.455061420798301697e-02
9.344044524100088012e-01,5.307373031973838806e-02
9.350902020197116027e-01,5.257720127701759338e-02
9.357721961327570837e-01,5.222361534833908081e-02
9.364504756590379397e-01,5.752971768379211426e-02
9.371250808435986901e-01,5.349462851881980896e-02
9.377960512809645488e-01,5.142281949520111084e-02
9.384634259290856040e-01,5.678918585181236267e-02
9.391272431229107376e-01,5.074057728052139282e-02
9.397875405876009447e-01,5.505898222327232361e-02
9.404443554513935988e-01,5.213090404868125916e-02
9.410977242581304303e-01,4.692971706390380859e-02
9.417476829794579896e-01,5.020151659846305847e-02
9.423942670267109190e-01,5.124891176819801331e-02
9.430375112624893585e-01,5.223370715975761414e-02
9.436774500119379239e-01,4.975904524326324463e-02
9.443141170737369139e-01,5.297977477312088013e-02
9.449475457308139648e-01,5.457788333296775818e-02
9.455777687607836990e-01,5.226522311568260193e-02
9.462048184461268052e-01,5.180906504392623901e-02
9.468287265841111022e-01,5.053468793630599976e-02
9.474495244964683538e-01,5.118425190448760986e-02
9.480672430388280558e-01,5.089446529746055603e-02
9.486819126099212962e-01,4.569153860211372375e-02
9.492935631605567970e-01,5.109177529811859131e-02
9.499022242023775764e-01,5.220033600926399231e-02
9.505079248164057804e-01,5.341338738799095154e-02
9.511106936613797913e-01,4.759062826633453369e-02
9.517105589818907196e-01,5.147255212068557739e-02
9.523075486163240511e-01,4.522736370563507080e-02
9.529016900046116678e-01,4.592899605631828308e-02
9.534930101958000170e-01,5.079833418130874634e-02
9.540815358554395331e-01,4.679562523961067200e-02
9.546672932727992000e-01,5.093403160572052002e-02
9.552503083679141360e-01,5.075914040207862854e-02
9.558306066984675331e-01,4.824415966868400574e-02
9.564082134665129464e-01,5.536375939846038818e-02
9.569831535250425958e-01,4.669645428657531738e-02
9.575554513844034554e-01,4.739588499069213867e-02
9.581251312185674607e-01,5.275376141071319580e-02
9.586922168712582737e-01,4.973991960287094116e-02
9.592567318619399375e-01,4.586477577686309814e-02
9.598186993916698606e-01,5.078737437725067139e-02
9.603781423488196856e-01,4.631089791655540466e-02
9.609350833146708126e-01,4.646958783268928528e-02
9.614895445688814712e-01,4.520342499017715454e-02
9.620415480948361076e-01,4.881089180707931519e-02
9.625911155848747569e-01,4.458805546164512634e-02
9.631382684454082854e-01,4.538153856992721558e-02
9.636830278019218321e-01,4.398120194673538208e-02
9.642254145038678947e-01,4.953571781516075134e-02
9.647654491294560541e-01,4.754703119397163391e-02
9.653031519903366720e-01,4.239821434020996094e-02
9.658385431361848905e-01,4.688927158713340759e-02
9.663716423591872662e-01,4.604849219322204590e-02
9.669024691984312581e-01,4.472235962748527527e-02
9.674310429442027903e-01,4.314681142568588257e-02
9.679573826421926652e-01,4.567820578813552856e-02
9.684815070976139362e-01,4.454197362065315247e-02
9.690034348792340158e-01,4.131862521171569824e-02
9.695231843233211855e-01,4.187417775392532349e-02
9.700407735375109475e-01,4.228835925459861755e-02
9.705562204045906638e-01,4.626808688044548035e-02
9.710695425862072572e-01,4.606424272060394287e-02
9.715807575264980844e-01,4.096503183245658875e-02
9.720898824556483131e-01,4.274098202586174011e-02
9.725969343933753564e-01,4.084214940667152405e-02
9.731019301523425868e-01,4.494842514395713806e-02
9.736048863415051047e-01,4.421591013669967651e-02
9.741058193693864498e-01,3.922088444232940674e-02
9.746047454472911431e-01,4.750401899218559265e-02
9.751016805924528352e-01,4.208612069487571716e-02
9.755966406311196160e-01,4.313177987933158875e-02
9.760896412015778179e-01,4.492967575788497925e-02
9.765806977571178660e-01,4.345367476344108582e-02
9.770698255689393985e-01,4.376612231135368347e-02
9.775570397290020974e-01,4.342853277921676636e-02
9.780423551528188986e-01,4.051096737384796143e-02
9.785257865821964662e-01,3.970719128847122192e-02
9.790073485879217108e-01,4.008844494819641113e-02
9.794870555723972361e-01,4.381408542394638062e-02
9.799649217722257166e-01,4.107500240206718445e-02
9.804409612607448699e-01,4.502945765852928162e-02
9.809151879505149108e-01,4.271018877625465393e-02
9.813876155957582670e-01,4.362556710839271545e-02
9.818582577947522205e-01,4.338950291275978088e-02
9.823271279921788057e-01,3.884429857134819031e-02
9.827942394814285221e-01,3.718788921833038330e-02
9.832596054068621916e-01,4.427340254187583923e-02
9.837232387660300725e-01,3.972069174051284790e-02
9.841851524118500061e-01,4.060876742005348206e-02
9.846453590547458168e-01,4.067279025912284851e-02
9.851038712647456341e-01,4.166346415877342224e-02
9.855607014735416893e-01,4.092758148908615112e-02
9.860158619765134747e-01,4.049988463521003723e-02
9.864693649347128224e-01,3.992937877774238586e-02
9.869212223768137893e-01,3.767259418964385986e-02
9.873714462010267923e-01,3.907324373722076416e-02
9.878200481769786601e-01,4.101309180259704590e-02
9.882670399475590450e-01,4.056752100586891174e-02
9.887124330307329734e-01,4.208160564303398132e-02
9.891562388213219759e-01,4.107496887445449829e-02
9.895984685927537994e-01,4.042170196771621704e-02
9.900391334987792558e-01,4.384978488087654114e-02
9.904782445751618702e-01,3.851535543799400330e-02
9.909158127413351114e-01,3.688665479421615601e-02
9.913518488020321984e-01,3.563674911856651306e-02
9.917863634488863767e-01,3.960808366537094116e-02
9.922193672620044369e-01,3.673685714602470398e-02
9.926508707115127006e-01,3.684909269213676453e-02
9.930808841590750280e-01,3.818378970026969910e-02
9.935094178593870673e-01,3.652490302920341492e-02
9.939364819616427482e-01,3.777967393398284912e-02
9.943620865109770168e-01,3.744913637638092041e-02
9.947862414498830352e-01,3.844459354877471924e-02
9.952089566196063997e-01,3.781474381685256958e-02
9.956302417615148226e-01,3.735503181815147400e-02
9.960501065184451663e-01,3.832047805190086365e-02
9.964685604360280502e-01,3.735656663775444031e-02
9.968856129639893648e-01,3.696423768997192383e-02
9.973012734574321358e-01,3.580678999423980713e-02
9.977155511780934072e-01,3.859949856996536255e-02
9.981284552955845824e-01,3.334339708089828491e-02
9.985399948886086730e-01,3.666536137461662292e-02
9.989501789461571191e-01,3.556689620018005371e-02
9.993590163686890682e-01,3.492033481597900391e-02
9.997665159692894488e-01,3.486461564898490906e-02
1.000172686474809280e+00,3.491933643817901611e-02
1.000577536526986444e+00,3.677468374371528625e-02
1.000981074683550132e+00,3.719075024127960205e-02
1.001383309419304757e+00,3.856232389807701111e-02
1.001784249127199100e+00,3.292327374219894409e-02
1.002183902119376580e+00,4.120248556137084961e-02
1.002582276628208646e+00,3.661324456334114075e-02
1.002979380807313747e+00,3.583099693059921265e-02
1.003375222732556971e+00,3.067725896835327148e-02
1.003769810403037033e+00,3.755230456590652466e-02
1.004163151742054838e+00,3.704353049397468567e-02
1.004555254598069158e+00,3.432920202612876892e-02
1.004946126745635659e+00,3.679558262228965759e-02
1.005335775886332383e+00,3.495775535702705383e-02
1.005724209649669243e+00,3.495045006275177002e-02
1.006111435593985970e+00,3.299707174301147461e-02
1.006497461207332744e+00,3.425299376249313354e-02
1.006882293908340609e+00,3.483420982956886292e-02
1.007265941047076563e+00,3.633823990821838379e-02
1.007648409905884446e+00,3.480332344770431519e-02
1.008029707700216937e+00,3.618487715721130371e-02
1.008409841579450017e+00,2.956772409379482269e-02
1.008788818627688322e+00,3.047811798751354218e-02
1.009166645864557399e+00,3.139183297753334045e-02
1.009543330245983528e+00,3.386032208800315857e-02
1.009918878664961772e+00,3.242198005318641663e-02
1.010293297952313818e+00,3.342254459857940674e-02
1.010666594877432933e+00,3.114000894129276276e-02
1.011038776149017382e+00,3.377541527152061462e-02
1.011409848415795842e+00,3.190767765045166016e-02
1.011779818267238173e+00,3.670270368456840515e-02
1.012148692234258851e+00,3.672534599900245667e-02
1.012516476789907527e+00,3.315171599388122559e-02
1.012883178350051816e+00,2.794770523905754089e-02
1.013248803274048315e+00,3.343589603900909424e-02
1.013613357865403852e+00,2.776459977030754089e-02
1.013976848372428075e+00,3.270521387457847595e-02
1.014339280988876046e+00,3.186668455600738525e-02
1.014700661854581742e+00,3.139077126979827881e-02
1.015060997056081327e+00,3.632656857371330261e-02
1.015420292627228438e+00,3.018413297832012177e-02
1.015778554549801704e+00,3.341410309076309204e-02
1.016135788754100266e+00,3.159726411104202271e-02
1.016492001119534416e+00,3.132750466465950012e-02
1.016847197475205133e+00,3.203487768769264221e-02
1.017201383600477627e+00,3.134977817535400391e-02
1.017554565225543772e+00,3.137983381748199463e-02
1.017906748031980557e+00,3.533723577857017517e-02
1.018257937653296308e+00,3.266198560595512390e-02
1.018608139675472923e+00,3.035375475883483887e-02
1.018957359637498561e+00,3.186205402016639709e-02
1.019305603031892771e+00,3.202928230166435242e-02
1.019652875305225859e+00,3.142820298671722412e-02
1.019999181858628701e+00,3.404860943555831909e-02
1.020344528048298338e+00,2.898588404059410095e-02
1.020688919185994026e+00,2.715109474956989288e-02
1.021032360539526618e+00,3.049511648714542389e-02
1.021374857333244179e+00,3.029304929077625275e-02
1.021716414748507384e+00,2.993522211909294128e-02
1.022057037924160028e+00,3.107710368931293488e-02
1.022396731956993099e+00,3.167097643017768860e-02
1.022735501902202415e+00,3.304261341691017151e-02
1.023073352773839595e+00,2.862437814474105835e-02
1.023410289545258145e+00,2.891721762716770172e-02
1.023746317149551999e+00,3.266964480280876160e-02
1.024081440479988947e+00,2.871059067547321320e-02
1.024415664390438963e+00,3.127673640847206116e-02
1.024748993695794530e+00,2.630388550460338593e-02
1.025081433172388756e+00,2.600425295531749725e-02
1.025412987558404376e+00,2.933082729578018188e-02
1.025743661554279651e+00,3.248208761215209961e-02
1.026073459823108491e+00,2.892864495515823364e-02
1.026402386991034144e+00,2.931826561689376831e-02
1.026730447647639544e+00,3.079023025929927826e-02
1.027057646346330788e+00,3.095625899732112885e-02
1.027383987604717275e+00,3.071567974984645844e-02
1.027709475904984293e+00,3.083981759846210480e-02
1.028034115694264727e+00,2.637785859405994415e-02
1.028357911385000767e+00,3.198198601603507996e-02
1.028680867355306727e+00,2.888353727757930756e-02
1.029002987949322323e+00,2.669438906013965607e-02
1.029324277477563943e+00,2.940650098025798798e-02
1.029644740217270149e+00,2.947453409433364868e-02
1.029964380412744296e+00,2.712793089449405670e-02
1.030283202275691368e+00,3.167538717389106750e-02
1.030601209985550382e+00,2.820115350186824799e-02
1.030918407689824123e+00,3.162028267979621887e-02
1.031234799504403110e+00,2.913614548742771149e-02
1.031550389513886223e+00,3.043577261269092560e-02
1.031865181771896678e+00,2.682051807641983032e-02
1.032179180301394883e+00,2.858810871839523315e-02
1.032492389094987750e+00,3.224748745560646057e-02
1.032804812115231341e+00,2.723932825028896332e-02
1.033116453294932846e+00,2.460228651762008667e-02
1.033427316537448126e+00,3.084834478795528412e-02
1.033737405716973701e+00,2.719396166503429413e-02
1.034046724678837625e+00,3.019853122532367706e-02
1.034355277239785043e+00,2.656390890479087830e-02
1.034663067188260843e+00,2.887749485671520233e-02
1.034970098284689000e+00,2.498246170580387115e-02
1.035276374261747678e+00,2.603818103671073914e-02
1.035581898824642355e+00,2.719785459339618683e-02
1.035886675651374045e+00,2.789648622274398804e-02
1.036190708393005089e+00,2.319579571485519409e-02
1.036494000673921834e+00,2.554297260940074921e-02
1.036796556092093757e+00,3.143171221017837524e-02
1.037098378219329486e+00,2.916818484663963318e-02
1.037399470601530371e+00,2.817465551197528839e-02
1.037699836758939176e+00,2.853338420391082764e-02
1.037999480186387879e+00,2.491273172199726105e-02
1.038298404353542592e+00,3.099927306175231934e-02
1.038596612705142253e+00,2.550671063363552094e-02
1.038894108661239324e+00,2.674628421664237976e-02
1.039190895617432941e+00,2.460713870823383331e-02
1.039486976945103391e+00,2.484049089252948761e-02
1.039782355991640594e+00,2.791832387447357178e-02
1.040077036080671258e+00,2.704858966171741486e-02
1.040371020512284472e+00,2.648370526731014252e-02
1.040664312563251759e+00,2.761300466954708099e-02
1.040956915487247780e+00,2.521822787821292877e-02
1.041248832515065281e+00,2.709569782018661499e-02
1.041540066854830915e+00,2.414826117455959320e-02
1.041830621692215075e+00,2.801520004868507385e-02
1.042120500190642618e+00,3.071893937885761261e-02
1.042409705491498029e+00,2.789033949375152588e-02
1.042698240714331037e+00,2.296365238726139069e-02
1.042986108957056901e+00,2.640372887253761292e-02
1.043273313296157800e+00,2.657097764313220978e-02
1.043559856786878681e+00,2.475935034453868866e-02
1.043845742463423321e+00,2.540591731667518616e-02
1.044130973339145729e+00,2.715882286429405212e-02
1.044415552406742664e+00,2.532133460044860840e-02
1.044699482638440147e+00,2.557050064206123352e-02
1.044982766986180645e+00,2.700802311301231384e-02
1.045265408381807815e+00,2.514063008129596710e-02
1.045547409737247024e+00,2.670075558125972748e-02
1.045828773944686541e+00,2.404566481709480286e-02
1.046109503876754943e+00,2.201634272933006287e-02
1.046389602386697648e+00,2.713993191719055176e-02
1.046669072308550552e+00,2.760344557464122772e-02
1.046947916457311445e+00,2.439148537814617157e-02
1.047226137629112097e+00,2.285883575677871704e-02
1.047503738601383461e+00,2.385797724127769470e-02
1.047780722133025755e+00,2.769066207110881805e-02
1.048057090964569005e+00,2.147474139928817749e-02
1.048332847818339131e+00,2.561633475124835968e-02
1.048607995398616932e+00,2.597055025398731232e-02
1.048882536391797515e+00,2.747545018792152405e-02
1.049156473466548611e+00,2.315306477248668671e-02
1.049429809273964453e+00,2.517087385058403015e-02
1.049702546447721652e+00,2.125385217368602753e-02
1.049974687604229739e+00,2.319819107651710510e-02
1.050246235342783496e+00,2.117995731532573700e-02
1.050517192245710163e+00,2.393291518092155457e-02
1.050787560878518212e+00,2.455440722405910492e-02
1.051057343790041898e+00,2.395441569387912750e-02
1.051326543512586698e+00,2.345510199666023254e-02
1.051595162562070973e+00,2.229865826666355133e-02
1.051863203438167194e+00,2.426669560372829437e-02
1.052130668624441823e+00,2.272904291749000549e-02
1.052397560588493430e+00,2.319142408668994904e-02
1.052663881782088584e+00,2.363768033683300018e-02
1.052929634641297962e+00,2.612835727632045746e-02
1.053194821586629137e+00,2.160659432411193848e-02
1.053459445023159802e+00,2.281131781637668610e-02
1.053723507340667886e+00,2.149763144552707672e-02
1.053987010913761235e+00,2.245010435581207275e-02
1.054249958102005946e+00,2.460042014718055725e-02
1.054512351250053159e+00,2.351386658847332001e-02
1.054774192687763623e+00,2.108643017709255219e-02
1.055035484730333373e+00,2.316952683031558990e-02
1.055296229678415632e+00,1.903240755200386047e-02
1.055556429818242048e+00,2.386236377060413361e-02
1.055816087421743488e+00,2.337463386356830597e-02
1.056075204746669272e+00,2.122815884649753571e-02
1.056333784036704415e+00,2.404525689780712128e-02
1.056591827521585980e+00,1.890467107295989990e-02
1.056849337417219870e+00,1.983280852437019348e-02
1.057106315925792961e+00,2.056396938860416412e-02
1.057362765235888125e+00,2.454524300992488861e-02
1.057618687522594580e+00,2.428603544831275940e-02
1.057874084947619142e+00,2.010421827435493469e-02
1.058128959659395685e+00,2.579493261873722076e-02
1.058383313793193725e+00,2.356376312673091888e-02
1.058637149471225669e+00,2.162798494100570679e-02
1.058890468802753171e+00,2.279859967529773712e-02
1.059143273884191716e+00,1.972186379134654999e-02
1.059395566799215871e+00,2.105459384620189667e-02
1.059647349618861201e+00,2.212750352919101715e-02
1.059898624401626854e+00,2.280131354928016663e-02
1.060149393193576151e+00,2.098187431693077087e-02
1.060399658028437164e+00,1.936330646276473999e-02
1.060649420927701092e+00,2.113333716988563538e-02
1.060898683900720396e+00,2.538938447833061218e-02
1.061147448944806282e+00,2.045853994786739349e-02
1.061395718045323511e+00,2.397774718701839447e-02
1.061643493175787212e+00,2.164551988244056702e-02
1.061890776297955252e+00,2.244315855205059052e-02
1.062137569361922607e+00,2.133483625948429108e-02
1.062383874306212839e+00,2.066371403634548187e-02
1.062629693057871361e+00,2.435510233044624329e-02
1.062875027532552030e+00,2.016584016382694244e-02
1.063119879634610854e+00,2.267627045512199402e-02
1.063364251257192583e+00,2.314963750541210175e-02
1.063608144282318646e+00,2.197520062327384949e-02
1.063851560580974631e+00,2.196563221514225006e-02
1.064094502013195553e+00,2.029867842793464661e-02
1.064336970428152451e+00,1.930261775851249695e-02
1.064578967664236098e+00,2.232224866747856140e-02
1.064820495549139601e+00,2.196422591805458069e-02
1.065061555899943668e+00,1.913160458207130432e-02
1.065302150523196101e+00,1.841496862471103668e-02
1.065542281214995057e+00,2.086297981441020966e-02
1.065781949761068104e+00,2.116533368825912476e-02
1.066021157936851926e+00,2.122993767261505127e-02
1.066259907507572713e+00,2.462845295667648315e-02
1.066498200228322535e+00,2.300283312797546387e-02
1.066736037844138396e+00,2.678475342690944672e-02
1.066973422090076618e+00,2.196812070906162262e-02
