# kappa, accuracy
0.000000000000000000e+00,5.618888735771179199e-01
3.461827326661891524e-01,6.327777504920959473e-01
4.394827112966996352e-01,6.585555672645568848e-01
4.956746443694430293e-01,6.779999732971191406e-01
5.360122852255014836e-01,6.909999847412109375e-01
5.675008780526046293e-01,7.011111378669738770e-01
5.933329238803596306e-01,7.026110887527465820e-01
6.152345099545659668e-01,7.070555686950683594e-01
6.342452560770623915e-01,7.172777652740478516e-01
6.510400769799845611e-01,7.177777886390686035e-01
6.660820476791378120e-01,7.203888893127441406e-01
6.797027208708846802e-01,7.124999761581420898e-01
6.921476539797639660e-01,7.099444270133972168e-01
7.036037964960988322e-01,7.128888964653015137e-01
7.142167741132579017e-01,7.171666622161865234e-01
7.241022364585155691e-01,7.275000214576721191e-01
7.333535586294365194e-01,7.067777514457702637e-01
7.420472179327368689e-01,7.171666622161865234e-01
7.502466402121589217e-01,7.284444570541381836e-01
7.580050104602878980e-01,7.249444723129272461e-01
7.653673653500457918e-01,7.171111106872558594e-01
7.723721771782414702e-01,7.114444375038146973e-01
7.790525707043324255e-01,7.287777662277221680e-01
7.854372704763322721e-01,7.311111092567443848e-01
7.915513472476143342e-01,7.289444208145141602e-01
7.974168125414543562e-01,7.302777767181396484e-01
8.030530969901121807e-01,7.215555310249328613e-01
8.084774386894360010e-01,7.322777509689331055e-01
8.137052011478815849e-01,7.286111116409301758e-01
8.187501356122856011e-01,7.321110963821411133e-01
8.236245990538422213e-01,7.321666479110717773e-01
8.283397365144528068e-01,7.135000228881835938e-01
8.329056345848941945e-01,7.106666564941406250e-01
8.373314513312223317e-01,7.275000214576721191e-01
8.416255268775051368e-01,7.262777686119079590e-01
8.457954780010913387e-01,7.266111373901367188e-01
8.498482794363069193e-01,7.312777638435363770e-01
8.537903340665704555e-01,7.293888926506042480e-01
8.576275337788618058e-01,7.273889183998107910e-01
8.613653124326147159e-01,7.272222042083740234e-01
8.650086921383054461e-01,7.307222485542297363e-01
8.685623238348366693e-01,7.265555262565612793e-01
8.720305229883084097e-01,7.241666913032531738e-01
8.754173010995450754e-01,7.069444656372070312e-01
8.787263935973492757e-01,7.161666750907897949e-01
8.819612846038628051e-01,7.262777686119079590e-01
8.851252289837232556e-01,7.296666502952575684e-01
8.882212720268473083e-01,7.324444651603698730e-01
8.912522670632028188e-01,7.241666913032531738e-01
8.942208912649514119e-01,7.298333048820495605e-01
8.971296598552842561e-01,7.318888902664184570e-01
8.999809389129300730e-01,7.267222404479980469e-01
9.027769569356661750e-01,7.293888926506042480e-01
9.055198153044237142e-01,7.295555472373962402e-01
9.082114977710822323e-01,7.278888821601867676e-01
9.108538790772624516e-01,7.283889055252075195e-01
9.134487327979141646e-01,7.271111011505126953e-01
9.159977384918920329e-01,7.293333411216735840e-01
9.185024882317217587e-01,7.272222042083740234e-01
9.209644925761325540e-01,7.282778024673461914e-01
9.233851860414628021e-01,7.246666550636291504e-01
9.257659321215643278e-01,7.283333539962768555e-01
9.281080279001894251e-01,7.288333177566528320e-01
9.304127082949266159e-01,7.242222428321838379e-01
9.326811499674494410e-01,7.279444336891174316e-01
9.349144749310758229e-01,7.220000028610229492e-01
9.371137538833274050e-01,7.278888821601867676e-01
9.392800092882662710e-01,7.278333306312561035e-01
9.414142182308219420e-01,7.281666398048400879e-01
9.435173150630526973e-01,7.266666889190673828e-01
9.455901938602829793e-01,7.269444465637207031e-01
9.476337107032726248e-01,7.274444699287414551e-01
9.496486858010020349e-01,7.273889183998107910e-01
9.516359054672431927e-01,7.264444231986999512e-01
9.535961239628425457e-01,7.271666526794433594e-01
9.555300652145114482e-01,7.262222170829772949e-01
9.574384244199319882e-01,7.258333563804626465e-01
9.593218695480800751e-01,7.256666421890258789e-01
9.611810427428695291e-01,7.263888716697692871e-01
9.630165616374996018e-01,7.263888716697692871e-01
9.648290205862344315e-01,7.260000109672546387e-01
9.666189918197639619e-01,7.251666784286499023e-01
9.683870265297650493e-01,7.242222428321838379e-01
9.701336558878056460e-01,7.246111035346984863e-01
9.718593920033055111e-01,7.252777814865112305e-01
9.735647288248754361e-01,7.232778072357177734e-01
9.752501429890048090e-01,7.073333263397216797e-01
9.769160946197441575e-01,6.864444613456726074e-01
9.785630280827418703e-01,6.800555586814880371e-01
9.801913726967242946e-01,7.212777733802795410e-01
9.818015434052707047e-01,7.285000085830688477e-01
9.833939414115113742e-01,7.273333072662353516e-01
9.849689547781789178e-01,7.266111373901367188e-01
9.865269589952581075e-01,7.271666526794433594e-01
9.880683175173088362e-01,7.278333306312561035e-01
9.895933822723896878e-01,7.275555729866027832e-01
9.911024941443611347e-01,7.287777662277221680e-01
9.925959834302241491e-01,7.289999723434448242e-01
9.940741702740284458e-01,7.266666889190673828e-01
9.955373650787749940e-01,7.278888821601867676e-01
9.969858688976408478e-01,7.261111140251159668e-01
9.984199738057571993e-01,7.261666655540466309e-01
9.998399632536920656e-01,7.261111140251159668e-01
1.001246112403703536e+00,7.262222170829772949e-01
1.002638688449765558e+00,7.266111373901367188e-01
1.004017950922294622e+00,7.269444465637207031e-01
1.005384151978448104e+00,7.267777919769287109e-01
1.006737536678804279e+00,7.259444594383239746e-01
1.008078343251186393e+00,7.269999980926513672e-01
1.009406803342339565e+00,7.266111373901367188e-01
1.010723142258123541e+00,7.268333435058593750e-01
1.012027579192848803e+00,7.247777581214904785e-01
1.013320327448336444e+00,7.262777686119079590e-01
1.014601594643249616e+00,7.263333201408386230e-01
1.015871582913212112e+00,7.258333563804626465e-01
1.017130489102194613e+00,7.263333201408386230e-01
1.018378504945622876e+00,7.265555262565612793e-01
1.019615817245634659e+00,7.266111373901367188e-01
1.020842608038882160e+00,7.257778048515319824e-01
1.022059054757263885e+00,7.255555391311645508e-01
1.023265330381933014e+00,7.260555624961853027e-01
1.024461603590922865e+00,7.251666784286499023e-01
1.025648038900700998e+00,7.256110906600952148e-01
1.026824796801949935e+00,7.251111268997192383e-01
1.027992033889855161e+00,7.267777919769287109e-01
1.029149902989165977e+00,7.252222299575805664e-01
1.030298553274274997e+00,7.261111140251159668e-01
1.031438130384557006e+00,7.261666655540466309e-01
1.032568776535188082e+00,7.254999876022338867e-01
1.033690630623655071e+00,7.261666655540466309e-01
1.034803828332156117e+00,7.257221937179565430e-01
1.035908502226080330e+00,7.248888611793518066e-01
1.037004781848746893e+00,7.246666550636291504e-01
1.038092793812570136e+00,7.249444723129272461e-01
1.039172661886813787e+00,7.252222299575805664e-01
1.040244507082084713e+00,7.251666784286499023e-01
1.041308447731711606e+00,7.253888845443725586e-01
1.042364599570143602e+00,7.255555391311645508e-01
1.043413075808501844e+00,7.262777686119079590e-01
1.044453987207404122e+00,7.250555753707885742e-01
1.045487442147180923e+00,7.251666784286499023e-01
1.046513546695595931e+00,7.259444594383239746e-01
1.047532404673173989e+00,7.254999876022338867e-01
1.048544117716237789e+00,7.260000109672546387e-01
1.049548785337751866e+00,7.256110906600952148e-01
1.050546504986060059e+00,7.257778048515319824e-01
1.051537372101607692e+00,7.242777943611145020e-01
1.052521480171728196e+00,7.255555391311645508e-01
1.053498920783574766e+00,7.254444360733032227e-01
1.054469783675269001e+00,7.244444489479064941e-01
1.055434156785342470e+00,7.248888611793518066e-01
1.056392126300535139e+00,7.247222065925598145e-01
1.057343776702017069e+00,7.245000004768371582e-01
1.058289190810097091e+00,7.248333096504211426e-01
1.059228449827474439e+00,7.243888974189758301e-01
1.060161633381093926e+00,7.243888974189758301e-01
1.061088819562651775e+00,7.247222065925598145e-01
1.062010084967813572e+00,7.253333330154418945e-01
1.062925504734183457e+00,7.249444723129272461e-01
1.063835152578079368e+00,7.246666550636291504e-01
1.064739100830153884e+00,7.253888845443725586e-01
1.065637420469907282e+00,7.250000238418579102e-01
1.066530181159133228e+00,7.250555753707885742e-01
1.067417451274333962e+00,7.246666550636291504e-01
1.068299297938147152e+00,7.239999771118164062e-01
1.069175787049816417e+00,7.248888611793518066e-01
1.070046983314742572e+00,7.249444723129272461e-01
1.070912950273147812e+00,7.247222065925598145e-01
1.071773750327884800e+00,7.246666550636291504e-01
1.072629444771420193e+00,7.248333096504211426e-01
1.073480093812024583e+00,7.247222065925598145e-01
1.074325756599193049e+00,7.247222065925598145e-01
1.075166491248325862e+00,7.250000238418579102e-01
1.076002354864693089e+00,7.247222065925598145e-01
1.076833403566711089e+00,7.256110906600952148e-01
1.077659692508550648e+00,7.247777581214904785e-01
1.078481275902101411e+00,7.244444489479064941e-01
1.079298207038315915e+00,7.248888611793518066e-01
1.080110538307950785e+00,7.248888611793518066e-01
1.080918321221729039e+00,7.251111268997192383e-01
1.081721606429938864e+00,7.247222065925598145e-01
1.082520443741493033e+00,7.249444723129272461e-01
1.083314882142459856e+00,7.258889079093933105e-01
1.084104969814089658e+00,7.245000004768371582e-01
1.084890754150348968e+00,7.254444360733032227e-01
1.085672281774979098e+00,7.246111035346984863e-01
1.086449598558097751e+00,7.248888611793518066e-01
1.087222749632352325e+00,7.252777814865112305e-01
1.087991779408645554e+00,7.242222428321838379e-01
1.088756731591442373e+00,7.246111035346984863e-01
1.089517649193674886e+00,7.250555753707885742e-01
1.090274574551254316e+00,7.246111035346984863e-01
1.091027549337205249e+00,7.243888974189758301e-01
1.091776614575433957e+00,7.248888611793518066e-01
1.092521810654138559e+00,7.238333225250244141e-01
1.093263177338877901e+00,7.247777581214904785e-01
1.094000753785302704e+00,7.238888740539550781e-01
1.094734578551566528e+00,7.245000004768371582e-01
1.095464689610420317e+00,7.243888974189758301e-01
1.096191124361002522e+00,7.245555520057678223e-01
1.096913919640335466e+00,7.243333458900451660e-01
1.097633111734533706e+00,7.244444489479064941e-01
1.098348736389734848e+00,7.238888740539550781e-01
1.099060828822760572e+00,7.253888845443725586e-01
1.099769423731516094e+00,7.235000133514404297e-01
1.100474555305135382e+00,7.243888974189758301e-01
1.101176257233879019e+00,7.241666913032531738e-01
1.101874562718792916e+00,7.238888740539550781e-01
1.102569504481135887e+00,7.252777814865112305e-01
1.103261114771578510e+00,7.257778048515319824e-01
1.103949425379183502e+00,7.245555520057678223e-01
1.104634467640175810e+00,7.241111397743225098e-01
1.105316272446499548e+00,7.245000004768371582e-01
1.105994870254179974e+00,7.247777581214904785e-01
1.106670291091484959e+00,7.250000238418579102e-01
1.107342564566899501e+00,7.241111397743225098e-01
1.108011719876912604e+00,7.244444489479064941e-01
1.108677785813627414e+00,7.239444255828857422e-01
1.109340790772193275e+00,7.251666784286499023e-01
1.110000762758070358e+00,7.246111035346984863e-01
1.110657729394127324e+00,7.240555286407470703e-01
1.111311717927579767e+00,7.241666913032531738e-01
1.111962755236769018e+00,7.247777581214904785e-01
1.112610867837792838e+00,7.237222194671630859e-01
1.113256081890984239e+00,7.243888974189758301e-01
1.113898423207247967e+00,7.243333458900451660e-01
1.114537917254256660e+00,7.249444723129272461e-01
1.115174589162508223e+00,7.250555753707885742e-01
1.115808463731253308e+00,7.237222194671630859e-01
1.116439565434290682e+00,7.257221937179565430e-01
1.117067918425636686e+00,7.248333096504211426e-01
1.117693546545073691e+00,7.248333096504211426e-01
1.118316473323575311e+00,7.247777581214904785e-01
1.118936721988619043e+00,7.252222299575805664e-01
1.119554315469381889e+00,7.246111035346984863e-01
1.120169276401826730e+00,7.256110906600952148e-01
1.120781627133680569e+00,7.258889079093933105e-01
1.121391389729308408e+00,7.250000238418579102e-01
1.121998585974481655e+00,7.253888845443725586e-01
1.122603237381051056e+00,7.253333330154418945e-01
1.123205365191517702e+00,7.251111268997192383e-01
1.123804990383512559e+00,7.260000109672546387e-01
1.124402133674180293e+00,7.251666784286499023e-01
1.124996815524475613e+00,7.248333096504211426e-01
1.125589056143369238e+00,7.251111268997192383e-01
1.126178875491968823e+00,7.249444723129272461e-01
1.126766293287555731e+00,7.251111268997192383e-01
1.127351329007540537e+00,7.256110906600952148e-01
1.127934001893337479e+00,7.250000238418579102e-01
1.128514330954162537e+00,7.252777814865112305e-01
1.129092334970754008e+00,7.246111035346984863e-01
1.129668032499018926e+00,7.251666784286499023e-01
1.130241441873609531e+00,7.251666784286499023e-01
1.130812581211424028e+00,7.254999876022338867e-01
1.131381468415043612e+00,7.250555753707885742e-01
1.131948121176098443e+00,7.255555391311645508e-01
1.132512556978569451e+00,7.251666784286499023e-01
1.133074793102025080e+00,7.237777709960937500e-01
1.133634846624794745e+00,7.257778048515319824e-01
1.134192734427083016e+00,7.241666913032531738e-01
1.134748473194021612e+00,7.236666679382324219e-01
1.135302079418663235e+00,7.250555753707885742e-01
1.135853569404919217e+00,7.249444723129272461e-01
1.136402959270440327e+00,7.254444360733032227e-01
1.136950264949443623e+00,7.254999876022338867e-01
1.137495502195484898e+00,7.255555391311645508e-01
1.138038686584179393e+00,7.263333201408386230e-01
1.138579833515872108e+00,7.247222065925598145e-01
1.139118958218257927e+00,7.257778048515319824e-01
1.139656075748951780e+00,7.242222428321838379e-01
1.140191200998013077e+00,7.245555520057678223e-01
1.140724348690421719e+00,7.260000109672546387e-01
1.141255533388509935e+00,7.254444360733032227e-01
1.141784769494348595e+00,7.248333096504211426e-01
1.142312071252090222e+00,7.251666784286499023e-01
1.142837452750269822e+00,7.249444723129272461e-01
1.143360927924062631e+00,7.253888845443725586e-01
1.143882510557502785e+00,7.256110906600952148e-01
1.144402214285660468e+00,7.250000238418579102e-01
1.144920052596780868e+00,7.258889079093933105e-01
1.145436038834385384e+00,7.249444723129272461e-01
1.145950186199333753e+00,7.246111035346984863e-01
1.146462507751850657e+00,7.248333096504211426e-01
1.146973016413516788e+00,7.248888611793518066e-01
1.147481724969224182e+00,7.247222065925598145e-01
1.147988646069097118e+00,7.247777581214904785e-01
1.148493792230379729e+00,7.246111035346984863e-01
1.148997175839290730e+00,7.257221937179565430e-01
1.149498809152845968e+00,7.253888845443725586e-01
1.149998704300648100e+00,7.248333096504211426e-01
1.150496873286648070e+00,7.256110906600952148e-01
1.150993327990873283e+00,7.252777814865112305e-01
1.151488080171128470e+00,7.253888845443725586e-01
1.151981141464666125e+00,7.250000238418579102e-01
1.152472523389828529e+00,7.247777581214904785e-01
1.152962237347662899e+00,7.249444723129272461e-01
1.153450294623509009e+00,7.251666784286499023e-01
1.153936706388558164e+00,7.251666784286499023e-01
1.154421483701388862e+00,7.251111268997192383e-01
1.154904637509474696e+00,7.251111268997192383e-01
1.155386178650668283e+00,7.255555391311645508e-01
1.155866117854658981e+00,7.248333096504211426e-01
1.156344465744408190e+00,7.251666784286499023e-01
1.156821232837559776e+00,7.253333330154418945e-01
1.157296429547828964e+00,7.254999876022338867e-01
1.157770066186364577e+00,7.255555391311645508e-01
1.158242152963094185e+00,7.255555391311645508e-01
1.158712699988042383e+00,7.249444723129272461e-01
1.159181717272631973e+00,7.253333330154418945e-01
1.159649214730960942e+00,7.248888611793518066e-01
1.160115202181059679e+00,7.253333330154418945e-01
1.160579689346128651e+00,7.248888611793518066e-01
1.161042685855755874e+00,7.238333225250244141e-01
1.161504201247113954e+00,7.230555415153503418e-01
1.161964244966140258e+00,7.241666913032531738e-01
1.162422826368695539e+00,7.228333353996276855e-01
1.162879954721705911e+00,7.239444255828857422e-01
1.163335639204287730e+00,7.245555520057678223e-01
1.163789888908851378e+00,7.238888740539550781e-01
1.164242712842191940e+00,7.242777943611145020e-01
1.164694119926558802e+00,7.246666550636291504e-01
1.165144119000712131e+00,7.240555286407470703e-01
1.165592718820960938e+00,7.243888974189758301e-01
1.166039928062184483e+00,7.243333458900451660e-01
1.166485755318839468e+00,7.245000004768371582e-01
1.166930209105951910e+00,7.242222428321838379e-01
1.167373297860091252e+00,7.241111397743225098e-01
1.167815029940332705e+00,7.242777943611145020e-01
1.168255413629202488e+00,7.242777943611145020e-01
1.168694457133610198e+00,7.240555286407470703e-01
1.169132168585766296e+00,7.243333458900451660e-01
1.169568556044086494e+00,7.237222194671630859e-01
1.170003627494080600e+00,7.239999771118164062e-01
1.170437390849230486e+00,7.239999771118164062e-01
1.170869853951853390e+00,7.241666913032531738e-01
1.171301024573952576e+00,7.234444618225097656e-01
1.171730910418055327e+00,7.238333225250244141e-01
1.172159519118039395e+00,7.235555648803710938e-01
1.172586858239944352e+00,7.235555648803710938e-01
1.173012935282776059e+00,7.234444618225097656e-01
1.173437757679292703e+00,7.238333225250244141e-01
1.173861332796786172e+00,7.233889102935791016e-01
1.174283667937846332e+00,7.247222065925598145e-01
1.174704770341117088e+00,7.237222194671630859e-01
1.175124647182041793e+00,7.241111397743225098e-01
1.175543305573594655e+00,7.235555648803710938e-01
1.175960752567005940e+00,7.242777943611145020e-01
1.176376995152474292e+00,5.202777981758117676e-01
1.176792040259867056e+00,5.247222185134887695e-01
1.177205894759415061e+00,5.283333063125610352e-01
1.177618565462393185e+00,5.318889021873474121e-01
1.178030059121794482e+00,5.337222218513488770e-01
1.178440382432991873e+00,5.371666550636291504e-01
1.178849542034392295e+00,5.392777919769287109e-01
1.179257544508081068e+00,5.416666865348815918e-01
1.179664396380458280e+00,5.431110858917236328e-01
1.180070104122862951e+00,5.435000061988830566e-01
1.180474674152192982e+00,5.436111092567443848e-01
1.180878112831512006e+00,5.450000166893005371e-01
1.181280426470652012e+00,5.458889007568359375e-01
1.181681621326803988e+00,5.468888878822326660e-01
1.182081703605101897e+00,5.488333106040954590e-01
1.182480679459199546e+00,5.498889088630676270e-01
1.182878554991837250e+00,5.532777905464172363e-01
1.183275336255402710e+00,5.568888783454895020e-01
1.183671029252483908e+00,5.655000209808349609e-01
1.184065639936412007e+00,5.734444260597229004e-01
1.184459174211800914e+00,5.673333406448364258e-01
1.184851637935077084e+00,5.931110978126525879e-01
1.185243036915000880e+00,6.388333439826965332e-01
1.185633376913184156e+00,7.055000066757202148e-01
1.186022663644597852e+00,7.146111130714416504e-01
1.186410902778075593e+00,6.911110877990722656e-01
1.186798099936807072e+00,7.239999771118164062e-01
1.187184260698828764e+00,7.163333296775817871e-01
1.187569390597504881e+00,7.250000238418579102e-01
1.187953495122002101e+00,7.058333158493041992e-01
1.188336579717762076e+00,6.957222223281860352e-01
1.188718649786961290e+00,7.304444313049316406e-01
1.189099710688970468e+00,7.263888716697692871e-01
1.189479767740804217e+00,7.230555415153503418e-01
1.189858826217567334e+00,7.301666736602783203e-01
1.190236891352893345e+00,7.268333435058593750e-01
1.190613968339377937e+00,7.308333516120910645e-01
1.190990062329007726e+00,7.350000143051147461e-01
1.191365178433581695e+00,7.329999804496765137e-01
1.191739321725129086e+00,7.349444627761840820e-01
1.192112497236319735e+00,7.329444289207458496e-01
1.192484709960871303e+00,7.238888740539550781e-01
1.192855964853948958e+00,7.250555753707885742e-01
1.193226266832562832e+00,7.302777767181396484e-01
1.193595620775957045e+00,7.248888611793518066e-01
1.193964031525997394e+00,7.305555343627929688e-01
1.194331503887550383e+00,7.312777638435363770e-01
1.194698042628860257e+00,7.322777509689331055e-01
1.195063652481919370e+00,7.285555601119995117e-01
1.195428338142836111e+00,7.319999933242797852e-01
1.195792104272195511e+00,7.319999933242797852e-01
1.196154955495417394e+00,7.315555810928344727e-01
1.196516896403108765e+00,7.297777533531188965e-01
1.196877931551412644e+00,7.308333516120910645e-01
1.197238065462352008e+00,7.292222380638122559e-01
1.197597302624170190e+00,7.314444184303283691e-01
1.197955647491664832e+00,7.302222251892089844e-01
1.198313104486521841e+00,7.343333363533020020e-01
1.198669677997640681e+00,7.272222042083740234e-01
1.199025372381458565e+00,7.242222428321838379e-01
1.199380191962270192e+00,7.295555472373962402e-01
1.199734141032541501e+00,7.326111197471618652e-01
1.200087223853223861e+00,7.285555601119995117e-01
1.200439444654059828e+00,7.325555682182312012e-01
1.200790807633887347e+00,7.332222461700439453e-01
1.201141316960941063e+00,7.334444522857666016e-01
1.201490976773148311e+00,7.352777719497680664e-01
1.201839791178422434e+00,7.302777767181396484e-01
1.202187764254951885e+00,7.322221994400024414e-01
1.202534900051487776e+00,7.329444289207458496e-01
1.202881202587624099e+00,7.335000038146972656e-01
1.203226675854079497e+00,7.326111197471618652e-01
1.203571323812971494e+00,7.325000166893005371e-01
1.203915150398089606e+00,7.332222461700439453e-01
1.204258159515165794e+00,7.329999804496765137e-01
1.204600355042138027e+00,7.328333258628845215e-01
1.204941740829417185e+00,7.325555682182312012e-01
1.205282320700143739e+00,7.313888669013977051e-01
1.205622098450445101e+00,7.331110835075378418e-01
1.205961077849691865e+00,7.325000166893005371e-01
1.206299262640745606e+00,7.329999804496765137e-01
1.206636656540209129e+00,7.323333621025085449e-01
1.206973263238670047e+00,7.318888902664184570e-01
1.207309086400944809e+00,7.325555682182312012e-01
1.207644129666315402e+00,7.321110963821411133e-01
1.207978396648768715e+00,7.321110963821411133e-01
1.208311890937228794e+00,7.317222356796264648e-01
1.208644616095788438e+00,7.323333621025085449e-01
1.208976575663938124e+00,7.318333387374877930e-01
1.209307773156791166e+00,7.322777509689331055e-01
1.209638212065308416e+00,7.321666479110717773e-01
1.209967895856516540e+00,7.318333387374877930e-01
1.210296827973729616e+00,7.325555682182312012e-01
1.210625011836762299e+00,7.310000061988830566e-01
1.210952450842143646e+00,7.312222123146057129e-01
1.211279148363329616e+00,7.324444651603698730e-01
1.211605107750908905e+00,7.316666841506958008e-01
1.211930332332811888e+00,7.312222123146057129e-01
1.212254825414512904e+00,7.313333153724670410e-01
1.212578590279231427e+00,7.311666607856750488e-01
1.212901630188133018e+00,7.317777872085571289e-01
1.213223948380524941e+00,7.310000061988830566e-01
1.213545548074052682e+00,7.312777638435363770e-01
1.213866432464889789e+00,7.314444184303283691e-01
1.214186604727931718e+00,7.321110963821411133e-01
1.214506068016982798e+00,7.313888669013977051e-01
1.214824825464942082e+00,7.313888669013977051e-01
1.215142880183988972e+00,7.317777872085571289e-01
1.215460235265764855e+00,7.315000295639038086e-01
1.215776893781552737e+00,7.316111326217651367e-01
1.216092858782457542e+00,7.312777638435363770e-01
1.216408133299579974e+00,7.316111326217651367e-01
1.216722720344193265e+00,7.315555810928344727e-01
1.217036622907914589e+00,7.311111092567443848e-01
1.217349843962875822e+00,7.308889031410217285e-01
1.217662386461892288e+00,7.316111326217651367e-01
1.217974253338630408e+00,7.311111092567443848e-01
1.218285447507772234e+00,7.308889031410217285e-01
1.218595971865179317e+00,7.314444184303283691e-01
1.218905829288054798e+00,7.311111092567443848e-01
1.219215022635101509e+00,7.310555577278137207e-01
1.219523554746682947e+00,7.316111326217651367e-01
1.219831428444977606e+00,7.308889031410217285e-01
1.220138646534135063e+00,7.308889031410217285e-01
1.220445211800428531e+00,7.312222123146057129e-01
1.220751127012407400e+00,7.318333387374877930e-01
1.221056394921045563e+00,7.306110858917236328e-01
1.221361018259892406e+00,7.306110858917236328e-01
1.221664999745216917e+00,7.308889031410217285e-01
1.221968342076155123e+00,7.309444546699523926e-01
1.222271047934852417e+00,7.303333282470703125e-01
1.222573119986607670e+00,7.306110858917236328e-01
1.222874560880011119e+00,7.310555577278137207e-01
1.223175373247086917e+00,7.310000061988830566e-01
1.223475559703429472e+00,7.303333282470703125e-01
1.223775122848338892e+00,7.307778000831604004e-01
1.224074065264958433e+00,7.306666374206542969e-01
1.224372389520406390e+00,7.312777638435363770e-01
1.224670098165908216e+00,7.313888669013977051e-01
1.224967193736929083e+00,7.302777767181396484e-01
1.225263678753301777e+00,7.303888797760009766e-01
1.225559555719355709e+00,7.306110858917236328e-01
1.225854827124044144e+00,7.304999828338623047e-01
1.226149495441068549e+00,7.307778000831604004e-01
1.226443563129004266e+00,7.310555577278137207e-01
1.226737032631423086e+00,7.306110858917236328e-01
1.227029906377014923e+00,7.308333516120910645e-01
1.227322186779708835e+00,7.303888797760009766e-01
1.227613876238792479e+00,7.304444313049316406e-01
1.227904977139028464e+00,7.303888797760009766e-01
1.228195491850774701e+00,7.302777767181396484e-01
1.228485422730097421e+00,7.306110858917236328e-01
1.228774772118886416e+00,7.304444313049316406e-01
1.229063542344969617e+00,7.304999828338623047e-01
1.229351735722224115e+00,7.304444313049316406e-01
1.229639354550688291e+00,7.305555343627929688e-01
1.229926401116671952e+00,7.304999828338623047e-01
1.230212877692864248e+00,7.297777533531188965e-01
1.230498786538443134e+00,7.304999828338623047e-01
1.230784129899181512e+00,7.301666736602783203e-01
1.231068910007553363e+00,7.301666736602783203e-01
1.231353129082837450e+00,7.301111221313476562e-01
1.231636789331223447e+00,7.304444313049316406e-01
1.231919892945912087e+00,7.302222251892089844e-01
1.232202442107218188e+00,7.305555343627929688e-01
1.232484438982671460e+00,7.297777533531188965e-01
1.232765885727116650e+00,7.300000190734863281e-01
1.233046784482811020e+00,7.304999828338623047e-01
1.233327137379523153e+00,7.305555343627929688e-01
1.233606946534629545e+00,7.304999828338623047e-01
1.233886214053210750e+00,7.299444675445556641e-01
1.234164942028146639e+00,7.301111221313476562e-01
1.234443132540209431e+00,7.296666502952575684e-01
1.234720787658158292e+00,7.299444675445556641e-01
1.234997909438830588e+00,7.302222251892089844e-01
1.235274499927233594e+00,7.303333282470703125e-01
1.235550561156635530e+00,7.303333282470703125e-01
1.235826095148655046e+00,7.301666736602783203e-01
1.236101103913348931e+00,7.297777533531188965e-01
1.236375589449301815e+00,7.301111221313476562e-01
1.236649553743712771e+00,7.297777533531188965e-01
1.236922998772480131e+00,7.302777767181396484e-01
1.237195926500289644e+00,7.295555472373962402e-01
1.237468338880696850e+00,7.302222251892089844e-01
1.237740237856212566e+00,7.299444675445556641e-01
1.238011625358384826e+00,7.294999957084655762e-01
1.238282503307881921e+00,7.294999957084655762e-01
1.238552873614573668e+00,7.302222251892089844e-01
1.238822738177612903e+00,7.299444675445556641e-01
1.239092098885513860e+00,7.302777767181396484e-01
1.239360957616233661e+00,7.301666736602783203e-01
1.239629316237248702e+00,7.300000190734863281e-01
1.239897176605634366e+00,7.301666736602783203e-01
1.240164540568140517e+00,7.304444313049316406e-01
1.240431409961269660e+00,7.304444313049316406e-01
1.240697786611350883e+00,7.301666736602783203e-01
1.240963672334615131e+00,7.296666502952575684e-01
1.241229068937271585e+00,7.299444675445556641e-01
1.241493978215578053e+00,7.300555706024169922e-01
1.241758401955916913e+00,7.298889160156250000e-01
1.242022341934864604e+00,7.293888926506042480e-01
