# n,accuracy
0.000000000000000000e+00,5.919444561004638672e-01
1.000734753857457804e+01,6.162777543067932129e-01
2.001469507714915608e+01,6.336666941642761230e-01
3.002204261572373412e+01,6.420000195503234863e-01
4.002939015429831215e+01,6.538888812065124512e-01
5.003673769287289019e+01,6.566110849380493164e-01
6.004408523144746823e+01,6.590555310249328613e-01
7.005143277002204627e+01,6.645555496215820312e-01
8.005878030859662431e+01,6.648333072662353516e-01
9.006612784717120235e+01,6.660000085830688477e-01
1.000734753857457804e+02,6.687222123146057129e-01
1.100808229243203584e+02,6.708333492279052734e-01
1.200881704628949365e+02,6.724444627761840820e-01
1.300955180014695145e+02,6.749444603919982910e-01
1.401028655400440925e+02,6.748333573341369629e-01
1.501102130786186706e+02,6.761111021041870117e-01
1.601175606171932486e+02,6.773333549499511719e-01
1.701249081557678267e+02,6.799444556236267090e-01
1.801322556943424047e+02,6.807777881622314453e-01
1.901396032329169827e+02,6.808333396911621094e-01
2.001469507714915608e+02,6.828333139419555664e-01
2.101542983100661388e+02,6.819999814033508301e-01
2.201616458486407168e+02,6.845555305480957031e-01
2.301689933872152949e+02,6.843888759613037109e-01
2.401763409257898729e+02,6.858333349227905273e-01
2.501836884643644510e+02,6.876111030578613281e-01
2.601910360029390290e+02,6.883888840675354004e-01
2.701983835415136355e+02,6.863889098167419434e-01
2.802057310800881851e+02,6.889444589614868164e-01
2.902130786186627347e+02,6.904444694519042969e-01
3.002204261572373412e+02,6.894444227218627930e-01
3.102277736958119476e+02,6.903889179229736328e-01
3.202351212343864972e+02,6.916666626930236816e-01
3.302424687729610469e+02,6.912222504615783691e-01
3.402498163115356533e+02,6.924444437026977539e-01
3.502571638501102598e+02,6.923888921737670898e-01
3.602645113886848094e+02,6.919444203376770020e-01
3.702718589272593590e+02,6.927777528762817383e-01
3.802792064658339655e+02,6.933888792991638184e-01
3.902865540044085719e+02,6.938889026641845703e-01
4.002939015429831215e+02,6.959999799728393555e-01
4.103012490815576712e+02,6.942777633666992188e-01
4.203085966201322776e+02,6.948888897895812988e-01
4.303159441587068841e+02,6.956666707992553711e-01
4.403232916972814337e+02,6.954444646835327148e-01
4.503306392358559833e+02,6.969444155693054199e-01
4.603379867744305898e+02,6.944444179534912109e-01
4.703453343130051962e+02,6.955000162124633789e-01
4.803526818515797459e+02,6.978333592414855957e-01
4.903600293901542955e+02,6.974444389343261719e-01
5.003673769287289019e+02,6.967777609825134277e-01
5.103747244673035084e+02,6.976110935211181641e-01
5.203820720058780580e+02,6.978333592414855957e-01
5.303894195444526076e+02,6.965000033378601074e-01
5.403967670830272709e+02,6.982222199440002441e-01
5.504041146216018205e+02,6.993888616561889648e-01
5.604114621601763702e+02,6.990000009536743164e-01
5.704188096987509198e+02,6.994444727897644043e-01
5.804261572373254694e+02,6.983333230018615723e-01
5.904335047759001327e+02,6.990000009536743164e-01
6.004408523144746823e+02,6.988333463668823242e-01
6.104481998530492319e+02,6.988333463668823242e-01
6.204555473916238952e+02,6.977221965789794922e-01
6.304628949301984449e+02,7.006666660308837891e-01
6.404702424687729945e+02,6.986666917800903320e-01
6.504775900073475441e+02,6.997222304344177246e-01
6.604849375459220937e+02,6.980000138282775879e-01
6.704922850844967570e+02,6.981666684150695801e-01
6.804996326230713066e+02,6.998333334922790527e-01
6.905069801616458562e+02,7.014999985694885254e-01
7.005143277002205195e+02,7.011111378669738770e-01
7.105216752387950692e+02,7.025555372238159180e-01
7.205290227773696188e+02,7.014999985694885254e-01
7.305363703159441684e+02,7.026110887527465820e-01
7.405437178545187180e+02,7.009444236755371094e-01
7.505510653930933813e+02,7.018333077430725098e-01
7.605584129316679309e+02,7.026110887527465820e-01
7.705657604702424806e+02,7.016111016273498535e-01
7.805731080088171439e+02,7.034444212913513184e-01
7.905804555473916935e+02,7.015555500984191895e-01
8.005878030859662431e+02,7.027222514152526855e-01
8.105951506245407927e+02,6.996666789054870605e-01
8.206024981631153423e+02,7.020000219345092773e-01
8.306098457016900056e+02,7.031666636466979980e-01
8.406171932402645552e+02,7.020555734634399414e-01
8.506245407788391049e+02,7.038333415985107422e-01
8.606318883174137682e+02,7.033333182334899902e-01
8.706392358559883178e+02,7.027222514152526855e-01
8.806465833945628674e+02,7.035555839538574219e-01
8.906539309331374170e+02,7.057777643203735352e-01
9.006612784717119666e+02,7.027222514152526855e-01
9.106686260102866299e+02,7.037222385406494141e-01
9.206759735488611796e+02,7.024999856948852539e-01
9.306833210874357292e+02,7.016111016273498535e-01
9.406906686260103925e+02,7.047222256660461426e-01
9.506980161645849421e+02,7.041666507720947266e-01
9.607053637031594917e+02,7.027222514152526855e-01
9.707127112417340413e+02,7.037777900695800781e-01
9.807200587803085909e+02,7.036666870117187500e-01
9.907274063188832542e+02,7.042777538299560547e-01
1.000734753857457804e+03,7.039999961853027344e-01
1.010742101396032353e+03,7.060555815696716309e-01
1.020749448934607017e+03,7.053889036178588867e-01
1.030756796473181566e+03,7.043889164924621582e-01
1.040764144011756116e+03,7.045000195503234863e-01
1.050771491550330666e+03,7.052222490310668945e-01
1.060778839088905215e+03,7.036111354827880859e-01
1.070786186627479765e+03,7.045555710792541504e-01
1.080793534166054542e+03,7.053333520889282227e-01
1.090800881704629091e+03,7.047222256660461426e-01
1.100808229243203641e+03,7.049444317817687988e-01
1.110815576781778191e+03,7.053889036178588867e-01
1.120822924320352740e+03,7.056111097335815430e-01
1.130830271858927290e+03,7.056666612625122070e-01
1.140837619397501840e+03,7.057222127914428711e-01
1.150844966936076389e+03,7.046666741371154785e-01
1.160852314474650939e+03,7.051110863685607910e-01
1.170859662013225716e+03,7.077222466468811035e-01
1.180867009551800265e+03,7.058888673782348633e-01
1.190874357090374815e+03,7.045555710792541504e-01
1.200881704628949365e+03,7.056111097335815430e-01
1.210889052167523914e+03,7.055000066757202148e-01
1.220896399706098464e+03,7.073333263397216797e-01
1.230903747244673013e+03,7.063333392143249512e-01
1.240911094783247790e+03,7.060555815696716309e-01
1.250918442321822340e+03,7.076110839843750000e-01
1.260925789860396890e+03,7.052222490310668945e-01
1.270933137398971439e+03,7.056666612625122070e-01
1.280940484937545989e+03,7.052222490310668945e-01
1.290947832476120539e+03,7.063888907432556152e-01
1.300955180014695088e+03,7.063333392143249512e-01
1.310962527553269638e+03,7.062777876853942871e-01
1.320969875091844187e+03,7.066110968589782715e-01
1.330977222630418964e+03,7.069444656372070312e-01
1.340984570168993514e+03,7.063888907432556152e-01
1.350991917707568064e+03,7.071111202239990234e-01
1.360999265246142613e+03,7.079444527626037598e-01
1.371006612784717163e+03,7.064999938011169434e-01
1.381013960323291712e+03,7.079444527626037598e-01
1.391021307861866262e+03,7.087777853012084961e-01
1.401028655400441039e+03,7.072222232818603516e-01
1.411036002939015589e+03,7.055000066757202148e-01
1.421043350477590138e+03,7.059444189071655273e-01
1.431050698016164688e+03,7.077777981758117676e-01
1.441058045554739238e+03,7.075555324554443359e-01
1.451065393093313787e+03,7.068333625793457031e-01
1.461072740631888337e+03,7.066666483879089355e-01
1.471080088170462886e+03,7.064999938011169434e-01
1.481087435709037436e+03,7.067777514457702637e-01
1.491094783247612213e+03,7.058333158493041992e-01
1.501102130786186763e+03,7.074999809265136719e-01
1.511109478324761312e+03,7.059999704360961914e-01
1.521116825863335862e+03,7.088888883590698242e-01
1.531124173401910411e+03,7.056666612625122070e-01
1.541131520940484961e+03,7.056111097335815430e-01
1.551138868479059511e+03,7.059444189071655273e-01
1.561146216017634288e+03,7.057222127914428711e-01
1.571153563556208837e+03,7.057777643203735352e-01
1.581160911094783387e+03,7.064444422721862793e-01
1.591168258633357937e+03,7.073888778686523438e-01
1.601175606171932486e+03,7.072222232818603516e-01
1.611182953710507036e+03,7.054444551467895508e-01
1.621190301249081585e+03,7.054444551467895508e-01
1.631197648787656135e+03,7.078889012336730957e-01
1.641204996326230685e+03,7.071111202239990234e-01
1.651212343864805462e+03,7.058333158493041992e-01
1.661219691403380011e+03,7.077777981758117676e-01
1.671227038941954561e+03,7.052778005599975586e-01
1.681234386480529110e+03,7.053889036178588867e-01
1.691241734019103660e+03,7.061666846275329590e-01
1.701249081557678210e+03,7.056111097335815430e-01
1.711256429096252759e+03,7.045555710792541504e-01
1.721263776634827536e+03,7.043889164924621582e-01
1.731271124173402086e+03,7.068333625793457031e-01
1.741278471711976636e+03,7.042777538299560547e-01
1.751285819250551185e+03,7.039999961853027344e-01
1.761293166789125735e+03,7.049999833106994629e-01
1.771300514327700284e+03,7.057777643203735352e-01
1.781307861866274834e+03,7.064999938011169434e-01
1.791315209404849384e+03,7.074444293975830078e-01
1.801322556943423933e+03,7.046666741371154785e-01
1.811329904481998710e+03,7.056666612625122070e-01
1.821337252020573260e+03,7.065555453300476074e-01
1.831344599559147809e+03,7.085000276565551758e-01
1.841351947097722359e+03,7.071666717529296875e-01
1.851359294636296909e+03,7.046111226081848145e-01
1.861366642174871458e+03,7.046111226081848145e-01
1.871373989713446008e+03,7.050555348396301270e-01
1.881381337252020785e+03,7.058888673782348633e-01
1.891388684790595335e+03,7.038333415985107422e-01
1.901396032329169884e+03,7.057222127914428711e-01
1.911403379867744434e+03,7.060555815696716309e-01
1.921410727406318983e+03,7.053333520889282227e-01
1.931418074944893533e+03,7.068889141082763672e-01
1.941425422483468083e+03,7.045000195503234863e-01
1.951432770022042632e+03,7.056666612625122070e-01
1.961440117560617182e+03,7.044444680213928223e-01
1.971447465099191959e+03,7.060555815696716309e-01
1.981454812637766508e+03,7.051666378974914551e-01
1.991462160176341058e+03,7.046111226081848145e-01
2.001469507714915608e+03,7.057222127914428711e-01
2.011476855253490157e+03,7.068333625793457031e-01
2.021484202792064707e+03,7.059444189071655273e-01
2.031491550330639257e+03,7.032222151756286621e-01
2.041498897869214034e+03,7.067221999168395996e-01
2.051506245407788356e+03,7.066666483879089355e-01
2.061513592946363133e+03,7.058888673782348633e-01
2.071520940484937455e+03,7.077222466468811035e-01
2.081528288023512232e+03,7.064444422721862793e-01
2.091535635562087009e+03,7.073888778686523438e-01
2.101542983100661331e+03,7.062222361564636230e-01
2.111550330639236108e+03,7.071666717529296875e-01
2.121557678177810430e+03,7.067777514457702637e-01
2.131565025716385207e+03,7.066110968589782715e-01
2.141572373254959530e+03,7.076110839843750000e-01
2.151579720793534307e+03,7.056666612625122070e-01
2.161587068332109084e+03,7.062222361564636230e-01
2.171594415870683406e+03,7.045555710792541504e-01
2.181601763409258183e+03,7.072777748107910156e-01
2.191609110947832505e+03,7.077777981758117676e-01
2.201616458486407282e+03,7.068889141082763672e-01
2.211623806024981604e+03,7.061111330986022949e-01
2.221631153563556381e+03,7.071666717529296875e-01
2.231638501102130704e+03,7.061666846275329590e-01
2.241645848640705481e+03,7.047222256660461426e-01
2.251653196179280258e+03,7.067777514457702637e-01
2.261660543717854580e+03,7.067221999168395996e-01
2.271667891256429357e+03,7.051110863685607910e-01
2.281675238795003679e+03,7.043333053588867188e-01
2.291682586333578456e+03,7.047222256660461426e-01
2.301689933872152778e+03,7.084444165229797363e-01
2.311697281410727555e+03,7.062777876853942871e-01
2.321704628949301878e+03,7.032777667045593262e-01
2.331711976487876655e+03,7.066110968589782715e-01
2.341719324026451432e+03,7.072222232818603516e-01
2.351726671565025754e+03,7.063888907432556152e-01
2.361734019103600531e+03,7.037222385406494141e-01
2.371741366642174853e+03,7.052222490310668945e-01
2.381748714180749630e+03,7.066110968589782715e-01
2.391756061719323952e+03,7.066666483879089355e-01
2.401763409257898729e+03,7.086111307144165039e-01
2.411770756796473506e+03,7.073333263397216797e-01
2.421778104335047828e+03,7.066110968589782715e-01
2.431785451873622605e+03,7.078889012336730957e-01
2.441792799412196928e+03,7.070000171661376953e-01
2.451800146950771705e+03,7.063333392143249512e-01
2.461807494489346027e+03,7.064444422721862793e-01
2.471814842027920804e+03,7.072777748107910156e-01
2.481822189566495581e+03,7.045000195503234863e-01
2.491829537105069903e+03,7.057777643203735352e-01
2.501836884643644680e+03,7.066110968589782715e-01
2.511844232182219002e+03,7.070000171661376953e-01
2.521851579720793779e+03,7.060555815696716309e-01
2.531858927259368102e+03,7.042222023010253906e-01
2.541866274797942879e+03,7.067777514457702637e-01
2.551873622336517201e+03,7.074444293975830078e-01
2.561880969875091978e+03,7.069444656372070312e-01
2.571888317413666755e+03,7.046111226081848145e-01
2.581895664952241077e+03,7.076110839843750000e-01
2.591903012490815854e+03,7.073333263397216797e-01
2.601910360029390176e+03,7.073888778686523438e-01
2.611917707567964953e+03,7.078333497047424316e-01
2.621925055106539276e+03,7.068333625793457031e-01
2.631932402645114053e+03,7.073888778686523438e-01
2.641939750183688375e+03,7.050555348396301270e-01
2.651947097722263152e+03,7.076110839843750000e-01
2.661954445260837929e+03,7.066110968589782715e-01
2.671961792799412251e+03,7.069444656372070312e-01
2.681969140337987028e+03,7.057222127914428711e-01
2.691976487876561350e+03,7.071111202239990234e-01
2.701983835415136127e+03,7.072777748107910156e-01
2.711991182953710450e+03,7.055555582046508789e-01
2.721998530492285227e+03,7.073888778686523438e-01
2.732005878030860003e+03,7.062222361564636230e-01
2.742013225569434326e+03,7.070555686950683594e-01
2.752020573108009103e+03,7.056111097335815430e-01
2.762027920646583425e+03,7.050555348396301270e-01
2.772035268185158202e+03,7.076666951179504395e-01
2.782042615723732524e+03,7.082222104072570801e-01
2.792049963262307301e+03,7.063333392143249512e-01
2.802057310800882078e+03,7.051110863685607910e-01
2.812064658339456400e+03,7.067777514457702637e-01
2.822072005878031177e+03,7.077777981758117676e-01
2.832079353416605500e+03,7.061111330986022949e-01
2.842086700955180277e+03,7.064999938011169434e-01
2.852094048493754599e+03,7.053889036178588867e-01
2.862101396032329376e+03,7.071666717529296875e-01
2.872108743570903698e+03,7.063888907432556152e-01
2.882116091109478475e+03,7.056666612625122070e-01
2.892123438648053252e+03,7.063333392143249512e-01
2.902130786186627574e+03,7.073888778686523438e-01
2.912138133725202351e+03,7.081666588783264160e-01
2.922145481263776674e+03,7.068889141082763672e-01
2.932152828802351451e+03,7.065555453300476074e-01
2.942160176340925773e+03,7.036666870117187500e-01
2.952167523879500550e+03,7.057777643203735352e-01
2.962174871418074872e+03,7.053333520889282227e-01
2.972182218956649649e+03,7.060555815696716309e-01
2.982189566495224426e+03,7.059999704360961914e-01
2.992196914033798748e+03,7.064999938011169434e-01
3.002204261572373525e+03,7.052778005599975586e-01
3.012211609110947848e+03,7.068889141082763672e-01
3.022218956649522625e+03,7.055555582046508789e-01
3.032226304188096947e+03,7.058333158493041992e-01
3.042233651726671724e+03,7.051666378974914551e-01
3.052240999265246501e+03,7.051666378974914551e-01
3.062248346803820823e+03,7.057222127914428711e-01
3.072255694342395600e+03,7.060555815696716309e-01
3.082263041880969922e+03,7.059999704360961914e-01
3.092270389419544699e+03,7.066110968589782715e-01
3.102277736958119021e+03,7.062222361564636230e-01
3.112285084496693798e+03,7.058333158493041992e-01
3.122292432035268575e+03,7.052778005599975586e-01
3.132299779573842898e+03,7.060555815696716309e-01
3.142307127112417675e+03,7.055555582046508789e-01
3.152314474650991997e+03,7.058333158493041992e-01
3.162321822189566774e+03,7.060555815696716309e-01
3.172329169728141096e+03,7.061666846275329590e-01
3.182336517266715873e+03,7.061666846275329590e-01
3.192343864805290195e+03,7.057222127914428711e-01
3.202351212343864972e+03,7.051666378974914551e-01
3.212358559882439749e+03,7.060555815696716309e-01
3.222365907421014072e+03,7.063333392143249512e-01
3.232373254959588849e+03,7.062222361564636230e-01
3.242380602498163171e+03,7.065555453300476074e-01
3.252387950036737948e+03,7.058333158493041992e-01
3.262395297575312270e+03,7.056666612625122070e-01
3.272402645113887047e+03,7.054444551467895508e-01
3.282409992652461369e+03,7.051666378974914551e-01
3.292417340191036146e+03,7.060555815696716309e-01
3.302424687729610923e+03,7.055555582046508789e-01
3.312432035268185246e+03,7.062777876853942871e-01
3.322439382806760023e+03,7.059444189071655273e-01
3.332446730345334345e+03,7.060555815696716309e-01
3.342454077883909122e+03,7.069444656372070312e-01
3.352461425422483444e+03,7.063333392143249512e-01
3.362468772961058221e+03,7.064444422721862793e-01
3.372476120499632998e+03,7.057222127914428711e-01
3.382483468038207320e+03,7.052222490310668945e-01
3.392490815576782097e+03,7.057222127914428711e-01
3.402498163115356419e+03,7.059444189071655273e-01
3.412505510653931196e+03,7.057222127914428711e-01
3.422512858192505519e+03,7.056111097335815430e-01
3.432520205731080296e+03,7.055555582046508789e-01
3.442527553269655073e+03,7.058333158493041992e-01
3.452534900808229395e+03,7.064444422721862793e-01
3.462542248346804172e+03,7.066666483879089355e-01
3.472549595885378494e+03,7.062222361564636230e-01
3.482556943423953271e+03,7.055000066757202148e-01
3.492564290962527593e+03,7.056111097335815430e-01
3.502571638501102370e+03,7.058333158493041992e-01
3.512578986039676693e+03,7.060555815696716309e-01
3.522586333578251470e+03,7.064999938011169434e-01
3.532593681116826247e+03,7.059999704360961914e-01
3.542601028655400569e+03,7.057222127914428711e-01
3.552608376193975346e+03,7.054444551467895508e-01
3.562615723732549668e+03,7.053333520889282227e-01
3.572623071271124445e+03,7.056666612625122070e-01
3.582630418809698767e+03,7.047777771949768066e-01
3.592637766348273544e+03,7.055555582046508789e-01
3.602645113886847867e+03,7.050555348396301270e-01
3.612652461425422644e+03,7.061666846275329590e-01
3.622659808963997421e+03,7.056666612625122070e-01
3.632667156502571743e+03,7.054444551467895508e-01
3.642674504041146520e+03,7.053333520889282227e-01
3.652681851579720842e+03,7.056111097335815430e-01
3.662689199118295619e+03,7.054444551467895508e-01
3.672696546656869941e+03,7.048888802528381348e-01
3.682703894195444718e+03,7.058333158493041992e-01
3.692711241734019495e+03,7.054444551467895508e-01
3.702718589272593817e+03,7.046111226081848145e-01
3.712725936811168594e+03,7.056666612625122070e-01
3.722733284349742917e+03,7.057222127914428711e-01
3.732740631888317694e+03,7.051666378974914551e-01
3.742747979426892016e+03,7.058888673782348633e-01
3.752755326965466793e+03,7.059444189071655273e-01
3.762762674504041570e+03,7.057777643203735352e-01
3.772770022042615892e+03,7.056666612625122070e-01
3.782777369581190669e+03,7.056666612625122070e-01
3.792784717119764991e+03,7.052778005599975586e-01
3.802792064658339768e+03,7.062222361564636230e-01
3.812799412196914091e+03,7.052222490310668945e-01
3.822806759735488868e+03,7.051666378974914551e-01
3.832814107274063190e+03,7.057222127914428711e-01
3.842821454812637967e+03,7.058333158493041992e-01
3.852828802351212744e+03,7.054444551467895508e-01
3.862836149889787066e+03,7.056111097335815430e-01
3.872843497428361843e+03,7.046111226081848145e-01
3.882850844966936165e+03,7.046666741371154785e-01
3.892858192505510942e+03,7.056666612625122070e-01
3.902865540044085265e+03,7.057222127914428711e-01
3.912872887582660042e+03,7.057222127914428711e-01
3.922880235121234364e+03,7.048333287239074707e-01
3.932887582659809141e+03,7.047777771949768066e-01
3.942894930198383918e+03,7.051110863685607910e-01
3.952902277736958240e+03,7.055555582046508789e-01
3.962909625275533017e+03,7.056111097335815430e-01
3.972916972814107339e+03,7.064444422721862793e-01
3.982924320352682116e+03,7.053889036178588867e-01
3.992931667891256438e+03,7.055000066757202148e-01
4.002939015429831215e+03,7.058333158493041992e-01
4.012946362968405992e+03,7.063333392143249512e-01
4.022953710506980315e+03,7.055555582046508789e-01
4.032961058045555092e+03,7.055000066757202148e-01
4.042968405584129414e+03,7.063333392143249512e-01
4.052975753122704191e+03,7.059444189071655273e-01
4.062983100661278513e+03,7.062222361564636230e-01
4.072990448199853290e+03,7.049444317817687988e-01
4.082997795738428067e+03,7.057222127914428711e-01
4.093005143277002389e+03,7.059444189071655273e-01
4.103012490815576712e+03,7.057777643203735352e-01
4.113019838354151943e+03,7.052222490310668945e-01
4.123027185892726266e+03,7.048333287239074707e-01
4.133034533431300588e+03,7.055000066757202148e-01
4.143041880969874910e+03,7.056666612625122070e-01
4.153049228508450142e+03,7.056666612625122070e-01
4.163056576047024464e+03,7.051110863685607910e-01
4.173063923585598786e+03,7.050555348396301270e-01
4.183071271124174018e+03,7.042777538299560547e-01
4.193078618662748340e+03,7.060555815696716309e-01
4.203085966201322663e+03,7.064999938011169434e-01
4.213093313739896985e+03,7.057222127914428711e-01
4.223100661278472217e+03,7.048888802528381348e-01
4.233108008817046539e+03,7.058888673782348633e-01
4.243115356355620861e+03,7.051110863685607910e-01
4.253122703894196093e+03,7.056666612625122070e-01
4.263130051432770415e+03,7.056111097335815430e-01
4.273137398971344737e+03,7.058888673782348633e-01
4.283144746509919059e+03,7.058333158493041992e-01
4.293152094048494291e+03,7.062777876853942871e-01
4.303159441587068613e+03,7.058333158493041992e-01
4.313166789125642936e+03,7.059444189071655273e-01
4.323174136664218167e+03,7.052778005599975586e-01
4.333181484202792490e+03,7.058888673782348633e-01
4.343188831741366812e+03,7.063333392143249512e-01
4.353196179279941134e+03,7.053333520889282227e-01
4.363203526818516366e+03,7.051666378974914551e-01
4.373210874357090688e+03,7.067221999168395996e-01
4.383218221895665010e+03,7.050555348396301270e-01
4.393225569434239333e+03,7.049444317817687988e-01
4.403232916972814564e+03,7.052222490310668945e-01
4.413240264511388887e+03,7.053333520889282227e-01
4.423247612049963209e+03,7.055555582046508789e-01
4.433254959588538441e+03,7.054444551467895508e-01
4.443262307127112763e+03,7.047777771949768066e-01
4.453269654665687085e+03,7.054444551467895508e-01
4.463277002204261407e+03,7.052778005599975586e-01
4.473284349742836639e+03,7.052778005599975586e-01
4.483291697281410961e+03,7.048888802528381348e-01
4.493299044819985284e+03,7.049444317817687988e-01
4.503306392358560515e+03,7.052778005599975586e-01
4.513313739897134838e+03,7.059444189071655273e-01
4.523321087435709160e+03,7.045555710792541504e-01
4.533328434974283482e+03,7.048888802528381348e-01
4.543335782512858714e+03,7.049444317817687988e-01
4.553343130051433036e+03,7.055555582046508789e-01
4.563350477590007358e+03,7.052222490310668945e-01
4.573357825128582590e+03,7.047222256660461426e-01
4.583365172667156912e+03,7.048333287239074707e-01
4.593372520205731234e+03,7.054444551467895508e-01
4.603379867744305557e+03,7.054444551467895508e-01
4.613387215282880788e+03,7.046666741371154785e-01
4.623394562821455111e+03,7.062777876853942871e-01
4.633401910360029433e+03,7.064444422721862793e-01
4.643409257898603755e+03,7.052222490310668945e-01
4.653416605437178987e+03,7.060555815696716309e-01
4.663423952975753309e+03,7.054444551467895508e-01
4.673431300514327631e+03,7.052778005599975586e-01
4.683438648052902863e+03,7.046111226081848145e-01
4.693445995591477185e+03,7.053889036178588867e-01
4.703453343130051508e+03,7.043889164924621582e-01
4.713460690668625830e+03,7.055555582046508789e-01
4.723468038207201062e+03,7.043889164924621582e-01
4.733475385745775384e+03,7.053333520889282227e-01
4.743482733284349706e+03,7.047777771949768066e-01
4.753490080822924938e+03,7.062222361564636230e-01
4.763497428361499260e+03,7.055000066757202148e-01
4.773504775900073582e+03,7.062222361564636230e-01
4.783512123438647905e+03,7.058888673782348633e-01
4.793519470977223136e+03,7.054444551467895508e-01
4.803526818515797459e+03,7.051110863685607910e-01
4.813534166054371781e+03,7.056111097335815430e-01
4.823541513592947013e+03,7.052222490310668945e-01
4.833548861131521335e+03,7.045555710792541504e-01
4.843556208670095657e+03,7.057222127914428711e-01
4.853563556208669979e+03,7.045000195503234863e-01
4.863570903747245211e+03,7.057222127914428711e-01
4.873578251285819533e+03,7.060555815696716309e-01
4.883585598824393855e+03,7.058333158493041992e-01
4.893592946362969087e+03,7.055000066757202148e-01
4.903600293901543409e+03,7.049444317817687988e-01
4.913607641440117732e+03,7.049444317817687988e-01
4.923614988978692054e+03,7.049999833106994629e-01
4.933622336517267286e+03,7.052222490310668945e-01
4.943629684055841608e+03,7.054444551467895508e-01
4.953637031594415930e+03,7.049444317817687988e-01
4.963644379132991162e+03,7.045000195503234863e-01
4.973651726671565484e+03,7.046111226081848145e-01
4.983659074210139806e+03,7.042777538299560547e-01
4.993666421748714129e+03,7.053333520889282227e-01
5.003673769287289360e+03,7.056666612625122070e-01
5.013681116825863683e+03,7.047222256660461426e-01
5.023688464364438005e+03,7.053333520889282227e-01
5.033695811903012327e+03,7.051110863685607910e-01
5.043703159441587559e+03,7.051666378974914551e-01
5.053710506980161881e+03,7.053333520889282227e-01
5.063717854518736203e+03,7.042777538299560547e-01
5.073725202057311435e+03,7.051110863685607910e-01
5.083732549595885757e+03,7.051666378974914551e-01
5.093739897134460080e+03,7.036666870117187500e-01
5.103747244673034402e+03,7.045000195503234863e-01
5.113754592211609634e+03,7.045000195503234863e-01
5.123761939750183956e+03,7.052222490310668945e-01
5.133769287288758278e+03,7.045555710792541504e-01
5.143776634827333510e+03,7.046111226081848145e-01
5.153783982365907832e+03,7.045000195503234863e-01
5.163791329904482154e+03,7.047777771949768066e-01
5.173798677443056476e+03,7.043889164924621582e-01
5.183806024981631708e+03,7.051110863685607910e-01
5.193813372520206030e+03,7.045555710792541504e-01
5.203820720058780353e+03,7.049444317817687988e-01
5.213828067597355584e+03,7.053333520889282227e-01
5.223835415135929907e+03,7.058888673782348633e-01
5.233842762674504229e+03,7.053889036178588867e-01
5.243850110213078551e+03,7.059999704360961914e-01
5.253857457751653783e+03,7.050555348396301270e-01
5.263864805290228105e+03,7.043889164924621582e-01
5.273872152828802427e+03,7.039999961853027344e-01
5.283879500367376750e+03,7.045000195503234863e-01
5.293886847905951981e+03,7.037222385406494141e-01
5.303894195444526304e+03,7.047222256660461426e-01
5.313901542983100626e+03,7.046111226081848145e-01
5.323908890521675858e+03,7.047777771949768066e-01
5.333916238060250180e+03,7.061111330986022949e-01
5.343923585598824502e+03,7.060555815696716309e-01
5.353930933137398824e+03,7.055000066757202148e-01
5.363938280675974056e+03,7.037777900695800781e-01
5.373945628214548378e+03,7.047222256660461426e-01
5.383952975753122701e+03,7.048888802528381348e-01
5.393960323291697932e+03,7.038888931274414062e-01
5.403967670830272255e+03,7.043889164924621582e-01
5.413975018368846577e+03,7.048888802528381348e-01
5.423982365907420899e+03,7.043889164924621582e-01
5.433989713445996131e+03,7.041110992431640625e-01
5.443997060984570453e+03,7.051110863685607910e-01
5.454004408523144775e+03,7.040555477142333984e-01
5.464011756061720007e+03,7.036666870117187500e-01
5.474019103600294329e+03,7.039444446563720703e-01
5.484026451138868651e+03,7.046666741371154785e-01
5.494033798677442974e+03,7.044444680213928223e-01
5.504041146216018205e+03,7.045555710792541504e-01
5.514048493754592528e+03,7.037777900695800781e-01
5.524055841293166850e+03,7.047777771949768066e-01
5.534063188831742082e+03,7.060555815696716309e-01
5.544070536370316404e+03,7.041666507720947266e-01
5.554077883908890726e+03,7.045000195503234863e-01
5.564085231447465048e+03,7.055000066757202148e-01
5.574092578986040280e+03,7.053333520889282227e-01
5.584099926524614602e+03,7.047222256660461426e-01
5.594107274063188925e+03,7.044444680213928223e-01
5.604114621601764156e+03,7.038333415985107422e-01
5.614121969140338479e+03,7.047222256660461426e-01
5.624129316678912801e+03,7.046111226081848145e-01
5.634136664217487123e+03,7.043889164924621582e-01
5.644144011756062355e+03,7.042222023010253906e-01
5.654151359294636677e+03,7.045555710792541504e-01
5.664158706833210999e+03,7.039999961853027344e-01
5.674166054371785322e+03,7.049999833106994629e-01
5.684173401910360553e+03,7.054444551467895508e-01
5.694180749448934876e+03,7.043889164924621582e-01
5.704188096987509198e+03,7.038888931274414062e-01
5.714195444526084430e+03,7.034999728202819824e-01
5.724202792064658752e+03,7.042222023010253906e-01
5.734210139603233074e+03,7.049444317817687988e-01
5.744217487141807396e+03,7.047222256660461426e-01
5.754224834680382628e+03,7.039999961853027344e-01
5.764232182218956950e+03,7.044444680213928223e-01
5.774239529757531272e+03,7.051110863685607910e-01
5.784246877296106504e+03,7.041666507720947266e-01
5.794254224834680826e+03,7.046666741371154785e-01
5.804261572373255149e+03,7.045555710792541504e-01
5.814268919911829471e+03,7.040555477142333984e-01
5.824276267450404703e+03,7.049444317817687988e-01
5.834283614988979025e+03,7.046666741371154785e-01
5.844290962527553347e+03,7.038333415985107422e-01
5.854298310066128579e+03,7.045000195503234863e-01
5.864305657604702901e+03,7.051666378974914551e-01
5.874313005143277223e+03,7.047222256660461426e-01
5.884320352681851546e+03,7.034999728202819824e-01
5.894327700220426777e+03,7.037777900695800781e-01
5.904335047759001100e+03,7.039444446563720703e-01
5.914342395297575422e+03,7.043889164924621582e-01
5.924349742836149744e+03,7.045555710792541504e-01
5.934357090374724976e+03,7.051110863685607910e-01
5.944364437913299298e+03,7.041666507720947266e-01
5.954371785451873620e+03,7.036111354827880859e-01
5.964379132990448852e+03,7.042777538299560547e-01
5.974386480529023174e+03,7.039999961853027344e-01
5.984393828067597497e+03,7.038333415985107422e-01
5.994401175606171819e+03,7.036666870117187500e-01
6.004408523144747051e+03,7.042777538299560547e-01
6.014415870683321373e+03,7.043333053588867188e-01
6.024423218221895695e+03,7.041666507720947266e-01
6.034430565760470927e+03,7.041666507720947266e-01
6.044437913299045249e+03,7.041666507720947266e-01
6.054445260837619571e+03,7.039999961853027344e-01
6.064452608376193893e+03,7.040555477142333984e-01
6.074459955914769125e+03,7.044444680213928223e-01
6.084467303453343447e+03,7.041666507720947266e-01
6.094474650991917770e+03,7.045555710792541504e-01
6.104481998530493001e+03,7.043889164924621582e-01
6.114489346069067324e+03,7.044444680213928223e-01
6.124496693607641646e+03,7.039444446563720703e-01
6.134504041146215968e+03,7.041110992431640625e-01
6.144511388684791200e+03,7.039999961853027344e-01
6.154518736223365522e+03,7.042222023010253906e-01
6.164526083761939844e+03,7.043889164924621582e-01
6.174533431300515076e+03,7.043889164924621582e-01
6.184540778839089398e+03,7.041666507720947266e-01
6.194548126377663721e+03,7.038333415985107422e-01
6.204555473916238043e+03,7.042222023010253906e-01
6.214562821454813275e+03,7.039999961853027344e-01
6.224570168993387597e+03,7.039999961853027344e-01
6.234577516531961919e+03,7.038888931274414062e-01
6.244584864070537151e+03,7.039444446563720703e-01
6.254592211609111473e+03,7.038888931274414062e-01
6.264599559147685795e+03,7.043333053588867188e-01
6.274606906686260118e+03,7.036111354827880859e-01
6.284614254224835349e+03,7.036666870117187500e-01
6.294621601763409672e+03,7.037222385406494141e-01
6.304628949301983994e+03,7.039444446563720703e-01
6.314636296840558316e+03,7.041110992431640625e-01
6.324643644379133548e+03,7.041110992431640625e-01
6.334650991917707870e+03,7.041666507720947266e-01
6.344658339456282192e+03,7.039999961853027344e-01
6.354665686994857424e+03,7.042777538299560547e-01
6.364673034533431746e+03,7.045000195503234863e-01
6.374680382072006068e+03,7.047222256660461426e-01
6.384687729610580391e+03,7.046111226081848145e-01
6.394695077149155622e+03,7.047222256660461426e-01
6.404702424687729945e+03,7.045555710792541504e-01
6.414709772226304267e+03,7.047777771949768066e-01
6.424717119764879499e+03,7.045555710792541504e-01
6.434724467303453821e+03,7.045000195503234863e-01
6.444731814842028143e+03,7.040555477142333984e-01
6.454739162380602465e+03,7.044444680213928223e-01
6.464746509919177697e+03,7.038888931274414062e-01
6.474753857457752019e+03,7.043889164924621582e-01
6.484761204996326342e+03,7.047222256660461426e-01
6.494768552534901573e+03,7.047222256660461426e-01
6.504775900073475896e+03,7.043889164924621582e-01
6.514783247612050218e+03,7.043889164924621582e-01
6.524790595150624540e+03,7.041110992431640625e-01
6.534797942689199772e+03,7.041666507720947266e-01
6.544805290227774094e+03,7.041666507720947266e-01
6.554812637766348416e+03,7.041110992431640625e-01
6.564819985304922739e+03,7.045555710792541504e-01
6.574827332843497970e+03,7.043333053588867188e-01
6.584834680382072293e+03,7.039999961853027344e-01
6.594842027920646615e+03,7.042222023010253906e-01
6.604849375459221847e+03,7.040555477142333984e-01
6.614856722997796169e+03,7.036111354827880859e-01
6.624864070536370491e+03,7.041110992431640625e-01
6.634871418074944813e+03,7.039444446563720703e-01
6.644878765613520045e+03,7.038888931274414062e-01
6.654886113152094367e+03,7.037777900695800781e-01
6.664893460690668689e+03,7.037777900695800781e-01
6.674900808229243921e+03,7.038888931274414062e-01
6.684908155767818243e+03,7.045555710792541504e-01
6.694915503306392566e+03,7.045555710792541504e-01
6.704922850844966888e+03,7.047777771949768066e-01
6.714930198383542120e+03,7.042777538299560547e-01
6.724937545922116442e+03,7.049444317817687988e-01
6.734944893460690764e+03,7.044444680213928223e-01
6.744952240999265996e+03,7.041666507720947266e-01
6.754959588537840318e+03,7.044444680213928223e-01
6.764966936076414640e+03,7.043333053588867188e-01
6.774974283614988963e+03,7.042222023010253906e-01
6.784981631153564194e+03,7.040555477142333984e-01
6.794988978692138517e+03,7.040555477142333984e-01
6.804996326230712839e+03,7.039444446563720703e-01
6.815003673769288071e+03,7.039999961853027344e-01
6.825011021307862393e+03,7.038333415985107422e-01
6.835018368846436715e+03,7.038333415985107422e-01
6.845025716385011037e+03,7.039444446563720703e-01
6.855033063923586269e+03,7.046666741371154785e-01
6.865040411462160591e+03,7.041666507720947266e-01
6.875047759000734914e+03,7.040555477142333984e-01
6.885055106539310145e+03,7.044444680213928223e-01
6.895062454077884468e+03,7.041110992431640625e-01
6.905069801616458790e+03,7.038888931274414062e-01
6.915077149155033112e+03,7.043889164924621582e-01
6.925084496693608344e+03,7.041110992431640625e-01
6.935091844232182666e+03,7.040555477142333984e-01
6.945099191770756988e+03,7.039999961853027344e-01
6.955106539309331311e+03,7.038333415985107422e-01
6.965113886847906542e+03,7.046111226081848145e-01
6.975121234386480864e+03,7.042777538299560547e-01
6.985128581925055187e+03,7.042777538299560547e-01
6.995135929463630418e+03,7.042222023010253906e-01
7.005143277002204741e+03,7.041666507720947266e-01
7.015150624540779063e+03,7.040555477142333984e-01
7.025157972079353385e+03,7.040555477142333984e-01
7.035165319617928617e+03,7.042777538299560547e-01
7.045172667156502939e+03,7.045555710792541504e-01
7.055180014695077261e+03,7.040555477142333984e-01
7.065187362233652493e+03,7.044444680213928223e-01
7.075194709772226815e+03,7.038333415985107422e-01
7.085202057310801138e+03,7.038333415985107422e-01
7.095209404849375460e+03,7.036111354827880859e-01
7.105216752387950692e+03,7.038888931274414062e-01
7.115224099926525014e+03,7.043889164924621582e-01
7.125231447465099336e+03,7.036111354827880859e-01
7.135238795003674568e+03,7.046111226081848145e-01
7.145246142542248890e+03,7.036666870117187500e-01
7.155253490080823212e+03,7.042222023010253906e-01
7.165260837619397535e+03,7.038888931274414062e-01
7.175268185157972766e+03,7.038888931274414062e-01
7.185275532696547089e+03,7.038888931274414062e-01
7.195282880235121411e+03,7.037777900695800781e-01
7.205290227773695733e+03,7.042222023010253906e-01
7.215297575312270965e+03,7.043333053588867188e-01
7.225304922850845287e+03,7.038888931274414062e-01
7.235312270389419609e+03,7.045000195503234863e-01
7.245319617927994841e+03,7.041110992431640625e-01
7.255326965466569163e+03,7.038888931274414062e-01
7.265334313005143485e+03,7.041110992431640625e-01
7.275341660543717808e+03,7.041666507720947266e-01
7.285349008082293039e+03,7.043333053588867188e-01
7.295356355620867362e+03,7.042777538299560547e-01
7.305363703159441684e+03,7.042777538299560547e-01
7.315371050698016916e+03,7.044444680213928223e-01
7.325378398236591238e+03,7.039999961853027344e-01
7.335385745775165560e+03,7.042222023010253906e-01
7.345393093313739882e+03,7.041666507720947266e-01
7.355400440852315114e+03,7.043333053588867188e-01
7.365407788390889436e+03,7.042777538299560547e-01
7.375415135929463759e+03,7.042777538299560547e-01
7.385422483468038990e+03,7.041110992431640625e-01
7.395429831006613313e+03,7.042222023010253906e-01
7.405437178545187635e+03,7.043333053588867188e-01
7.415444526083761957e+03,7.045555710792541504e-01
7.425451873622337189e+03,7.043889164924621582e-01
7.435459221160911511e+03,7.039444446563720703e-01
7.445466568699485833e+03,7.045555710792541504e-01
7.455473916238061065e+03,7.038333415985107422e-01
7.465481263776635387e+03,7.041110992431640625e-01
7.475488611315209710e+03,7.041110992431640625e-01
7.485495958853784032e+03,7.041110992431640625e-01
7.495503306392359264e+03,7.041666507720947266e-01
7.505510653930933586e+03,7.045000195503234863e-01
7.515518001469507908e+03,7.047777771949768066e-01
7.525525349008083140e+03,7.045000195503234863e-01
7.535532696546657462e+03,7.048888802528381348e-01
7.545540044085231784e+03,7.040555477142333984e-01
7.555547391623806107e+03,7.036666870117187500e-01
7.565554739162381338e+03,7.044444680213928223e-01
7.575562086700955660e+03,7.034999728202819824e-01
7.585569434239529983e+03,7.042222023010253906e-01
7.595576781778104305e+03,7.038888931274414062e-01
7.605584129316679537e+03,7.041110992431640625e-01
7.615591476855253859e+03,7.040555477142333984e-01
7.625598824393828181e+03,7.037222385406494141e-01
7.635606171932403413e+03,7.041110992431640625e-01
7.645613519470977735e+03,7.043333053588867188e-01
7.655620867009552057e+03,7.045000195503234863e-01
7.665628214548126380e+03,7.047222256660461426e-01
7.675635562086701611e+03,7.041666507720947266e-01
7.685642909625275934e+03,7.045555710792541504e-01
7.695650257163850256e+03,7.047777771949768066e-01
7.705657604702425488e+03,7.041110992431640625e-01
7.715664952240999810e+03,7.049999833106994629e-01
7.725672299779574132e+03,7.042222023010253906e-01
7.735679647318148454e+03,7.044444680213928223e-01
7.745686994856723686e+03,7.037777900695800781e-01
7.755694342395298008e+03,7.043889164924621582e-01
7.765701689933872331e+03,7.043889164924621582e-01
7.775709037472447562e+03,7.046666741371154785e-01
7.785716385011021885e+03,7.049444317817687988e-01
7.795723732549596207e+03,7.043889164924621582e-01
7.805731080088170529e+03,7.041110992431640625e-01
7.815738427626745761e+03,7.041110992431640625e-01
7.825745775165320083e+03,7.039999961853027344e-01
7.835753122703894405e+03,7.044444680213928223e-01
7.845760470242468728e+03,7.046666741371154785e-01
7.855767817781043959e+03,7.044444680213928223e-01
7.865775165319618282e+03,7.043333053588867188e-01
7.875782512858192604e+03,7.041110992431640625e-01
7.885789860396767835e+03,7.045000195503234863e-01
7.895797207935342158e+03,7.046666741371154785e-01
7.905804555473916480e+03,7.037777900695800781e-01
7.915811903012490802e+03,7.043333053588867188e-01
7.925819250551066034e+03,7.036111354827880859e-01
7.935826598089640356e+03,7.044444680213928223e-01
7.945833945628214678e+03,7.043333053588867188e-01
7.955841293166789910e+03,7.038888931274414062e-01
7.965848640705364232e+03,7.044444680213928223e-01
7.975855988243938555e+03,7.042222023010253906e-01
7.985863335782512877e+03,7.039444446563720703e-01
7.995870683321088109e+03,7.045000195503234863e-01
8.005878030859662431e+03,7.042777538299560547e-01
8.015885378398236753e+03,7.039999961853027344e-01
8.025892725936811985e+03,7.038888931274414062e-01
8.035900073475386307e+03,7.040555477142333984e-01
8.045907421013960629e+03,7.036111354827880859e-01
8.055914768552534952e+03,7.040555477142333984e-01
8.065922116091110183e+03,7.042222023010253906e-01
8.075929463629684506e+03,7.042777538299560547e-01
8.085936811168258828e+03,7.042222023010253906e-01
8.095944158706834060e+03,7.039444446563720703e-01
8.105951506245408382e+03,7.040555477142333984e-01
8.115958853783982704e+03,7.038888931274414062e-01
8.125966201322557026e+03,7.041110992431640625e-01
8.135973548861132258e+03,7.041110992431640625e-01
8.145980896399706580e+03,7.038888931274414062e-01
8.155988243938280903e+03,7.038333415985107422e-01
8.165995591476856134e+03,7.041110992431640625e-01
8.176002939015430456e+03,7.037222385406494141e-01
8.186010286554004779e+03,7.038888931274414062e-01
8.196017634092579101e+03,7.034999728202819824e-01
8.206024981631153423e+03,7.039999961853027344e-01
8.216032329169727745e+03,7.034999728202819824e-01
8.226039676708303887e+03,7.038888931274414062e-01
8.236047024246878209e+03,7.036666870117187500e-01
8.246054371785452531e+03,7.037777900695800781e-01
8.256061719324026853e+03,7.037222385406494141e-01
8.266069066862601176e+03,7.043889164924621582e-01
8.276076414401175498e+03,7.037777900695800781e-01
8.286083761939749820e+03,7.039999961853027344e-01
8.296091109478325961e+03,7.039444446563720703e-01
8.306098457016900284e+03,7.041110992431640625e-01
8.316105804555474606e+03,7.039999961853027344e-01
8.326113152094048928e+03,7.042222023010253906e-01
8.336120499632623250e+03,7.045000195503234863e-01
8.346127847171197573e+03,7.041666507720947266e-01
8.356135194709771895e+03,7.036666870117187500e-01
8.366142542248348036e+03,7.038333415985107422e-01
8.376149889786922358e+03,7.041666507720947266e-01
8.386157237325496681e+03,7.039999961853027344e-01
8.396164584864071003e+03,7.038333415985107422e-01
8.406171932402645325e+03,7.040555477142333984e-01
8.416179279941219647e+03,7.039999961853027344e-01
8.426186627479793970e+03,7.044444680213928223e-01
8.436193975018370111e+03,7.037777900695800781e-01
8.446201322556944433e+03,7.042777538299560547e-01
8.456208670095518755e+03,7.045000195503234863e-01
8.466216017634093078e+03,7.044444680213928223e-01
8.476223365172667400e+03,7.043889164924621582e-01
8.486230712711241722e+03,7.039444446563720703e-01
8.496238060249816044e+03,7.039999961853027344e-01
8.506245407788392185e+03,7.043889164924621582e-01
8.516252755326966508e+03,7.040555477142333984e-01
8.526260102865540830e+03,7.042777538299560547e-01
8.536267450404115152e+03,7.037222385406494141e-01
8.546274797942689474e+03,7.038333415985107422e-01
8.556282145481263797e+03,7.048333287239074707e-01
8.566289493019838119e+03,7.039999961853027344e-01
8.576296840558414260e+03,7.042777538299560547e-01
8.586304188096988582e+03,7.037222385406494141e-01
8.596311535635562905e+03,7.037777900695800781e-01
8.606318883174137227e+03,7.042222023010253906e-01
8.616326230712711549e+03,7.036666870117187500e-01
8.626333578251285871e+03,7.033333182334899902e-01
8.636340925789860194e+03,7.037222385406494141e-01
8.646348273328436335e+03,7.044444680213928223e-01
8.656355620867010657e+03,7.035555839538574219e-01
8.666362968405584979e+03,7.036666870117187500e-01
8.676370315944159302e+03,7.036111354827880859e-01
8.686377663482733624e+03,7.039999961853027344e-01
8.696385011021307946e+03,7.038888931274414062e-01
8.706392358559882268e+03,7.039444446563720703e-01
8.716399706098456591e+03,7.038333415985107422e-01
8.726407053637032732e+03,7.037222385406494141e-01
8.736414401175607054e+03,7.037222385406494141e-01
8.746421748714181376e+03,7.029444575309753418e-01
8.756429096252755699e+03,7.038888931274414062e-01
8.766436443791330021e+03,7.034444212913513184e-01
8.776443791329904343e+03,7.039444446563720703e-01
8.786451138868478665e+03,7.038333415985107422e-01
8.796458486407054806e+03,7.041666507720947266e-01
8.806465833945629129e+03,7.042777538299560547e-01
8.816473181484203451e+03,7.040555477142333984e-01
8.826480529022777773e+03,7.041666507720947266e-01
8.836487876561352095e+03,7.041666507720947266e-01
8.846495224099926418e+03,7.042222023010253906e-01
8.856502571638500740e+03,7.043333053588867188e-01
8.866509919177076881e+03,7.037777900695800781e-01
8.876517266715651203e+03,7.046111226081848145e-01
8.886524614254225526e+03,7.038333415985107422e-01
8.896531961792799848e+03,7.041110992431640625e-01
8.906539309331374170e+03,7.037222385406494141e-01
8.916546656869948492e+03,7.045555710792541504e-01
8.926554004408522815e+03,7.037777900695800781e-01
8.936561351947098956e+03,7.043333053588867188e-01
8.946568699485673278e+03,7.036666870117187500e-01
8.956576047024247600e+03,7.040555477142333984e-01
8.966583394562821923e+03,7.039999961853027344e-01
8.976590742101396245e+03,7.034444212913513184e-01
8.986598089639970567e+03,7.038333415985107422e-01
8.996605437178544889e+03,7.033333182334899902e-01
9.006612784717121031e+03,7.038333415985107422e-01
9.016620132255695353e+03,7.038888931274414062e-01
9.026627479794269675e+03,7.040555477142333984e-01
9.036634827332843997e+03,7.039444446563720703e-01
9.046642174871418320e+03,7.039444446563720703e-01
9.056649522409992642e+03,7.038888931274414062e-01
9.066656869948566964e+03,7.038333415985107422e-01
9.076664217487143105e+03,7.037777900695800781e-01
9.086671565025717427e+03,7.038888931274414062e-01
9.096678912564291750e+03,7.041110992431640625e-01
9.106686260102866072e+03,7.040555477142333984e-01
9.116693607641440394e+03,7.040555477142333984e-01
9.126700955180014716e+03,7.041110992431640625e-01
9.136708302718589039e+03,7.039999961853027344e-01
9.146715650257165180e+03,7.041666507720947266e-01
9.156722997795739502e+03,7.039444446563720703e-01
9.166730345334313824e+03,7.040555477142333984e-01
9.176737692872888147e+03,7.039444446563720703e-01
9.186745040411462469e+03,7.040555477142333984e-01
9.196752387950036791e+03,7.040555477142333984e-01
9.206759735488611113e+03,7.040555477142333984e-01
9.216767083027187255e+03,7.041110992431640625e-01
9.226774430565761577e+03,7.039999961853027344e-01
9.236781778104335899e+03,7.038888931274414062e-01
9.246789125642910221e+03,7.039999961853027344e-01
9.256796473181484544e+03,7.040555477142333984e-01
9.266803820720058866e+03,7.039999961853027344e-01
9.276811168258633188e+03,7.039444446563720703e-01
9.286818515797207510e+03,7.039444446563720703e-01
9.296825863335783652e+03,7.038888931274414062e-01
9.306833210874357974e+03,7.037777900695800781e-01
9.316840558412932296e+03,7.037222385406494141e-01
9.326847905951506618e+03,7.037222385406494141e-01
9.336855253490080941e+03,7.039444446563720703e-01
9.346862601028655263e+03,7.040555477142333984e-01
9.356869948567229585e+03,7.041110992431640625e-01
9.366877296105805726e+03,7.042222023010253906e-01
9.376884643644380048e+03,7.040555477142333984e-01
9.386891991182954371e+03,7.038888931274414062e-01
9.396899338721528693e+03,7.038888931274414062e-01
9.406906686260103015e+03,7.038888931274414062e-01
9.416914033798677337e+03,7.041110992431640625e-01
9.426921381337251660e+03,7.039999961853027344e-01
9.436928728875827801e+03,7.038333415985107422e-01
9.446936076414402123e+03,7.038333415985107422e-01
9.456943423952976445e+03,7.038888931274414062e-01
9.466950771491550768e+03,7.039444446563720703e-01
9.476958119030125090e+03,7.039444446563720703e-01
9.486965466568699412e+03,7.040555477142333984e-01
9.496972814107273734e+03,7.040555477142333984e-01
9.506980161645849876e+03,7.041110992431640625e-01
9.516987509184424198e+03,7.038888931274414062e-01
9.526994856722998520e+03,7.039444446563720703e-01
9.537002204261572842e+03,7.038888931274414062e-01
9.547009551800147165e+03,7.038333415985107422e-01
9.557016899338721487e+03,7.037777900695800781e-01
9.567024246877295809e+03,7.036666870117187500e-01
9.577031594415871950e+03,7.036666870117187500e-01
9.587038941954446273e+03,7.038333415985107422e-01
9.597046289493020595e+03,7.039999961853027344e-01
9.607053637031594917e+03,7.040555477142333984e-01
9.617060984570169239e+03,7.040555477142333984e-01
9.627068332108743562e+03,7.039999961853027344e-01
9.637075679647317884e+03,7.039999961853027344e-01
9.647083027185894025e+03,7.039999961853027344e-01
9.657090374724468347e+03,7.041110992431640625e-01
9.667097722263042670e+03,7.040555477142333984e-01
9.677105069801616992e+03,7.041110992431640625e-01
9.687112417340191314e+03,7.040555477142333984e-01
9.697119764878765636e+03,7.038333415985107422e-01
9.707127112417339958e+03,7.039444446563720703e-01
9.717134459955916100e+03,7.039444446563720703e-01
9.727141807494490422e+03,7.039999961853027344e-01
9.737149155033064744e+03,7.038888931274414062e-01
9.747156502571639066e+03,7.037777900695800781e-01
9.757163850110213389e+03,7.038888931274414062e-01
9.767171197648787711e+03,7.038888931274414062e-01
9.777178545187362033e+03,7.038888931274414062e-01
9.787185892725938174e+03,7.038888931274414062e-01
9.797193240264512497e+03,7.038888931274414062e-01
9.807200587803086819e+03,7.041110992431640625e-01
9.817207935341661141e+03,7.041666507720947266e-01
9.827215282880235463e+03,7.040555477142333984e-01
9.837222630418809786e+03,7.041666507720947266e-01
9.847229977957384108e+03,7.038888931274414062e-01
9.857237325495960249e+03,7.038333415985107422e-01
9.867244673034534571e+03,7.039444446563720703e-01
9.877252020573108894e+03,7.039444446563720703e-01
9.887259368111683216e+03,7.039444446563720703e-01
9.897266715650257538e+03,7.041110992431640625e-01
9.907274063188831860e+03,7.040555477142333984e-01
9.917281410727406183e+03,7.039999961853027344e-01
9.927288758265982324e+03,7.040555477142333984e-01
9.937296105804556646e+03,7.039999961853027344e-01
9.947303453343130968e+03,7.038333415985107422e-01
9.957310800881705291e+03,7.038888931274414062e-01
9.967318148420279613e+03,7.038888931274414062e-01
9.977325495958853935e+03,7.039444446563720703e-01
9.987332843497428257e+03,7.038333415985107422e-01
9.997340191036002579e+03,7.040555477142333984e-01
1.000734753857457872e+04,7.039999961853027344e-01
1.001735488611315304e+04,7.038888931274414062e-01
1.002736223365172737e+04,7.038888931274414062e-01
1.003736958119030169e+04,7.038333415985107422e-01
1.004737692872887601e+04,7.039444446563720703e-01
1.005738427626745033e+04,7.041110992431640625e-01
1.006739162380602465e+04,7.041110992431640625e-01
1.007739897134460080e+04,7.041110992431640625e-01
1.008740631888317512e+04,7.039444446563720703e-01
1.009741366642174944e+04,7.039444446563720703e-01
1.010742101396032376e+04,7.039999961853027344e-01
1.011742836149889808e+04,7.038888931274414062e-01
1.012743570903747241e+04,7.038333415985107422e-01
1.013744305657604673e+04,7.038333415985107422e-01
1.014745040411462287e+04,7.037222385406494141e-01
1.015745775165319719e+04,7.038333415985107422e-01
1.016746509919177151e+04,7.037777900695800781e-01
1.017747244673034584e+04,7.038333415985107422e-01
1.018747979426892016e+04,7.039999961853027344e-01
1.019748714180749448e+04,7.041110992431640625e-01
1.020749448934606880e+04,7.041110992431640625e-01
1.021750183688464494e+04,7.038333415985107422e-01
1.022750918442321927e+04,7.038888931274414062e-01
1.023751653196179359e+04,7.038333415985107422e-01
1.024752387950036791e+04,7.038888931274414062e-01
1.025753122703894223e+04,7.039444446563720703e-01
1.026753857457751656e+04,7.039444446563720703e-01
1.027754592211609088e+04,7.038888931274414062e-01
1.028755326965466702e+04,7.038888931274414062e-01
1.029756061719324134e+04,7.037222385406494141e-01
1.030756796473181566e+04,7.037222385406494141e-01
1.031757531227038999e+04,7.038888931274414062e-01
1.032758265980896431e+04,7.038333415985107422e-01
1.033759000734753863e+04,7.038333415985107422e-01
1.034759735488611295e+04,7.038888931274414062e-01
1.035760470242468909e+04,7.038888931274414062e-01
1.036761204996326342e+04,7.037777900695800781e-01
1.037761939750183774e+04,7.037777900695800781e-01
1.038762674504041206e+04,7.038333415985107422e-01
1.039763409257898638e+04,7.038333415985107422e-01
1.040764144011756071e+04,7.038888931274414062e-01
1.041764878765613503e+04,7.038333415985107422e-01
1.042765613519471117e+04,7.037777900695800781e-01
1.043766348273328549e+04,7.037222385406494141e-01
1.044767083027185981e+04,7.037222385406494141e-01
1.045767817781043414e+04,7.038333415985107422e-01
1.046768552534900846e+04,7.038888931274414062e-01
1.047769287288758278e+04,7.038333415985107422e-01
1.048770022042615710e+04,7.038888931274414062e-01
1.049770756796473324e+04,7.038888931274414062e-01
1.050771491550330757e+04,7.039444446563720703e-01
1.051772226304188189e+04,7.039999961853027344e-01
1.052772961058045621e+04,7.037222385406494141e-01
1.053773695811903053e+04,7.038333415985107422e-01
1.054774430565760485e+04,7.039444446563720703e-01
1.055775165319617918e+04,7.038888931274414062e-01
1.056775900073475350e+04,7.038333415985107422e-01
1.057776634827332964e+04,7.038888931274414062e-01
1.058777369581190396e+04,7.037222385406494141e-01
1.059778104335047828e+04,7.038888931274414062e-01
1.060778839088905261e+04,7.040555477142333984e-01
1.061779573842762693e+04,7.039999961853027344e-01
1.062780308596620125e+04,7.039444446563720703e-01
1.063781043350477557e+04,7.038888931274414062e-01
1.064781778104335172e+04,7.039444446563720703e-01
1.065782512858192604e+04,7.039444446563720703e-01
1.066783247612050036e+04,7.038888931274414062e-01
1.067783982365907468e+04,7.040555477142333984e-01
1.068784717119764900e+04,7.040555477142333984e-01
1.069785451873622333e+04,7.039999961853027344e-01
1.070786186627479765e+04,7.040555477142333984e-01
1.071786921381337379e+04,7.041110992431640625e-01
1.072787656135194811e+04,7.041110992431640625e-01
1.073788390889052243e+04,7.039999961853027344e-01
1.074789125642909676e+04,7.039999961853027344e-01
1.075789860396767108e+04,7.038888931274414062e-01
1.076790595150624540e+04,7.039444446563720703e-01
1.077791329904481972e+04,7.039999961853027344e-01
1.078792064658339586e+04,7.040555477142333984e-01
1.079792799412197019e+04,7.038333415985107422e-01
1.080793534166054451e+04,7.038888931274414062e-01
1.081794268919911883e+04,7.036666870117187500e-01
1.082795003673769315e+04,7.039444446563720703e-01
1.083795738427626748e+04,7.038333415985107422e-01
1.084796473181484180e+04,7.039999961853027344e-01
1.085797207935341794e+04,7.039999961853027344e-01
1.086797942689199226e+04,7.038888931274414062e-01
1.087798677443056658e+04,7.039999961853027344e-01
1.088799412196914091e+04,7.039444446563720703e-01
1.089800146950771523e+04,7.039999961853027344e-01
1.090800881704628955e+04,7.039999961853027344e-01
1.091801616458486387e+04,7.039444446563720703e-01
1.092802351212344001e+04,7.038888931274414062e-01
1.093803085966201434e+04,7.038888931274414062e-01
1.094803820720058866e+04,7.038333415985107422e-01
1.095804555473916298e+04,7.038888931274414062e-01
1.096805290227773730e+04,7.038333415985107422e-01
1.097806024981631163e+04,7.038333415985107422e-01
1.098806759735488595e+04,7.037222385406494141e-01
1.099807494489346209e+04,7.036666870117187500e-01
1.100808229243203641e+04,7.038888931274414062e-01
1.101808963997061073e+04,7.037777900695800781e-01
1.102809698750918506e+04,7.038333415985107422e-01
1.103810433504775938e+04,7.039444446563720703e-01
1.104811168258633370e+04,7.037777900695800781e-01
1.105811903012490802e+04,7.038888931274414062e-01
1.106812637766348416e+04,7.039444446563720703e-01
1.107813372520205849e+04,7.038333415985107422e-01
1.108814107274063281e+04,7.037222385406494141e-01
1.109814842027920713e+04,7.038888931274414062e-01
1.110815576781778145e+04,7.038333415985107422e-01
1.111816311535635577e+04,7.039444446563720703e-01
1.112817046289493010e+04,7.040555477142333984e-01
1.113817781043350624e+04,7.039444446563720703e-01
1.114818515797208056e+04,7.038333415985107422e-01
1.115819250551065488e+04,7.038888931274414062e-01
1.116819985304922920e+04,7.038333415985107422e-01
1.117820720058780353e+04,7.038333415985107422e-01
1.118821454812637785e+04,7.039444446563720703e-01
1.119822189566495217e+04,7.039444446563720703e-01
1.120822924320352831e+04,7.039444446563720703e-01
1.121823659074210263e+04,7.038333415985107422e-01
1.122824393828067696e+04,7.037222385406494141e-01
1.123825128581925128e+04,7.038333415985107422e-01
1.124825863335782560e+04,7.037777900695800781e-01
1.125826598089639992e+04,7.039444446563720703e-01
1.126827332843497425e+04,7.039999961853027344e-01
1.127828067597354857e+04,7.039999961853027344e-01
1.128828802351212471e+04,7.038888931274414062e-01
1.129829537105069903e+04,7.039444446563720703e-01
1.130830271858927335e+04,7.039999961853027344e-01
1.131831006612784768e+04,7.041110992431640625e-01
1.132831741366642200e+04,7.040555477142333984e-01
1.133832476120499632e+04,7.041666507720947266e-01
1.134833210874357064e+04,7.039999961853027344e-01
1.135833945628214678e+04,7.038888931274414062e-01
1.136834680382072111e+04,7.038333415985107422e-01
1.137835415135929543e+04,7.039444446563720703e-01
1.138836149889786975e+04,7.041110992431640625e-01
1.139836884643644407e+04,7.040555477142333984e-01
1.140837619397501840e+04,7.041110992431640625e-01
1.141838354151359272e+04,7.039444446563720703e-01
1.142839088905216886e+04,7.039999961853027344e-01
1.143839823659074318e+04,7.040555477142333984e-01
1.144840558412931750e+04,7.040555477142333984e-01
1.145841293166789183e+04,7.041666507720947266e-01
1.146842027920646615e+04,7.041666507720947266e-01
1.147842762674504047e+04,7.038888931274414062e-01
1.148843497428361479e+04,7.039444446563720703e-01
1.149844232182219093e+04,7.041110992431640625e-01
1.150844966936076526e+04,7.040555477142333984e-01
1.151845701689933958e+04,7.040555477142333984e-01
1.152846436443791390e+04,7.039444446563720703e-01
1.153847171197648822e+04,7.039444446563720703e-01
1.154847905951506254e+04,7.039444446563720703e-01
1.155848640705363687e+04,7.039444446563720703e-01
1.156849375459221301e+04,7.039999961853027344e-01
1.157850110213078733e+04,7.036111354827880859e-01
1.158850844966936165e+04,7.038888931274414062e-01
1.159851579720793598e+04,7.040555477142333984e-01
1.160852314474651030e+04,7.041666507720947266e-01
1.161853049228508462e+04,7.041110992431640625e-01
1.162853783982365894e+04,7.040555477142333984e-01
1.163854518736223508e+04,7.039999961853027344e-01
1.164855253490080941e+04,7.039444446563720703e-01
1.165855988243938373e+04,7.039444446563720703e-01
1.166856722997795805e+04,7.041110992431640625e-01
1.167857457751653237e+04,7.041666507720947266e-01
1.168858192505510669e+04,7.042222023010253906e-01
1.169858927259368102e+04,7.041666507720947266e-01
1.170859662013225716e+04,7.042222023010253906e-01
1.171860396767083148e+04,7.041666507720947266e-01
1.172861131520940580e+04,7.038888931274414062e-01
1.173861866274798012e+04,7.038888931274414062e-01
1.174862601028655445e+04,7.039444446563720703e-01
1.175863335782512877e+04,7.038333415985107422e-01
1.176864070536370309e+04,7.039999961853027344e-01
1.177864805290227923e+04,7.041666507720947266e-01
1.178865540044085355e+04,7.042222023010253906e-01
1.179866274797942788e+04,7.038888931274414062e-01
1.180867009551800220e+04,7.039444446563720703e-01
1.181867744305657652e+04,7.038333415985107422e-01
1.182868479059515084e+04,7.037777900695800781e-01
1.183869213813372517e+04,7.039444446563720703e-01
1.184869948567229949e+04,7.040555477142333984e-01
1.185870683321087563e+04,7.039444446563720703e-01
1.186871418074944995e+04,7.038333415985107422e-01
1.187872152828802427e+04,7.039999961853027344e-01
1.188872887582659860e+04,7.039999961853027344e-01
1.189873622336517292e+04,7.040555477142333984e-01
1.190874357090374724e+04,7.041110992431640625e-01
1.191875091844232156e+04,7.041666507720947266e-01
1.192875826598089770e+04,7.041666507720947266e-01
1.193876561351947203e+04,7.039999961853027344e-01
1.194877296105804635e+04,7.041666507720947266e-01
1.195878030859662067e+04,7.039999961853027344e-01
1.196878765613519499e+04,7.039444446563720703e-01
1.197879500367376932e+04,7.039999961853027344e-01
1.198880235121234364e+04,7.039444446563720703e-01
1.199880969875091978e+04,7.040555477142333984e-01
1.200881704628949410e+04,7.039999961853027344e-01
1.201882439382806842e+04,7.039999961853027344e-01
1.202883174136664275e+04,7.039444446563720703e-01
1.203883908890521707e+04,7.039444446563720703e-01
1.204884643644379139e+04,7.039444446563720703e-01
1.205885378398236571e+04,7.039444446563720703e-01
1.206886113152094185e+04,7.039999961853027344e-01
1.207886847905951618e+04,7.039999961853027344e-01
1.208887582659809050e+04,7.039444446563720703e-01
1.209888317413666482e+04,7.039999961853027344e-01
1.210889052167523914e+04,7.039444446563720703e-01
1.211889786921381346e+04,7.039999961853027344e-01
1.212890521675238779e+04,7.039444446563720703e-01
1.213891256429096393e+04,7.039444446563720703e-01
1.214891991182953825e+04,7.038888931274414062e-01
1.215892725936811257e+04,7.038888931274414062e-01
1.216893460690668689e+04,7.038888931274414062e-01
1.217894195444526122e+04,7.038888931274414062e-01
1.218894930198383554e+04,7.039444446563720703e-01
1.219895664952240986e+04,7.039444446563720703e-01
1.220896399706098600e+04,7.039444446563720703e-01
1.221897134459956033e+04,7.039444446563720703e-01
1.222897869213813465e+04,7.039444446563720703e-01
1.223898603967670897e+04,7.038888931274414062e-01
1.224899338721528329e+04,7.038888931274414062e-01
1.225900073475385761e+04,7.038333415985107422e-01
1.226900808229243194e+04,7.038333415985107422e-01
1.227901542983100808e+04,7.038333415985107422e-01
1.228902277736958240e+04,7.038333415985107422e-01
1.229903012490815672e+04,7.038888931274414062e-01
1.230903747244673104e+04,7.038888931274414062e-01
1.231904481998530537e+04,7.038888931274414062e-01
1.232905216752387969e+04,7.038888931274414062e-01
1.233905951506245401e+04,7.038888931274414062e-01
1.234906686260103015e+04,7.038888931274414062e-01
1.235907421013960447e+04,7.039444446563720703e-01
1.236908155767817880e+04,7.039999961853027344e-01
1.237908890521675312e+04,7.039999961853027344e-01
1.238909625275532744e+04,7.039444446563720703e-01
1.239910360029390176e+04,7.039444446563720703e-01
1.240911094783247609e+04,7.039444446563720703e-01
1.241911829537105223e+04,7.039999961853027344e-01
1.242912564290962655e+04,7.039999961853027344e-01
1.243913299044820087e+04,7.039999961853027344e-01
1.244914033798677519e+04,7.039999961853027344e-01
1.245914768552534952e+04,7.039444446563720703e-01
1.246915503306392384e+04,7.039444446563720703e-01
1.247916238060249816e+04,7.039444446563720703e-01
1.248916972814107430e+04,7.039444446563720703e-01
1.249917707567964862e+04,7.038888931274414062e-01
1.250918442321822295e+04,7.039444446563720703e-01
1.251919177075679727e+04,7.038888931274414062e-01
1.252919911829537159e+04,7.039999961853027344e-01
1.253920646583394591e+04,7.039444446563720703e-01
1.254921381337252024e+04,7.038888931274414062e-01
1.255922116091109456e+04,7.038888931274414062e-01
1.256922850844967070e+04,7.038888931274414062e-01
1.257923585598824502e+04,7.038888931274414062e-01
1.258924320352681934e+04,7.038888931274414062e-01
1.259925055106539367e+04,7.038888931274414062e-01
1.260925789860396799e+04,7.038888931274414062e-01
1.261926524614254231e+04,7.039444446563720703e-01
1.262927259368111663e+04,7.039999961853027344e-01
1.263927994121969277e+04,7.039999961853027344e-01
1.264928728875826710e+04,7.040555477142333984e-01
1.265929463629684142e+04,7.039999961853027344e-01
1.266930198383541574e+04,7.039999961853027344e-01
1.267930933137399006e+04,7.039999961853027344e-01
1.268931667891256438e+04,7.039999961853027344e-01
1.269932402645113871e+04,7.039999961853027344e-01
1.270933137398971485e+04,7.039444446563720703e-01
1.271933872152828917e+04,7.039444446563720703e-01
1.272934606906686349e+04,7.039444446563720703e-01
1.273935341660543781e+04,7.039444446563720703e-01
1.274936076414401214e+04,7.039999961853027344e-01
1.275936811168258646e+04,7.039999961853027344e-01
1.276937545922116078e+04,7.040555477142333984e-01
1.277938280675973692e+04,7.040555477142333984e-01
1.278939015429831124e+04,7.040555477142333984e-01
1.279939750183688557e+04,7.040555477142333984e-01
1.280940484937545989e+04,7.040555477142333984e-01
1.281941219691403421e+04,7.039999961853027344e-01
1.282941954445260853e+04,7.039444446563720703e-01
1.283942689199118286e+04,7.039444446563720703e-01
1.284943423952975900e+04,7.039444446563720703e-01
1.285944158706833332e+04,7.039444446563720703e-01
1.286944893460690764e+04,7.039999961853027344e-01
1.287945628214548196e+04,7.039999961853027344e-01
1.288946362968405629e+04,7.039999961853027344e-01
1.289947097722263061e+04,7.039999961853027344e-01
1.290947832476120493e+04,7.039444446563720703e-01
1.291948567229978107e+04,7.039444446563720703e-01
1.292949301983835539e+04,7.039444446563720703e-01
1.293950036737692972e+04,7.039444446563720703e-01
1.294950771491550404e+04,7.038888931274414062e-01
1.295951506245407836e+04,7.038888931274414062e-01
1.296952240999265268e+04,7.038888931274414062e-01
1.297952975753122701e+04,7.039444446563720703e-01
1.298953710506980315e+04,7.039444446563720703e-01
1.299954445260837747e+04,7.039444446563720703e-01
1.300955180014695179e+04,7.039444446563720703e-01
1.301955914768552611e+04,7.039444446563720703e-01
1.302956649522410044e+04,7.038888931274414062e-01
1.303957384276267476e+04,7.039444446563720703e-01
1.304958119030124908e+04,7.039444446563720703e-01
1.305958853783982522e+04,7.038888931274414062e-01
1.306959588537839954e+04,7.038888931274414062e-01
1.307960323291697387e+04,7.038888931274414062e-01
1.308961058045554819e+04,7.038888931274414062e-01
1.309961792799412251e+04,7.038888931274414062e-01
1.310962527553269683e+04,7.038888931274414062e-01
1.311963262307127115e+04,7.038888931274414062e-01
1.312963997060984548e+04,7.038888931274414062e-01
1.313964731814842162e+04,7.038888931274414062e-01
1.314965466568699594e+04,7.038888931274414062e-01
1.315966201322557026e+04,7.038888931274414062e-01
1.316966936076414459e+04,7.038888931274414062e-01
1.317967670830271891e+04,7.039999961853027344e-01
1.318968405584129323e+04,7.039999961853027344e-01
1.319969140337986755e+04,7.039999961853027344e-01
1.320969875091844369e+04,7.039999961853027344e-01
1.321970609845701802e+04,7.038888931274414062e-01
1.322971344599559234e+04,7.039999961853027344e-01
1.323972079353416666e+04,7.039999961853027344e-01
1.324972814107274098e+04,7.039999961853027344e-01
1.325973548861131530e+04,7.039999961853027344e-01
1.326974283614988963e+04,7.040555477142333984e-01
1.327975018368846577e+04,7.040555477142333984e-01
1.328975753122704009e+04,7.040555477142333984e-01
1.329976487876561441e+04,7.039999961853027344e-01
1.330977222630418873e+04,7.039999961853027344e-01
1.331977957384276306e+04,7.039999961853027344e-01
1.332978692138133738e+04,7.039999961853027344e-01
1.333979426891991170e+04,7.039999961853027344e-01
1.334980161645848784e+04,7.039999961853027344e-01
1.335980896399706216e+04,7.039444446563720703e-01
1.336981631153563649e+04,7.039999961853027344e-01
1.337982365907421081e+04,7.039999961853027344e-01
1.338983100661278513e+04,7.039999961853027344e-01
1.339983835415135945e+04,7.039444446563720703e-01
1.340984570168993378e+04,7.039444446563720703e-01
1.341985304922850992e+04,7.039444446563720703e-01
1.342986039676708424e+04,7.039444446563720703e-01
1.343986774430565856e+04,7.039444446563720703e-01
1.344987509184423288e+04,7.039444446563720703e-01
1.345988243938280721e+04,7.039999961853027344e-01
1.346988978692138153e+04,7.039444446563720703e-01
1.347989713445995585e+04,7.039444446563720703e-01
1.348990448199853199e+04,7.039444446563720703e-01
1.349991182953710631e+04,7.039444446563720703e-01
1.350991917707568064e+04,7.039999961853027344e-01
1.351992652461425496e+04,7.039999961853027344e-01
1.352993387215282928e+04,7.039999961853027344e-01
1.353994121969140360e+04,7.039999961853027344e-01
1.354994856722997793e+04,7.039999961853027344e-01
1.355995591476855407e+04,7.039999961853027344e-01
1.356996326230712839e+04,7.039999961853027344e-01
1.357997060984570271e+04,7.039999961853027344e-01
1.358997795738427703e+04,7.039999961853027344e-01
1.359998530492285136e+04,7.039999961853027344e-01
1.360999265246142568e+04,7.039999961853027344e-01
1.362000000000000000e+04,7.039999961853027344e-01
