# kappa, training_loss
0.000000000000000000e+00,1.102604195475578308e-01
3.460445340455014507e-01,8.535624295473098755e-02
4.393379399301419741e-01,8.098722994327545166e-02
4.955275409158814148e-01,7.733900099992752075e-02
5.358639873243883356e-01,7.756084948778152466e-02
5.673518541266728832e-01,7.561421394348144531e-02
5.931834119756015378e-01,7.489082962274551392e-02
6.150846475323201723e-01,7.242081314325332642e-02
6.340951296862447073e-01,7.128529250621795654e-02
6.508897446364934058e-01,7.274116575717926025e-02
6.659315501662050885e-01,7.048165053129196167e-02
6.795520879491185884e-01,7.059843093156814575e-02
6.919969080310299780e-01,6.904776394367218018e-02
7.034529547765937529e-01,6.962571293115615845e-02
7.140658502076133729e-01,7.067902386188507080e-02
7.239512412524066187e-01,6.776830554008483887e-02
7.332025009801349524e-01,6.809560209512710571e-02
7.418961051435957188e-01,6.768503040075302124e-02
7.500954783760218625e-01,6.555386632680892944e-02
7.578538047130009003e-01,6.712032854557037354e-02
7.652161200609056690e-01,6.768348813056945801e-02
7.722208960953143020e-01,6.706579774618148804e-02
7.789012570668940594e-01,6.446828693151473999e-02
7.852859271029709598e-01,6.395604461431503296e-02
7.913999766060545449e-01,6.352861970663070679e-02
7.972654168044723821e-01,6.403745710849761963e-02
8.029016780807384235e-01,6.440794467926025391e-02
8.083259983178181507e-01,6.054703518748283386e-02
8.135537408415889349e-01,6.199325248599052429e-02
8.185986567414047510e-01,6.106140092015266418e-02
8.234731028519057805e-01,6.261722743511199951e-02
8.281882240960030117e-01,6.173171848058700562e-02
8.327541069603097146e-01,6.313224881887435913e-02
8.371799094193064228e-01,6.049682199954986572e-02
8.414739715162276035e-01,6.267858296632766724e-02
8.456439099568006101e-01,6.021574512124061584e-02
8.496966994116652572e-01,5.979479476809501648e-02
8.536387427074213496e-01,6.230870634317398071e-02
8.574759316801946474e-01,6.078759953379631042e-02
8.612137001437669692e-01,5.990494042634963989e-02
8.648570701675173389e-01,5.894165113568305969e-02
8.684106926532504378e-01,5.903743579983711243e-02
8.718788830334929241e-01,5.791639536619186401e-02
8.752656527786117913e-01,5.835659429430961609e-02
8.785747372897153573e-01,5.881933867931365967e-02
8.818096206637066059e-01,5.834718421101570129e-02
8.849735577421746768e-01,5.813791230320930481e-02
8.880695937939450113e-01,5.762834846973419189e-02
8.911005821296484886e-01,5.895411223173141479e-02
8.940691999036846083e-01,5.673016980290412903e-02
8.969779623229010568e-01,5.537366122007369995e-02
8.998292354509619395e-01,5.820667743682861328e-02
9.026252477717370271e-01,5.831519141793251038e-02
9.053681006532972031e-01,5.667446181178092957e-02
9.080597778356127581e-01,5.695534497499465942e-02
9.107021540492594713e-01,5.631440132856369019e-02
9.132970028589302292e-01,5.680996179580688477e-02
9.158460038139408788e-01,5.570261925458908081e-02
9.183507489779352273e-01,5.448159202933311462e-02
9.208127489013614442e-01,5.675076320767402649e-02
9.232334380928284290e-01,5.528606846928596497e-02
9.256141800389642293e-01,5.544261634349822998e-02
9.279562718167629898e-01,5.532095208764076233e-02
9.302609483374831845e-01,5.672200769186019897e-02
9.325293862568632131e-01,5.439566820859909058e-02
9.347627075826513421e-01,5.473194271326065063e-02
9.369619830071354016e-01,5.410339310765266418e-02
9.391282349894566339e-01,5.614531040191650391e-02
9.412624406099118213e-01,5.495056137442588806e-02
9.433655342161961777e-01,5.317497625946998596e-02
9.454384098795184377e-01,5.432284995913505554e-02
9.474819236767553221e-01,5.452299490571022034e-02
9.494968958132188330e-01,5.396459624171257019e-02
9.514841125992139492e-01,5.402465909719467163e-02
9.534443282923067420e-01,5.210852622985839844e-02
9.553782668161032721e-01,5.142974853515625000e-02
9.572866233653434254e-01,5.221044644713401794e-02
9.591700659062131207e-01,5.253987759351730347e-02
9.610292365799801839e-01,5.111282318830490112e-02
9.628647530173305435e-01,5.341012030839920044e-02
9.646772095701410255e-01,5.115130171179771423e-02
9.664671784668320553e-01,5.131730437278747559e-02
9.682352108969212168e-01,5.147391557693481445e-02
9.699818380299215503e-01,5.050192400813102722e-02
9.717075719732954919e-01,5.143383890390396118e-02
9.734129066737882141e-01,5.058996379375457764e-02
9.750983187661105278e-01,5.000897869467735291e-02
9.767642683726160957e-01,5.202861875295639038e-02
9.784111998573331581e-01,5.150431767106056213e-02
9.800395425374409664e-01,4.942353814840316772e-02
9.816497113550398668e-01,4.940688982605934143e-02
9.832421075118468190e-01,5.256933346390724182e-02
9.848171190692422972e-01,5.116057023406028748e-02
9.863751215159165531e-01,5.143311992287635803e-02
9.879164783051906928e-01,4.867602512240409851e-02
9.894415413639360279e-01,4.894985258579254150e-02
9.909506515748756073e-01,4.944154247641563416e-02
9.924441392339197199e-01,5.063727498054504395e-02
9.939223244840715843e-01,4.988815635442733765e-02
9.953855177273281951e-01,4.773318395018577576e-02
9.968340200159028219e-01,5.006170645356178284e-02
9.982681234240009527e-01,4.944458603858947754e-02
9.996881114013008718e-01,4.886183142662048340e-02
1.001094259109205575e+00,5.059821158647537231e-02
1.002486833740867223e+00,4.868978261947631836e-02
1.003866094825911270e+00,4.738137871026992798e-02
1.005232294520733927e+00,5.012832581996917725e-02
1.006585677885181163e+00,4.975733160972595215e-02
1.007926483146370567e+00,4.924138262867927551e-02
1.009254941950367357e+00,4.957177489995956421e-02
1.010571279602376693e+00,4.992832615971565247e-02
1.011875715296077338e+00,4.764385521411895752e-02
1.013168462332681985e+00,4.819461330771446228e-02
1.014449728330266476e+00,4.581998288631439209e-02
1.015719715423887282e+00,4.661221057176589966e-02
1.016978620456968629e+00,4.615117236971855164e-02
1.018226635164408034e+00,4.879759997129440308e-02
1.019463946347832772e+00,4.841576144099235535e-02
1.020690736043402547e+00,4.686192050576210022e-02
1.021907181682539356e+00,4.741105437278747559e-02
1.023113456245936304e+00,4.617198556661605835e-02
1.024309728411181064e+00,4.968572780489921570e-02
1.025496162694310653e+00,4.751431941986083984e-02
1.026672919585590815e+00,4.826492071151733398e-02
1.027840155679804246e+00,4.755178838968276978e-02
1.028998023801309447e+00,4.561354592442512512e-02
1.030146673124121337e+00,4.783627763390541077e-02
1.031286249287248546e+00,4.648353904485702515e-02
1.032416894505512550e+00,4.502298682928085327e-02
1.033538747676056913e+00,4.567904397845268250e-02
1.034651944480746044e+00,4.597681015729904175e-02
1.035756617484646647e+00,4.628384485840797424e-02
1.036852896230764376e+00,4.725106060504913330e-02
1.037940907331210250e+00,4.439308121800422668e-02
1.039020774554953119e+00,4.540723189711570740e-02
1.040092618912314082e+00,4.548276960849761963e-02
1.041156558736344051e+00,4.506357759237289429e-02
1.042212709761223044e+00,4.473999142646789551e-02
1.043261185197810192e+00,4.625177010893821716e-02
1.044302095806469266e+00,4.576727002859115601e-02
1.045335549967284283e+00,4.450423642992973328e-02
1.046361653747778675e+00,4.527536779642105103e-02
1.047380510968244138e+00,4.581451416015625000e-02
1.048392223264777323e+00,4.559677839279174805e-02
1.049396890150121830e+00,4.349213838577270508e-02
1.050394609072407448e+00,4.301356524229049683e-02
1.051385475471871223e+00,4.355439916253089905e-02
1.052369582835644080e+00,4.443318396806716919e-02
1.053347022750681594e+00,4.572072625160217285e-02
1.054317884954913964e+00,4.335716366767883301e-02
1.055282257386685574e+00,4.510698840022087097e-02
1.056240226232554091e+00,4.456249624490737915e-02
1.057191875973513273e+00,4.288307949900627136e-02
1.058137289429699202e+00,4.443550482392311096e-02
1.059076547803643464e+00,4.453426599502563477e-02
1.060009730722126342e+00,4.241355881094932556e-02
1.060936916276685515e+00,4.385502263903617859e-02
1.061858181062830697e+00,4.346410930156707764e-02
1.062773600218014591e+00,4.348521679639816284e-02
1.063683247458407699e+00,4.164405539631843567e-02
1.064587195114518492e+00,4.357203841209411621e-02
1.065485514165706693e+00,4.302415624260902405e-02
1.066378274273629190e+00,4.404040798544883728e-02
1.067265543814654771e+00,4.221694916486740112e-02
1.068147389911290768e+00,4.489445686340332031e-02
1.069023878462653565e+00,4.264306649565696716e-02
1.069895074174019634e+00,4.148863628506660461e-02
1.070761040585490598e+00,4.186341166496276855e-02
1.071621840099800105e+00,4.262928292155265808e-02
1.072477534009300237e+00,4.416903108358383179e-02
1.073328182522148344e+00,4.315892234444618225e-02
1.074173844787729593e+00,4.272836819291114807e-02
1.075014578921336339e+00,4.305913299322128296e-02
1.075850442028134069e+00,4.329352080821990967e-02
1.076681490226436555e+00,4.257594048976898193e-02
1.077507778670313776e+00,4.237068444490432739e-02
1.078329361571557676e+00,4.390481486916542053e-02
1.079146292221025094e+00,4.191465675830841064e-02
1.079958623009378949e+00,4.365064948797225952e-02
1.080766405447250333e+00,4.309070855379104614e-02
1.081569690184838617e+00,4.125225171446800232e-02
1.082368527030968197e+00,4.381798580288887024e-02
1.083162964971622344e+00,4.268914833664894104e-02
1.083953052187967669e+00,4.213418811559677124e-02
1.084738836073888102e+00,4.039786383509635925e-02
1.085520363253045906e+00,3.921584412455558777e-02
1.086297679595479293e+00,4.094774276018142700e-02
1.087070830233759056e+00,4.167433083057403564e-02
1.087839859578713320e+00,4.276475682854652405e-02
1.088604811334733302e+00,3.949589654803276062e-02
1.089365728514678944e+00,3.998441621661186218e-02
1.090122653454391077e+00,4.006257280707359314e-02
1.090875627826825012e+00,4.221815988421440125e-02
1.091624692655819739e+00,4.210382327437400818e-02
1.092369888329507210e+00,4.305693134665489197e-02
1.093111254613381211e+00,3.996988385915756226e-02
1.093848830663028959e+00,4.211200401186943054e-02
1.094582655036542285e+00,3.936177492141723633e-02
1.095312765706610403e+00,4.001590609550476074e-02
1.096039200072312481e+00,4.122571647167205811e-02
1.096761994970612220e+00,3.966529667377471924e-02
1.097481186687566668e+00,3.986428305506706238e-02
1.098196810969257253e+00,3.890882432460784912e-02
1.098908903032450590e+00,4.043331742286682129e-02
1.099617497574997715e+00,4.117409512400627136e-02
1.100322628785979528e+00,3.922529518604278564e-02
1.101024330355604652e+00,3.910639509558677673e-02
1.101722635484868595e+00,3.892551735043525696e-02
1.102417576894979323e+00,3.814269229769706726e-02
1.103109186836558564e+00,4.151432961225509644e-02
1.103797497098621516e+00,3.923483192920684814e-02
1.104482539017345166e+00,3.879856690764427185e-02
1.105164343484627887e+00,3.734025731682777405e-02
1.105842940956449194e+00,3.936490416526794434e-02
1.106518361461032551e+00,3.898400068283081055e-02
1.107190634606818991e+00,4.059303179383277893e-02
1.107859789590254884e+00,4.019296541810035706e-02
1.108525855203400967e+00,3.807273507118225098e-02
1.109188859841365060e+00,3.848088905215263367e-02
1.109848831509566924e+00,3.972286731004714966e-02
1.110505797830835917e+00,3.803531825542449951e-02
1.111159786052346998e+00,3.770994022488594055e-02
1.111810823052404418e+00,3.621018677949905396e-02
1.112458935347067523e+00,3.932165354490280151e-02
1.113104149096632467e+00,3.938095271587371826e-02
1.113746490111967358e+00,3.813989460468292236e-02
1.114385983860709084e+00,3.850914165377616882e-02
1.115022655473320246e+00,3.921649977564811707e-02
1.115656529749017523e+00,3.729534521698951721e-02
1.116287631161565042e+00,3.698326647281646729e-02
1.116915983864946282e+00,3.678426146507263184e-02
1.117541611698910531e+00,3.699860721826553345e-02
1.118164538194399427e+00,3.777287900447845459e-02
1.118784786578858714e+00,3.934076800942420959e-02
1.119402379781434087e+00,3.775181248784065247e-02
1.120017340438058007e+00,3.771977871656417847e-02
1.120629690896427499e+00,3.716237843036651611e-02
1.121239453220877813e+00,3.695170953869819641e-02
1.121846649197151491e+00,3.683851286768913269e-02
1.122451300337070412e+00,3.730756044387817383e-02
1.123053427883107913e+00,3.602231293916702271e-02
1.123653052812866981e+00,3.854379430413246155e-02
1.124250195843465416e+00,3.846034035086631775e-02
1.124844877435831059e+00,3.601346164941787720e-02
1.125437117798908204e+00,3.822904080152511597e-02
1.126026936893778752e+00,3.675068914890289307e-02
1.126614354437698751e+00,3.502691537141799927e-02
1.127199389908053462e+00,3.539746999740600586e-02
1.127782062546232922e+00,3.704719617962837219e-02
1.128362391361428463e+00,3.761324658989906311e-02
1.128940395134354402e+00,3.656917065382003784e-02
1.129516092420894902e+00,3.602061420679092407e-02
1.130089501555678666e+00,3.685222193598747253e-02
1.130660640655581251e+00,3.806908428668975830e-02
1.131229527623161424e+00,3.786015138030052185e-02
1.131796180150027809e+00,3.444782271981239319e-02
1.132360615720138908e+00,3.709005191922187805e-02
1.132922851613042070e+00,3.629942238330841064e-02
1.133482904907046063e+00,3.503189235925674438e-02
1.134040792482334581e+00,3.652429208159446716e-02
1.134596531024018473e+00,3.832006081938743591e-02
1.135150137025131123e+00,3.787527978420257568e-02
1.135701626789563656e+00,3.470940142869949341e-02
1.136251016434947969e+00,3.694019839167594910e-02
1.136798321895481134e+00,3.323038667440414429e-02
1.137343558924700293e+00,3.589784726500511169e-02
1.137886743098202702e+00,3.468110412359237671e-02
1.138427889816314709e+00,3.465685248374938965e-02
1.138967014306712766e+00,3.504458069801330566e-02
1.139504131626994710e+00,3.364526107907295227e-02
1.140039256667201961e+00,3.519277647137641907e-02
1.140572404152297326e+00,3.545741736888885498e-02
1.141103588644596156e+00,3.413438051939010620e-02
1.141632824546152447e+00,3.528114780783653259e-02
1.142160126101102513e+00,3.459334373474121094e-02
1.142685507397964706e+00,3.585767000913619995e-02
1.143208982371898275e+00,3.317035362124443054e-02
1.143730564806921590e+00,3.501597046852111816e-02
1.144250268338089516e+00,3.364888578653335571e-02
1.144768106453631917e+00,3.473147377371788025e-02
1.145284092497054651e+00,3.702215850353240967e-02
1.145798239669203022e+00,3.435395285487174988e-02
1.146310561030286834e+00,3.596678748726844788e-02
1.146821069501872126e+00,3.415443375706672668e-02
1.147329777868836942e+00,3.444700315594673157e-02
1.147836698781291354e+00,3.560884296894073486e-02
1.148341844756465724e+00,3.464441001415252686e-02
1.148845228180564781e+00,3.482315316796302795e-02
1.149346861310590828e+00,3.425302356481552124e-02
1.149846756276133641e+00,3.654582425951957703e-02
1.150344925081130842e+00,3.297680243849754333e-02
1.150841379605596959e+00,3.239041194319725037e-02
1.151336131607323843e+00,3.353991359472274780e-02
1.151829192723551110e+00,3.321359306573867798e-02
1.152320574472609049e+00,3.522915020585060120e-02
1.152810288255532667e+00,3.380273282527923584e-02
1.153298345357649302e+00,3.358231484889984131e-02
1.153784756950138490e+00,3.547652438282966614e-02
1.154269534091566962e+00,3.406027331948280334e-02
1.154752687729396987e+00,3.405113145709037781e-02
1.155234228701469190e+00,3.325235471129417419e-02
1.155714167737461384e+00,3.359132632613182068e-02
1.156192515460324755e+00,3.443658724427223206e-02
1.156669282387692066e+00,3.358882293105125427e-02
1.157144478933266551e+00,3.333740308880805969e-02
1.157618115408187487e+00,3.349074348807334900e-02
1.158090202022371340e+00,3.273397684097290039e-02
1.158560748885832270e+00,3.352664038538932800e-02
1.159029766009983309e+00,3.374084830284118652e-02
1.159497263308911341e+00,3.196770697832107544e-02
1.159963250600637208e+00,3.334208950400352478e-02
1.160427737608351828e+00,3.309405222535133362e-02
1.160890733961632781e+00,3.359706327319145203e-02
1.161352249197643571e+00,3.422619402408599854e-02
1.161812292762311571e+00,3.257687389850616455e-02
1.162270874011488209e+00,3.325219452381134033e-02
1.162728002212090717e+00,3.467917814850807190e-02
1.163183686543225459e+00,3.217996656894683838e-02
1.163637936097294601e+00,3.274950012564659119e-02
1.164090759881083459e+00,3.239896520972251892e-02
1.164542166816833202e+00,3.290711343288421631e-02
1.164992165743295560e+00,3.223435208201408386e-02
1.165440765416769775e+00,3.205743059515953064e-02
1.165887974512127556e+00,3.129193559288978577e-02
1.166333801623816946e+00,3.197281062602996826e-02
1.166778255266855746e+00,3.177141770720481873e-02
1.167221343877804740e+00,3.346876800060272217e-02
1.167663075815731588e+00,3.305671364068984985e-02
1.168103459363154073e+00,3.400152176618576050e-02
1.168542502726974242e+00,3.041893057525157928e-02
1.168980214039394783e+00,3.233817592263221741e-02
1.169416601358823193e+00,3.279679641127586365e-02
1.169851672670761955e+00,3.386416286230087280e-02
1.170285435888685388e+00,2.904431708157062531e-02
1.170717898854903405e+00,3.088205493986606598e-02
1.171149069341411941e+00,3.341744467616081238e-02
1.171578955050730952e+00,3.171191364526748657e-02
1.172007563616730419e+00,3.110897913575172424e-02
1.172434902605443918e+00,2.930828928947448730e-02
1.172860979515869317e+00,3.036226518452167511e-02
1.173285801780758808e+00,3.179050981998443604e-02
1.173709376767396506e+00,3.288367763161659241e-02
1.174131711778366061e+00,3.049597144126892090e-02
1.174552814052304273e+00,3.164884075522422791e-02
1.174972690764648275e+00,3.137690573930740356e-02
1.175391349028365839e+00,3.224248811602592468e-02
1.175808795894680570e+00,2.919130027294158936e-02
1.176225038353784225e+00,3.295437246561050415e-02
1.176640083335538378e+00,3.127194195985794067e-02
1.177053937710167641e+00,3.082514926791191101e-02
1.177466608288941119e+00,3.184917569160461426e-02
1.177878101824844981e+00,3.128083795309066772e-02
1.178288425013246377e+00,3.101998381316661835e-02
1.178697584492546024e+00,3.194114565849304199e-02
1.179105586844824360e+00,3.004019148647785187e-02
1.179512438596474588e+00,3.035032935440540314e-02
1.179918146218830177e+00,2.833815477788448334e-02
1.180322716128783478e+00,2.867007628083229065e-02
1.180726154689392793e+00,2.981825545430183411e-02
1.181128468210484117e+00,3.106780350208282471e-02
1.181529662949242887e+00,3.227322176098823547e-02
1.181929745110797958e+00,2.757060341536998749e-02
1.182328720848797365e+00,2.857842296361923218e-02
1.182726596265976537e+00,2.985193952918052673e-02
1.183123377414717847e+00,2.847657166421413422e-02
1.183519070297603504e+00,3.027113899588584900e-02
1.183913680867960228e+00,2.952427975833415985e-02
1.184307215030396598e+00,3.009899146854877472e-02
1.184699678641333742e+00,2.879895083606243134e-02
1.185091077509526913e+00,3.020287863910198212e-02
1.185481417396583526e+00,3.010776080191135406e-02
1.185870704017469635e+00,2.836232073605060577e-02
1.186258943041013758e+00,2.774867601692676544e-02
1.186646140090401147e+00,3.180003538727760315e-02
1.187032300743663171e+00,2.949312701821327209e-02
1.187417430534159157e+00,3.116111829876899719e-02
1.187801534951052007e+00,2.749763056635856628e-02
1.188184619439778045e+00,2.938451059162616730e-02
1.188566689402509757e+00,2.859975956380367279e-02
1.188947750198612763e+00,2.912789396941661835e-02
1.189327807145097893e+00,2.851671352982521057e-02
1.189706865517065060e+00,3.063808940351009369e-02
1.190084930548143793e+00,2.798268012702465057e-02
1.190462007430925340e+00,3.013713844120502472e-02
1.190838101317391873e+00,2.836031839251518250e-02
1.191213217319338602e+00,3.147296980023384094e-02
1.191587360508790328e+00,2.881857752799987793e-02
1.191960535918412889e+00,2.764870971441268921e-02
1.192332748541919285e+00,2.980943955481052399e-02
1.192704003334471352e+00,3.191871941089630127e-02
1.193074305213075226e+00,2.964936383068561554e-02
1.193443659056970807e+00,2.855502068996429443e-02
1.193812069708020340e+00,2.824567072093486786e-02
1.194179541971085667e+00,2.743345126509666443e-02
1.194546080614407702e+00,2.653809823095798492e-02
1.194911690369975243e+00,2.744985185563564301e-02
1.195276375933892465e+00,2.719816751778125763e-02
1.195640141966741066e+00,2.801548875868320465e-02
1.196002993093936650e+00,2.800430916249752045e-02
1.196364933906083339e+00,2.838378027081489563e-02
1.196725968959319930e+00,3.050152212381362915e-02
1.197086102775666516e+00,2.818509005010128021e-02
1.197445339843361767e+00,2.841052971780300140e-02
1.197803684617200881e+00,2.943542972207069397e-02
1.198161141518865547e+00,2.768974006175994873e-02
1.198517714937252565e+00,2.763086557388305664e-02
1.198873409228795150e+00,2.844037860631942749e-02
1.199228228717784672e+00,2.805433608591556549e-02
1.199582177696683960e+00,2.792370133101940155e-02
1.199935260426441053e+00,2.831872925162315369e-02
1.200287481136794954e+00,2.742840163409709930e-02
1.200638844026580720e+00,2.665960974991321564e-02
1.200989353264029669e+00,2.710600383579730988e-02
1.201339012987066024e+00,2.947248704731464386e-02
1.201687827303599798e+00,2.695422247052192688e-02
1.202035800291816781e+00,2.668824978172779083e-02
1.202382936000464309e+00,2.938899584114551544e-02
1.202729238449134153e+00,2.658707275986671448e-02
1.203074711628541182e+00,2.904031053185462952e-02
1.203419359500800256e+00,3.026286698877811432e-02
1.203763185999697782e+00,2.406708896160125732e-02
1.204106195030962834e+00,2.866897173225879669e-02
1.204448390472530717e+00,2.482952922582626343e-02
1.204789776174809424e+00,2.690573781728744507e-02
1.205130355960935651e+00,2.889301255345344543e-02
1.205470133627035478e+00,2.604416571557521820e-02
1.205809112942475281e+00,2.687772922217845917e-02
1.206147297650115080e+00,2.882014773786067963e-02
1.206484691466554127e+00,2.754066325724124908e-02
1.206821298082377814e+00,2.403844892978668213e-02
1.207157121162399038e+00,2.630447410047054291e-02
1.207492164345898233e+00,2.791498042643070221e-02
1.207826431246858734e+00,2.543707937002182007e-02
1.208159925454202366e+00,2.754182554781436920e-02
1.208492650532019486e+00,2.593975514173507690e-02
1.208824610019797463e+00,2.587387152016162872e-02
1.209155807432647833e+00,2.785262092947959900e-02
1.209486246261527898e+00,2.787510119378566742e-02
1.209815929973463211e+00,2.538789622485637665e-02
1.210144862011764078e+00,2.769143693149089813e-02
1.210473045796242708e+00,2.681415528059005737e-02
1.210800484723427051e+00,2.674236148595809937e-02
1.211127182166769067e+00,2.598288096487522125e-02
1.211453141476856121e+00,2.651212923228740692e-02
1.211778365981615702e+00,2.764500118792057037e-02
1.212102858986519927e+00,2.397160604596138000e-02
1.212426623774786050e+00,2.693452499806880951e-02
1.212749663607577189e+00,2.565321512520313263e-02
1.213071981724198833e+00,2.596710622310638428e-02
1.213393581342292915e+00,2.867656946182250977e-02
1.213714465658031871e+00,2.875449322164058685e-02
1.214034637846308939e+00,2.541422471404075623e-02
1.214354101060925339e+00,2.575614862143993378e-02
1.214672858434779013e+00,2.677118778228759766e-02
1.214990913080046475e+00,2.368007041513919830e-02
1.215308268088366894e+00,2.693461440503597260e-02
1.215624926531021943e+00,2.713592164218425751e-02
1.215940891459113438e+00,2.530814334750175476e-02
1.216256165903740749e+00,2.572403103113174438e-02
1.216570752876174888e+00,2.439965121448040009e-02
1.216884655368030588e+00,2.590532042086124420e-02
1.217197876351437502e+00,2.503817901015281677e-02
1.217510418779209846e+00,2.441692911088466644e-02
1.217822285585011155e+00,2.582310698926448822e-02
1.218133479683522147e+00,2.638341858983039856e-02
1.218444003970602374e+00,2.597633004188537598e-02
1.218753861323452314e+00,2.341310679912567139e-02
1.219063054600773466e+00,2.652228623628616333e-02
1.219371586642927330e+00,2.517452090978622437e-02
1.219679460272090399e+00,2.591307833790779114e-02
1.219986678292410254e+00,2.533868141472339630e-02
1.220293243490158552e+00,2.578216791152954102e-02
1.220599158633882242e+00,2.370992116630077362e-02
1.220904426474554327e+00,2.411863580346107483e-02
1.221209049745721309e+00,2.482406981289386749e-02
1.221513031163651064e+00,2.330021373927593231e-02
1.221816373427477620e+00,2.358395978808403015e-02
1.222119079219345039e+00,2.201031334698200226e-02
1.222421151204549306e+00,2.802034653723239899e-02
1.222722592031679767e+00,2.393539808690547943e-02
1.223023404332759245e+00,2.514410950243473053e-02
1.223323590723378818e+00,2.454863302409648895e-02
1.223623153802838814e+00,2.478938177227973938e-02
1.223922096154279382e+00,2.400057949125766754e-02
1.224220420344817484e+00,2.672176435589790344e-02
1.224518128925677463e+00,2.508304640650749207e-02
1.224815224432322269e+00,2.346921153366565704e-02
1.225111709384583358e+00,2.428943291306495667e-02
1.225407586286788364e+00,2.555542998015880585e-02
1.225702857627888998e+00,2.674119919538497925e-02
1.225997525881584727e+00,2.450576610863208771e-02
1.226291593506450006e+00,2.243175916373729706e-02
1.226585062946054627e+00,2.369088493287563324e-02
1.226877936629087174e+00,2.461593784391880035e-02
1.227170216969474925e+00,2.401146106421947479e-02
1.227461906366503985e+00,2.284485660493373871e-02
1.227753007204935853e+00,2.318738587200641632e-02
1.228043521855126441e+00,2.352237887680530548e-02
1.228333452673140425e+00,2.356355078518390656e-02
1.228622802000866709e+00,2.370181120932102203e-02
1.228911572166131227e+00,2.604269608855247498e-02
1.229199765482809958e+00,2.254218794405460358e-02
1.229487384250939730e+00,2.197424694895744324e-02
1.229774430756828352e+00,2.462197281420230865e-02
1.230060907273164306e+00,2.233402244746685028e-02
1.230346816059124215e+00,2.369088493287563324e-02
1.230632159360478983e+00,2.327994816005229950e-02
1.230916939409701039e+00,2.526612579822540283e-02
1.231201158426068698e+00,2.139931730926036835e-02
1.231484818615769417e+00,2.278602309525012970e-02
1.231767922172002816e+00,2.527031488716602325e-02
1.232050471275082382e+00,2.170933410525321960e-02
1.232332468092537159e+00,3.492414951324462891e-02
1.232613914779209452e+00,2.836874127388000488e-02
1.232894813477355411e+00,2.793202921748161316e-02
1.233175166316742732e+00,2.444399707019329071e-02
1.233454975414746579e+00,2.691569365561008453e-02
1.233734242876446396e+00,3.150166571140289307e-02
1.234012970794720054e+00,2.059664763510227203e-02
1.234291161250338886e+00,2.686872519552707672e-02
1.234568816312060946e+00,2.917539328336715698e-02
1.234845938036722268e+00,2.479563467204570770e-02
1.235122528469329017e+00,1.982908509671688080e-02
1.235398589643147860e+00,2.248628064990043640e-02
1.235674123579796335e+00,2.395346760749816895e-02
1.235949132289330343e+00,2.338075079023838043e-02
1.236223617770332961e+00,2.267611585557460785e-02
1.236497582010001706e+00,2.410317771136760712e-02
1.236771026984234689e+00,3.358137980103492737e-02
1.237043954657715883e+00,2.760288678109645844e-02
1.237316366983999716e+00,2.299682796001434326e-02
1.237588265905595675e+00,2.357776276767253876e-02
1.237859653354050904e+00,2.564796619117259979e-02
1.238130531250032584e+00,2.259777486324310303e-02
1.238400901503409646e+00,2.216314710676670074e-02
1.238670766013332925e+00,2.623976580798625946e-02
1.238940126668316211e+00,2.151837013661861420e-02
1.239208985346315517e+00,2.713109366595745087e-02
1.239477343914805907e+00,3.379331156611442566e-02
1.239745204230862097e+00,1.854167506098747253e-02
1.240012568141232396e+00,1.922771334648132324e-02
1.240279437482417979e+00,2.279466763138771057e-02
1.240545814080747267e+00,2.004143036901950836e-02
1.240811699752450981e+00,2.496264129877090454e-02
1.241077096303735638e+00,2.216735854744911194e-02
1.241342005530859272e+00,2.229545079171657562e-02
1.241606429220202257e+00,2.091309800744056702e-02
1.241870369148341036e+00,2.194685116410255432e-02
1.242133827082118280e+00,2.252581715583801270e-02
1.242396804778715502e+00,2.109248004853725433e-02
1.242659303985722774e+00,2.087279409170150757e-02
1.242921326441207341e+00,1.915438473224639893e-02
1.243182873873784455e+00,2.138913981616497040e-02
1.243443948002684207e+00,2.263386361300945282e-02
1.243704550537820586e+00,2.069673687219619751e-02
1.243964683179857644e+00,2.418002486228942871e-02
1.244224347620277005e+00,2.054563164710998535e-02
1.244483545541443803e+00,2.241605147719383240e-02
1.244742278616669973e+00,2.052199468016624451e-02
1.245000548510283078e+00,1.921166107058525085e-02
1.245258356877686046e+00,2.066325582563877106e-02
1.245515705365425330e+00,2.188084460794925690e-02
1.245772595611249756e+00,2.019319310784339905e-02
1.246029029244176023e+00,2.234325371682643890e-02
1.246285007884549545e+00,2.525080740451812744e-02
1.246540533144106178e+00,1.850455440580844879e-02
1.246795606626031949e+00,2.020663022994995117e-02
1.247050229925026343e+00,1.966813392937183380e-02
1.247304404627358254e+00,2.154939994215965271e-02
1.247558132310928158e+00,2.040495350956916809e-02
1.247811414545326070e+00,1.950046606361865997e-02
1.248064252891889270e+00,2.398478612303733826e-02
1.248316648903760706e+00,2.364245429635047913e-02
1.248568604125946058e+00,2.570358663797378540e-02
1.248820120095369690e+00,2.808747999370098114e-02
1.249071198340933053e+00,2.065233513712882996e-02
1.249321840383567750e+00,1.971780695021152496e-02
1.249572047736292824e+00,2.925721183419227600e-02
1.249821821904268049e+00,2.472230978310108185e-02
1.250071164384850109e+00,3.167981654405593872e-02
1.250320076667644997e+00,2.446205914020538330e-02
1.250568560234560866e+00,1.875199191272258759e-02
1.250816616559863537e+00,1.900861039757728577e-02
1.251064247110226013e+00,1.993402652442455292e-02
1.251311453344782221e+00,2.200113050639629364e-02
1.251558236715178518e+00,2.020296640694141388e-02
1.251804598665624546e+00,2.244160510599613190e-02
1.252050540632943409e+00,2.235955558717250824e-02
1.252296064046622970e+00,2.027015388011932373e-02
1.252541170328864917e+00,4.010621458292007446e-02
1.252785860894634951e+00,2.674393169581890106e-02
1.253030137151710743e+00,2.577522769570350647e-02
1.253274000500731233e+00,2.151731215417385101e-02
1.253517452335245252e+00,2.317806892096996307e-02
1.253760494041757712e+00,1.969550177454948425e-02
1.254003126999779782e+00,2.659979648888111115e-02
1.254245352581871975e+00,2.082760632038116455e-02
1.254487172153694541e+00,2.390981279313564301e-02
1.254728587074051216e+00,3.470176085829734802e-02
1.254969598694935629e+00,1.832027733325958252e-02
1.255210208361577928e+00,2.019447833299636841e-02
1.255450417412487862e+00,1.774456910789012909e-02
1.255690227179500740e+00,1.837188750505447388e-02
1.255929638987821395e+00,2.870440855622291565e-02
1.256168654156067932e+00,2.378477714955806732e-02
1.256407273996316354e+00,2.894852869212627411e-02
1.256645499814141864e+00,2.355847321450710297e-02
1.256883332908663498e+00,2.072203159332275391e-02
1.257120774572585642e+00,1.937526278197765350e-02
1.257357826092240671e+00,2.135612443089485168e-02
1.257594488747630468e+00,2.085773833096027374e-02
1.257830763812468167e+00,2.835015580058097839e-02
1.258066652554218567e+00,2.785045281052589417e-02
1.258302156234140101e+00,1.688480190932750702e-02
1.258537276107324576e+00,1.726343110203742981e-02
1.258772013422737146e+00,2.041615359485149384e-02
1.259006369423256722e+00,1.810102164745330811e-02
1.259240345345714607e+00,1.758499071002006531e-02
1.259473942420934911e+00,1.775231212377548218e-02
1.259707161873772074e+00,1.996331475675106049e-02
1.259940004923150170e+00,1.915294304490089417e-02
1.260172472782101094e+00,1.609190180897712708e-02
1.260404566657801428e+00,1.894400641322135925e-02
1.260636287751612850e+00,1.950559206306934357e-02
1.260867637259115659e+00,1.663337834179401398e-02
1.261098616370148751e+00,1.881811022758483887e-02
1.261329226268844916e+00,1.812587492167949677e-02
1.261559468133667705e+00,2.118108980357646942e-02
1.261789343137447172e+00,1.681849360466003418e-02
1.262018852447416517e+00,1.774059794843196869e-02
1.262247997225246943e+00,1.992279477417469025e-02
1.262476778627082963e+00,2.482121437788009644e-02
1.262705197803577706e+00,2.332843095064163208e-02
1.262933255899927998e+00,1.979661360383033752e-02
1.263160954055907448e+00,1.729808002710342407e-02
1.263388293405901752e+00,1.809987798333168030e-02
1.263615275078942890e+00,2.554528415203094482e-02
1.263841900198741763e+00,2.226351760327816010e-02
1.264068169883722392e+00,2.134259976446628571e-02
1.264294085247054111e+00,1.778611540794372559e-02
1.264519647396685542e+00,3.208375722169876099e-02
1.264744857435376346e+00,2.032324858009815216e-02
1.264969716460729865e+00,2.331077121198177338e-02
1.265194225565225983e+00,1.952126994729042053e-02
1.265418385836251325e+00,2.903758175671100616e-02
1.265642198356131676e+00,1.932131871581077576e-02
1.265865664202164176e+00,2.044727467000484467e-02
1.266088784446647075e+00,1.976620405912399292e-02
1.266311560156911709e+00,1.949066668748855591e-02
1.266533992395352026e+00,3.322602435946464539e-02
1.266756082219456347e+00,2.054220810532569885e-02
1.266977830681836226e+00,1.691172458231449127e-02
1.267199238830256647e+00,1.650144718587398529e-02
1.267420307707666893e+00,2.065971866250038147e-02
1.267641038352228300e+00,2.089309319853782654e-02
1.267861431797345340e+00,1.684412173926830292e-02
1.268081489071692269e+00,2.546698600053787231e-02
1.268301211199244882e+00,2.244989946484565735e-02
1.268520599199306265e+00,2.246518805623054504e-02
1.268739654086537438e+00,1.926117204129695892e-02
1.268958376870983340e+00,1.785218156874179840e-02
1.269176768558103463e+00,1.548124291002750397e-02
1.269394830148796727e+00,2.478243969380855560e-02
1.269612562639431230e+00,1.997760310769081116e-02
1.269829967021870676e+00,2.237885631620883942e-02
1.270047044283500570e+00,2.270580083131790161e-02
1.270263795407257090e+00,1.574623771011829376e-02
1.270480221371652396e+00,2.039753831923007965e-02
1.270696323150801277e+00,2.106848359107971191e-02
1.270912101714448239e+00,1.725026965141296387e-02
1.271127558027992155e+00,1.558142621070146561e-02
1.271342693052514017e+00,2.269650064408779144e-02
1.271557507744801363e+00,1.441824343055486679e-02
1.271772003057373590e+00,1.679002866148948669e-02
1.271986179938509043e+00,1.986298523843288422e-02
1.272200039332267663e+00,1.705884560942649841e-02
1.272413582178518521e+00,1.415985915809869766e-02
1.272626809412962690e+00,1.655070297420024872e-02
1.272839721967158555e+00,1.487951911985874176e-02
1.273052320768546464e+00,1.634530723094940186e-02
1.273264606740472482e+00,2.034884504973888397e-02
1.273476580802212377e+00,1.801652833819389343e-02
1.273688243868996706e+00,1.707066595554351807e-02
1.273899596852032801e+00,2.040021121501922607e-02
1.274110640658529414e+00,1.802963390946388245e-02
1.274321376191720034e+00,1.606439426541328430e-02
1.274531804350885089e+00,1.581595093011856079e-02
1.274741926031376593e+00,2.160626277327537537e-02
1.274951742124640131e+00,1.640228927135467529e-02
1.275161253518236615e+00,1.415612362325191498e-02
1.275370461095866048e+00,1.419085636734962463e-02
1.275579365737390836e+00,2.045608498156070709e-02
1.275787968318855325e+00,1.505707204341888428e-02
1.275996269712509790e+00,1.337923109531402588e-02
1.276204270786831518e+00,1.993291825056076050e-02
1.276411972406547024e+00,1.847099699079990387e-02
1.276619375432653802e+00,1.612439006567001343e-02
1.276826480722440538e+00,1.454579643905162811e-02
1.277033289129510196e+00,1.475048903375864029e-02
1.277239801503798899e+00,1.503601670265197754e-02
1.277446018691598795e+00,1.675236783921718597e-02
1.277651941535578484e+00,1.682305708527565002e-02
1.277857570874802784e+00,1.392300520092248917e-02
1.278062907544753601e+00,1.519059855490922928e-02
1.278267952377351468e+00,1.757322624325752258e-02
1.278472706200973974e+00,2.096959576010704041e-02
1.278677169840477079e+00,1.536434423178434372e-02
1.278881344117214880e+00,1.384420692920684814e-02
1.279085229849058480e+00,1.766961440443992615e-02
1.279288827850416865e+00,1.378971245139837265e-02
1.279492138932255552e+00,1.381243485957384109e-02
1.279695163902117461e+00,1.335362996906042099e-02
1.279897903564139350e+00,1.526751089841127396e-02
1.280100358719073572e+00,3.287899494171142578e-02
1.280302530164306063e+00,1.717258989810943604e-02
1.280504418693875435e+00,2.016585506498813629e-02
1.280706025098490297e+00,3.195906057953834534e-02
1.280907350165550573e+00,1.745851524174213409e-02
1.281108394679163265e+00,1.472405157983303070e-02
1.281309159420162214e+00,1.756005361676216125e-02
1.281509645166126088e+00,2.351338788866996765e-02
1.281709852691396367e+00,1.339330337941646576e-02
1.281909782767095107e+00,1.674970239400863647e-02
1.282109436161142924e+00,1.350389979779720306e-02
1.282308813638276979e+00,1.728966087102890015e-02
1.282507915960067635e+00,2.069664373993873596e-02
1.282706743884936884e+00,1.784390397369861603e-02
1.282905298168175445e+00,1.582054048776626587e-02
1.283103579561960084e+00,1.595867611467838287e-02
1.283301588815369820e+00,2.315999753773212433e-02
1.283499326674403695e+00,2.194490283727645874e-02
1.283696793881998532e+00,1.836809329688549042e-02
1.283893991178043148e+00,2.462644875049591064e-02
1.284090919299397449e+00,1.686334051191806793e-02
1.284287578979907529e+00,1.335473265498876572e-02
1.284483970950423437e+00,1.171420793980360031e-02
1.284680095938813604e+00,1.521943137049674988e-02
1.284875954669982168e+00,2.031547203660011292e-02
1.285071547865885622e+00,1.545530557632446289e-02
1.285266876245547252e+00,1.557995472103357315e-02
1.285461940525074231e+00,1.536829303950071335e-02
1.285656741417672722e+00,1.628655195236206055e-02
1.285851279633663857e+00,2.900215424597263336e-02
1.286045555880499291e+00,1.737618632614612579e-02
1.286239570862776516e+00,1.498774439096450806e-02
1.286433325282253515e+00,2.127833291888237000e-02
1.286626819837865865e+00,1.551077142357826233e-02
1.286820055225739834e+00,1.374235190451145172e-02
1.287013032139208146e+00,2.482994459569454193e-02
1.287205751268825527e+00,1.514841429889202118e-02
1.287398213302382910e+00,1.267387159168720245e-02
1.287590418924922098e+00,1.183630246669054031e-02
1.287782368818750189e+00,1.427242066711187363e-02
1.287974063663455349e+00,1.385694835335016251e-02
1.288165504135919459e+00,1.229467242956161499e-02
1.288356690910334335e+00,1.248276606202125549e-02
1.288547624658214374e+00,2.582601271569728851e-02
1.288738306048411220e+00,2.419179677963256836e-02
1.288928735747128407e+00,1.480348128825426102e-02
1.289118914417934469e+00,1.590201258659362793e-02
1.289308842721777371e+00,2.340079285204410553e-02
1.289498521316998492e+00,1.806718483567237854e-02
1.289687950859345289e+00,1.502554025501012802e-02
1.289877132001985949e+00,1.335146557539701462e-02
1.290066065395522710e+00,1.905633695423603058e-02
1.290254751688004520e+00,1.388278231024742126e-02
1.290443191524941469e+00,1.172731444239616394e-02
1.290631385549316779e+00,1.162632647901773453e-02
1.290819334401602125e+00,1.298320386558771133e-02
1.291007038719768074e+00,2.341891638934612274e-02
1.291194499139298513e+00,1.260408200323581696e-02
1.291381716293203086e+00,1.175226084887981415e-02
1.291568690812031628e+00,1.793288812041282654e-02
1.291755423323883489e+00,1.331476774066686630e-02
1.291941914454424412e+00,1.356415543705224991e-02
1.292128164826895187e+00,2.205287665128707886e-02
1.292314175062126758e+00,1.378840580582618713e-02
1.292499945778551762e+00,1.320316642522811890e-02
1.292685477592216969e+00,1.207357272505760193e-02
1.292870771116795048e+00,1.390474755316972733e-02
1.293055826963597665e+00,1.747420988976955414e-02
1.293240645741587036e+00,1.646922715008258820e-02
1.293425228057387466e+00,1.591512560844421387e-02
1.293609574515298677e+00,1.430645957589149475e-02
1.293793685717305797e+00,1.403276342898607254e-02
1.293977562263093573e+00,2.231689542531967163e-02
1.294161204750055250e+00,1.190608087927103043e-02
1.294344613773306785e+00,1.148096099495887756e-02
1.294527789925696615e+00,2.060556784272193909e-02
1.294710733797818536e+00,1.196708064526319504e-02
1.294893445978021695e+00,1.301731634885072708e-02
1.295075927052423026e+00,1.251820661127567291e-02
1.295258177604918570e+00,1.666020788252353668e-02
1.295440198217193695e+00,1.107089687138795853e-02
1.295621989468735302e+00,1.175184920430183411e-02
1.295803551936842046e+00,1.619435846805572510e-02
1.295984886196636321e+00,1.411557663232088089e-02
1.296165992821073809e+00,1.269775815308094025e-02
1.296346872380955695e+00,1.675943844020366669e-02
1.296527525444939322e+00,1.421791687607765198e-02
1.296707952579547296e+00,1.215294841676950455e-02
1.296888154349180367e+00,1.809394173324108124e-02
1.297068131316126527e+00,1.508549414575099945e-02
1.297247884040572341e+00,1.272471155971288681e-02
1.297427413080612491e+00,1.203007716685533524e-02
1.297606718992261765e+00,1.306223962455987930e-02
1.297785802329463500e+00,1.276517380028963089e-02
1.297964663644101124e+00,1.240229699760675430e-02
1.298143303486007705e+00,1.212889142334461212e-02
1.298321722402976608e+00,1.444832514971494675e-02
1.298499920940771490e+00,2.077822014689445496e-02
1.298677899643136069e+00,1.231475267559289932e-02
1.298855659051803446e+00,1.202491763979196548e-02
1.299033199706507880e+00,1.204850059002637863e-02
1.299210522144992552e+00,1.500999834388494492e-02
1.299387626903020454e+00,1.624484546482563019e-02
1.299564514514384816e+00,1.213918905705213547e-02
1.299741185510916219e+00,1.214405521750450134e-02
1.299917640422495024e+00,1.030689012259244919e-02
1.300093879777059147e+00,1.207168586552143097e-02
1.300269904100614493e+00,2.116163633763790131e-02
1.300445713917243395e+00,1.274856738746166229e-02
1.300621309749115051e+00,1.109983399510383606e-02
1.300796692116493958e+00,1.267000008374452591e-02
1.300971861537750129e+00,1.289721298962831497e-02
1.301146818529366644e+00,1.520375814288854599e-02
1.301321563605950749e+00,1.664076745510101318e-02
1.301496097280241626e+00,1.093793194741010666e-02
1.301670420063120170e+00,1.275626849383115768e-02
1.301844532463616755e+00,1.168750319629907608e-02
1.302018434988921669e+00,1.166703086346387863e-02
1.302192128144393779e+00,1.671428047120571136e-02
1.302365612433567188e+00,1.089513674378395081e-02
1.302538888358163893e+00,1.054318528622388840e-02
1.302711956418098227e+00,1.212594378739595413e-02
1.302884817111489069e+00,1.649758219718933105e-02
1.303057470934665840e+00,1.267332304269075394e-02
1.303229918382179164e+00,1.118748541921377182e-02
1.303402159946807526e+00,1.073678024113178253e-02
1.303574196119566819e+00,1.085133012384176254e-02
1.303746027389718565e+00,1.164420694112777710e-02
1.303917654244778346e+00,1.460363902151584625e-02
1.304089077170523137e+00,1.000515930354595184e-02
1.304260296651001072e+00,1.290087308734655380e-02
1.304431313168539441e+00,1.272225659340620041e-02
1.304602127203750905e+00,1.082047075033187866e-02
1.304772739235543488e+00,1.231261435896158218e-02
1.304943149741129460e+00,1.468230970203876495e-02
1.305113359196029776e+00,1.309230737388134003e-02
1.305283368074086292e+00,2.198447100818157196e-02
1.305453176847466867e+00,2.485522814095020294e-02
1.305622785986674028e+00,1.509907841682434082e-02
1.305792195960552515e+00,1.095067616552114487e-02
1.305961407236298388e+00,1.016463991254568100e-02
1.306130420279464799e+00,9.885154664516448975e-03
1.306299235553970872e+00,1.121664233505725861e-02
1.306467853522109479e+00,1.138600800186395645e-02
1.306636274644553675e+00,1.062455028295516968e-02
1.306804499380365581e+00,1.079840585589408875e-02
1.306972528187003491e+00,1.744130253791809082e-02
1.307140361520328531e+00,1.169259194284677505e-02
1.307307999834613099e+00,1.140901353210210800e-02
1.307475443582547969e+00,1.052406989037990570e-02
1.307642693215249174e+00,1.110468152910470963e-02
1.307809749182266001e+00,1.047615520656108856e-02
1.307976611931587430e+00,1.173780579119920731e-02
1.308143281909650790e+00,1.460780575871467590e-02
1.308309759561346652e+00,1.829167269170284271e-02
1.308476045330027926e+00,1.148878317326307297e-02
1.308642139657516301e+00,1.981772482395172119e-02
1.308808042984108910e+00,1.057463511824607849e-02
1.308973755748586099e+00,9.832275100052356720e-03
1.309139278388217642e+00,1.412416528910398483e-02
1.309304611338769853e+00,1.235359534621238708e-02
1.309469755034512684e+00,1.131227146834135056e-02
1.309634709908226835e+00,1.168073900043964386e-02
1.309799476391209971e+00,1.006324309855699539e-02
1.309964054913283604e+00,1.008000038564205170e-02
1.310128445902800198e+00,1.013574376702308655e-02
1.310292649786649166e+00,1.665553450584411621e-02
1.310456666990264196e+00,1.607814431190490723e-02
1.310620497937629692e+00,1.393381878733634949e-02
1.310784143051287653e+00,1.226353924721479416e-02
1.310947602752342567e+00,1.084822509437799454e-02
1.311110877460470725e+00,1.023331750184297562e-02
1.311273967593924450e+00,9.904818609356880188e-03
1.311436873569538752e+00,1.065677683800458908e-02
1.311599595802739104e+00,1.453163381665945053e-02
1.311762134707546323e+00,1.067087613046169281e-02
1.311924490696583456e+00,9.919512085616588593e-03
1.312086664181081996e+00,9.794106706976890564e-03
1.312248655570888767e+00,9.843726642429828644e-03
1.312410465274470805e+00,1.021088939160108566e-02
1.312572093698922915e+00,1.013225968927145004e-02
1.312733541249972768e+00,1.268223859369754791e-02
1.312894808331987795e+00,1.933940872550010681e-02
1.313055895347980728e+00,1.078133191913366318e-02
1.313216802699615826e+00,9.763224050402641296e-03
1.313377530787214642e+00,9.275054559111595154e-03
1.313538080009762687e+00,1.004939153790473938e-02
1.313698450764914760e+00,1.316873170435428619e-02
1.313858643449001162e+00,1.203032582998275757e-02
1.314018658457033029e+00,9.763727895915508270e-03
1.314178496182708988e+00,9.986008517444133759e-03
1.314338157018420272e+00,1.042233128100633621e-02
1.314497641355257374e+00,1.065098959952592850e-02
1.314656949583013823e+00,1.094020903110504150e-02
1.314816082090195293e+00,1.229348778724670410e-02
1.314975039264022039e+00,9.083132259547710419e-03
1.315133821490435340e+00,9.141053073108196259e-03
1.315292429154104825e+00,1.209779083728790283e-02
1.315450862638432250e+00,1.798912882804870605e-02
1.315609122325557490e+00,1.155825331807136536e-02
1.315767208596364091e+00,1.238839235156774521e-02
1.315925121830485045e+00,1.121168956160545349e-02
1.316082862406308784e+00,9.966264478862285614e-03
1.316240430700983177e+00,1.131607126444578171e-02
1.316397827090421524e+00,1.399466115981340408e-02
1.316555051949308330e+00,8.938467130064964294e-03
1.316712105651105080e+00,9.248343296349048615e-03
1.316868988568053789e+00,1.021084655076265335e-02
1.317025701071184773e+00,1.034854538738727570e-02
1.317182243530319097e+00,1.493931747972965240e-02
1.317338616314076560e+00,9.584242478013038635e-03
1.317494819789878813e+00,9.610353969037532806e-03
1.317650854323955345e+00,9.260184131562709808e-03
1.317806720281349486e+00,9.155928157269954681e-03
1.317962418025921956e+00,1.031612325459718704e-02
1.318117947920356414e+00,8.984699845314025879e-03
1.318273310326165682e+00,9.680749848484992981e-03
1.318428505603695289e+00,8.603095076978206635e-03
1.318583534112129696e+00,1.935858465731143951e-02
1.318738396209495622e+00,1.080329064279794693e-02
1.318893092252669375e+00,8.632903918623924255e-03
1.319047622597379288e+00,8.863655850291252136e-03
1.319201987598212833e+00,1.060802210122346878e-02
1.319356187608619946e+00,1.144262868911027908e-02
1.319510222980918357e+00,4.188329726457595825e-02
1.319664094066299365e+00,1.109359040856361389e-02
1.319817801214830277e+00,9.169368073344230652e-03
1.319971344775461741e+00,9.366960264742374420e-03
1.320124725096031515e+00,1.234720647335052490e-02
1.320277942523268688e+00,2.618291601538658142e-02
1.320430997402799012e+00,1.331532280892133713e-02
1.320583890079148892e+00,8.575241081416606903e-03
1.320736620895751612e+00,8.913180790841579437e-03
1.320889190194949991e+00,9.088009595870971680e-03
1.321041598318001942e+00,8.625507354736328125e-03
1.321193845605085571e+00,9.027289226651191711e-03
1.321345932395302292e+00,1.614358462393283844e-02
1.321497859026683264e+00,8.839439600706100464e-03
1.321649625836191833e+00,8.906939998269081116e-03
1.321801233159729527e+00,1.475382316857576370e-02
1.321952681332140500e+00,1.877985149621963501e-02
1.322103970687214192e+00,8.591377176344394684e-03
1.322255101557692436e+00,8.253513835370540619e-03
1.322406074275271459e+00,9.169819764792919159e-03
1.322556889170607874e+00,8.740312419831752777e-03
1.322707546573322457e+00,9.651659056544303894e-03
1.322858046812003696e+00,1.013211999088525772e-02
1.323008390214213348e+00,8.687717840075492859e-03
1.323158577106490430e+00,8.427891880273818970e-03
1.323308607814354554e+00,8.125734515488147736e-03
1.323458482662311031e+00,8.874480612576007843e-03
1.323608201973855536e+00,8.134816773235797882e-03
1.323757766071476327e+00,8.332761935889720917e-03
1.323907175276661574e+00,1.028027012944221497e-02
1.324056429909899579e+00,1.089786924421787262e-02
1.324205530290686328e+00,1.007331535220146179e-02
1.324354476737528152e+00,9.248932823538780212e-03
1.324503269567945729e+00,1.703076809644699097e-02
1.324651909098478075e+00,2.255802601575851440e-02
1.324800395644686768e+00,2.319911867380142212e-02
1.324948729521160828e+00,9.872443042695522308e-03
1.325096911041518943e+00,8.385285735130310059e-03
1.325244940518415016e+00,8.656112477183341980e-03
1.325392818263541272e+00,8.470552973449230194e-03
1.325540544587632930e+00,8.938696235418319702e-03
1.325688119800470632e+00,1.288494933396577835e-02
1.325835544210886452e+00,1.424806099385023117e-02
1.325982818126766105e+00,9.122720919549465179e-03
1.326129941855053174e+00,9.890725836157798767e-03
1.326276915701754211e+00,7.910164073109626770e-03
1.326423739971939852e+00,8.607611991465091705e-03
1.326570414969751699e+00,1.050620432943105698e-02
1.326716940998404093e+00,1.672086305916309357e-02
1.326863318360187893e+00,1.039781700819730759e-02
1.327009547356476027e+00,1.073326077312231064e-02
1.327155628287724820e+00,8.383912034332752228e-03
1.327301561453479550e+00,9.014259092509746552e-03
1.327447347152376667e+00,6.990062072873115540e-03
1.327592985682149118e+00,1.218253467231988907e-02
1.327738477339628798e+00,1.002924423664808273e-02
1.327883822420749427e+00,7.897933945059776306e-03
1.328029021220552996e+00,8.332531899213790894e-03
1.328174074033190211e+00,1.039898954331874847e-02
1.328318981151926259e+00,4.415847733616828918e-02
1.328463742869142372e+00,1.007520873099565506e-02
1.328608359476342038e+00,8.750486187636852264e-03
1.328752831264151890e+00,1.119396183639764786e-02
1.328897158522326816e+00,8.702760562300682068e-03
1.329041341539752841e+00,8.487721905112266541e-03
1.329185380604450906e+00,8.089387789368629456e-03
1.329329276003579530e+00,9.757471270859241486e-03
1.329473028023439696e+00,1.366456691175699234e-02
1.329616636949476627e+00,8.539360016584396362e-03
1.329760103066284449e+00,8.271723985671997070e-03
1.329903426657608856e+00,7.342546246945858002e-03
1.330046608006351327e+00,8.057524450123310089e-03
1.330189647394571129e+00,2.624312974512577057e-02
1.330332545103489528e+00,8.320921100676059723e-03
1.330475301413493572e+00,7.092527113854885101e-03
1.330617916604137418e+00,9.217243641614913940e-03
1.330760390954148997e+00,8.910516276955604553e-03
1.330902724741429566e+00,8.633123710751533508e-03
1.331044918243059261e+00,8.139237761497497559e-03
1.331186971735300428e+00,7.677860558032989502e-03
1.331328885493598735e+00,7.336784619837999344e-03
1.331470659792588940e+00,7.197722326964139938e-03
1.331612294906096894e+00,7.269832771271467209e-03
1.331753791107141982e+00,8.568622171878814697e-03
1.331895148667941564e+00,1.576294749975204468e-02
1.332036367859913861e+00,9.108537808060646057e-03
1.332177448953680621e+00,9.947399608790874481e-03
1.332318392219069780e+00,1.442546676844358444e-02
1.332459197925120575e+00,8.433171547949314117e-03
1.332599866340084205e+00,9.472915902733802795e-03
1.332740397731428494e+00,1.119030173867940903e-02
1.332880792365839895e+00,1.075762044638395309e-02
1.333021050509227257e+00,8.768615312874317169e-03
1.333161172426725383e+00,7.396436762064695358e-03
1.333301158382695917e+00,7.560347672551870346e-03
1.333441008640732894e+00,7.948649115860462189e-03
1.333580723463663853e+00,8.683669380843639374e-03
1.333720303113553829e+00,7.934230379760265350e-03
1.333859747851707800e+00,7.817172445356845856e-03
1.333999057938674015e+00,8.784559555351734161e-03
1.334138233634245996e+00,8.023326285183429718e-03
1.334277275197466972e+00,7.396168075501918793e-03
1.334416182886631441e+00,8.206723257899284363e-03
1.334554956959288941e+00,7.155668456107378006e-03
1.334693597672245824e+00,7.726629264652729034e-03
1.334832105281569259e+00,7.614896167069673538e-03
1.334970480042589447e+00,8.131239563226699829e-03
1.335108722209903176e+00,8.962870575487613678e-03
1.335246832037374931e+00,1.645318977534770966e-02
1.335384809778141557e+00,1.257610134780406952e-02
1.335522655684614701e+00,8.924793452024459839e-03
1.335660370008481923e+00,7.227719761431217194e-03
1.335797953000711802e+00,7.763997185975313187e-03
1.335935404911555491e+00,7.859575562179088593e-03
1.336072725990548937e+00,7.546551059931516647e-03
1.336209916486516880e+00,9.304207749664783478e-03
1.336346976647574403e+00,7.801041007041931152e-03
1.336483906721130266e+00,7.572605274617671967e-03
1.336620706953889348e+00,8.260946720838546753e-03
1.336757377591855755e+00,7.874106056988239288e-03
1.336893918880334819e+00,8.529717102646827698e-03
1.337030331063935984e+00,7.751898840069770813e-03
1.337166614386575691e+00,7.538953330367803574e-03
1.337302769091479604e+00,4.071383178234100342e-02
1.337438795421185711e+00,9.750905446708202362e-03
1.337574693617545885e+00,7.107945159077644348e-03
1.337710463921730097e+00,8.109015412628650665e-03
1.337846106574227534e+00,8.301774039864540100e-03
1.337981621814849920e+00,8.050009608268737793e-03
1.338117009882733299e+00,8.509136736392974854e-03
1.338252271016342254e+00,1.747189275920391083e-02
1.338387405453469903e+00,9.034746326506137848e-03
1.338522413431242786e+00,7.230298593640327454e-03
1.338657295186121754e+00,7.142852991819381714e-03
1.338792050953905299e+00,7.236642763018608093e-03
1.338926680969731997e+00,7.027273066341876984e-03
1.339061185468082504e+00,6.598777137696743011e-03
1.339195564682782225e+00,7.054554764181375504e-03
1.339329818847003750e+00,6.605503149330615997e-03
1.339463948193269749e+00,8.368335664272308350e-03
1.339597952953454074e+00,1.790186762809753418e-02
1.339731833358786206e+00,1.440684031695127487e-02
1.339865589639851473e+00,9.148398414254188538e-03
1.339999222026595049e+00,3.321723267436027527e-02
1.340132730748323286e+00,7.729331497102975845e-03
1.340266116033707045e+00,7.175090722739696503e-03
1.340399378110783024e+00,7.344004232436418533e-03
1.340532517206957097e+00,6.721646990627050400e-03
1.340665533549005417e+00,6.726806052029132843e-03
1.340798427363078416e+00,8.248530328273773193e-03
1.340931198874701247e+00,8.176256902515888214e-03
1.341063848308777340e+00,7.127924822270870209e-03
1.341196375889590398e+00,7.218660786747932434e-03
1.341328781840806394e+00,9.430921636521816254e-03
1.341461066385476464e+00,7.764016278088092804e-03
1.341593229746038229e+00,6.550630088895559311e-03
1.341725272144318915e+00,6.622457411140203476e-03
1.341857193801536896e+00,6.857765372842550278e-03
1.341988994938304813e+00,6.969324313104152679e-03
1.342120675774630456e+00,9.738657623529434204e-03
1.342252236529920539e+00,7.469801232218742371e-03
1.342383677422980925e+00,7.258450146764516830e-03
1.342514998672021509e+00,1.348744798451662064e-02
1.342646200494655995e+00,9.273808449506759644e-03
1.342777283107904562e+00,1.025662291795015335e-02
1.342908246728197197e+00,6.876953877508640289e-03
1.343039091571374133e+00,6.431136745959520340e-03
1.343169817852689851e+00,7.168233860284090042e-03
1.343300425786813301e+00,6.924384739249944687e-03
1.343430915587831898e+00,6.724475417286157608e-03
1.343561287469251742e+00,6.284808274358510971e-03
1.343691541644000953e+00,8.116439916193485260e-03
1.343821678324431890e+00,8.641223423182964325e-03
1.343951697722322036e+00,6.892070639878511429e-03
1.344081600048877334e+00,6.146799772977828979e-03
1.344211385514733514e+00,6.867011543363332748e-03
1.344341054329958540e+00,6.350602954626083374e-03
1.344470606704053939e+00,6.188513245433568954e-03
1.344600042845958132e+00,6.610940210521221161e-03
1.344729362964047326e+00,6.648099515587091446e-03
1.344858567266137506e+00,6.832115352153778076e-03
1.344987655959487327e+00,6.339029874652624130e-03
1.345116629250799223e+00,6.368998903781175613e-03
1.345245487346222069e+00,6.633740384131669998e-03
1.345374230451352959e+00,6.798708345741033554e-03
1.345502858771238319e+00,7.352306507527828217e-03
1.345631372510377677e+00,7.050721440464258194e-03
1.345759771872723665e+00,2.042859978973865509e-02
1.345888057061685350e+00,2.105883322656154633e-02
1.346016228280129345e+00,6.706169806420803070e-03
1.346144285730381807e+00,5.988155025988817215e-03
1.346272229614231986e+00,6.947529036551713943e-03
1.346400060132931120e+00,6.202773191034793854e-03
1.346527777487196431e+00,7.041297852993011475e-03
1.346655381877213342e+00,5.874240770936012268e-03
1.346782873502635480e+00,6.185343489050865173e-03
1.346910252562588228e+00,6.806517019867897034e-03
1.347037519255669613e+00,1.120935939252376556e-02
1.347164673779953192e+00,6.520026829093694687e-03
1.347291716332988276e+00,6.687320768833160400e-03
1.347418647111804146e+00,7.184436079114675522e-03
1.347545466312908724e+00,6.422877777367830276e-03
1.347672174132294121e+00,8.076346479356288910e-03
1.347798770765434861e+00,6.615639664232730865e-03
1.347925256407292105e+00,6.517522037029266357e-03
1.348051631252314309e+00,7.226865738630294800e-03
1.348177895494440115e+00,6.464100908488035202e-03
1.348304049327098797e+00,3.313300758600234985e-02
1.348430092943212255e+00,7.845399901270866394e-03
1.348556026535198349e+00,6.689724978059530258e-03
1.348681850294970452e+00,8.446161635220050812e-03
1.348807564413940785e+00,2.167367003858089447e-02
1.348933169083021300e+00,1.583931595087051392e-02
1.349058664492626125e+00,1.798163726925849915e-02
1.349184050832672455e+00,1.770236901938915253e-02
1.349309328292583432e+00,7.080622017383575439e-03
1.349434497061288152e+00,6.628639530390501022e-03
1.349559557327225434e+00,5.195029545575380325e-03
1.349684509278343381e+00,6.824239622801542282e-03
1.349809353102103593e+00,6.472264416515827179e-03
1.349934088985480063e+00,6.137766409665346146e-03
1.350058717114962947e+00,6.600631400942802429e-03
1.350183237676559456e+00,6.249201949685811996e-03
1.350307650855795183e+00,5.903504788875579834e-03
1.350431956837716774e+00,5.298096686601638794e-03
1.350556155806892589e+00,6.176393479108810425e-03
1.350680247947414481e+00,6.545836571604013443e-03
1.350804233442900681e+00,6.053406745195388794e-03
