# kappa, training_loss
0.000000000000000000e+00,2.499061375856399536e-01
3.460087604470611367e-01,2.276221364736557007e-01
4.393004638594020239e-01,2.177103012800216675e-01
4.954894607646131988e-01,2.088708281517028809e-01
5.358255977705936868e-01,2.022363394498825073e-01
5.673132765061897897e-01,1.932356804609298706e-01
5.931447079502824016e-01,1.884699761867523193e-01
6.150458527094804229e-01,1.817108541727066040e-01
6.340562664852009700e-01,1.781262904405593872e-01
6.508508280855277439e-01,1.662397235631942749e-01
6.658925908297250729e-01,1.599500328302383423e-01
6.795130935362699853e-01,1.573413461446762085e-01
6.919578843395901568e-01,1.533239930868148804e-01
7.034139062765984995e-01,1.431061178445816040e-01
7.140267804180223665e-01,1.486689597368240356e-01
7.239121529930457877e-01,1.395789384841918945e-01
7.331633965453948631e-01,1.354052275419235229e-01
7.418569864253405921e-01,1.352102905511856079e-01
7.500563469525460825e-01,1.397869437932968140e-01
7.578146619146984841e-01,1.347869783639907837e-01
7.651769670196039153e-01,1.289374530315399170e-01
7.721817337819164573e-01,1.187780499458312988e-01
7.788620863205062417e-01,1.170551106333732605e-01
7.852467486537241248e-01,1.115131527185440063e-01
7.913607910931920175e-01,1.007417663931846619e-01
7.972262247908332711e-01,1.036445498466491699e-01
8.028624800644678094e-01,9.461301565170288086e-02
8.082867947419158927e-01,9.829649329185485840e-02
8.135145321017589470e-01,9.806340932846069336e-02
8.185594431925570236e-01,8.215637505054473877e-02
8.234338848135772659e-01,1.040787249803543091e-01
8.281490018569067635e-01,8.562736958265304565e-02
8.327148807821762588e-01,7.249850034713745117e-02
8.371406795401445944e-01,6.681472808122634888e-02
8.414347381531067649e-01,6.982038915157318115e-02
8.456046733082374089e-01,7.620839774608612061e-02
8.496574596596789819e-01,8.964873850345611572e-02
8.535995000193126181e-01,7.876985520124435425e-02
8.574366862100908371e-01,7.009530812501907349e-02
8.611744520339701392e-01,5.745148286223411560e-02
8.648178195496830645e-01,5.535151809453964233e-02
8.683714396494245369e-01,5.450105667114257812e-02
8.718396277570242825e-01,5.699182301759719849e-02
8.752263953349598280e-01,6.549251079559326172e-02
8.785354777771650081e-01,4.818991199135780334e-02
8.817703591740051472e-01,5.461061000823974609e-02
8.849342943610988277e-01,5.392669141292572021e-02
8.880303286018079723e-01,5.055274069309234619e-02
8.910613152017544669e-01,4.082344844937324524e-02
8.940299313107366030e-01,3.719130530953407288e-02
8.969386921313683425e-01,5.154787003993988037e-02
8.997899637234116899e-01,4.972079023718833923e-02
9.025859745671332979e-01,3.544642403721809387e-02
9.053288260272730481e-01,4.023012518882751465e-02
9.080205018407159212e-01,3.338867425918579102e-02
9.106628767351770959e-01,3.003730252385139465e-02
9.132577242726921396e-01,4.179130494594573975e-02
9.158067240001058762e-01,3.067159280180931091e-02
9.183114679787615087e-01,2.598158456385135651e-02
9.207734667569620335e-01,3.716889768838882446e-02
9.231941548413140630e-01,2.952264994382858276e-02
9.255748957165744750e-01,4.654636979103088379e-02
9.279169864579864813e-01,5.045573785901069641e-02
9.302216619751688675e-01,3.746871277689933777e-02
9.324900989223231518e-01,2.602633647620677948e-02
9.347234193057537555e-01,2.462761476635932922e-02
9.369226938163938145e-01,3.014709614217281342e-02
9.390889449121090360e-01,2.391998842358589172e-02
9.412231496719969392e-01,1.990728825330734253e-02
9.433262424426215320e-01,2.176072448492050171e-02
9.453991172941261789e-01,1.950491219758987427e-02
9.474426303023814055e-01,2.083391509950160980e-02
9.494576016717489741e-01,2.000267803668975830e-02
9.514448177116359151e-01,1.694816350936889648e-02
9.534050326787582019e-01,2.882900647819042206e-02
9.553389704959178719e-01,1.503657922148704529e-02
9.572473263570921986e-01,6.559845060110092163e-02
9.591307682277451230e-01,7.909788191318511963e-02
9.609899382484581309e-01,3.259243816137313843e-02
9.628254540492666713e-01,2.174418419599533081e-02
9.646379099814290647e-01,1.676368527114391327e-02
9.664278782727777628e-01,1.540559623390436172e-02
9.681959101122710187e-01,1.609698496758937836e-02
9.699425366688896322e-01,1.449766010046005249e-02
9.716682700495886671e-01,1.761257089674472809e-02
9.733736042006306821e-01,1.229583844542503357e-02
9.750590157562651905e-01,1.282348204404115677e-02
9.767249648384065397e-01,1.180402189493179321e-02
9.783718958106631947e-01,1.196464337408542633e-02
9.800002379898135052e-01,9.396866895258426666e-03
9.816104063175752348e-01,8.937326259911060333e-03
9.832028019952986364e-01,1.090848725289106369e-02
9.847778130840142419e-01,1.226843334734439850e-02
9.863358150720769046e-01,1.184835564345121384e-02
9.878771714124866543e-01,4.604840651154518127e-02
9.894022340318076036e-01,5.783554911613464355e-02
9.909113438124680373e-01,3.268427774310112000e-02
9.924048310500953596e-01,1.546761579811573029e-02
9.938830158874222276e-01,1.446512714028358459e-02
9.953462087261852886e-01,1.265847310423851013e-02
9.967947106183480122e-01,1.105040218681097031e-02
9.982288136378762999e-01,9.001119993627071381e-03
9.996488012342179541e-01,9.451420977711677551e-03
1.001054948568554481e+00,7.964449934661388397e-03
1.002447522833824989e+00,1.127312798053026199e-02
1.003826783559450320e+00,1.100128609687089920e-02
1.005192982901629284e+00,8.616562001407146454e-03
1.006546365920018005e+00,1.014445628970861435e-02
1.007887170841551550e+00,1.021396461874246597e-02
1.009215629312119056e+00,1.119122840464115143e-02
1.010531966636755596e+00,7.600351236760616302e-03
1.011836402008977398e+00,9.512052871286869049e-03
1.013129148729838391e+00,7.565932814031839371e-03
1.014410414417262540e+00,7.326581049710512161e-03
1.015680401206159988e+00,7.017565891146659851e-03
1.016939305939812632e+00,5.882152821868658066e-03
1.018187320352981651e+00,8.814967237412929535e-03
1.019424631247161761e+00,7.366147823631763458e-03
1.020651420658385433e+00,1.077036187052726746e-02
1.021867866017950988e+00,7.130568847060203552e-03
1.023074140306432067e+00,8.219927549362182617e-03
1.024270412201301550e+00,6.075912155210971832e-03
1.025456846218484541e+00,7.466953713446855545e-03
1.026633602848139093e+00,9.147195145487785339e-03
1.027800838684943319e+00,6.827958393841981888e-03
1.028958706553154245e+00,5.601932760328054428e-03
1.030107355626689314e+00,5.724524613469839096e-03
1.031246931544462342e+00,4.535768181085586548e-03
1.032377576521202878e+00,8.100654929876327515e-03
1.033499429453965224e+00,6.846942473202943802e-03
1.034612626024527859e+00,6.871323566883802414e-03
1.035717298797873553e+00,6.967677734792232513e-03
1.036813577316927137e+00,5.238265264779329300e-03
1.037901588193720803e+00,7.541999686509370804e-03
1.038981455197147019e+00,4.304456524550914764e-03
1.040053299337452941e+00,6.980272941291332245e-03
1.041117238947617540e+00,4.388907458633184433e-03
1.042173389761750668e+00,8.055528625845909119e-03
1.043221864990644399e+00,5.888060200959444046e-03
1.044262775394596110e+00,5.228483583778142929e-03
1.045296229353626094e+00,5.534670315682888031e-03
1.046322332935195609e+00,8.730843663215637207e-03
1.047341189959536178e+00,1.693048030138015747e-01
1.048352902062685388e+00,1.099275946617126465e-01
1.049357568757329773e+00,5.032200366258621216e-02
1.050355287491544054e+00,9.457490593194961548e-02
1.051346153705511099e+00,2.223337069153785706e-02
1.052330260886309210e+00,5.556032806634902954e-02
1.053307700620842891e+00,2.045194432139396667e-02
1.054278562646992379e+00,1.384600251913070679e-02
1.055242934903054319e+00,1.053658872842788696e-02
1.056200903575539085e+00,6.999016739428043365e-03
1.057152553145394247e+00,6.870062090456485748e-03
1.058097966432711035e+00,7.697596214711666107e-03
1.059037224639978181e+00,5.063478834927082062e-03
1.059970407393933112e+00,6.086120847612619400e-03
1.060897592786072430e+00,6.344301626086235046e-03
1.061818857411865213e+00,7.557551376521587372e-03
1.062734276408725531e+00,7.054881192743778229e-03
1.063643923492785026e+00,3.986804280430078506e-03
1.064547870994515089e+00,6.145104300230741501e-03
1.065446189893239470e+00,4.399169702082872391e-03
1.066338949850579310e+00,5.551683250814676285e-03
1.067226219242868313e+00,3.617736045271158218e-03
1.068108065192580725e+00,6.303358823060989380e-03
1.068984553598799625e+00,6.490277126431465149e-03
1.069855749166769732e+00,5.872945301234722137e-03
1.070721715436560695e+00,5.047432612627744675e-03
1.071582514810876408e+00,4.249558318406343460e-03
1.072438208582037866e+00,7.188424002379179001e-03
1.073288856958174220e+00,5.214606411755084991e-03
1.074134519088641770e+00,4.393577575683593750e-03
1.074975253088704896e+00,4.151229746639728546e-03
1.075811116063501771e+00,7.651513442397117615e-03
1.076642164131319968e+00,6.031135097146034241e-03
1.077468452446203262e+00,5.896475166082382202e-03
1.078290035219918508e+00,5.480560939759016037e-03
1.079106965743297231e+00,3.259727265685796738e-03
1.079919296406978146e+00,6.849312223494052887e-03
1.080727078721569034e+00,6.827835459262132645e-03
1.081530363337245726e+00,7.104576099663972855e-03
1.082329200062810193e+00,4.632190801203250885e-03
1.083123637884223500e+00,5.375139415264129639e-03
1.083913724982630056e+00,4.304608795791864395e-03
1.084699508751893360e+00,5.855156108736991882e-03
1.085481035815654138e+00,6.776173133403062820e-03
1.086258352043930842e+00,7.693128660321235657e-03
1.087031502569274499e+00,4.856643266975879669e-03
1.087800531802493031e+00,4.939007572829723358e-03
1.088565483447959226e+00,5.777868907898664474e-03
1.089326400518514149e+00,5.614150315523147583e-03
1.090083325349980203e+00,5.888023413717746735e-03
1.090836299615295601e+00,1.721096108667552471e-03
1.091585364338280906e+00,6.722771096974611282e-03
1.092330559907051191e+00,4.996441770344972610e-03
1.093071926087083590e+00,4.778731614351272583e-03
1.093809502033948888e+00,4.782818723469972610e-03
1.094543326305722708e+00,3.932397812604904175e-03
1.095273436875078277e+00,3.679087851196527481e-03
1.095999871141079662e+00,6.382403895258903503e-03
1.096722665940675023e+00,5.554439965635538101e-03
1.097441857559906975e+00,5.022348836064338684e-03
1.098157481744842068e+00,3.607794642448425293e-03
1.098869573712232928e+00,5.049472674727439880e-03
1.099578168159916158e+00,3.646715544164180756e-03
1.100283299276959115e+00,2.766760298982262611e-03
1.100985000753556875e+00,6.665911525487899780e-03
1.101683305790691847e+00,3.312607994303107262e-03
1.102378247109559117e+00,6.099746562540531158e-03
1.103069856960767536e+00,3.858233103528618813e-03
1.103758167133320089e+00,4.668705165386199951e-03
1.104443208963381107e+00,3.334643086418509483e-03
1.105125013342837637e+00,5.775304045528173447e-03
1.105803610727656761e+00,3.855452174320816994e-03
1.106479031146050618e+00,4.878809675574302673e-03
1.107151304206449138e+00,5.793193355202674866e-03
1.107820459105287370e+00,5.507723428308963776e-03
1.108486524634614945e+00,3.884049132466316223e-03
1.109149529189529249e+00,4.089292604476213455e-03
1.109809500775439606e+00,4.108697175979614258e-03
1.110466467015164271e+00,5.480381660163402557e-03
1.111120455155869324e+00,3.542591584846377373e-03
1.111771492075848133e+00,6.275088060647249222e-03
1.112419604291150499e+00,4.374260082840919495e-03
1.113064817962062802e+00,6.544555071741342545e-03
1.113707158899444050e+00,4.946696106344461441e-03
1.114346652570921359e+00,5.467084702104330063e-03
1.114983324106949114e+00,4.930962808430194855e-03
1.115617198306734004e+00,7.415594533085823059e-03
1.116248299644032160e+00,4.071140661835670471e-03
1.116876652272817960e+00,5.759515333920717239e-03
1.117502280032832251e+00,2.977606607601046562e-03
1.118125206455008458e+00,4.082552157342433929e-03
1.118745454766784109e+00,4.621326923370361328e-03
1.119363047897296903e+00,3.509044181555509567e-03
1.119978008482471088e+00,4.881929606199264526e-03
1.120590358869996361e+00,6.010938435792922974e-03
1.121200121124199756e+00,4.951631184667348862e-03
1.121807317030816709e+00,3.801027080044150352e-03
1.122411968101661772e+00,5.143504589796066284e-03
1.123014095579200511e+00,2.178009832277894020e-03
1.123613720441029251e+00,3.537859302014112473e-03
1.124210863404258243e+00,4.335345700383186340e-03
1.124805544929808887e+00,5.705256015062332153e-03
1.125397785226618597e+00,3.796030767261981964e-03
1.125987604255762164e+00,5.435126367956399918e-03
1.126575021734489424e+00,5.985858850181102753e-03
1.127160057140179195e+00,2.941849641501903534e-03
1.127742729714214853e+00,3.205137560144066811e-03
1.128323058465781514e+00,4.328160546720027924e-03
1.128901062175587500e+00,3.217950230464339256e-03
1.129476759399510977e+00,2.389369066804647446e-03
1.130050168472174210e+00,3.494926961138844490e-03
1.130621307510447204e+00,2.936043078079819679e-03
1.131190194416882955e+00,5.686869379132986069e-03
1.131756846883084089e+00,4.601275082677602768e-03
1.132321282393004003e+00,3.607158316299319267e-03
1.132883518226184050e+00,5.138751585036516190e-03
1.133443571460927668e+00,4.864749033004045486e-03
1.134001458977413224e+00,3.460917854681611061e-03
1.134557197460746680e+00,4.862238653004169464e-03
1.135110803403955426e+00,3.737331833690404892e-03
1.135662293110926147e+00,4.853278398513793945e-03
1.136211682699285186e+00,5.674398504197597504e-03
1.136758988103225176e+00,4.017255268990993500e-03
1.137304225076278152e+00,4.856430459767580032e-03
1.137847409194036263e+00,4.556174390017986298e-03
1.138388555856821416e+00,4.288651049137115479e-03
1.138927680292305844e+00,5.403815302997827530e-03
1.139464797558081832e+00,4.552575759589672089e-03
1.139999922544186806e+00,5.103406030684709549e-03
1.140533069975578906e+00,4.280523862689733505e-03
1.141064254414569268e+00,4.271490033715963364e-03
1.141593490263207444e+00,4.551899153739213943e-03
1.142120791765625532e+00,4.277548287063837051e-03
1.142646173010337662e+00,4.003141541033983231e-03
1.143169647932499089e+00,4.823752678930759430e-03
1.143691230316123963e+00,7.043316494673490524e-03
1.144210933796262930e+00,4.276754800230264664e-03
1.144728771861142080e+00,3.979484550654888153e-03
1.145244757854263273e+00,3.431045217439532280e-03
1.145758904976468040e+00,4.554864019155502319e-03
1.146271226287962186e+00,4.549213219434022903e-03
1.146781734710308642e+00,3.990911878645420074e-03
1.147290443028380791e+00,3.987841308116912842e-03
1.147797363892285594e+00,3.960670903325080872e-03
1.148302509819249639e+00,4.255993291735649109e-03
1.148805893195474326e+00,3.985663410276174545e-03
1.149307526277958402e+00,3.431766061112284660e-03
1.149807421196288093e+00,4.268007352948188782e-03
1.150305589954397689e+00,3.989007789641618729e-03
1.150802044432298388e+00,4.821108654141426086e-03
1.151296796387778487e+00,4.815883934497833252e-03
1.151789857458074717e+00,2.866835333406925201e-03
1.152281239161514037e+00,4.518291912972927094e-03
1.152770952899128121e+00,3.702013520523905754e-03
1.153259009956241199e+00,5.375860724598169327e-03
1.153745421504029922e+00,6.757421884685754776e-03
1.154230198601057689e+00,4.252457525581121445e-03
1.154713352194783882e+00,3.423732938244938850e-03
1.155194893123046018e+00,4.803856834769248962e-03
1.155674832115519690e+00,2.858759602531790733e-03
1.156153179795152308e+00,4.245349206030368805e-03
1.156629946679573973e+00,3.964574541896581650e-03
1.157105143182485696e+00,3.406966105103492737e-03
1.157578779615023423e+00,1.746263820677995682e-03
1.158050866187100514e+00,3.983859904110431671e-03
1.158521413008729350e+00,6.476962007582187653e-03
1.158990430091319634e+00,4.247298464179039001e-03
1.159457927348956030e+00,3.692757338285446167e-03
1.159923914599656714e+00,4.240567330271005630e-03
1.160388401566609495e+00,5.069197621196508408e-03
1.160851397879389957e+00,2.578543731942772865e-03
1.161312913075158937e+00,4.813725128769874573e-03
1.161772956599841145e+00,2.581667853519320488e-03
1.162231537809286230e+00,3.970371093600988388e-03
1.162688665970408319e+00,5.909467581659555435e-03
1.163144350262311777e+00,4.519684240221977234e-03
1.163598599777396103e+00,2.014209050685167313e-03
1.164051423522444839e+00,3.679831977933645248e-03
1.164502830419696267e+00,5.070342216640710831e-03
1.164952829307899895e+00,3.955740481615066528e-03
1.165401428943353190e+00,3.951361402869224548e-03
1.165848638000925419e+00,3.678258275613188744e-03
1.166294465075062625e+00,5.638548173010349274e-03
1.166738918680779724e+00,3.951342310756444931e-03
1.167182007254636389e+00,3.671523183584213257e-03
1.167623739155697393e+00,4.228468984365463257e-03
1.168064122666478966e+00,4.226153716444969177e-03
1.168503165993880932e+00,2.558918669819831848e-03
1.168940877270103762e+00,5.062247626483440399e-03
1.169377264553552953e+00,3.946719225496053696e-03
1.169812335829729655e+00,4.226865246891975403e-03
1.170246099012105523e+00,3.667158307507634163e-03
1.170678561942988694e+00,4.222806543111801147e-03
1.171109732394373326e+00,4.495332017540931702e-03
1.171539618068777155e+00,4.484659060835838318e-03
1.171968226600069052e+00,5.056254565715789795e-03
1.172395565554280150e+00,3.664719872176647186e-03
1.172821642430406541e+00,2.276370301842689514e-03
1.173246464661198640e+00,6.167640909552574158e-03
1.173670039613939009e+00,5.328390281647443771e-03
1.174092374591209298e+00,4.228200297802686691e-03
1.174513476831645198e+00,3.112080972641706467e-03
1.174933353510680956e+00,4.775393288582563400e-03
1.175352011741283453e+00,4.497382324188947678e-03
1.175769458574674520e+00,4.218246787786483765e-03
1.176185701001044359e+00,4.792193416506052017e-03
1.176600745950252991e+00,4.497902467846870422e-03
1.177014600292522806e+00,5.324819590896368027e-03
1.177427270839121798e+00,3.662900999188423157e-03
1.177838764343034139e+00,3.105958458036184311e-03
1.178249087499626091e+00,4.494990222156047821e-03
1.178658246947296595e+00,3.379742614924907684e-03
1.179066249268124089e+00,3.103852504864335060e-03
1.179473100988500445e+00,4.489962011575698853e-03
1.179878808579758465e+00,4.492669831961393356e-03
1.180283378458787835e+00,4.497613292187452316e-03
1.180686816988646415e+00,3.106196178123354912e-03
1.181089130479157756e+00,4.489758517593145370e-03
1.181490325187506629e+00,3.657792462036013603e-03
1.181890407318820335e+00,2.550791716203093529e-03
1.182289383026745355e+00,2.547021955251693726e-03
1.182687258414015563e+00,6.013502134010195732e-04
1.183084039533012444e+00,2.821506932377815247e-03
1.183479732386316430e+00,2.538646105676889420e-03
1.183874342927253132e+00,2.262272173538804054e-03
1.184267877060429797e+00,1.987210474908351898e-03
1.184660340642266219e+00,3.652640618383884430e-03
1.185051739481516542e+00,3.651839913800358772e-03
1.185442079339786181e+00,3.928830847144126892e-03
1.185831365932041193e+00,2.817154861986637115e-03
1.186219604927107429e+00,2.541490131989121437e-03
1.186606801948169920e+00,4.204088356345891953e-03
1.186992962573258703e+00,5.871013272553682327e-03
1.187378092335731328e+00,5.037080030888319016e-03
1.187762196724750030e+00,3.374829422682523727e-03
1.188145281185749358e+00,3.647927194833755493e-03
1.188527351120901354e+00,3.369486890733242035e-03
1.188908411889570305e+00,4.481901880353689194e-03
1.189288468808765264e+00,4.479790572077035904e-03
1.189667527153585702e+00,4.201296716928482056e-03
1.190045592157659815e+00,5.312426947057247162e-03
1.190422669013577739e+00,3.370979102328419685e-03
1.190798762873320538e+00,2.811483573168516159e-03
1.191173878848682532e+00,3.368791891261935234e-03
1.191548022011686969e+00,4.756215028464794159e-03
1.191921197394998577e+00,3.924304619431495667e-03
1.192293409992330133e+00,3.921571187674999237e-03
1.192664664758841697e+00,3.088379511609673500e-03
1.193034966611538517e+00,2.257355721667408943e-03
1.193404320429659826e+00,5.311015062034130096e-03
1.193772731055066094e+00,3.922840580344200134e-03
1.194140203292618940e+00,3.643152071163058281e-03
1.194506741910557945e+00,2.528443466871976852e-03
1.194872351640871022e+00,5.309082102030515671e-03
1.195237037179661232e+00,1.976765692234039307e-03
1.195600803187509165e+00,3.364208387210965157e-03
1.195963654289829980e+00,3.644245443865656853e-03
1.196325595077226245e+00,3.920426592230796814e-03
1.196686630105836313e+00,5.306261125952005386e-03
1.197046763897678945e+00,3.642132738605141640e-03
1.197406000940992365e+00,3.920937422662973404e-03
1.197764345690570442e+00,3.641527378931641579e-03
1.198121802568094640e+00,5.587359890341758728e-03
1.198478375962459763e+00,3.106430405750870705e-03
1.198834070230099025e+00,4.202597308903932571e-03
1.199188889695302462e+00,3.091073129326105118e-03
1.199542838650532683e+00,4.474842920899391174e-03
1.199895921356736173e+00,2.257671207189559937e-03
1.200248142043651267e+00,3.643271280452609062e-03
1.200599504910112358e+00,6.971737835556268692e-03
1.200950014124349652e+00,3.917695023119449615e-03
1.201299673824286929e+00,3.358967136591672897e-03
1.201648488117833313e+00,4.193628206849098206e-03
1.201996461083173484e+00,3.918648231774568558e-03
1.202343596769054113e+00,3.362539922818541527e-03
1.202689899195065859e+00,2.526991069316864014e-03
1.203035372351923593e+00,5.025365389883518219e-03
1.203380020201741063e+00,4.469351377338171005e-03
1.203723846678303788e+00,3.359201829880475998e-03
1.204066855687339732e+00,5.304823163896799088e-03
1.204409051106784645e+00,4.193122964352369308e-03
1.204750436787044299e+00,4.192049149423837662e-03
1.205091016551255612e+00,2.524906303733587265e-03
1.205430794195543331e+00,2.801957773044705391e-03
1.205769773489273611e+00,5.024913232773542404e-03
1.206107958175305361e+00,2.800825983285903931e-03
1.206445351970237390e+00,5.579052958637475967e-03
1.206781958564654422e+00,2.525449497625231743e-03
1.207117781623368469e+00,2.801559399813413620e-03
1.207452824785659296e+00,4.465701058506965637e-03
1.207787091665509571e+00,4.190145526081323624e-03
1.208120585851840678e+00,3.356486791744828224e-03
1.208453310908741862e+00,4.745060577988624573e-03
1.208785270375700271e+00,4.188369028270244598e-03
1.209116467767826331e+00,3.355213440954685211e-03
1.209446906576077119e+00,3.638757858425378799e-03
1.209776590267476859e+00,1.691444660536944866e-03
1.210105522285335855e+00,3.841147059574723244e-03
1.210433706049466096e+00,5.083957221359014511e-03
1.210761144956393531e+00,3.879090249538421631e-01
1.211087842379570789e+00,3.317443728446960449e-01
1.211413801669584123e+00,2.754562199115753174e-01
1.211739026154360133e+00,2.530650794506072998e-01
1.212063519139370493e+00,1.755108684301376343e-01
1.212387283907832236e+00,1.541084796190261841e-01
1.212710323720907590e+00,1.345768868923187256e-01
1.213032641817901158e+00,1.853988766670227051e-01
1.213354241416454871e+00,1.338291019201278687e-01
1.213675125712740055e+00,8.336340636014938354e-02
1.213995297881649504e+00,5.742147937417030334e-02
1.214314761076984439e+00,5.109740048646926880e-02
1.214633518431641246e+00,7.351506501436233521e-02
1.214951573057796663e+00,4.193190112709999084e-02
1.215268928047089192e+00,3.235888481140136719e-02
1.215585586470799395e+00,4.653523117303848267e-02
1.215901551380029089e+00,2.226299978792667389e-02
1.216216825805877200e+00,1.894234679639339447e-02
1.216531412759613406e+00,4.477038234472274780e-02
1.216845315232852887e+00,1.457625068724155426e-02
1.217158536197724406e+00,8.692988194525241852e-03
1.217471078607041068e+00,1.003489177674055099e-02
1.217782945394467076e+00,7.865028455853462219e-03
1.218094139474681370e+00,8.255287073552608490e-03
1.218404663743543948e+00,5.969327408820390701e-03
1.218714521078254176e+00,5.587003193795681000e-03
1.219023714337513331e+00,5.951869767159223557e-03
1.219332246361682248e+00,3.922611009329557419e-03
1.219640119972937198e+00,7.126458454877138138e-03
1.219947337975425095e+00,6.077262107282876968e-03
1.220253903155417152e+00,7.445471361279487610e-03
1.220559818281460096e+00,5.897248163819313049e-03
1.220865086104525821e+00,4.218520596623420715e-03
1.221169709358161048e+00,1.000702455639839172e-01
1.221473690758632547e+00,2.111285738646984100e-02
1.221777033005074342e+00,1.561896596103906631e-02
1.222079738779629610e+00,1.380320079624652863e-02
1.222381810747594111e+00,8.064062334597110748e-03
1.222683251557557416e+00,6.071040872484445572e-03
1.222984063841540348e+00,5.811496637761592865e-03
1.223284250215135316e+00,4.103010054677724838e-03
1.223583813277640653e+00,5.415854509919881821e-03
1.223882755612197171e+00,5.544614978134632111e-03
1.224181079785920945e+00,4.319889470934867859e-03
1.224478788350035652e+00,5.155077204108238220e-03
1.224775883840004465e+00,4.535201471298933029e-03
1.225072368775657949e+00,4.446683451533317566e-03
1.225368245661323297e+00,3.302650526165962219e-03
1.225663516985951551e+00,3.839736105874180794e-03
1.225958185223242625e+00,2.754890127107501030e-03
1.226252252831769862e+00,4.934398923069238663e-03
1.226545722255103055e+00,3.814013674855232239e-03
1.226838595921929898e+00,4.098614677786827087e-03
1.227130876246177671e+00,3.237127326428890228e-03
1.227422565627131812e+00,4.610732663422822952e-03
1.227713666449553820e+00,4.064450040459632874e-03
1.228004181083798718e+00,4.334311001002788544e-03
1.228294111885931184e+00,3.781679784879088402e-03
1.228583461197839455e+00,3.460557898506522179e-03
1.228872231347349242e+00,4.306174349039793015e-03
1.229160424648336303e+00,3.456595586612820625e-03
1.229448043400836577e+00,3.727700095623731613e-03
1.229735089891158317e+00,3.471602220088243484e-03
1.230021566391988896e+00,3.757252590730786324e-03
1.230307475162504494e+00,5.392068531364202499e-03
1.230592818448476233e+00,2.893505617976188660e-03
1.230877598482376323e+00,4.516579210758209229e-03
1.231161817483481746e+00,2.607100876048207283e-03
1.231445477657980625e+00,5.375208798795938492e-03
1.231728581199071471e+00,4.541738424450159073e-03
1.232011130287068212e+00,2.881404710933566093e-03
1.232293127089498119e+00,4.542384762316942215e-03
1.232574573761204828e+00,4.260873422026634216e-03
1.232855472444443601e+00,3.429178847000002861e-03
1.233135825268981467e+00,3.428402123972773552e-03
1.233415634352192924e+00,2.870908007025718689e-03
1.233694901799157861e+00,3.725644899532198906e-03
1.233973629702753705e+00,4.255286417901515961e-03
1.234251820143751122e+00,5.633241031318902969e-03
1.234529475190908165e+00,5.085281562060117722e-03
1.234806596901059983e+00,4.245166201144456863e-03
1.235083187319212961e+00,2.853870391845703125e-03
1.235359248478633543e+00,3.966507036238908768e-03
1.235634782400938603e+00,4.787656012922525406e-03
1.235909791096183596e+00,3.685747971758246422e-03
1.236184276562951823e+00,2.565989270806312561e-03
1.236458240788439911e+00,2.017100574448704720e-03
1.236731685748546195e+00,3.957813140004873276e-03
1.237004613407953757e+00,3.671857062727212906e-03
1.237277025720217249e+00,4.789673723280429840e-03
1.237548924627845714e+00,4.510297905653715134e-03
1.237820312062385852e+00,4.230978898704051971e-03
1.238091189944504844e+00,3.395618172362446785e-03
1.238361560184070731e+00,5.337866954505443573e-03
1.238631424680235016e+00,3.947443328797817230e-03
1.238900785321510600e+00,3.664776682853698730e-03
1.239169643985852831e+00,5.615364294499158859e-03
1.239438002540736994e+00,1.160632236860692501e-03
1.239705862843237139e+00,3.393120598047971725e-03
1.239973226740102019e+00,3.109864424914121628e-03
1.240240096067832143e+00,4.495793953537940979e-03
1.240506472652755710e+00,2.832932630553841591e-03
1.240772358311102552e+00,3.389742691069841385e-03
1.241037754849080077e+00,3.939851652830839157e-03
1.241302664062944761e+00,3.383610164746642113e-03
1.241567087739077868e+00,5.052532069385051727e-03
1.241831027654054509e+00,2.551833400502800941e-03
1.242094485574718021e+00,4.215390887111425400e-03
1.242357463258249473e+00,2.545768395066261292e-03
1.242619962452238047e+00,3.654756583273410797e-03
1.242881984894751435e+00,2.270394004881381989e-03
1.243143532314404442e+00,3.381691174581646919e-03
1.243404606430426496e+00,2.828522352501749992e-03
1.243665208952731804e+00,3.374923719093203545e-03
1.243925341581984201e+00,3.930507227778434753e-03
1.244185006009665084e+00,2.822219161316752434e-03
1.244444203918138259e+00,5.603777244687080383e-03
1.244702936980716990e+00,3.652402665466070175e-03
1.244961206861727510e+00,2.542919013649225235e-03
1.245219015216573410e+00,4.763874690979719162e-03
1.245476363691800037e+00,3.931513987481594086e-03
1.245733253925156436e+00,4.210721235722303391e-03
1.245989687545658864e+00,3.649733262136578560e-03
1.246245666173652511e+00,4.760578274726867676e-03
1.246501191420873234e+00,4.204078577458858490e-03
1.246756264890506838e+00,4.760501440614461899e-03
1.247010888177251919e+00,4.200074821710586548e-03
1.247265062867378038e+00,3.368252422660589218e-03
1.247518790538785005e+00,4.757806658744812012e-03
1.247772072761062612e+00,3.646407043561339378e-03
1.248024911095547695e+00,2.258079126477241516e-03
1.248277307095383648e+00,5.312127061188220978e-03
1.248529262305575038e+00,4.198560491204261780e-03
1.248780778263047342e+00,4.756595473736524582e-03
1.249031856496700010e+00,2.256810432299971581e-03
1.249282498527465979e+00,3.366530174389481544e-03
1.249532705868362958e+00,4.199581220746040344e-03
1.249782480024551612e+00,3.921264316886663437e-03
1.250031822493387512e+00,4.755694419145584106e-03
1.250280734764476431e+00,3.366239368915557861e-03
1.250529218319727187e+00,4.199072718620300293e-03
1.250777274633404268e+00,3.923753742128610611e-03
1.251024905172181345e+00,4.475022200495004654e-03
1.251272111395191677e+00,4.476235248148441315e-03
1.251518894754081845e+00,2.531435806304216385e-03
1.251765256693060824e+00,3.365329233929514885e-03
1.252011198648951718e+00,2.807204611599445343e-03
1.252256722051241944e+00,4.474367015063762665e-03
1.252501828322133415e+00,3.918110392987728119e-03
1.252746518876591386e+00,5.029904190450906754e-03
1.252990795122393308e+00,4.196536261588335037e-03
1.253234658460178341e+00,3.652411047369241714e-03
1.253478110283494429e+00,5.031919572502374649e-03
1.253721151978847370e+00,2.531398087739944458e-03
1.253963784925746561e+00,3.919533919543027878e-03
1.254206010496753620e+00,5.302999634295701981e-03
1.254447830057528135e+00,5.026670172810554504e-03
1.254689244966873396e+00,1.973579870536923409e-03
1.254930256576783698e+00,6.693860981613397598e-03
1.255170866232488081e+00,2.525756135582923889e-03
1.255411075272496513e+00,2.802434377372264862e-03
1.255650885028644081e+00,3.360857954248785973e-03
1.255890296826135621e+00,4.749475512653589249e-03
1.256129311983589014e+00,3.357410430908203125e-03
1.256367931813079819e+00,2.526544500142335892e-03
1.256606157620183017e+00,4.192114342004060745e-03
1.256843990704017866e+00,2.246352378278970718e-03
1.257081432357288309e+00,4.467903170734643936e-03
1.257318483866326497e+00,3.913436084985733032e-03
1.257555146511134536e+00,3.356450470164418221e-03
1.257791421565424672e+00,3.911745268851518631e-03
1.258027310296662371e+00,3.079324029386043549e-03
1.258262813966105398e+00,5.023495294153690338e-03
1.258497933828845561e+00,5.024177022278308868e-03
1.258732671133847569e+00,2.522612223401665688e-03
1.258967027123990556e+00,3.633006941527128220e-03
1.259201003036105604e+00,4.188449122011661530e-03
1.259434600101016377e+00,3.911420237272977829e-03
1.259667819543577094e+00,4.187790676951408386e-03
1.259900662582712050e+00,3.631698898971080780e-03
1.260133130431452919e+00,3.076146589592099190e-03
1.260365224296976283e+00,4.467882681638002396e-03
1.260596945380642708e+00,3.076399676501750946e-03
1.260828294878033384e+00,2.520399168133735657e-03
1.261059273978986761e+00,4.186355508863925934e-03
1.261289883867635409e+00,5.296516232192516327e-03
1.261520125722442431e+00,4.463924560695886612e-03
1.261750000716238329e+00,4.464747849851846695e-03
1.261979510016255857e+00,2.520127920433878899e-03
1.262208654784165995e+00,5.575318820774555206e-03
1.262437436176113259e+00,3.629833227023482323e-03
1.262665855342750554e+00,3.630370134487748146e-03
1.262893913429274262e+00,4.184484016150236130e-03
1.263121611575458214e+00,3.351727500557899475e-03
1.263348950915687885e+00,5.295990966260433197e-03
1.263575932578995253e+00,5.574845243245363235e-03
1.263802557689090778e+00,3.352094907313585281e-03
1.264028827364398255e+00,5.573363974690437317e-03
1.264254742718087687e+00,5.296128802001476288e-03
1.264480304858106363e+00,2.519597997888922691e-03
1.264705514887214832e+00,2.238669898360967636e-03
1.264930373903015992e+00,4.739786963909864426e-03
1.265154882997988839e+00,5.017610266804695129e-03
1.265379043259520664e+00,4.183907993137836456e-03
1.265602855769937030e+00,4.460582509636878967e-03
1.265826321606534854e+00,3.629082115367054939e-03
1.266049441841612389e+00,3.628659062087535858e-03
1.266272217542500522e+00,2.516340697184205055e-03
1.266494649771593428e+00,4.459987860172986984e-03
1.266716739586378759e+00,2.237871289253234863e-03
1.266938488039468069e+00,3.626323072239756584e-03
1.267159896178627010e+00,3.350217128172516823e-03
1.267380965046803976e+00,3.626718185842037201e-03
1.267601695682160301e+00,2.516198204830288887e-03
1.267822089118100237e+00,3.906331025063991547e-03
1.268042146383298263e+00,3.625593846663832664e-03
1.268261868501729506e+00,4.460168536752462387e-03
1.268481256492697273e+00,3.349050413817167282e-03
1.268700311370862366e+00,4.459606483578681946e-03
1.268919034146269942e+00,5.570861976593732834e-03
1.269137425824379051e+00,3.626434598118066788e-03
1.269355487406088390e+00,3.348374506458640099e-03
1.269573219887766502e+00,3.348068799823522568e-03
1.269790624261275980e+00,3.349661361426115036e-03
1.270007701514002996e+00,4.459607880562543869e-03
1.270224452628883283e+00,3.069176571443676949e-03
1.270440878584429001e+00,4.735638387501239777e-03
1.270656980354754939e+00,4.457329865545034409e-03
1.270872758909604938e+00,5.013872869312763214e-03
1.271088215214378314e+00,2.791869919747114182e-03
1.271303350230155838e+00,3.902513766661286354e-03
1.271518164913724824e+00,5.290800705552101135e-03
1.271732660217604671e+00,3.347871825098991394e-03
1.271946837090073501e+00,3.346840152516961098e-03
1.272160696475191033e+00,4.180802032351493835e-03
1.272374239312826782e+00,5.292334128171205521e-03
1.272587466538680934e+00,3.902538679540157318e-03
1.272800379084312095e+00,3.901741234585642815e-03
1.273012977877160612e+00,4.180371295660734177e-03
1.273225263840572108e+00,4.457737784832715988e-03
1.273437237893823015e+00,3.346675075590610504e-03
1.273648900952143004e+00,3.067509504035115242e-03
1.273860253926739627e+00,4.735271446406841278e-03
1.274071297724821195e+00,3.900617361068725586e-03
1.274282033249621415e+00,4.457669332623481750e-03
1.274492461400420718e+00,4.179168492555618286e-03
1.274702583072570894e+00,2.790458500385284424e-03
1.274912399157516862e+00,2.789712045341730118e-03
1.275121910542819981e+00,3.069215454161167145e-03
1.275331118112180695e+00,3.901035524904727936e-03
1.275540022745460300e+00,2.510761842131614685e-03
1.275748625318703144e+00,3.900272073224186897e-03
1.275956926704159944e+00,3.900132607668638229e-03
1.276164927770307544e+00,2.233418403193354607e-03
1.276372629381872903e+00,4.178461618721485138e-03
1.276580032399852405e+00,4.456894937902688980e-03
1.276787137681535622e+00,2.233840990811586380e-03
1.276993946080524411e+00,4.456301219761371613e-03
1.277200458446755560e+00,5.011002533137798309e-03
1.277406675626521215e+00,5.567523185163736343e-03
1.277612598462489313e+00,3.344339784234762192e-03
1.277818227793724892e+00,3.622283460572361946e-03
1.278023564455710082e+00,3.066214034333825111e-03
1.278228609280364525e+00,3.899320028722286224e-03
1.278433363096066255e+00,4.732062108814716339e-03
1.278637826727671012e+00,4.177161026746034622e-03
1.278842000996532668e+00,4.177328664809465408e-03
1.279045886720522551e+00,2.511259168386459351e-03
1.279249484714049201e+00,3.065814496949315071e-03
1.279452795788078578e+00,3.343238728120923042e-03
1.279655820750152717e+00,6.121375132352113724e-03
1.279858560404408818e+00,3.343508811667561531e-03
1.280061015551599235e+00,2.787001896649599075e-03
1.280263186989109681e+00,3.065799595788121223e-03
1.280465075510978101e+00,3.064337419345974922e-03
1.280666681907913773e+00,2.509697806090116501e-03
1.280868006967316397e+00,5.010004155337810516e-03
1.281069051473292308e+00,4.453241359442472458e-03
1.281269816206676238e+00,4.454346373677253723e-03
1.281470301945046186e+00,2.509276615455746651e-03
1.281670509462743635e+00,3.064078046008944511e-03
1.281870439530890415e+00,4.731544293463230133e-03
1.282070092917407145e+00,3.343991935253143311e-03
1.282269470387030763e+00,1.398562453687191010e-03
1.282468572701331855e+00,5.286981351673603058e-03
1.282667400618732190e+00,5.286896135658025742e-03
1.282865954894522487e+00,2.509240526705980301e-03
1.283064236280879067e+00,2.509357640519738197e-03
1.283262245526880951e+00,3.620713949203491211e-03
1.283459983378528069e+00,3.897848539054393768e-03
1.283657450578755466e+00,4.174776840955018997e-03
1.283854647867453069e+00,4.176722373813390732e-03
1.284051575981480564e+00,2.786877565085887909e-03
1.284248235654683823e+00,3.064287593588232994e-03
1.284444627617912671e+00,3.064902732148766518e-03
1.284640752599035318e+00,3.897765651345252991e-03
1.284836611322956568e+00,4.452882800251245499e-03
1.285032204511632248e+00,5.286163650453090668e-03
1.285227532884085422e+00,3.620269009843468666e-03
1.285422597156423485e+00,3.342294599860906601e-03
1.285617398041852599e+00,4.452820401638746262e-03
1.285811936250693677e+00,5.841653794050216675e-03
1.286006212490398148e+00,5.286850035190582275e-03
1.286200227465563506e+00,5.284201819449663162e-03
1.286393981877948178e+00,3.341725794598460197e-03
1.286587476426486853e+00,2.786380471661686897e-03
1.286780711807306021e+00,1.675462815910577774e-03
1.286973688713738406e+00,3.905294928699731827e-03
1.287166407836338733e+00,3.066020552068948746e-03
1.287358869862897937e+00,3.347110468894243240e-03
1.287551075478457152e+00,4.455057904124259949e-03
1.287743025365324145e+00,4.175313282757997513e-03
1.287934720203086636e+00,3.897488582879304886e-03
1.288126160668626952e+00,3.342234296724200249e-03
1.288317347436135796e+00,2.786110388115048409e-03
1.288508281177128012e+00,3.063667332753539085e-03
1.288698962560455463e+00,2.230071462690830231e-03
1.288889392252321020e+00,3.062928328290581703e-03
1.289079570916294104e+00,3.341456176713109016e-03
1.289269499213321568e+00,5.008497275412082672e-03
1.289459177801745238e+00,2.230356214568018913e-03
1.289648607337312791e+00,3.618644783273339272e-03
1.289837788473191527e+00,4.451515618711709976e-03
1.290026721859984127e+00,3.062507836148142815e-03
1.290215408145739540e+00,4.174144938588142395e-03
1.290403847975967411e+00,4.729212261736392975e-03
1.290592041993651851e+00,4.174100700765848160e-03
1.290779990839263203e+00,3.340513445436954498e-03
1.290967695150772476e+00,4.173919092863798141e-03
1.291155155563663337e+00,2.507093595340847969e-03
1.291342372710946096e+00,2.229812555015087128e-03
1.291529347223169255e+00,5.284898448735475540e-03
1.291716079728433497e+00,2.229630714282393456e-03
1.291902570852403453e+00,3.895780304446816444e-03
1.292088821218320360e+00,3.895551431924104691e-03
1.292274831447014938e+00,5.006616469472646713e-03
1.292460602156919824e+00,3.617706010118126869e-03
1.292646133964081567e+00,4.729295615106821060e-03
1.292831427482173057e+00,2.783936681225895882e-03
1.293016483322505739e+00,3.339919261634349823e-03
1.293201302094041383e+00,5.283829290419816971e-03
1.293385884403404962e+00,4.450739827007055283e-03
1.293570230854895531e+00,3.062310628592967987e-03
1.293754342050498440e+00,2.785100368782877922e-03
1.293938218589898215e+00,2.784215612336993217e-03
1.294121861070488322e+00,3.061618190258741379e-03
1.294305270087384274e+00,2.506034681573510170e-03
1.294488446233434953e+00,3.339808899909257889e-03
1.294671390099233266e+00,2.506004879251122475e-03
1.294854102273129248e+00,3.617239184677600861e-03
1.295036583341239611e+00,3.616655245423316956e-03
1.295218833887459731e+00,2.783948322758078575e-03
1.295400854493475196e+00,2.783849136903882027e-03
1.295582645738773131e+00,3.616784233599901199e-03
1.295764208200651524e+00,4.450649954378604889e-03
1.295945542454233435e+00,3.617397509515285492e-03
1.296126649072473880e+00,4.172799643129110336e-03
1.296307528626174710e+00,4.172888584434986115e-03
1.296488181683992158e+00,3.061809577047824860e-03
1.296668608812449719e+00,3.894577501341700554e-03
1.296848810575947697e+00,4.450174514204263687e-03
1.297028787536774086e+00,4.449846688657999039e-03
1.297208540255115228e+00,3.617086680606007576e-03
1.297388069289066248e+00,4.449789412319660187e-03
1.297567375194641048e+00,3.338918788358569145e-03
1.297746458525783630e+00,4.727836698293685913e-03
1.297925319834376978e+00,1.949865836650133133e-03
1.298103959670254381e+00,2.228373195976018906e-03
1.298282378581208985e+00,3.338970942422747612e-03
1.298460577113004444e+00,2.783542731776833534e-03
1.298638555809384254e+00,4.172736313194036484e-03
1.298816315212081740e+00,5.005040671676397324e-03
1.298993855860830715e+00,3.338684095069766045e-03
1.299171178293374807e+00,3.061012597754597664e-03
1.299348283045477004e+00,3.060739953070878983e-03
1.299525170650929429e+00,2.783236093819141388e-03
1.299701841641563993e+00,3.338403766974806786e-03
1.299878296547260170e+00,2.227824646979570389e-03
1.300054535895955876e+00,3.616289235651493073e-03
1.300230560213657238e+00,3.616201225668191910e-03
1.300406370024446590e+00,4.449333529919385910e-03
1.300581965850492905e+00,4.171877168118953705e-03
1.300757348212060460e+00,4.449748899787664413e-03
1.300932517627519269e+00,2.782726660370826721e-03
1.301107474613352633e+00,3.338723210617899895e-03
1.301282219684167574e+00,2.782483585178852081e-03
1.301456753352703277e+00,3.338613081723451614e-03
1.301631076129840192e+00,2.782242372632026672e-03
1.301805188524609136e+00,2.504613250494003296e-03
1.301979091044200842e+00,3.060664748772978783e-03
1.302152784193972623e+00,3.338522976264357567e-03
1.302326268477460136e+00,3.894086461514234543e-03
1.302499544396383824e+00,5.282593891024589539e-03
1.302672612450659573e+00,3.893881570547819138e-03
1.302845473138404708e+00,3.338295267894864082e-03
1.303018126955949763e+00,3.615863621234893799e-03
1.303190574397844470e+00,3.893655957654118538e-03
1.303362815956867982e+00,3.060885705053806305e-03
1.303534852124035526e+00,5.838189739733934402e-03
1.303706683388608845e+00,3.893092041835188866e-03
1.303878310238103300e+00,4.727053456008434296e-03
1.304049733158296087e+00,3.892968175932765007e-03
1.304220952633235786e+00,1.948478515259921551e-03
1.304391969145248353e+00,1.671179430559277534e-03
1.304562783174946894e+00,4.170996136963367462e-03
1.304733395201240320e+00,2.226591110229492188e-03
1.304903805701339570e+00,3.337949048727750778e-03
1.305074015150766487e+00,3.893384942784905434e-03
1.305244024023362259e+00,4.448379389941692352e-03
1.305413832791294970e+00,3.060203278437256813e-03
1.305583441925066923e+00,3.615289460867643356e-03
1.305752851893523303e+00,2.782157855108380318e-03
1.305922063163859503e+00,3.059850540012121201e-03
1.306091076201629120e+00,3.338161157444119453e-03
1.306259891470751056e+00,5.004258826375007629e-03
1.306428509433517737e+00,3.615389810875058174e-03
1.306596930550602886e+00,3.615126945078372955e-03
1.306765155281068180e+00,3.893370972946286201e-03
1.306933184082371469e+00,3.059707581996917725e-03
1.307101017410374988e+00,5.281735677272081375e-03
1.307268655719350026e+00,4.726024810224771500e-03
1.307436099461987578e+00,3.336790716275572777e-03
1.307603349089404121e+00,1.948349759913980961e-03
1.307770405051148277e+00,1.948782592080533504e-03
1.307937267795209468e+00,4.170790314674377441e-03
1.308103937768024361e+00,5.003935657441616058e-03
1.308270415414483967e+00,3.337305039167404175e-03
1.308436701177941197e+00,3.059410024434328079e-03
1.308602795500217297e+00,4.726087674498558044e-03
1.308768698821609844e+00,3.892416832968592644e-03
1.308934411580898960e+00,5.281807854771614075e-03
1.309099934215353978e+00,3.337397472932934761e-03
1.309265267160741653e+00,4.170666448771953583e-03
1.309430410851331938e+00,3.337229602038860321e-03
1.309595365719905313e+00,1.670528436079621315e-03
1.309760132197759219e+00,3.614516928791999817e-03
1.309924710714715612e+00,3.337249625474214554e-03
1.310089101699126068e+00,5.003775935620069504e-03
1.310253305577881111e+00,3.336784895509481430e-03
1.310417322776413540e+00,1.392618636600673199e-03
1.310581153718707981e+00,4.447777289897203445e-03
1.310744798827306434e+00,3.614405170083045959e-03
1.310908258523313608e+00,3.059269161894917488e-03
1.311071533226404906e+00,2.503500320017337799e-03
1.311234623354833317e+00,3.058843081817030907e-03
1.311397529325433631e+00,2.225660718977451324e-03
1.311560251553631540e+00,4.169985651969909668e-03
1.311722790453447196e+00,5.558972712606191635e-03
1.311885146437504090e+00,3.059279639273881912e-03
1.312047319917033716e+00,4.170046653598546982e-03
1.312209311301882675e+00,4.725485574454069138e-03
1.312371121000518226e+00,3.336718073114752769e-03
1.312532749420034728e+00,5.281257443130016327e-03
1.312694196966160076e+00,2.780816517770290375e-03
1.312855464043261478e+00,3.892304841428995132e-03
1.313016551054351666e+00,5.281182006001472473e-03
1.313177458401094899e+00,4.447785671800374985e-03
1.313338186483813175e+00,3.614098764955997467e-03
1.313498735701491560e+00,3.614431014284491539e-03
1.313659106451784631e+00,1.947503886185586452e-03
1.313819299131022467e+00,4.725240170955657959e-03
1.313979314134216869e+00,3.892017062753438950e-03
1.314139151855065801e+00,3.892155829817056656e-03
1.314298812685960938e+00,2.502958523109555244e-03
1.314458297017992328e+00,5.558787379413843155e-03
1.314617605240954390e+00,5.281007383018732071e-03
1.314776737743351465e+00,3.892038948833942413e-03
1.314935694912404252e+00,3.336495487019419670e-03
1.315094477134054252e+00,5.002942401915788651e-03
1.315253084792970872e+00,4.169793799519538879e-03
1.315411518272555647e+00,4.725143779069185257e-03
1.315569777954948893e+00,3.613967448472976685e-03
1.315727864221033938e+00,5.003036931157112122e-03
1.315885777450443772e+00,2.225248608738183975e-03
1.316043518021566605e+00,2.502986229956150055e-03
1.316201086311550084e+00,3.892096458002924919e-03
1.316358482696307508e+00,4.725076258182525635e-03
1.316515707550524494e+00,3.892100648954510689e-03
1.316672761247660750e+00,3.891915781423449516e-03
1.316829644159959622e+00,5.003171041607856750e-03
1.316986356658450541e+00,3.614112036302685738e-03
1.317142899112955234e+00,3.058557165786623955e-03
1.317299271892092838e+00,2.780775539577007294e-03
1.317455475363285000e+00,4.447385668754577637e-03
1.317611509892761879e+00,5.558233242481946945e-03
1.317767375845565914e+00,4.447109065949916840e-03
1.317923073585558269e+00,1.669587101787328720e-03
1.318078603475422605e+00,4.724878817796707153e-03
1.318233965876671743e+00,2.224910538643598557e-03
1.318389161149650990e+00,4.169927909970283508e-03
1.318544189653544363e+00,3.058231668546795845e-03
1.318699051746379469e+00,3.614033106714487076e-03
1.318853747785031727e+00,3.613892477005720139e-03
1.319008278125230138e+00,4.447306506335735321e-03
1.319162643121561507e+00,5.558216478675603867e-03
1.319316843127476435e+00,4.446889273822307587e-03
1.319470878495292210e+00,4.447104409337043762e-03
1.319624749576199685e+00,4.447064362466335297e-03
1.319778456720267057e+00,4.725031554698944092e-03
1.319932000276444306e+00,5.558340344578027725e-03
1.320085380592569413e+00,2.780201612040400505e-03
1.320238598015371245e+00,2.224841620773077011e-03
1.320391652890475553e+00,3.613605629652738571e-03
1.320544545562408967e+00,2.224722644314169884e-03
1.320697276374604545e+00,2.780397422611713409e-03
1.320849845669405109e+00,4.169396590441465378e-03
1.321002253788068570e+00,3.335677552968263626e-03
1.321154501070772813e+00,4.169108346104621887e-03
1.321306587856619918e+00,3.335855435580015182e-03
1.321458514483639712e+00,5.280373618006706238e-03
1.321610281288796651e+00,3.891322528943419456e-03
1.321761888607992041e+00,2.224475843831896782e-03
1.321913336776069148e+00,3.891356987878680229e-03
1.322064626126818521e+00,2.780219307169318199e-03
1.322215756992981328e+00,3.613477805629372597e-03
1.322366729706254240e+00,3.613399108871817589e-03
1.322517544597293648e+00,3.891273867338895798e-03
1.322668201995719883e+00,5.280060693621635437e-03
1.322818702230121657e+00,3.058061469346284866e-03
1.322969045628060947e+00,3.058157628402113914e-03
1.323119232516076327e+00,3.057802328839898109e-03
1.323269263219687630e+00,3.890912979841232300e-03
1.323419138063400391e+00,3.057693364098668098e-03
1.323568857370709839e+00,3.057847265154123306e-03
1.323718421464104456e+00,5.835692863911390305e-03
1.323867830665071743e+00,4.724589642137289047e-03
1.324017085294101115e+00,5.002295132726430893e-03
1.324166185670687890e+00,4.446861799806356430e-03
1.324315132113338400e+00,3.891117637977004051e-03
1.324463924939573101e+00,4.168956074863672256e-03
1.324612564465931008e+00,3.057788824662566185e-03
1.324761051007974366e+00,5.002171732485294342e-03
1.324909384880291086e+00,5.280009470880031586e-03
1.325057566396500963e+00,4.168711137026548386e-03
1.325205595869256792e+00,2.779931994155049324e-03
1.325353473610251687e+00,5.002071615308523178e-03
1.325501199930220197e+00,3.613327397033572197e-03
1.325648775138943192e+00,4.169017542153596878e-03
1.325796199545252740e+00,3.057573921978473663e-03
1.325943473457034782e+00,3.613192820921540260e-03
1.326090597181232233e+00,4.724404308944940567e-03
1.326237571023852091e+00,3.613155800849199295e-03
1.326384395289964768e+00,3.613304113969206810e-03
1.326531070283712088e+00,6.112971808761358261e-03
1.326677596308307949e+00,3.057683818042278290e-03
1.326823973666043877e+00,4.168622661381959915e-03
1.326970202658292131e+00,2.779818372800946236e-03
1.327116283585509038e+00,3.613269655033946037e-03
1.327262216747240098e+00,4.446368664503097534e-03
1.327408002442121981e+00,3.057471010833978653e-03
1.327553640967886972e+00,4.168737679719924927e-03
1.327699132621367184e+00,1.668635522946715355e-03
1.327844477698497005e+00,2.224153373390436172e-03
1.327989676494317317e+00,4.168635234236717224e-03
1.328134729302979267e+00,4.168425220996141434e-03
1.328279636417748044e+00,3.890963271260261536e-03
1.328424398131005102e+00,3.890756284818053246e-03
1.328569014734253262e+00,3.890769556164741516e-03
1.328713486518119824e+00,2.779563888907432556e-03
1.328857813772359453e+00,3.335192101076245308e-03
1.329001996785857731e+00,3.335163928568363190e-03
1.329146035846635820e+00,4.168494604527950287e-03
1.329289931241852463e+00,3.613038687035441399e-03
1.329433683257808196e+00,5.001790821552276611e-03
1.329577292179948689e+00,5.279514007270336151e-03
1.329720758292867844e+00,3.612717613577842712e-03
1.329864081880311577e+00,3.890681779012084007e-03
1.330007263225180703e+00,4.168532323092222214e-03
1.330150302609534929e+00,2.223982010036706924e-03
1.330293200314595303e+00,5.835124291479587555e-03
1.330435956620748872e+00,3.335043555125594139e-03
1.330578571807550459e+00,3.612911328673362732e-03
1.330721046153726661e+00,4.723859485238790512e-03
1.330863379937179625e+00,4.168313927948474884e-03
1.331005573434989708e+00,4.168457351624965668e-03
1.331147626923418148e+00,3.890713211148977280e-03
1.331289540677911276e+00,4.723889287561178207e-03
1.331431314973104296e+00,4.446247126907110214e-03
1.331572950082821949e+00,4.168244078755378723e-03
1.331714446280084285e+00,3.612886182963848114e-03
1.331855803837108887e+00,4.168371204286813736e-03
1.331997023025313531e+00,5.279435310512781143e-03
1.332138104115319521e+00,3.335052635520696640e-03
1.332279047376955683e+00,4.446224775165319443e-03
1.332419853079260808e+00,2.501667710021138191e-03
1.332560521490485872e+00,4.168135114014148712e-03
1.332701052878098702e+00,3.890544176101684570e-03
1.332841447508786192e+00,4.168306011706590652e-03
1.332981705648456972e+00,2.779432572424411774e-03
1.333121827562245398e+00,2.501457929611206055e-03
1.333261813514513561e+00,4.723830148577690125e-03
1.333401663768855272e+00,3.890405176207423210e-03
1.333541378588098514e+00,4.168184939771890640e-03
1.333680958234307656e+00,3.612596308812499046e-03
1.333820402968787899e+00,3.334825392812490463e-03
1.333959713052087270e+00,2.779402304440736771e-03
1.334098888743999733e+00,5.557079333811998367e-03
1.334237930303568298e+00,4.446047358214855194e-03
1.334376837989087461e+00,3.612640080973505974e-03
1.334515612058106315e+00,3.890421241521835327e-03
1.334654252767431659e+00,2.779372502118349075e-03
1.334792760373130438e+00,3.334790002554655075e-03
1.334931135130533297e+00,4.445898812264204025e-03
1.335069377294235915e+00,2.779280766844749451e-03
1.335207487118104108e+00,4.445844795554876328e-03
1.335345464855273834e+00,3.890388645231723785e-03
1.335483310758156739e+00,4.723611753433942795e-03
1.335621025078441049e+00,3.612634725868701935e-03
1.335758608067094899e+00,3.334823297336697578e-03
1.335896059974368999e+00,5.001327954232692719e-03
1.336033381049799740e+00,3.612460801377892494e-03
1.336170571542211638e+00,2.223592950031161308e-03
1.336307631699720000e+00,1.667994540184736252e-03
1.336444561769733363e+00,4.168051760643720627e-03
1.336581361998956829e+00,3.890239866450428963e-03
1.336718032633394282e+00,3.612502478063106537e-03
1.336854573918351052e+00,3.056808141991496086e-03
1.336990986098436363e+00,3.334646578878164291e-03
1.337127269417567099e+00,3.612348344177007675e-03
1.337263424118968480e+00,4.445820115506649017e-03
1.337399450445178717e+00,2.779086818918585777e-03
1.337535348638049904e+00,3.334731096401810646e-03
1.337671118938751347e+00,5.001279059797525406e-03
1.337806761587772675e+00,2.501309150829911232e-03
1.337942276824925392e+00,4.445794038474559784e-03
1.338077664889345764e+00,3.334665438160300255e-03
1.338212926019497928e+00,3.612429834902286530e-03
1.338348060453175226e+00,3.334557870402932167e-03
1.338483068427504419e+00,4.167894832789897919e-03
1.338617950178946137e+00,3.334687789902091026e-03
1.338752705943299093e+00,3.612438449636101723e-03
1.338887335955701419e+00,2.501369686797261238e-03
1.339021840450633771e+00,3.612389555200934410e-03
1.339156219661921998e+00,2.501262119039893150e-03
1.339290473822738248e+00,2.501248382031917572e-03
1.339424603165605188e+00,3.890160704031586647e-03
1.339558607922396671e+00,2.779067959636449814e-03
1.339692488324342401e+00,4.723498132079839706e-03
1.339826244602027483e+00,5.001206882297992706e-03
1.339959876985397091e+00,3.890170017257332802e-03
1.340093385703758022e+00,4.723353311419487000e-03
1.340226770985780247e+00,3.056686371564865112e-03
1.340360033059501133e+00,3.890009364113211632e-03
1.340493172152326107e+00,2.501141512766480446e-03
1.340626188491031545e+00,2.501262119039893150e-03
1.340759082301768101e+00,6.112343166023492813e-03
1.340891853810060041e+00,4.445670638233423233e-03
1.341024503240811683e+00,5.556687247008085251e-03
1.341157030818306728e+00,4.167839419096708298e-03
1.341289436766210486e+00,2.501203212887048721e-03
1.341421721307574089e+00,3.612176049500703812e-03
1.341553884664836049e+00,3.612304106354713440e-03
1.341685927059822481e+00,3.334383014589548111e-03
1.341817848713752648e+00,4.445558413863182068e-03
1.341949649847238302e+00,4.445560276508331299e-03
1.342081330680288120e+00,4.445563536137342453e-03
1.342212891432307709e+00,3.056720132008194923e-03
1.342344332322104261e+00,2.501107053831219673e-03
1.342475653567886784e+00,3.056652378290891647e-03
1.342606855387268983e+00,2.778918715193867683e-03
1.342737937997271258e+00,4.723311867564916611e-03
1.342868901614323374e+00,4.445512779057025909e-03
1.342999746454265564e+00,4.723239224404096603e-03
1.343130472732352754e+00,3.334400476887822151e-03
1.343261080663253448e+00,3.889862215146422386e-03
1.343391570461054840e+00,4.723360296338796616e-03
1.343521942339263475e+00,4.167743958532810211e-03
1.343652196510807473e+00,5.001027137041091919e-03
1.343782333188038525e+00,3.334379056468605995e-03
1.343912352582734560e+00,4.445522557944059372e-03
1.344042254906101963e+00,3.334283363074064255e-03
1.344172040368775356e+00,3.889856394380331039e-03
1.344301709180823812e+00,1.945433439686894417e-03
1.344431261551748191e+00,4.723282530903816223e-03
1.344560697690487139e+00,4.445469938218593597e-03
1.344690017805416637e+00,4.445487167686223984e-03
1.344819222104352896e+00,4.167671315371990204e-03
1.344948310794554347e+00,3.334375564008951187e-03
1.345077284082723645e+00,3.889862680807709694e-03
1.345206142175009223e+00,3.056518035009503365e-03
1.345334885277008841e+00,5.278699100017547607e-03
1.345463513593768257e+00,5.000960081815719604e-03
1.345592027329787221e+00,4.167720209807157516e-03
1.345720426689018367e+00,3.334297798573970795e-03
1.345848711874870762e+00,4.723162390291690826e-03
1.345976883090210796e+00,2.778747584670782089e-03
1.346104940537365513e+00,3.334197914227843285e-03
1.346232884418122833e+00,2.500938484445214272e-03
1.346360714933734437e+00,3.612067084759473801e-03
1.346488432284918213e+00,3.889850573614239693e-03
1.346616036671858696e+00,4.723179154098033905e-03
1.346743528294209957e+00,3.056447254493832588e-03
1.346870907351096935e+00,2.500836038962006569e-03
1.346998174041118546e+00,3.334251698106527328e-03
1.347125328562347235e+00,3.889802843332290649e-03
1.347252371112333202e+00,2.778632333502173424e-03
1.347379301888105063e+00,4.167475271970033646e-03
1.347506121086170960e+00,1.945351250469684601e-03
1.347632828902523006e+00,3.334216540679335594e-03
1.347759425532635946e+00,3.334240522235631943e-03
1.347885911171470275e+00,4.167529288679361343e-03
1.348012286013475336e+00,4.167598206549882889e-03
1.348138550252589107e+00,3.334207693114876747e-03
1.348264704082240861e+00,4.445296712219715118e-03
1.348390747695352943e+00,3.611952997744083405e-03
1.348516681284342544e+00,4.445301368832588196e-03
1.348642505041123485e+00,3.889796556904911995e-03
1.348768219157107984e+00,4.167492967098951340e-03
1.348893823823207994e+00,3.611986525356769562e-03
1.349019319229837199e+00,3.334197914227843285e-03
1.349144705566913460e+00,3.334173234179615974e-03
1.349269983023858810e+00,4.445346072316169739e-03
1.349395151789603675e+00,4.445112776011228561e-03
1.349520212052585988e+00,3.334104781970381737e-03
1.349645164000754516e+00,3.889659186825156212e-03
1.349770007821569751e+00,4.723104182630777359e-03
1.349894743702006794e+00,2.500755479559302330e-03
1.350019371828555137e+00,3.056379733607172966e-03
1.350143892387221989e+00,4.723089281469583511e-03
1.350268305563533389e+00,2.500792732462286949e-03
1.350392611542535537e+00,5.278551485389471054e-03
1.350516810508797017e+00,4.445248283445835114e-03
1.350640902646409902e+00,2.500810660421848297e-03
1.350764888138991315e+00,4.167372826486825943e-03
1.350888767169686311e+00,2.500768052414059639e-03
1.351012539921167876e+00,4.722974263131618500e-03
1.351136206575639376e+00,3.611864289268851280e-03
1.351259767314836102e+00,3.611928084865212440e-03
1.351383222320026389e+00,3.889699000865221024e-03
1.351506571772014720e+00,3.611940424889326096e-03
1.351629815851140615e+00,3.056266345083713531e-03
1.351752954737283297e+00,3.334067761898040771e-03
1.351875988609861245e+00,3.611892228946089745e-03
1.351998917647833531e+00,2.500786911696195602e-03
1.352121742029703588e+00,3.056274494156241417e-03
1.352244461933517883e+00,2.222928451374173164e-03
1.352367077536870354e+00,3.334101988002657890e-03
1.352489589016901306e+00,1.945148105733096600e-03
1.352611996550300510e+00,4.445230588316917419e-03
1.352734300313308768e+00,4.303958714008331299e-01
1.352856500481718793e+00,4.337525963783264160e-01
1.352978597230876767e+00,3.461720943450927734e-01
1.353100590735684339e+00,3.370661735534667969e-01
1.353222481170599290e+00,3.616435527801513672e-01
1.353344268709638865e+00,3.404134809970855713e-01
1.353465953526378440e+00,3.525752127170562744e-01
1.353587535793955299e+00,3.142848014831542969e-01
1.353709015685069961e+00,3.099734187126159668e-01
1.353830393371985519e+00,3.059165775775909424e-01
1.353951669026531857e+00,2.668445706367492676e-01
1.354072842820106093e+00,2.178354561328887939e-01
1.354193914923672581e+00,1.811722517013549805e-01
1.354314885507766686e+00,1.576621532440185547e-01
1.354435754742494558e+00,1.491207480430603027e-01
1.354556522797535800e+00,1.347971558570861816e-01
1.354677189842143692e+00,1.472813636064529419e-01
1.354797756045147183e+00,1.287764459848403931e-01
1.354918221574952675e+00,1.098224595189094543e-01
1.355038586599544459e+00,1.003717407584190369e-01
1.355158851286487831e+00,8.901104331016540527e-02
1.355279015802927756e+00,7.907824963331222534e-02
1.355399080315593530e+00,7.620603591203689575e-02
1.355519044990797672e+00,7.257074862718582153e-02
1.355638909994437924e+00,5.998298898339271545e-02
1.355758675491999687e+00,4.862854629755020142e-02
1.355878341648555585e+00,4.288740083575248718e-02
1.355997908628769233e+00,4.713918268680572510e-02
1.356117376596893243e+00,4.214885458350181580e-02
1.356236745716774328e+00,3.325649723410606384e-02
1.356356016151851751e+00,2.828921005129814148e-02
1.356475188065160209e+00,2.853371202945709229e-02
1.356594261619330499e+00,2.900401689112186432e-02
1.356713236976591297e+00,3.006179817020893097e-02
1.356832114298769820e+00,2.782835252583026886e-02
1.356950893747294051e+00,2.094902470707893372e-02
1.357069575483193624e+00,1.670037396252155304e-02
1.357188159667100269e+00,1.510727219283580780e-02
1.357306646459251365e+00,1.260334346443414688e-02
1.357425036019488163e+00,1.163234841078519821e-02
1.357543328507260005e+00,9.987757541239261627e-03
1.357661524081623883e+00,1.264455635100603104e-02
1.357779622901246208e+00,1.902149617671966553e-02
1.357897625124403485e+00,1.096060499548912048e-02
1.358015530908985635e+00,1.007697638124227524e-02
1.358133340412494006e+00,7.691911887377500534e-03
1.358251053792045804e+00,8.463515900075435638e-03
1.358368671204373435e+00,5.990363191813230515e-03
1.358486192805825832e+00,5.527637433260679245e-03
1.358603618752371123e+00,7.152062840759754181e-03
1.358720949199595740e+00,7.678960449993610382e-03
1.358838184302707752e+00,4.771498031914234161e-03
1.358955324216537308e+00,4.117813892662525177e-03
1.359072369095536414e+00,5.475416313856840134e-03
1.359189319093783155e+00,5.931248888373374939e-03
1.359306174364980135e+00,5.290610250085592270e-03
1.359422935062456483e+00,5.082320887595415115e-03
1.359539601339170511e+00,5.102217197418212891e-03
1.359656173347708830e+00,4.457472823560237885e-03
1.359772651240289010e+00,5.490167532116174698e-03
1.359889035168760030e+00,4.748708568513393402e-03
1.360005325284603162e+00,5.517611745744943619e-03
1.360121521738934636e+00,4.169869702309370041e-03
1.360237624682504975e+00,4.318420309573411942e-03
1.360353634265701661e+00,3.545937361195683479e-03
1.360469550638549574e+00,3.189824055880308151e-03
1.360585373950711885e+00,3.710745368152856827e-03
1.360701104351491608e+00,4.054325167089700699e-03
1.360816741989833156e+00,2.045426052063703537e-03
1.360932287014323006e+00,4.211864434182643890e-03
1.361047739573190807e+00,4.770432133227586746e-03
1.361163099814310495e+00,2.498426707461476326e-03
1.361278367885201623e+00,4.196327179670333862e-03
1.361393543933030692e+00,4.155659582465887070e-03
1.361508628104611374e+00,2.740428782999515533e-03
1.361623620546407176e+00,3.867166815325617790e-03
1.361738521404530999e+00,1.605252386070787907e-03
1.361853330824746910e+00,5.235206335783004761e-03
1.361968048952471699e+00,4.123950842767953873e-03
1.362082675932775544e+00,3.515370190143585205e-03
1.362197211910382233e+00,4.106199368834495544e-03
1.362311657029672274e+00,3.262914717197418213e-03
1.362426011434682227e+00,5.483560729771852493e-03
1.362540275269106482e+00,3.503267653286457062e-03
1.362654448676297925e+00,3.228803863748908043e-03
1.362768531799270599e+00,3.497269470244646072e-03
1.362882524780698157e+00,3.234338248148560524e-03
1.362996427762917184e+00,3.782558022066950798e-03
1.363110240887926539e+00,6.014959886670112610e-03
1.363223964297390456e+00,2.103247214108705521e-03
1.363337598132637218e+00,3.782801097258925438e-03
1.363451142534662486e+00,4.015693441033363342e-03
1.363564597644128629e+00,4.019253421574831009e-03
1.363677963601366505e+00,4.601965192705392838e-03
1.363791240546376793e+00,4.025861155241727829e-03
1.363904428618829989e+00,3.455586964264512062e-03
1.364017527958068632e+00,2.342907013371586800e-03
1.364130538703107742e+00,2.891344483941793442e-03
1.364243460992635493e+00,1.772880903445184231e-03
1.364356294965015426e+00,3.167613642290234566e-03
1.364469040758286011e+00,3.442615503445267677e-03
1.364581698510162644e+00,5.374426487833261490e-03
1.364694268358038309e+00,3.157188184559345245e-03
1.364806750438984251e+00,2.876968821510672569e-03
1.364919144889752189e+00,4.534724168479442596e-03
1.365031451846773880e+00,3.144972957670688629e-03
1.365143671446162887e+00,3.980842418968677521e-03
1.365255803823715031e+00,3.978243563324213028e-03
1.365367849114910381e+00,4.533702507615089417e-03
1.365479807454913042e+00,3.966837190091609955e-03
1.365591678978572920e+00,2.313171979039907455e-03
1.365703463820426622e+00,3.416564315557479858e-03
1.365815162114697889e+00,3.135198727250099182e-03
1.365926773995299159e+00,2.855930710211396217e-03
1.366038299595832450e+00,3.691935678943991661e-03
1.366149739049590250e+00,5.906908307224512100e-03
1.366261092489555740e+00,5.074920598417520523e-03
1.366372360048404566e+00,2.830866724252700806e-03
1.366483541858506845e+00,3.406674135476350784e-03
1.366594638051925381e+00,4.794054664671421051e-03
1.366705648760418779e+00,4.791576880961656570e-03
1.366816574115441441e+00,2.842646325007081032e-03
1.366927414248145789e+00,3.397304797545075417e-03
1.367038169289380711e+00,5.339913070201873779e-03
1.367148839369694446e+00,4.241124261170625687e-03
1.367259424619336139e+00,2.562941983342170715e-03
1.367369925168253841e+00,3.116737119853496552e-03
1.367480341146098954e+00,4.503594711422920227e-03
1.367590672682224007e+00,2.560877939686179161e-03
1.367700919905685764e+00,2.272210549563169479e-03
1.367811082945245449e+00,3.107168246060609818e-03
1.367921161929369189e+00,3.665533615276217461e-03
1.368031156986229124e+00,4.777485504746437073e-03
1.368141068243704739e+00,5.610333289951086044e-03
1.368250895829383973e+00,2.276357030496001244e-03
1.368360639870562556e+00,5.047588143497705460e-03
1.368470300494246228e+00,6.995656993240118027e-03
1.368579877827151847e+00,3.103370778262615204e-03
1.368689371995707615e+00,2.825572853907942772e-03
1.368798783126053742e+00,6.432996597141027451e-03
1.368908111344043999e+00,3.656977089121937752e-03
1.369017356775245498e+00,2.270038938149809837e-03
1.369126519544942022e+00,4.491033032536506653e-03
1.369235599778130918e+00,4.487955477088689804e-03
1.369344597599528424e+00,3.098675049841403961e-03
1.369453513133566780e+00,4.486586898565292358e-03
1.369562346504397121e+00,4.486245103180408478e-03
1.369671097835889695e+00,4.759445320814847946e-03
1.369779767251635416e+00,5.037842318415641785e-03
1.369888354874945202e+00,3.375321161001920700e-03
1.369996860828852414e+00,2.817237284034490585e-03
1.370105285236113080e+00,3.926658537238836288e-03
1.370213628219206115e+00,6.152580957859754562e-03
1.370321889900334877e+00,2.815236104652285576e-03
1.370430070401428280e+00,3.646232187747955322e-03
1.370538169844140564e+00,4.199740476906299591e-03
1.370646188349853523e+00,2.534704981371760368e-03
1.370754126039675169e+00,6.420279387384653091e-03
1.370861983034443066e+00,4.757401067763566971e-03
1.370969759454723436e+00,2.811799291521310806e-03
1.371077455420812941e+00,2.810977632179856300e-03
1.371185071052738680e+00,4.752911627292633057e-03
1.371292606470259301e+00,4.476682282984256744e-03
1.371400061792865666e+00,3.922598902136087418e-03
1.371507437139782848e+00,3.917365334928035736e-03
1.371614732629968358e+00,3.363033756613731384e-03
1.371721948382116141e+00,3.085822332650423050e-03
1.371829084514654351e+00,4.474055953323841095e-03
1.371936141145748245e+00,3.643868956714868546e-03
1.372043118393300176e+00,3.919147886335849762e-03
1.372150016374950043e+00,3.915273118764162064e-03
1.372256835208076842e+00,3.366598160937428474e-03
1.372363575009798664e+00,3.360078437253832817e-03
1.372470235896974033e+00,3.640560200437903404e-03
1.372576817986202791e+00,3.083335002884268761e-03
1.372683321393826095e+00,4.196750465780496597e-03
1.372789746235927533e+00,2.529052086174488068e-03
1.372896092628334452e+00,4.195188172161579132e-03
1.373002360686617740e+00,3.636739682406187057e-03
1.373108550526093818e+00,3.638717578724026680e-03
1.373214662261823982e+00,2.248939359560608864e-03
1.373320696008615949e+00,4.192097112536430359e-03
1.373426651881024751e+00,3.357743145897984505e-03
1.373532529993352735e+00,3.080622525885701180e-03
1.373638330459651558e+00,3.644875716418027878e-03
1.373744053393721298e+00,3.919587004929780960e-03
1.373849698909112682e+00,3.358084475621581078e-03
1.373955267119126633e+00,3.359051654115319252e-03
1.374060758136815608e+00,3.080204362049698830e-03
1.374166172074985148e+00,3.632653038948774338e-03
1.374271509046192108e+00,2.801240654662251472e-03
1.374376769162748202e+00,3.078171983361244202e-03
1.374481952536719565e+00,6.689365487545728683e-03
1.374587059279926526e+00,5.577233154326677322e-03
1.374692089503945613e+00,2.521759830415248871e-03
1.374797043320109990e+00,3.076279535889625549e-03
1.374901920839509906e+00,5.019647069275379181e-03
1.375006722172993356e+00,3.076456487178802490e-03
1.375111447431167422e+00,1.687253592535853386e-03
1.375216096724397818e+00,2.797963330522179604e-03
1.375320670162810677e+00,2.797648776322603226e-03
1.375425167856292985e+00,3.910054918378591537e-03
1.375529589914492590e+00,5.017991643399000168e-03
1.375633936446819972e+00,1.962978625670075417e-03
1.375738207562448245e+00,4.186988342553377151e-03
1.375842403370313383e+00,4.185618832707405090e-03
1.375946523979116209e+00,3.074520966038107872e-03
1.376050569497322185e+00,4.184757359325885773e-03
1.376154540033162288e+00,2.241403330117464066e-03
1.376258435694633464e+00,5.294411908835172653e-03
1.376362256589499955e+00,4.462949000298976898e-03
1.376466002825292634e+00,4.461348988115787506e-03
1.376569674509311891e+00,3.073974512517452240e-03
1.376673271748625638e+00,3.349859733134508133e-03
1.376776794650072189e+00,3.350982209667563438e-03
1.376880243320259378e+00,3.628487233072519302e-03
1.376983617865566334e+00,4.183389246463775635e-03
1.377086918392143700e+00,4.461617674678564072e-03
1.377190145005914079e+00,5.848197732120752335e-03
1.377293297812572925e+00,4.181150812655687332e-03
1.377396376917588983e+00,2.793389838188886642e-03
1.377499382426205399e+00,4.182939417660236359e-03
1.377602314443439946e+00,4.182303324341773987e-03
1.377705173074085465e+00,3.625958226621150970e-03
1.377807958422710755e+00,3.348352387547492981e-03
1.377910670593662568e+00,3.071566345170140266e-03
1.378013309691062949e+00,3.345872042700648308e-03
1.378115875818813674e+00,3.345704637467861176e-03
1.378218369080593808e+00,2.513723447918891907e-03
1.378320789579862371e+00,3.069782396778464317e-03
1.378423137419857447e+00,3.348018042743206024e-03
1.378525412703598407e+00,2.236106200143694878e-03
1.378627615533885020e+00,3.624746110290288925e-03
1.378729746013299451e+00,4.736483097076416016e-03
1.378831804244205372e+00,3.069183090701699257e-03
1.378933790328749742e+00,3.345894860103726387e-03
1.379035704368862802e+00,4.735629074275493622e-03
1.379137546466259856e+00,3.623712575063109398e-03
1.379239316722439268e+00,4.179927054792642593e-03
1.379341015238686463e+00,3.346098819747567177e-03
1.379442642116071926e+00,4.179510753601789474e-03
1.379544197455452759e+00,2.790302969515323639e-03
1.379645681357472897e+00,5.290162283927202225e-03
1.379747093922565337e+00,3.068587742745876312e-03
1.379848435250949912e+00,3.624352393671870232e-03
1.379949705442636398e+00,1.678799977526068687e-03
1.380050904597423855e+00,3.345131874084472656e-03
1.380152032814900842e+00,3.622363554313778877e-03
1.380253090194447640e+00,4.179659299552440643e-03
1.380354076835235366e+00,2.233132254332304001e-03
1.380454992836226857e+00,1.678478089161217213e-03
1.380555838296178006e+00,3.622588235884904861e-03
1.380656613313636871e+00,3.899879055097699165e-03
1.380757317986945676e+00,3.067176090553402901e-03
1.380857952414241030e+00,4.176275338977575302e-03
1.380958516693453930e+00,5.844042170792818069e-03
1.381059010922311314e+00,3.066337900236248970e-03
1.381159435198334950e+00,3.065939759835600853e-03
1.381259789618844325e+00,5.566039122641086578e-03
1.381360074280954864e+00,4.177159164100885391e-03
1.381460289281580822e+00,2.788334386423230171e-03
1.381560434717433727e+00,3.899037139490246773e-03
1.381660510685023713e+00,5.009803920984268188e-03
1.381760517280661293e+00,3.897954709827899933e-03
1.381860454600455368e+00,3.899234812706708908e-03
1.381960322740316771e+00,3.066305769607424736e-03
1.382060121795956054e+00,4.732903093099594116e-03
1.382159851862885702e+00,2.787805162370204926e-03
1.382259513036421028e+00,3.064923454076051712e-03
1.382359105411678613e+00,4.731737542897462845e-03
1.382458629083578749e+00,3.342764219269156456e-03
1.382558084146846111e+00,3.621425712481141090e-03
1.382657470696008417e+00,4.178428091108798981e-03
1.382756788825398875e+00,4.733900073915719986e-03
1.382856038629156181e+00,6.121537182480096817e-03
1.382955220201224300e+00,3.620983334258198738e-03
1.383054333635354016e+00,5.009179934859275818e-03
1.383153379025102492e+00,5.009627901017665863e-03
1.383252356463835264e+00,3.620370756834745407e-03
1.383351266044724914e+00,3.898464841768145561e-03
1.383450107860753064e+00,2.230740152299404144e-03
1.383548882004709712e+00,3.619698807597160339e-03
1.383647588569195452e+00,4.730464424937963486e-03
1.383746227646620142e+00,3.064208198338747025e-03
1.383844799329204012e+00,3.620041301473975182e-03
1.383943303708979444e+00,3.063651733100414276e-03
1.384041740877789861e+00,5.286236293613910675e-03
1.384140110927290168e+00,3.063454059883952141e-03
1.384238413948948754e+00,4.452177789062261581e-03
1.384336650034046823e+00,3.063726704567670822e-03
1.384434819273679507e+00,4.174657166004180908e-03
1.384532921758756085e+00,3.341539297252893448e-03
1.384630957579999988e+00,4.175067413598299026e-03
1.384728926827950124e+00,3.341414267197251320e-03
1.384826829592961550e+00,4.452249966561794281e-03
1.384924665965205026e+00,3.619257593527436256e-03
1.385022436034667459e+00,3.062736243009567261e-03
1.385120139891154345e+00,4.729567095637321472e-03
1.385217777624287550e+00,3.340725554153323174e-03
1.385315349323507750e+00,3.341203322634100914e-03
1.385412855078073990e+00,4.173984751105308533e-03
1.385510294977064349e+00,1.951712183654308319e-03
1.385607669109377271e+00,3.062266856431961060e-03
1.385704977563730456e+00,4.174036905169487000e-03
1.385802220428662634e+00,4.174236673861742020e-03
1.385899397792533572e+00,2.507257275283336639e-03
1.385996509743524507e+00,4.728908184915781021e-03
1.386093556369639046e+00,4.451725631952285767e-03
1.386190537758702490e+00,2.785163233056664467e-03
1.386287453998364283e+00,4.173310473561286926e-03
1.386384305176096454e+00,4.173805937170982361e-03
1.386481091379195618e+00,3.062651492655277252e-03
1.386577812694782086e+00,4.450890235602855682e-03
1.386674469209801863e+00,3.340393770486116409e-03
1.386771061011025541e+00,5.562005564570426941e-03
1.386867588185050515e+00,5.283947102725505829e-03
1.386964050818299432e+00,4.173052497208118439e-03
1.387060448997022410e+00,2.506200689822435379e-03
1.387156782807296374e+00,5.284709855914115906e-03
1.387253052335026160e+00,3.617621725425124168e-03
1.387349257665944746e+00,3.062502946704626083e-03
1.387445398885613912e+00,5.561528727412223816e-03
1.387541476079423575e+00,4.450432956218719482e-03
1.387637489332594676e+00,3.339342074468731880e-03
1.387733438730176738e+00,3.895343048498034477e-03
1.387829324357050309e+00,1.950433477759361267e-03
1.387925146297927181e+00,5.839319434016942978e-03
1.388020904637349284e+00,5.005714017897844315e-03
1.388116599459691791e+00,4.450132604688405991e-03
1.388212230849160900e+00,2.783539704978466034e-03
1.388307798889796496e+00,4.450006410479545593e-03
1.388403303665470379e+00,4.450950771570205688e-03
1.388498745259888700e+00,3.616794012486934662e-03
1.388594123756591525e+00,2.227707067504525185e-03
1.388689439238953272e+00,3.060857998207211494e-03
1.388784691790182935e+00,4.171669948846101761e-03
1.388879881493325419e+00,3.061046823859214783e-03
1.388975008431260427e+00,2.783245639875531197e-03
1.389070072686704904e+00,2.783161820843815804e-03
1.389165074342211703e+00,2.783359494060277939e-03
1.389260013480170697e+00,5.005267448723316193e-03
1.389354890182809443e+00,3.338500624522566795e-03
1.389449704532193186e+00,3.060593502596020699e-03
1.389544456610225964e+00,3.893615445122122765e-03
1.389639146498649946e+00,2.782862633466720581e-03
1.389733774279046763e+00,3.060459624975919724e-03
1.389828340032837284e+00,3.060244489461183548e-03
1.389922843841282951e+00,3.338284324854612350e-03
1.390017285785485113e+00,2.504793927073478699e-03
1.390111665946386355e+00,4.171690903604030609e-03
1.390205984404769834e+00,3.615088062360882759e-03
1.390300241241261281e+00,3.615848952904343605e-03
1.390394436536327882e+00,4.726961720734834671e-03
1.390488570370279620e+00,4.449304193258285522e-03
1.390582642823268822e+00,5.559430923312902451e-03
1.390676653975292165e+00,2.505050273612141609e-03
1.390770603906188896e+00,4.447997547686100006e-03
1.390864492695643273e+00,2.504578325897455215e-03
1.390958320423183237e+00,3.337680594995617867e-03
1.391052087168182627e+00,3.615688765421509743e-03
1.391145793009860077e+00,3.893282730132341385e-03
1.391239438027279673e+00,3.338115522637963295e-03
1.391333022299352296e+00,4.726480692625045776e-03
1.391426545904834944e+00,2.782134106382727623e-03
1.391520008922331852e+00,3.334919689223170280e-03
1.391613411430294045e+00,5.836937110871076584e-03
1.391706753507020888e+00,2.782624447718262672e-03
1.391800035230659427e+00,4.449291154742240906e-03
1.391893256679205493e+00,3.338210284709930420e-03
1.391986417930503706e+00,2.784569514915347099e-03
1.392079519062248139e+00,3.337804460898041725e-03
1.392172560151982097e+00,4.728514235466718674e-03
1.392265541277099228e+00,2.504945499822497368e-03
1.392358462514844186e+00,3.338268259540200233e-03
1.392451323942311525e+00,3.615929279476404190e-03
1.392544125636447472e+00,3.615252906456589699e-03
1.392636867674049928e+00,4.170973785221576691e-03
1.392729550131768690e+00,3.337564179673790932e-03
1.392822173086106119e+00,4.171193111687898636e-03
1.392914736613416693e+00,2.782015362754464149e-03
1.393007240789908563e+00,2.781421877443790436e-03
1.393099685691643774e+00,2.781533403322100639e-03
1.393192071394537379e+00,3.614794462919235229e-03
1.393284397974358990e+00,3.337190020829439163e-03
1.393376665506733003e+00,3.614984452724456787e-03
1.393468874067138596e+00,2.781644230708479881e-03
1.393561023730910842e+00,3.059757640585303307e-03
1.393653114573239593e+00,3.059391630813479424e-03
1.393745146669171930e+00,5.559289827942848206e-03
1.393837120093609938e+00,2.226061420515179634e-03
1.393929034921314480e+00,3.892441513016819954e-03
1.394020891226902092e+00,2.781535498797893524e-03
1.394112689084846979e+00,2.503642113879323006e-03
1.394204428569482346e+00,3.892440581694245338e-03
1.394296109754998625e+00,3.337130183354020119e-03
1.394387732715445471e+00,4.169892519712448120e-03
1.394479297524730876e+00,3.337058471515774727e-03
1.394570804256622942e+00,2.781542949378490448e-03
1.394662252984749218e+00,3.614739049226045609e-03
1.394753643782597585e+00,4.725771024823188782e-03
1.394844976723515595e+00,3.613795852288603783e-03
1.394936251880712463e+00,4.447810817509889603e-03
1.395027469327257741e+00,4.169852938503026962e-03
1.395118629136083310e+00,3.614044282585382462e-03
1.395209731379982276e+00,4.448254127055406570e-03
1.395300776131610077e+00,3.892198670655488968e-03
1.395391763463484480e+00,4.724769387394189835e-03
1.395482693447987144e+00,3.335790010169148445e-03
1.395573566157361611e+00,2.781048882752656937e-03
1.395664381663715314e+00,2.781165996566414833e-03
1.395755140039020459e+00,2.503025112673640251e-03
1.395845841355112693e+00,2.780711743980646133e-03
1.395936485683691997e+00,1.670033438131213188e-03
1.396027073096324678e+00,4.447496496140956879e-03
1.396117603664440932e+00,3.614197019487619400e-03
1.396208077459336616e+00,3.336345544084906578e-03
1.396298494552174585e+00,4.725176375359296799e-03
1.396388855013983132e+00,4.169639199972152710e-03
1.396479158915657326e+00,4.169553052634000778e-03
1.396569406327959451e+00,2.502933144569396973e-03
1.396659597321518564e+00,3.058463800698518753e-03
1.396749731966832053e+00,3.614018904045224190e-03
1.396839810334264520e+00,4.446974024176597595e-03
1.396929832494049561e+00,4.447543062269687653e-03
1.397019798516288658e+00,4.169497638940811157e-03
1.397109708470952727e+00,2.775306347757577896e-03
1.397199562427881903e+00,3.613973734900355339e-03
1.397289360456785534e+00,3.614574903622269630e-03
1.397379102627243519e+00,3.612433075904846191e-01
1.397468789008705414e+00,4.427073895931243896e-01
1.397558419670491769e+00,4.146034121513366699e-01
1.397647994681793460e+00,4.084306061267852783e-01
1.397737514111673018e+00,4.093925058841705322e-01
1.397826978029064637e+00,4.074343740940093994e-01
1.397916386502773722e+00,3.690827190876007080e-01
1.398005739601478226e+00,3.707084357738494873e-01
1.398095037393728868e+00,3.651580214500427246e-01
1.398184279947948694e+00,3.229656815528869629e-01
1.398273467332433739e+00,3.356119096279144287e-01
1.398362599615354140e+00,3.064455986022949219e-01
1.398451676864752802e+00,2.907868921756744385e-01
1.398540699148547617e+00,2.952722609043121338e-01
1.398629666534530136e+00,2.752305567264556885e-01
1.398718579090367342e+00,2.687838077545166016e-01
1.398807436883600097e+00,2.614021897315979004e-01
1.398896239981645584e+00,2.293232232332229614e-01
1.398984988451795530e+00,2.382402271032333374e-01
1.399073682361218873e+00,2.076686322689056396e-01
1.399162321776959317e+00,1.981417834758758545e-01
1.399250906765938440e+00,1.693357080221176147e-01
1.399339437394953478e+00,1.515821367502212524e-01
1.399427913730679318e+00,1.437514573335647583e-01
1.399516335839668280e+00,1.312019228935241699e-01
1.399604703788350335e+00,1.143674775958061218e-01
1.399693017643033111e+00,8.556517958641052246e-02
1.399781277469902996e+00,7.706937193870544434e-02
1.399869483335024922e+00,5.804377421736717224e-02
1.399957635304342807e+00,5.504105985164642334e-02
1.400045733443678886e+00,3.824157640337944031e-02
1.400133777818736380e+00,4.207295924425125122e-02
1.400221768495097052e+00,3.173667192459106445e-02
1.400309705538222982e+00,3.289600834250450134e-02
1.400397589013457456e+00,2.189016155898571014e-02
1.400485418986022967e+00,2.143339626491069794e-02
1.400573195521024550e+00,1.403759326785802841e-02
1.400660918683447331e+00,1.605650968849658966e-02
1.400748588538158090e+00,1.508847903460264206e-02
1.400836205149905922e+00,1.279215142130851746e-02
1.400923768583322016e+00,1.466756686568260193e-02
1.401011278902919432e+00,1.263714488595724106e-02
1.401098736173093995e+00,7.830456830561161041e-03
1.401186140458124729e+00,9.723044931888580322e-03
1.401273491822174533e+00,7.924415171146392822e-03
1.401360790329288175e+00,7.380638737231492996e-03
1.401448036043395629e+00,6.339281331747770309e-03
1.401535229028310514e+00,4.488325677812099457e-03
1.401622369347730768e+00,7.603054866194725037e-03
1.401709457065239306e+00,6.584581919014453888e-03
1.401796492244303360e+00,5.106258671730756760e-03
1.401883474948275587e+00,6.132629234343767166e-03
1.401970405240394735e+00,2.842197427526116371e-03
1.402057283183784309e+00,3.977504558861255646e-03
1.402144108841454573e+00,2.729431260377168655e-03
1.402230882276301660e+00,5.609320476651191711e-03
1.402317603551109126e+00,4.946514964103698730e-03
1.402404272728545953e+00,4.332356154918670654e-03
1.402490889871169433e+00,5.720763932913541794e-03
1.402577455041423615e+00,5.173193756490945816e-03
1.402663968301640640e+00,4.074427764862775803e-03
1.402750429714040514e+00,3.470750991255044937e-03
1.402836839340731112e+00,3.739461535587906837e-03
1.402923197243708842e+00,3.734997240826487541e-03
1.403009503484859311e+00,2.919226652011275291e-03
1.403095758125956438e+00,4.269577562808990479e-03
1.403181961228664232e+00,4.267170093953609467e-03
1.403268112854535232e+00,4.267671145498752594e-03
1.403354213065012956e+00,4.307943861931562424e-03
1.403440261921429899e+00,4.818975925445556641e-03
1.403526259485009309e+00,5.931288469582796097e-03
1.403612205816865188e+00,5.094545427709817886e-03
1.403698100978002072e+00,3.728082636371254921e-03
1.403783945029315916e+00,3.703472902998328209e-03
1.403869738031593650e+00,5.090215709060430527e-03
1.403955480045514070e+00,4.806066863238811493e-03
1.404041171131648280e+00,4.263458773493766785e-03
1.404126811350458137e+00,4.525674972683191299e-03
1.404212400762299806e+00,2.600227948278188705e-03
1.404297939427420427e+00,4.524119663983583450e-03
1.404383427405961005e+00,3.705986775457859039e-03
1.404468864757955071e+00,3.959099762141704559e-03
1.404554251543330246e+00,4.233622923493385315e-03
1.404639587821907343e+00,2.837491920217871666e-03
1.404724873653401040e+00,2.566627925261855125e-03
1.404810109097420545e+00,2.282227389514446259e-03
1.404895294213469148e+00,4.776980262249708176e-03
1.404980429060945113e+00,2.555233193561434746e-03
1.405065513699140789e+00,3.663410665467381477e-03
1.405150548187245052e+00,3.109248122200369835e-03
1.405235532584341085e+00,3.664200892671942711e-03
1.405320466949408154e+00,4.774878732860088348e-03
1.405405351341320941e+00,3.101675771176815033e-03
1.405490185818851323e+00,5.615606438368558884e-03
1.405574970440666371e+00,2.833515871316194534e-03
1.405659705265330572e+00,3.388271899893879890e-03
1.405744390351304718e+00,4.212960600852966309e-03
1.405829025756947459e+00,3.660394344478845596e-03
1.405913611540513974e+00,3.658991307020187378e-03
1.405998147760157968e+00,3.379956353455781937e-03
1.406082634473929227e+00,4.213200416415929794e-03
1.406167071739778285e+00,5.042236763983964920e-03
1.406251459615551536e+00,3.391157835721969604e-03
1.406335798158995010e+00,3.376992419362068176e-03
1.406420087427753707e+00,2.266582334414124489e-03
1.406504327479371375e+00,4.485968500375747681e-03
1.406588518371290730e+00,3.090793965384364128e-03
1.406672660160854127e+00,2.812183229252696037e-03
1.406756752905304220e+00,3.926448989659547806e-03
1.406840796661783077e+00,3.647813340649008751e-03
1.406924791487332627e+00,3.926030825823545456e-03
1.407008737438895984e+00,3.090658690780401230e-03
1.407092634573316792e+00,3.647387493401765823e-03
1.407176482947338769e+00,4.201456438750028610e-03
1.407260282617607938e+00,3.085128962993621826e-03
1.407344033640670844e+00,3.923592157661914825e-03
1.407427736072976110e+00,3.918264526873826981e-03
1.407511389970873550e+00,2.530420664697885513e-03
1.407594995390615722e+00,1.974356593564152718e-03
1.407678552388356819e+00,3.917017485946416855e-03
1.407762061020153999e+00,6.141483783721923828e-03
1.407845521341966721e+00,3.360643982887268066e-03
1.407928933409657857e+00,3.915632143616676331e-03
1.408012297278993019e+00,4.471517167985439301e-03
1.408095613005641455e+00,5.028557498008012772e-03
1.408178880645176045e+00,3.081443719565868378e-03
1.408262100253073301e+00,3.081002505496144295e-03
1.408345271884713368e+00,3.914104308933019638e-03
1.408428395595382021e+00,4.468036815524101257e-03
1.408511471440268226e+00,3.632750129327178001e-03
1.408594499474466577e+00,3.913096617907285690e-03
1.408677479752975303e+00,3.357910551130771637e-03
1.408760412330699152e+00,4.745624493807554245e-03
1.408843297262447836e+00,3.355855587869882584e-03
1.408926134602936253e+00,3.911880776286125183e-03
1.409008924406785379e+00,4.188507329672574997e-03
1.409091666728522485e+00,3.077569184824824333e-03
1.409174361622580918e+00,5.576108116656541824e-03
1.409257009143299655e+00,3.754983888939023018e-03
1.409339609344925748e+00,1.973981270566582680e-03
1.409422162281612101e+00,4.749555140733718872e-03
1.409504668007419248e+00,4.468855913728475571e-03
1.409587126576314908e+00,3.076420398429036140e-03
1.409669538042173986e+00,3.908919170498847961e-03
1.409751902458779238e+00,4.465690348297357559e-03
1.409834219879821715e+00,3.631725441664457321e-03
1.409916490358900099e+00,2.241788432002067566e-03
1.409998713949522253e+00,2.240668283775448799e-03
1.410080890705103673e+00,4.184280522167682648e-03
1.410163020678969037e+00,3.628563601523637772e-03
1.410245103924351984e+00,3.627789905294775963e-03
1.410327140494395337e+00,3.073835512623190880e-03
1.410409130442151548e+00,3.908091224730014801e-03
1.410491073820582031e+00,4.461606964468955994e-03
1.410572970682558713e+00,3.350997576490044594e-03
1.410654821080863153e+00,3.905555931851267815e-03
1.410736625068187422e+00,4.461290314793586731e-03
1.410818382697133222e+00,2.238113898783922195e-03
1.410900094020214102e+00,2.794713946059346199e-03
1.410981759089853238e+00,3.627420170232653618e-03
1.411063377958385434e+00,3.071307204663753510e-03
1.411144950678057342e+00,3.627296537160873413e-03
1.411226477301025461e+00,3.903618548065423965e-03
1.411307957879359476e+00,3.626296063885092735e-03
1.411389392465040027e+00,2.513043582439422607e-03
1.411470781109959827e+00,5.294268950819969177e-03
1.411552123865923880e+00,3.070161212235689163e-03
1.411633420784650150e+00,3.069547936320304871e-03
1.411714671917768449e+00,3.109400859102606773e-03
1.411795877316821990e+00,2.806939184665679932e-03
1.411877037033266502e+00,5.295917857438325882e-03
1.411958151118471338e+00,6.126188207417726517e-03
1.412039219623719033e+00,3.068908117711544037e-03
1.412120242600205966e+00,3.624580102041363716e-03
1.412201220099041477e+00,2.791675971820950508e-03
1.412282152171250083e+00,4.457858391106128693e-03
1.412363038867769927e+00,3.903367789462208748e-03
1.412443880239453442e+00,1.679581706412136555e-03
1.412524676337067353e+00,4.179254174232482910e-03
1.412605427211294007e+00,2.512761857360601425e-03
1.412686132912729597e+00,5.012161564081907272e-03
1.412766793491886830e+00,3.902049735188484192e-03
1.412847408999192034e+00,2.511243801563978195e-03
1.412927979484988716e+00,4.454818554222583771e-03
1.413008504999534676e+00,2.791493199765682220e-03
1.413088985593004887e+00,4.179444629698991776e-03
1.413169421315489505e+00,5.011543631553649902e-03
1.413249812216994972e+00,2.233552746474742889e-03
1.413330158347444243e+00,3.066305071115493774e-03
1.413410459756677895e+00,2.510680118575692177e-03
1.413490716494451904e+00,3.623152151703834534e-03
1.413570928610440092e+00,3.900085110217332840e-03
