# kappa, training_loss
0.000000000000000000e+00,3.979274332523345947e-01
3.462526425060162838e-01,2.984960079193115234e-01
4.395559435470912102e-01,2.720640599727630615e-01
4.957490553951392487e-01,2.504138052463531494e-01
5.360872999848352860e-01,2.367260754108428955e-01
5.675762597775805274e-01,2.258961349725723267e-01
5.934085522502497989e-01,2.175980359315872192e-01
6.153103154898837968e-01,2.109972834587097168e-01
6.343211950321288040e-01,2.053448259830474854e-01
6.511161200311039732e-01,2.003809213638305664e-01
6.661581742128037664e-01,1.959306895732879639e-01
6.797789158449135671e-01,1.920522004365921021e-01
6.922239060815036371e-01,1.884494125843048096e-01
7.036800970036223291e-01,1.851388812065124512e-01
7.142931161603947032e-01,1.820344626903533936e-01
7.241786145432539401e-01,1.791528314352035522e-01
7.334299682749976235e-01,1.764444857835769653e-01
7.421236554477512737e-01,1.737772077322006226e-01
7.503231025170934432e-01,1.712444722652435303e-01
7.580814949593110974e-01,1.688248813152313232e-01
7.654438698347674208e-01,1.665066480636596680e-01
7.724486997542637789e-01,1.642693877220153809e-01
7.791291097344182903e-01,1.621019542217254639e-01
7.855138245358747051e-01,1.599818617105484009e-01
7.916279150893443806e-01,1.578960716724395752e-01
7.974933930671807003e-01,1.558636873960494995e-01
8.031296892278733113e-01,1.538771986961364746e-01
8.085540417748684483e-01,1.519322991371154785e-01
8.137818143089035061e-01,1.500473767518997192e-01
8.188267581564114828e-01,1.481973826885223389e-01
8.237012303576055627e-01,1.464011967182159424e-01
8.284163760145293320e-01,1.446479707956314087e-01
8.329822817706068472e-01,1.429314017295837402e-01
8.374081057381790316e-01,1.412402242422103882e-01
8.417021880821700108e-01,1.395547986030578613e-01
8.458721456161284458e-01,1.378984749317169189e-01
8.499249531065687924e-01,1.362562328577041626e-01
8.538670134656279886e-01,1.346266567707061768e-01
8.577042186059893325e-01,1.330329626798629761e-01
8.614420024101600015e-01,1.314643472433090210e-01
8.650853870093884179e-01,1.299111098051071167e-01
8.686390233613279221e-01,1.283646523952484131e-01
8.721072269490471873e-01,1.268424838781356812e-01
8.754940092887648628e-01,1.253335475921630859e-01
8.788031058232812498e-01,1.238348111510276794e-01
8.820380006874946055e-01,1.223386824131011963e-01
8.852019487576917589e-01,1.208620071411132812e-01
8.882979953344497526e-01,1.194130107760429382e-01
8.913289937575099575e-01,1.179811954498291016e-01
8.942976212080111509e-01,1.165689900517463684e-01
8.972063929174054486e-01,1.151746585965156555e-01
9.000576749720354819e-01,1.137941628694534302e-01
9.028536958767079401e-01,1.124238520860671997e-01
9.055965570188537761e-01,1.110672354698181152e-01
9.082882421563721609e-01,1.097223088145256042e-01
9.109306260364657959e-01,1.083975061774253845e-01
9.135254822392691043e-01,1.070943549275398254e-01
9.160744903284576690e-01,1.058306843042373657e-01
9.185792423810466012e-01,1.045774891972541809e-01
9.210412489599503205e-01,1.033493876457214355e-01
9.234619445854138631e-01,1.021380126476287842e-01
9.258426927549404661e-01,1.009353846311569214e-01
9.281847905556981360e-01,9.978077560663223267e-02
9.304894729084746130e-01,9.862686693668365479e-02
9.327579164779434828e-01,9.749671071767807007e-02
9.349912432802377493e-01,9.638264775276184082e-02
9.371905240155241623e-01,9.527637809514999390e-02
9.393567811503520382e-01,9.421786665916442871e-02
9.414909917719919141e-01,9.313274919986724854e-02
9.435940902347083048e-01,9.207514673471450806e-02
9.456669706159053224e-01,9.104486554861068726e-02
9.477104889983055669e-01,9.002972394227981567e-02
9.497254655927430678e-01,8.903932571411132812e-02
9.517126867147428504e-01,8.805878460407257080e-02
9.536729066268088140e-01,8.708363026380538940e-02
9.556068492572222794e-01,8.611663430929183960e-02
9.575152098051521454e-01,8.517538756132125854e-02
9.593986562409840824e-01,8.426001667976379395e-02
9.612578307099701735e-01,8.333756774663925171e-02
9.630933508465793214e-01,8.244375139474868774e-02
9.649058110062823657e-01,8.155056089162826538e-02
9.666957834209166656e-01,8.070454746484756470e-02
9.684638192832498715e-01,7.981458306312561035e-02
9.702104497658888826e-01,7.898876816034317017e-02
9.719361869792428887e-01,7.814144343137741089e-02
9.736415248728654825e-01,7.731596380472183228e-02
9.753269400841447778e-01,7.648894935846328735e-02
9.769928927379892825e-01,7.575640827417373657e-02
9.786398272008660637e-01,7.493004947900772095e-02
9.802681727922836208e-01,7.412990182638168335e-02
9.818783444565684082e-01,7.332976162433624268e-02
9.834707433975652391e-01,7.257756590843200684e-02
9.850457576786901814e-01,7.180178910493850708e-02
9.866037627905820395e-01,7.109760493040084839e-02
9.881451221884270941e-01,7.032664865255355835e-02
9.896701878008837827e-01,6.961031258106231689e-02
9.911793005123875622e-01,6.890884786844253540e-02
9.926727906204910745e-01,6.823872774839401245e-02
9.941509782697721676e-01,6.752492487430572510e-02
9.956141738637398486e-01,6.689287722110748291e-02
9.970626784560580047e-01,6.619384884834289551e-02
9.984967841223260088e-01,6.553322821855545044e-02
9.999167743135612962e-01,6.490500271320343018e-02
1.001322924192454167e+00,6.424522399902343750e-02
1.002715500953393901e+00,6.364964693784713745e-02
1.004094764127197115e+00,6.299243122339248657e-02
1.005460965871405543e+00,6.239687278866767883e-02
1.006814351246967831e+00,6.177844852209091187e-02
1.008155158482063829e+00,6.118041276931762695e-02
1.009483619223781936e+00,6.057863682508468628e-02
1.010799958778313190e+00,6.001956760883331299e-02
1.012104396340287149e+00,5.941845104098320007e-02
1.013397145211832440e+00,5.883530899882316589e-02
1.014678413011909530e+00,5.827426537871360779e-02
1.015948401876427987e+00,5.771456286311149597e-02
1.017207308649635600e+00,5.716909095644950867e-02
1.018455325067224582e+00,5.658946558833122253e-02
1.019692637931590484e+00,5.608985573053359985e-02
1.020919429279635304e+00,5.551372095942497253e-02
1.022135876543497579e+00,5.503369122743606567e-02
1.023342152704563635e+00,5.446210131049156189e-02
1.024538426441091721e+00,5.398610606789588928e-02
1.025724862269766779e+00,5.343276262283325195e-02
1.026901620681482274e+00,5.296281725168228149e-02
1.028068858271627528e+00,5.242082476615905762e-02
1.029226727865148572e+00,5.196668580174446106e-02
1.030375378636629424e+00,5.142681300640106201e-02
1.031514956225630053e+00,5.097850039601325989e-02
1.032645602847505506e+00,5.045112222433090210e-02
1.033767457399916712e+00,5.000670999288558960e-02
1.034880655565229235e+00,4.949735477566719055e-02
1.035985329908996500e+00,4.906621947884559631e-02
1.037081609974695340e+00,4.855726659297943115e-02
1.038169622374893741e+00,4.813569039106369019e-02
1.039249490879004423e+00,4.764219745993614197e-02
1.040321336497778582e+00,4.723071306943893433e-02
1.041385277564685241e+00,4.674680903553962708e-02
1.042441429814309650e+00,4.633821919560432434e-02
1.043489906457905514e+00,4.587134718894958496e-02
1.044530818256218740e+00,4.544863849878311157e-02
1.045564273589704607e+00,4.505883529782295227e-02
1.046590378526248255e+00,4.463136196136474609e-02
1.047609236886492212e+00,4.417637363076210022e-02
1.048620950306873745e+00,4.380913823843002319e-02
1.049625618300468410e+00,4.336275532841682434e-02
1.050623338315728628e+00,4.299359768629074097e-02
1.051614205793204970e+00,4.255914688110351562e-02
1.052598314220333453e+00,4.219451919198036194e-02
1.053575755184366525e+00,4.178407043218612671e-02
1.054546618423523485e+00,4.142847657203674316e-02
1.055510991876429827e+00,4.102275520563125610e-02
1.056468961729917444e+00,4.064292460680007935e-02
1.057420612465245879e+00,4.025658965110778809e-02
1.058366026902811230e+00,3.995881974697113037e-02
1.059305286245398214e+00,3.952549397945404053e-02
1.060238470120033138e+00,3.917353600263595581e-02
1.061165656618493713e+00,3.882386907935142517e-02
1.062086922336523687e+00,3.845172002911567688e-02
1.063002342411804246e+00,3.809842094779014587e-02
1.063911990560727272e+00,3.779238834977149963e-02
1.064815939114018395e+00,3.740390017628669739e-02
1.065714259051249169e+00,3.709195926785469055e-02
1.066607020034281872e+00,3.672146052122116089e-02
1.067494290439686910e+00,3.641343489289283752e-02
1.068376137390167235e+00,3.605070710182189941e-02
1.069252626785031079e+00,3.576105087995529175e-02
1.070123823329742097e+00,3.539843857288360596e-02
1.070989790564583322e+00,3.510992974042892456e-02
1.071850590892467148e+00,3.475683555006980896e-02
1.072706285605918852e+00,3.449421003460884094e-02
1.073556934913266092e+00,3.413598984479904175e-02
1.074402597964059458e+00,3.386268392205238342e-02
1.075243332873753177e+00,3.352997824549674988e-02
1.076079196747671052e+00,3.326405212283134460e-02
1.076910245704280955e+00,3.293226659297943115e-02
1.077736534897804521e+00,3.269112482666969299e-02
1.078558118540180910e+00,3.235378861427307129e-02
1.079375049922411067e+00,3.208772465586662292e-02
1.080187381435298910e+00,3.179741278290748596e-02
1.080995164589613644e+00,3.151164948940277100e-02
1.081798450035688752e+00,3.123197518289089203e-02
1.082597287582481416e+00,3.098639100790023804e-02
1.083391726216103024e+00,3.068240918219089508e-02
1.084181814117846310e+00,3.045346587896347046e-02
1.084967598681719325e+00,3.015148267149925232e-02
1.085749126531504016e+00,2.992319874465465546e-02
1.086526443537356945e+00,2.962679415941238403e-02
1.087299594831965255e+00,2.940477803349494934e-02
1.088068624826269204e+00,2.911490015685558319e-02
1.088833577224771032e+00,2.888849377632141113e-02
1.089594495040439259e+00,2.861101552844047546e-02
1.090351420609220412e+00,2.839242853224277496e-02
1.091104395604174382e+00,2.811212651431560516e-02
1.091853461049241192e+00,2.789713069796562195e-02
1.092598657332652712e+00,2.762061730027198792e-02
1.093340024220000428e+00,2.742685563862323761e-02
1.094077600866967481e+00,2.714002691209316254e-02
1.094811425831738516e+00,2.691860869526863098e-02
1.095541537087095119e+00,2.666752599179744720e-02
1.096267972032206606e+00,2.645262703299522400e-02
1.096990767504124387e+00,2.620148845016956329e-02
1.097709959788992107e+00,2.598082274198532104e-02
1.098425584632976015e+00,2.573804929852485657e-02
1.099137677252925327e+00,2.554582431912422180e-02
1.099846272346772791e+00,2.529457025229930878e-02
1.100551404103679021e+00,2.507404424250125885e-02
1.101253106213930799e+00,2.485105581581592560e-02
1.101951411878600462e+00,2.464404515922069550e-02
1.102646353818971470e+00,2.441109903156757355e-02
1.103337964285739048e+00,2.421728335320949554e-02
1.104026275067990781e+00,2.398813329637050629e-02
1.104711317501975154e+00,2.378707751631736755e-02
1.105393122479659596e+00,2.356134913861751556e-02
1.106071720457092455e+00,2.339291758835315704e-02
1.106747141462564255e+00,2.315357513725757599e-02
1.107419415104581972e+00,2.296807244420051575e-02
1.108088570579656595e+00,2.275777608156204224e-02
1.108754636679911920e+00,2.257649414241313934e-02
1.109417641800518606e+00,2.236138842999935150e-02
1.110077613946957475e+00,2.220399677753448486e-02
1.110734580742117394e+00,2.197555452585220337e-02
1.111388569433233275e+00,2.181652747094631195e-02
1.112039606898666655e+00,2.159698121249675751e-02
1.112687719654533725e+00,2.143818698823451996e-02
1.113332933861186369e+00,2.122584544122219086e-02
1.113975275329547987e+00,2.104138955473899841e-02
1.114614769527308979e+00,2.091855369508266449e-02
1.115251441584985237e+00,2.069411613047122955e-02
1.115885316301844954e+00,2.050480619072914124e-02
1.116516418151703993e+00,2.034704759716987610e-02
1.117144771288595573e+00,2.015151269733905792e-02
1.117770399552318050e+00,2.000281587243080139e-02
1.118393326473862359e+00,1.980693265795707703e-02
1.119013575280721318e+00,1.966344565153121948e-02
1.119631168902087914e+00,1.947005651891231537e-02
1.120246129973940130e+00,1.932094991207122803e-02
1.120858480844020733e+00,1.913506351411342621e-02
1.121468243576708934e+00,1.897297613322734833e-02
1.122075439957791687e+00,1.882605440914630890e-02
1.122680091499133503e+00,1.866919919848442078e-02
1.123282219443250129e+00,1.848168112337589264e-02
1.123881844767786076e+00,1.834612339735031128e-02
1.124478988189900219e+00,1.816119253635406494e-02
1.125073670170560369e+00,1.802966184914112091e-02
1.125665910918750567e+00,1.784487627446651459e-02
1.126255730395591792e+00,1.770985126495361328e-02
1.126843148318378285e+00,1.753306761384010315e-02
1.127428184164532832e+00,1.740198396146297455e-02
1.128010857175482773e+00,1.722722873091697693e-02
1.128591186360455856e+00,1.709172874689102173e-02
1.129169190500202369e+00,1.693501509726047516e-02
1.129744888150641779e+00,1.678306609392166138e-02
1.130318297646437431e+00,1.666369847953319550e-02
1.130889437104499073e+00,1.649670861661434174e-02
1.131458324427419448e+00,1.637815311551094055e-02
1.132024977306839819e+00,1.621697843074798584e-02
1.132589413226751995e+00,1.610136590898036957e-02
1.133151649466735078e+00,1.594304479658603668e-02
1.133711703105129365e+00,1.582978479564189911e-02
1.134269591022149637e+00,1.567577756941318512e-02
1.134825329902938051e+00,1.556091289967298508e-02
1.135378936240557524e+00,1.541422400623559952e-02
1.135930426338929156e+00,1.530175935477018356e-02
1.136479816315713709e+00,1.515852194279432297e-02
1.137027122105137789e+00,1.504520978778600693e-02
1.137572359460766513e+00,1.490746438503265381e-02
1.138115543958225118e+00,1.478992868214845657e-02
1.138656690997867704e+00,1.466258987784385681e-02
1.139195815807398038e+00,1.454169303178787231e-02
1.139732933444439933e+00,1.442182622849941254e-02
1.140268058799061901e+00,1.429693866521120071e-02
1.140801206596252282e+00,1.420059148222208023e-02
1.141332391398352186e+00,1.406158134341239929e-02
1.141861627607440699e+00,1.396048534661531448e-02
1.142388929467679226e+00,1.383013278245925903e-02
1.142914311067610100e+00,1.373191457241773605e-02
1.143437786342417439e+00,1.360194943845272064e-02
1.143959369076142707e+00,1.350280735641717911e-02
1.144479072903864303e+00,1.337536890059709549e-02
1.144996911313835408e+00,1.327412668615579605e-02
1.145512897649584749e+00,1.315028034150600433e-02
1.146027045111979392e+00,1.304329186677932739e-02
1.146539366761252010e+00,1.292583718895912170e-02
1.147049875518990403e+00,1.282564084976911545e-02
1.147558584170093487e+00,1.270895544439554214e-02
1.148065505364692873e+00,1.260592881590127945e-02
1.148570651620039795e+00,1.250693388283252716e-02
1.149074035322360077e+00,1.239689346402883530e-02
1.149575668728675781e+00,1.231435965746641159e-02
1.150075563968596892e+00,1.219793781638145447e-02
1.150573733046080571e+00,1.210951898247003555e-02
1.151070187841161330e+00,1.200526580214500427e-02
1.151564940111649671e+00,1.191200409084558487e-02
1.152058001494804529e+00,1.181191485375165939e-02
1.152549383508975067e+00,1.173214521259069443e-02
1.153039097555214276e+00,1.162590738385915756e-02
1.153527154918868147e+00,1.154773682355880737e-02
1.154013566771133759e+00,1.144452672451734543e-02
1.154498344170596047e+00,1.136307232081890106e-02
1.154981498064733936e+00,1.126750744879245758e-02
1.155463039291406258e+00,1.118746027350425720e-02
1.155942978580307701e+00,1.109339669346809387e-02
1.156421326554405660e+00,1.101666316390037537e-02
1.156898093731349553e+00,1.092267688363790512e-02
1.157373290524859710e+00,1.084430981427431107e-02
1.157846927246090951e+00,1.075538434088230133e-02
1.158319014104975286e+00,1.068147830665111542e-02
1.158789561211543528e+00,1.058990135788917542e-02
1.159258578577223586e+00,1.051187980920076370e-02
1.159726076116118110e+00,1.042866986244916916e-02
1.160192063646262817e+00,1.035097148269414902e-02
1.160656550890863059e+00,1.026738714426755905e-02
1.161119547479511738e+00,1.018943730741739273e-02
1.161581062949387011e+00,1.011140085756778717e-02
1.162041106746430241e+00,1.002989057451486588e-02
1.162499688226507066e+00,9.958419948816299438e-03
1.162956816656548931e+00,9.872951544821262360e-03
1.163412501215676187e+00,9.798164479434490204e-03
1.163866750996304100e+00,9.714587591588497162e-03
1.164319575005231977e+00,9.636811912059783936e-03
1.164770982164713864e+00,9.546112269163131714e-03
1.165220981313514814e+00,9.452578611671924591e-03
1.165669581207947170e+00,9.368613362312316895e-03
1.166116790522895297e+00,9.285174310207366943e-03
1.166562617852820116e+00,9.212873876094818115e-03
1.167007071712751198e+00,9.133595041930675507e-03
1.167450160539262871e+00,9.060439653694629669e-03
1.167891892691434119e+00,8.990277536213397980e-03
1.168332276451795160e+00,8.917147293686866760e-03
1.168771320027259808e+00,8.847944438457489014e-03
1.169209031550042521e+00,8.779911324381828308e-03
1.169645419078562121e+00,8.711217902600765228e-03
1.170080490598333300e+00,8.643800392746925354e-03
1.170514254022841039e+00,8.582964539527893066e-03
1.170946717194406794e+00,8.513079024851322174e-03
1.171377887885037383e+00,8.450984023511409760e-03
1.171807773797263641e+00,8.389761671423912048e-03
1.172236382564966872e+00,8.327943272888660431e-03
1.172663721754190869e+00,8.265994489192962646e-03
1.173089798863943933e+00,8.207959122955799103e-03
1.173514621326988916e+00,8.146084845066070557e-03
1.173938196510620591e+00,8.091016672551631927e-03
1.174360531717432155e+00,8.031878620386123657e-03
1.174781634186071289e+00,7.973100058734416962e-03
1.175201511091983786e+00,7.918534800410270691e-03
1.175620169548148297e+00,7.861256599426269531e-03
1.176037616605797975e+00,7.809448055922985077e-03
1.176453859255134127e+00,7.751490455120801926e-03
1.176868904426028095e+00,7.700900081545114517e-03
1.177282758988713374e+00,7.644801866263151169e-03
1.177695429754468393e+00,7.591634988784790039e-03
1.178106923476288648e+00,7.541582919657230377e-03
1.178517246849550615e+00,7.487096823751926422e-03
1.178926406512663894e+00,7.439146284013986588e-03
1.179334409047717136e+00,7.385089527815580368e-03
1.179741260981113093e+00,7.335470989346504211e-03
1.180146968784193673e+00,7.285357452929019928e-03
1.180551538873859885e+00,7.234640419483184814e-03
1.180954977613178247e+00,7.186181377619504929e-03
1.181357291311983415e+00,7.136717904359102249e-03
1.181758486227468818e+00,7.087859325110912323e-03
1.182158568564771972e+00,7.039008196443319321e-03
1.182557544477548683e+00,6.993066053837537766e-03
1.182955420068542374e+00,6.943545304238796234e-03
1.183352201390143410e+00,6.898343563079833984e-03
1.183747894444941995e+00,6.849737372249364853e-03
1.184142505186272176e+00,6.805105600506067276e-03
1.184536039518750972e+00,6.757360883057117462e-03
1.184928503298806168e+00,6.712433416396379471e-03
1.185319902335201458e+00,6.665877532213926315e-03
1.185710242389551139e+00,6.623000372201204300e-03
1.186099529176828593e+00,6.576455663889646530e-03
1.186487768365869666e+00,6.533342413604259491e-03
1.186874965579866936e+00,6.488273385912179947e-03
1.187261126396858879e+00,6.445356644690036774e-03
1.187646256350211926e+00,6.401556078344583511e-03
1.188030360929095641e+00,6.358528044074773788e-03
1.188413445578953453e+00,6.316149141639471054e-03
1.188795515701964511e+00,6.272951140999794006e-03
1.189176576657501094e+00,6.230875384062528610e-03
1.189556633762581361e+00,6.188027095049619675e-03
1.189935692292310998e+00,6.146389059722423553e-03
