# n, training_loss
0.000000000000000000e+00,3.979274332523345947e-01
1.002624671916010435e+01,2.984960079193115234e-01
2.005249343832020870e+01,2.720640599727630615e-01
3.007874015748031127e+01,2.504138052463531494e-01
4.010498687664041739e+01,2.367260754108428955e-01
5.013123359580052352e+01,2.258961349725723267e-01
6.015748031496062254e+01,2.175980359315872192e-01
7.018372703412073577e+01,2.109972834587097168e-01
8.020997375328083479e+01,2.053448259830474854e-01
9.023622047244093380e+01,2.003809213638305664e-01
1.002624671916010470e+02,1.959306895732879639e-01
1.102887139107611461e+02,1.920522004365921021e-01
1.203149606299212451e+02,1.884494125843048096e-01
1.303412073490813441e+02,1.851388812065124512e-01
1.403674540682414715e+02,1.820344626903533936e-01
1.503937007874015706e+02,1.791528314352035522e-01
1.604199475065616696e+02,1.764444857835769653e-01
1.704461942257217686e+02,1.737772077322006226e-01
1.804724409448818676e+02,1.712444722652435303e-01
1.904986876640419950e+02,1.688248813152313232e-01
2.005249343832020941e+02,1.665066480636596680e-01
2.105511811023621931e+02,1.642693877220153809e-01
2.205774278215222921e+02,1.621019542217254639e-01
2.306036745406823911e+02,1.599818617105484009e-01
2.406299212598424901e+02,1.578960716724395752e-01
2.506561679790026176e+02,1.558636873960494995e-01
2.606824146981626882e+02,1.538771986961364746e-01
2.707086614173228440e+02,1.519322991371154785e-01
2.807349081364829431e+02,1.500473767518997192e-01
2.907611548556430421e+02,1.481973826885223389e-01
3.007874015748031411e+02,1.464011967182159424e-01
3.108136482939632401e+02,1.446479707956314087e-01
3.208398950131233391e+02,1.429314017295837402e-01
3.308661417322834382e+02,1.412402242422103882e-01
3.408923884514435372e+02,1.395547986030578613e-01
3.509186351706036362e+02,1.378984749317169189e-01
3.609448818897637352e+02,1.362562328577041626e-01
3.709711286089238342e+02,1.346266567707061768e-01
3.809973753280839901e+02,1.330329626798629761e-01
3.910236220472440891e+02,1.314643472433090210e-01
4.010498687664041881e+02,1.299111098051071167e-01
4.110761154855642872e+02,1.283646523952484131e-01
4.211023622047243862e+02,1.268424838781356812e-01
4.311286089238844852e+02,1.253335475921630859e-01
4.411548556430445842e+02,1.238348111510276794e-01
4.511811023622046832e+02,1.223386824131011963e-01
4.612073490813647823e+02,1.208620071411132812e-01
4.712335958005248813e+02,1.194130107760429382e-01
4.812598425196849803e+02,1.179811954498291016e-01
4.912860892388451362e+02,1.165689900517463684e-01
5.013123359580052352e+02,1.151746585965156555e-01
5.113385826771653342e+02,1.137941628694534302e-01
5.213648293963253764e+02,1.124238520860671997e-01
5.313910761154854754e+02,1.110672354698181152e-01
5.414173228346456881e+02,1.097223088145256042e-01
5.514435695538057871e+02,1.083975061774253845e-01
5.614698162729658861e+02,1.070943549275398254e-01
5.714960629921259851e+02,1.058306843042373657e-01
5.815223097112860842e+02,1.045774891972541809e-01
5.915485564304461832e+02,1.033493876457214355e-01
6.015748031496062822e+02,1.021380126476287842e-01
6.116010498687663812e+02,1.009353846311569214e-01
6.216272965879264802e+02,9.978077560663223267e-02
6.316535433070865793e+02,9.862686693668365479e-02
6.416797900262466783e+02,9.749671071767807007e-02
6.517060367454067773e+02,9.638264775276184082e-02
6.617322834645668763e+02,9.527637809514999390e-02
6.717585301837269753e+02,9.421786665916442871e-02
6.817847769028870744e+02,9.313274919986724854e-02
6.918110236220471734e+02,9.207514673471450806e-02
7.018372703412072724e+02,9.104486554861068726e-02
7.118635170603673714e+02,9.002972394227981567e-02
7.218897637795274704e+02,8.903932571411132812e-02
7.319160104986875695e+02,8.805878460407257080e-02
7.419422572178476685e+02,8.708363026380538940e-02
7.519685039370078812e+02,8.611663430929183960e-02
7.619947506561679802e+02,8.517538756132125854e-02
7.720209973753280792e+02,8.426001667976379395e-02
7.820472440944881782e+02,8.333756774663925171e-02
7.920734908136482773e+02,8.244375139474868774e-02
8.020997375328083763e+02,8.155056089162826538e-02
8.121259842519684753e+02,8.070454746484756470e-02
8.221522309711285743e+02,7.981458306312561035e-02
8.321784776902886733e+02,7.898876816034317017e-02
8.422047244094487723e+02,7.814144343137741089e-02
8.522309711286088714e+02,7.731596380472183228e-02
8.622572178477689704e+02,7.648894935846328735e-02
8.722834645669290694e+02,7.575640827417373657e-02
8.823097112860891684e+02,7.493004947900772095e-02
8.923359580052492674e+02,7.412990182638168335e-02
9.023622047244093665e+02,7.332976162433624268e-02
9.123884514435694655e+02,7.257756590843200684e-02
9.224146981627295645e+02,7.180178910493850708e-02
9.324409448818896635e+02,7.109760493040084839e-02
9.424671916010497625e+02,7.032664865255355835e-02
9.524934383202098616e+02,6.961031258106231689e-02
9.625196850393699606e+02,6.890884786844253540e-02
9.725459317585301733e+02,6.823872774839401245e-02
9.825721784776902723e+02,6.752492487430572510e-02
9.925984251968503713e+02,6.689287722110748291e-02
1.002624671916010470e+03,6.619384884834289551e-02
1.012650918635170569e+03,6.553322821855545044e-02
1.022677165354330668e+03,6.490500271320343018e-02
1.032703412073490654e+03,6.424522399902343750e-02
1.042729658792650753e+03,6.364964693784713745e-02
1.052755905511810852e+03,6.299243122339248657e-02
1.062782152230970951e+03,6.239687278866767883e-02
1.072808398950131277e+03,6.177844852209091187e-02
1.082834645669291376e+03,6.118041276931762695e-02
1.092860892388451475e+03,6.057863682508468628e-02
1.102887139107611574e+03,6.001956760883331299e-02
1.112913385826771673e+03,5.941845104098320007e-02
1.122939632545931772e+03,5.883530899882316589e-02
1.132965879265091871e+03,5.827426537871360779e-02
1.142992125984251970e+03,5.771456286311149597e-02
1.153018372703412069e+03,5.716909095644950867e-02
1.163044619422572168e+03,5.658946558833122253e-02
1.173070866141732267e+03,5.608985573053359985e-02
1.183097112860892366e+03,5.551372095942497253e-02
1.193123359580052465e+03,5.503369122743606567e-02
1.203149606299212564e+03,5.446210131049156189e-02
1.213175853018372663e+03,5.398610606789588928e-02
1.223202099737532762e+03,5.343276262283325195e-02
1.233228346456692861e+03,5.296281725168228149e-02
1.243254593175852960e+03,5.242082476615905762e-02
1.253280839895013060e+03,5.196668580174446106e-02
1.263307086614173159e+03,5.142681300640106201e-02
1.273333333333333258e+03,5.097850039601325989e-02
1.283359580052493357e+03,5.045112222433090210e-02
1.293385826771653456e+03,5.000670999288558960e-02
1.303412073490813555e+03,4.949735477566719055e-02
1.313438320209973654e+03,4.906621947884559631e-02
1.323464566929133753e+03,4.855726659297943115e-02
1.333490813648293852e+03,4.813569039106369019e-02
1.343517060367453951e+03,4.764219745993614197e-02
1.353543307086614050e+03,4.723071306943893433e-02
1.363569553805774149e+03,4.674680903553962708e-02
1.373595800524934248e+03,4.633821919560432434e-02
1.383622047244094347e+03,4.587134718894958496e-02
1.393648293963254446e+03,4.544863849878311157e-02
1.403674540682414545e+03,4.505883529782295227e-02
1.413700787401574644e+03,4.463136196136474609e-02
1.423727034120734743e+03,4.417637363076210022e-02
1.433753280839894842e+03,4.380913823843002319e-02
1.443779527559054941e+03,4.336275532841682434e-02
1.453805774278215040e+03,4.299359768629074097e-02
1.463832020997375139e+03,4.255914688110351562e-02
1.473858267716535238e+03,4.219451919198036194e-02
1.483884514435695337e+03,4.178407043218612671e-02
1.493910761154855436e+03,4.142847657203674316e-02
1.503937007874015762e+03,4.102275520563125610e-02
1.513963254593175861e+03,4.064292460680007935e-02
1.523989501312335960e+03,4.025658965110778809e-02
1.534015748031496059e+03,3.995881974697113037e-02
1.544041994750656158e+03,3.952549397945404053e-02
1.554068241469816257e+03,3.917353600263595581e-02
1.564094488188976356e+03,3.882386907935142517e-02
1.574120734908136455e+03,3.845172002911567688e-02
1.584146981627296555e+03,3.809842094779014587e-02
1.594173228346456654e+03,3.779238834977149963e-02
1.604199475065616753e+03,3.740390017628669739e-02
1.614225721784776852e+03,3.709195926785469055e-02
1.624251968503936951e+03,3.672146052122116089e-02
1.634278215223097050e+03,3.641343489289283752e-02
1.644304461942257149e+03,3.605070710182189941e-02
1.654330708661417248e+03,3.576105087995529175e-02
1.664356955380577347e+03,3.539843857288360596e-02
1.674383202099737446e+03,3.510992974042892456e-02
1.684409448818897545e+03,3.475683555006980896e-02
1.694435695538057644e+03,3.449421003460884094e-02
1.704461942257217743e+03,3.413598984479904175e-02
1.714488188976377842e+03,3.386268392205238342e-02
1.724514435695537941e+03,3.352997824549674988e-02
1.734540682414698040e+03,3.326405212283134460e-02
1.744566929133858139e+03,3.293226659297943115e-02
1.754593175853018238e+03,3.269112482666969299e-02
1.764619422572178337e+03,3.235378861427307129e-02
1.774645669291338436e+03,3.208772465586662292e-02
1.784671916010498535e+03,3.179741278290748596e-02
1.794698162729658634e+03,3.151164948940277100e-02
1.804724409448818733e+03,3.123197518289089203e-02
1.814750656167978832e+03,3.098639100790023804e-02
1.824776902887138931e+03,3.068240918219089508e-02
1.834803149606299030e+03,3.045346587896347046e-02
1.844829396325459129e+03,3.015148267149925232e-02
1.854855643044619228e+03,2.992319874465465546e-02
1.864881889763779327e+03,2.962679415941238403e-02
1.874908136482939426e+03,2.940477803349494934e-02
1.884934383202099525e+03,2.911490015685558319e-02
1.894960629921259624e+03,2.888849377632141113e-02
1.904986876640419723e+03,2.861101552844047546e-02
1.915013123359579822e+03,2.839242853224277496e-02
1.925039370078739921e+03,2.811212651431560516e-02
1.935065616797900248e+03,2.789713069796562195e-02
1.945091863517060347e+03,2.762061730027198792e-02
1.955118110236220446e+03,2.742685563862323761e-02
1.965144356955380545e+03,2.714002691209316254e-02
1.975170603674540644e+03,2.691860869526863098e-02
1.985196850393700743e+03,2.666752599179744720e-02
1.995223097112860842e+03,2.645262703299522400e-02
2.005249343832020941e+03,2.620148845016956329e-02
2.015275590551181040e+03,2.598082274198532104e-02
2.025301837270341139e+03,2.573804929852485657e-02
2.035328083989501238e+03,2.554582431912422180e-02
2.045354330708661337e+03,2.529457025229930878e-02
2.055380577427821208e+03,2.507404424250125885e-02
2.065406824146981307e+03,2.485105581581592560e-02
2.075433070866141406e+03,2.464404515922069550e-02
2.085459317585301505e+03,2.441109903156757355e-02
2.095485564304461604e+03,2.421728335320949554e-02
2.105511811023621703e+03,2.398813329637050629e-02
2.115538057742781803e+03,2.378707751631736755e-02
2.125564304461941902e+03,2.356134913861751556e-02
2.135590551181102001e+03,2.339291758835315704e-02
2.145616797900262554e+03,2.315357513725757599e-02
2.155643044619422653e+03,2.296807244420051575e-02
2.165669291338582752e+03,2.275777608156204224e-02
2.175695538057742851e+03,2.257649414241313934e-02
2.185721784776902950e+03,2.236138842999935150e-02
2.195748031496063049e+03,2.220399677753448486e-02
2.205774278215223148e+03,2.197555452585220337e-02
2.215800524934383247e+03,2.181652747094631195e-02
2.225826771653543346e+03,2.159698121249675751e-02
2.235853018372703445e+03,2.143818698823451996e-02
2.245879265091863545e+03,2.122584544122219086e-02
2.255905511811023644e+03,2.104138955473899841e-02
2.265931758530183743e+03,2.091855369508266449e-02
2.275958005249343842e+03,2.069411613047122955e-02
2.285984251968503941e+03,2.050480619072914124e-02
2.296010498687664040e+03,2.034704759716987610e-02
2.306036745406824139e+03,2.015151269733905792e-02
2.316062992125984238e+03,2.000281587243080139e-02
2.326089238845144337e+03,1.980693265795707703e-02
2.336115485564304436e+03,1.966344565153121948e-02
2.346141732283464535e+03,1.947005651891231537e-02
2.356167979002624634e+03,1.932094991207122803e-02
2.366194225721784733e+03,1.913506351411342621e-02
2.376220472440944832e+03,1.897297613322734833e-02
2.386246719160104931e+03,1.882605440914630890e-02
2.396272965879265030e+03,1.866919919848442078e-02
2.406299212598425129e+03,1.848168112337589264e-02
2.416325459317585228e+03,1.834612339735031128e-02
2.426351706036745327e+03,1.816119253635406494e-02
2.436377952755905426e+03,1.802966184914112091e-02
2.446404199475065525e+03,1.784487627446651459e-02
2.456430446194225624e+03,1.770985126495361328e-02
2.466456692913385723e+03,1.753306761384010315e-02
2.476482939632545822e+03,1.740198396146297455e-02
2.486509186351705921e+03,1.722722873091697693e-02
2.496535433070866020e+03,1.709172874689102173e-02
2.506561679790026119e+03,1.693501509726047516e-02
2.516587926509186218e+03,1.678306609392166138e-02
2.526614173228346317e+03,1.666369847953319550e-02
2.536640419947506416e+03,1.649670861661434174e-02
2.546666666666666515e+03,1.637815311551094055e-02
2.556692913385826614e+03,1.621697843074798584e-02
2.566719160104986713e+03,1.610136590898036957e-02
2.576745406824146812e+03,1.594304479658603668e-02
2.586771653543306911e+03,1.582978479564189911e-02
2.596797900262467010e+03,1.567577756941318512e-02
2.606824146981627109e+03,1.556091289967298508e-02
2.616850393700787208e+03,1.541422400623559952e-02
2.626876640419947307e+03,1.530175935477018356e-02
2.636902887139107406e+03,1.515852194279432297e-02
2.646929133858267505e+03,1.504520978778600693e-02
2.656955380577427604e+03,1.490746438503265381e-02
2.666981627296587703e+03,1.478992868214845657e-02
2.677007874015747802e+03,1.466258987784385681e-02
2.687034120734907901e+03,1.454169303178787231e-02
2.697060367454068000e+03,1.442182622849941254e-02
2.707086614173228099e+03,1.429693866521120071e-02
2.717112860892388198e+03,1.420059148222208023e-02
2.727139107611548297e+03,1.406158134341239929e-02
2.737165354330708396e+03,1.396048534661531448e-02
2.747191601049868495e+03,1.383013278245925903e-02
2.757217847769028594e+03,1.373191457241773605e-02
2.767244094488188694e+03,1.360194943845272064e-02
2.777270341207348793e+03,1.350280735641717911e-02
2.787296587926508892e+03,1.337536890059709549e-02
2.797322834645668991e+03,1.327412668615579605e-02
2.807349081364829090e+03,1.315028034150600433e-02
2.817375328083989189e+03,1.304329186677932739e-02
2.827401574803149288e+03,1.292583718895912170e-02
2.837427821522309387e+03,1.282564084976911545e-02
2.847454068241469486e+03,1.270895544439554214e-02
2.857480314960629585e+03,1.260592881590127945e-02
2.867506561679789684e+03,1.250693388283252716e-02
2.877532808398949783e+03,1.239689346402883530e-02
2.887559055118109882e+03,1.231435965746641159e-02
2.897585301837269981e+03,1.219793781638145447e-02
2.907611548556430080e+03,1.210951898247003555e-02
2.917637795275590179e+03,1.200526580214500427e-02
2.927664041994750278e+03,1.191200409084558487e-02
2.937690288713910377e+03,1.181191485375165939e-02
2.947716535433070476e+03,1.173214521259069443e-02
2.957742782152230575e+03,1.162590738385915756e-02
2.967769028871390674e+03,1.154773682355880737e-02
2.977795275590550773e+03,1.144452672451734543e-02
2.987821522309710872e+03,1.136307232081890106e-02
2.997847769028871426e+03,1.126750744879245758e-02
3.007874015748031525e+03,1.118746027350425720e-02
3.017900262467191624e+03,1.109339669346809387e-02
3.027926509186351723e+03,1.101666316390037537e-02
3.037952755905511822e+03,1.092267688363790512e-02
3.047979002624671921e+03,1.084430981427431107e-02
3.058005249343832020e+03,1.075538434088230133e-02
3.068031496062992119e+03,1.068147830665111542e-02
3.078057742782152218e+03,1.058990135788917542e-02
3.088083989501312317e+03,1.051187980920076370e-02
3.098110236220472416e+03,1.042866986244916916e-02
3.108136482939632515e+03,1.035097148269414902e-02
3.118162729658792614e+03,1.026738714426755905e-02
3.128188976377952713e+03,1.018943730741739273e-02
3.138215223097112812e+03,1.011140085756778717e-02
3.148241469816272911e+03,1.002989057451486588e-02
3.158267716535433010e+03,9.958419948816299438e-03
3.168293963254593109e+03,9.872951544821262360e-03
3.178320209973753208e+03,9.798164479434490204e-03
3.188346456692913307e+03,9.714587591588497162e-03
3.198372703412073406e+03,9.636811912059783936e-03
3.208398950131233505e+03,9.546112269163131714e-03
3.218425196850393604e+03,9.452578611671924591e-03
3.228451443569553703e+03,9.368613362312316895e-03
3.238477690288713802e+03,9.285174310207366943e-03
3.248503937007873901e+03,9.212873876094818115e-03
3.258530183727034000e+03,9.133595041930675507e-03
3.268556430446194099e+03,9.060439653694629669e-03
3.278582677165354198e+03,8.990277536213397980e-03
3.288608923884514297e+03,8.917147293686866760e-03
3.298635170603674396e+03,8.847944438457489014e-03
3.308661417322834495e+03,8.779911324381828308e-03
3.318687664041994594e+03,8.711217902600765228e-03
3.328713910761154693e+03,8.643800392746925354e-03
3.338740157480314792e+03,8.582964539527893066e-03
3.348766404199474891e+03,8.513079024851322174e-03
3.358792650918634990e+03,8.450984023511409760e-03
3.368818897637795089e+03,8.389761671423912048e-03
3.378845144356955188e+03,8.327943272888660431e-03
3.388871391076115287e+03,8.265994489192962646e-03
3.398897637795275386e+03,8.207959122955799103e-03
3.408923884514435485e+03,8.146084845066070557e-03
3.418950131233595584e+03,8.091016672551631927e-03
3.428976377952755684e+03,8.031878620386123657e-03
3.439002624671915783e+03,7.973100058734416962e-03
3.449028871391075882e+03,7.918534800410270691e-03
3.459055118110235981e+03,7.861256599426269531e-03
3.469081364829396080e+03,7.809448055922985077e-03
3.479107611548556179e+03,7.751490455120801926e-03
3.489133858267716278e+03,7.700900081545114517e-03
3.499160104986876377e+03,7.644801866263151169e-03
3.509186351706036476e+03,7.591634988784790039e-03
3.519212598425196575e+03,7.541582919657230377e-03
3.529238845144356674e+03,7.487096823751926422e-03
3.539265091863516773e+03,7.439146284013986588e-03
3.549291338582676872e+03,7.385089527815580368e-03
3.559317585301836971e+03,7.335470989346504211e-03
3.569343832020997070e+03,7.285357452929019928e-03
3.579370078740157169e+03,7.234640419483184814e-03
3.589396325459317268e+03,7.186181377619504929e-03
3.599422572178477367e+03,7.136717904359102249e-03
3.609448818897637466e+03,7.087859325110912323e-03
3.619475065616797565e+03,7.039008196443319321e-03
3.629501312335957664e+03,6.993066053837537766e-03
3.639527559055117763e+03,6.943545304238796234e-03
3.649553805774277862e+03,6.898343563079833984e-03
3.659580052493437961e+03,6.849737372249364853e-03
3.669606299212598060e+03,6.805105600506067276e-03
3.679632545931758159e+03,6.757360883057117462e-03
3.689658792650918258e+03,6.712433416396379471e-03
3.699685039370078357e+03,6.665877532213926315e-03
3.709711286089238456e+03,6.623000372201204300e-03
3.719737532808398555e+03,6.576455663889646530e-03
3.729763779527558654e+03,6.533342413604259491e-03
3.739790026246718753e+03,6.488273385912179947e-03
3.749816272965878852e+03,6.445356644690036774e-03
3.759842519685038951e+03,6.401556078344583511e-03
3.769868766404199050e+03,6.358528044074773788e-03
3.779895013123359149e+03,6.316149141639471054e-03
3.789921259842519248e+03,6.272951140999794006e-03
3.799947506561679347e+03,6.230875384062528610e-03
3.809973753280839446e+03,6.188027095049619675e-03
3.820000000000000000e+03,6.146389059722423553e-03
